1.000000014901161194e-01 -2.000372171401977539e+00 0.000000000000000000e+00 -1.099672983400523663e-03 -1.099673027056269348e-04 -1.999950885772705078e+00 0.000000000000000000e+00 1.200000000000000000e+01 8.191000000000000000e+03 0.000000000000000000e+00
2.000000029802322388e-01 -2.000162601470947266e+00 0.000000000000000000e+00 -1.010341104120016098e-03 -2.110014174832031131e-04 -1.999950885772705078e+00 0.000000000000000000e+00 1.100000000000000000e+01 8.191000000000000000e+03 0.000000000000000000e+00
3.000000119209289551e-01 -2.000084400177001953e+00 0.000000000000000000e+00 -9.997173910960555077e-04 -3.109731478616595268e-04 -1.999950885772705078e+00 0.000000000000000000e+00 1.000000000000000000e+01 8.191000000000000000e+03 0.000000000000000000e+00
4.000000059604644775e-01 -2.000071048736572266e+00 0.000000000000000000e+00 -9.997136658057570457e-04 -4.109445144422352314e-04 -1.999950885772705078e+00 0.000000000000000000e+00 1.000000000000000000e+01 8.191000000000000000e+03 0.000000000000000000e+00
5.000000000000000000e-01 -2.000063419342041016e+00 0.000000000000000000e+00 -9.997197194024920464e-04 -5.109164630994200706e-04 -1.999950885772705078e+00 0.000000000000000000e+00 1.000000000000000000e+01 8.191000000000000000e+03 0.000000000000000000e+00
6.000000238418579102e-01 -2.000062704086303711e+00 0.000000000000000000e+00 -9.996434673666954041e-04 -6.108808447606861591e-04 -1.999950885772705078e+00 0.000000000000000000e+00 1.000000000000000000e+01 8.191000000000000000e+03 0.000000000000000000e+00
6.999999880790710449e-01 -2.000044107437133789e+00 0.000000000000000000e+00 -9.996357839554548264e-04 -7.108444115146994591e-04 -1.999950885772705078e+00 0.000000000000000000e+00 1.000000000000000000e+01 8.191000000000000000e+03 0.000000000000000000e+00
8.000000119209289551e-01 -2.000039815902709961e+00 0.000000000000000000e+00 -9.995492873713374138e-04 -8.107993635348975658e-04 -1.999950885772705078e+00 0.000000000000000000e+00 1.000000000000000000e+01 8.191000000000000000e+03 0.000000000000000000e+00
9.000000357627868652e-01 -2.000040054321289062e+00 0.000000000000000000e+00 -9.995681466534733772e-04 -9.107561782002449036e-04 -1.999950885772705078e+00 0.000000000000000000e+00 1.000000000000000000e+01 8.191000000000000000e+03 0.000000000000000000e+00
1.000000000000000000e+00 -2.000039339065551758e+00 0.000000000000000000e+00 -9.996332228183746338e-04 -1.010719453915953636e-03 -1.999950885772705078e+00 0.000000000000000000e+00 1.000000000000000000e+01 8.191000000000000000e+03 0.000000000000000000e+00
1.100000023841857910e+00 -2.000036954879760742e+00 0.000000000000000000e+00 -9.995959699153900146e-04 -1.110679120756685734e-03 -1.999950885772705078e+00 0.000000000000000000e+00 1.000000000000000000e+01 8.191000000000000000e+03 0.000000000000000000e+00
1.200000047683715820e+00 -2.000035285949707031e+00 0.000000000000000000e+00 -9.995695436373353004e-04 -1.210635993629693985e-03 -1.999950885772705078e+00 0.000000000000000000e+00 1.000000000000000000e+01 8.191000000000000000e+03 0.000000000000000000e+00
1.300000071525573730e+00 -2.000041246414184570e+00 0.000000000000000000e+00 -9.996343869715929031e-04 -1.310599502176046371e-03 -1.999950885772705078e+00 0.000000000000000000e+00 1.000000000000000000e+01 8.191000000000000000e+03 0.000000000000000000e+00
1.399999976158142090e+00 -2.000023603439331055e+00 0.000000000000000000e+00 -9.995766449719667435e-04 -1.410557189956307411e-03 -1.999950885772705078e+00 0.000000000000000000e+00 1.000000000000000000e+01 8.191000000000000000e+03 0.000000000000000000e+00
1.500000000000000000e+00 -2.000034809112548828e+00 0.000000000000000000e+00 -9.996009757742285728e-04 -1.510517206043004990e-03 -1.999950885772705078e+00 0.000000000000000000e+00 1.000000000000000000e+01 8.191000000000000000e+03 0.000000000000000000e+00
1.600000023841857910e+00 -2.000041246414184570e+00 0.000000000000000000e+00 -9.996430017054080963e-04 -1.610481529496610165e-03 -1.999950885772705078e+00 0.000000000000000000e+00 1.000000000000000000e+01 8.191000000000000000e+03 0.000000000000000000e+00
1.700000047683715820e+00 -2.000033617019653320e+00 0.000000000000000000e+00 -9.996152948588132858e-04 -1.710443058982491493e-03 -1.999950885772705078e+00 0.000000000000000000e+00 1.000000000000000000e+01 8.191000000000000000e+03 0.000000000000000000e+00
1.800000071525573730e+00 -2.000029325485229492e+00 0.000000000000000000e+00 -9.995755972340703011e-04 -1.810400630347430706e-03 -1.999950885772705078e+00 0.000000000000000000e+00 1.000000000000000000e+01 8.191000000000000000e+03 0.000000000000000000e+00
1.899999976158142090e+00 -2.000032424926757812e+00 0.000000000000000000e+00 -9.995935251936316490e-04 -1.910359947942197323e-03 -1.999950885772705078e+00 0.000000000000000000e+00 1.000000000000000000e+01 8.191000000000000000e+03 0.000000000000000000e+00
2.000000000000000000e+00 -2.000029325485229492e+00 0.000000000000000000e+00 -9.995655855163931847e-04 -2.010316587984561920e-03 -1.999950885772705078e+00 0.000000000000000000e+00 1.000000000000000000e+01 8.191000000000000000e+03 0.000000000000000000e+00
2.100000143051147461e+00 -2.000032663345336914e+00 0.000000000000000000e+00 -9.995877044275403023e-04 -2.110275439918041229e-03 -1.999950885772705078e+00 0.000000000000000000e+00 1.000000000000000000e+01 8.191000000000000000e+03 0.000000000000000000e+00
2.200000047683715820e+00 -2.000021696090698242e+00 0.000000000000000000e+00 -9.995709406211972237e-04 -2.210232429206371307e-03 -1.999950885772705078e+00 0.000000000000000000e+00 1.000000000000000000e+01 8.191000000000000000e+03 0.000000000000000000e+00
2.299999952316284180e+00 -2.000045061111450195e+00 0.000000000000000000e+00 -9.995949221774935722e-04 -2.310191979631781578e-03 -1.999950885772705078e+00 0.000000000000000000e+00 1.000000000000000000e+01 8.191000000000000000e+03 0.000000000000000000e+00
2.400000095367431641e+00 -2.000036239624023438e+00 0.000000000000000000e+00 -9.995587170124053955e-04 -2.410147804766893387e-03 -1.999950885772705078e+00 0.000000000000000000e+00 1.000000000000000000e+01 8.191000000000000000e+03 0.000000000000000000e+00
2.500000000000000000e+00 -2.000033378601074219e+00 0.000000000000000000e+00 -9.995477739721536636e-04 -2.510102465748786926e-03 -1.999950885772705078e+00 0.000000000000000000e+00 1.000000000000000000e+01 8.191000000000000000e+03 0.000000000000000000e+00
2.600000143051147461e+00 -2.000048160552978516e+00 0.000000000000000000e+00 -9.995750151574611664e-04 -2.610060153529047966e-03 -1.999950885772705078e+00 0.000000000000000000e+00 1.000000000000000000e+01 8.191000000000000000e+03 0.000000000000000000e+00
2.700000047683715820e+00 -2.000038385391235352e+00 0.000000000000000000e+00 -9.995333384722471237e-04 -2.710013417527079582e-03 -1.999950885772705078e+00 0.000000000000000000e+00 1.000000000000000000e+01 8.191000000000000000e+03 0.000000000000000000e+00
2.799999952316284180e+00 -2.000036954879760742e+00 0.000000000000000000e+00 -9.995863074436783791e-04 -2.809972036629915237e-03 -1.999950885772705078e+00 0.000000000000000000e+00 1.000000000000000000e+01 8.191000000000000000e+03 0.000000000000000000e+00
2.900000095367431641e+00 -2.000036954879760742e+00 0.000000000000000000e+00 -9.995198342949151993e-04 -2.909924136474728584e-03 -1.999950885772705078e+00 0.000000000000000000e+00 1.000000000000000000e+01 8.191000000000000000e+03 0.000000000000000000e+00
3.000000000000000000e+00 -2.000039339065551758e+00 0.000000000000000000e+00 -9.995738510042428970e-04 -3.009881358593702316e-03 -1.999950885772705078e+00 0.000000000000000000e+00 1.000000000000000000e+01 8.191000000000000000e+03 0.000000000000000000e+00
3.100000143051147461e+00 -2.000026464462280273e+00 0.000000000000000000e+00 -9.996279841288924217e-04 -3.109844168648123741e-03 -1.999950885772705078e+00 0.000000000000000000e+00 1.000000000000000000e+01 8.191000000000000000e+03 0.000000000000000000e+00
3.200000047683715820e+00 -2.000028610229492188e+00 0.000000000000000000e+00 -9.996264707297086716e-04 -3.209806978702545166e-03 -1.999950885772705078e+00 0.000000000000000000e+00 1.000000000000000000e+01 8.191000000000000000e+03 0.000000000000000000e+00
3.299999952316284180e+00 -2.000015258789062500e+00 0.000000000000000000e+00 -9.995709406211972237e-04 -3.309763967990875244e-03 -1.999950885772705078e+00 0.000000000000000000e+00 1.000000000000000000e+01 8.191000000000000000e+03 0.000000000000000000e+00
3.400000095367431641e+00 -2.000023365020751953e+00 0.000000000000000000e+00 -9.995681466534733772e-04 -3.409720724448561668e-03 -1.999950885772705078e+00 0.000000000000000000e+00 1.000000000000000000e+01 8.191000000000000000e+03 0.000000000000000000e+00
3.500000000000000000e+00 -2.000027179718017578e+00 0.000000000000000000e+00 -9.995982982218265533e-04 -3.509680740535259247e-03 -1.999950885772705078e+00 0.000000000000000000e+00 1.000000000000000000e+01 8.191000000000000000e+03 0.000000000000000000e+00
3.600000143051147461e+00 -2.000036954879760742e+00 0.000000000000000000e+00 -9.996064472943544388e-04 -3.609641222283244133e-03 -1.999950885772705078e+00 0.000000000000000000e+00 1.000000000000000000e+01 8.191000000000000000e+03 0.000000000000000000e+00
3.700000047683715820e+00 -2.000033378601074219e+00 0.000000000000000000e+00 -9.996086591854691505e-04 -3.709602169692516327e-03 -1.999950885772705078e+00 0.000000000000000000e+00 1.000000000000000000e+01 8.191000000000000000e+03 0.000000000000000000e+00
3.799999952316284180e+00 -2.000044345855712891e+00 0.000000000000000000e+00 -9.995745494961738586e-04 -3.809559624642133713e-03 -1.999950885772705078e+00 0.000000000000000000e+00 1.000000000000000000e+01 8.191000000000000000e+03 0.000000000000000000e+00
3.900000095367431641e+00 -2.000035762786865234e+00 0.000000000000000000e+00 -9.996206499636173248e-04 -3.909521736204624176e-03 -1.999950885772705078e+00 0.000000000000000000e+00 1.000000000000000000e+01 8.191000000000000000e+03 0.000000000000000000e+00
4.000000000000000000e+00 -2.000027179718017578e+00 0.000000000000000000e+00 -9.996412554755806923e-04 -4.009485710412263870e-03 -1.999950885772705078e+00 0.000000000000000000e+00 1.000000000000000000e+01 8.191000000000000000e+03 0.000000000000000000e+00
4.099999904632568359e+00 -2.000044107437133789e+00 0.000000000000000000e+00 -9.996448643505573273e-04 -4.109450150281190872e-03 -1.999950885772705078e+00 0.000000000000000000e+00 1.000000000000000000e+01 8.191000000000000000e+03 0.000000000000000000e+00
4.200000286102294922e+00 -2.000040769577026367e+00 0.000000000000000000e+00 -9.995637228712439537e-04 -4.209406673908233643e-03 -1.999950885772705078e+00 0.000000000000000000e+00 1.000000000000000000e+01 8.191000000000000000e+03 0.000000000000000000e+00
4.300000190734863281e+00 -2.000049829483032227e+00 0.000000000000000000e+00 -9.995935251936316490e-04 -4.309365991503000259e-03 -1.999950885772705078e+00 0.000000000000000000e+00 1.000000000000000000e+01 8.191000000000000000e+03 0.000000000000000000e+00
4.400000095367431641e+00 -2.000040292739868164e+00 0.000000000000000000e+00 -9.996722219511866570e-04 -4.409333225339651108e-03 -1.999950885772705078e+00 0.000000000000000000e+00 1.000000000000000000e+01 8.191000000000000000e+03 0.000000000000000000e+00
4.500000000000000000e+00 -2.000048160552978516e+00 0.000000000000000000e+00 -9.996554581448435783e-04 -4.509298596531152725e-03 -1.999950885772705078e+00 0.000000000000000000e+00 1.000000000000000000e+01 8.191000000000000000e+03 0.000000000000000000e+00
4.599999904632568359e+00 -2.000033378601074219e+00 0.000000000000000000e+00 -9.996114531531929970e-04 -4.609259776771068573e-03 -1.999950885772705078e+00 0.000000000000000000e+00 1.000000000000000000e+01 8.191000000000000000e+03 0.000000000000000000e+00
4.700000286102294922e+00 -2.000019788742065430e+00 0.000000000000000000e+00 -9.995939908549189568e-04 -4.709219094365835190e-03 -1.999950885772705078e+00 0.000000000000000000e+00 1.000000000000000000e+01 8.191000000000000000e+03 0.000000000000000000e+00
4.800000190734863281e+00 -2.000031709671020508e+00 0.000000000000000000e+00 -9.996477747336030006e-04 -4.809183999896049500e-03 -1.999950885772705078e+00 0.000000000000000000e+00 1.000000000000000000e+01 8.191000000000000000e+03 0.000000000000000000e+00
4.900000095367431641e+00 -2.000044345855712891e+00 0.000000000000000000e+00 -9.996708249673247337e-04 -4.909151233732700348e-03 -1.999950885772705078e+00 0.000000000000000000e+00 1.000000000000000000e+01 8.191000000000000000e+03 0.000000000000000000e+00
5.000000000000000000e+00 -2.000027179718017578e+00 0.000000000000000000e+00 -9.996150620281696320e-04 -5.009112879633903503e-03 -1.999950885772705078e+00 0.000000000000000000e+00 1.000000000000000000e+01 8.191000000000000000e+03 0.000000000000000000e+00
5.099999904632568359e+00 -2.000040054321289062e+00 0.000000000000000000e+00 -9.995700092986226082e-04 -5.109069868922233582e-03 -1.999950885772705078e+00 0.000000000000000000e+00 1.000000000000000000e+01 8.191000000000000000e+03 0.000000000000000000e+00
5.200000286102294922e+00 -2.000025033950805664e+00 0.000000000000000000e+00 -9.995689615607261658e-04 -5.209026392549276352e-03 -1.999950885772705078e+00 0.000000000000000000e+00 1.000000000000000000e+01 8.191000000000000000e+03 0.000000000000000000e+00
5.300000190734863281e+00 -2.000042676925659180e+00 0.000000000000000000e+00 -9.996029548346996307e-04 -5.308987107127904892e-03 -1.999950885772705078e+00 0.000000000000000000e+00 1.000000000000000000e+01 8.191000000000000000e+03 0.000000000000000000e+00
5.400000095367431641e+00 -2.000044345855712891e+00 0.000000000000000000e+00 -9.996303124353289604e-04 -5.408950150012969971e-03 -1.999950885772705078e+00 0.000000000000000000e+00 1.000000000000000000e+01 8.191000000000000000e+03 0.000000000000000000e+00
5.500000000000000000e+00 -2.000044584274291992e+00 0.000000000000000000e+00 -9.996745502576231956e-04 -5.508917383849620819e-03 -1.999950885772705078e+00 0.000000000000000000e+00 1.000000000000000000e+01 8.191000000000000000e+03 0.000000000000000000e+00
5.599999904632568359e+00 -2.000045776367187500e+00 0.000000000000000000e+00 -9.996506851166486740e-04 -5.608882289379835129e-03 -1.999950885772705078e+00 0.000000000000000000e+00 1.000000000000000000e+01 8.191000000000000000e+03 0.000000000000000000e+00
5.700000286102294922e+00 -2.000055551528930664e+00 0.000000000000000000e+00 -9.996128501370549202e-04 -5.708843935281038284e-03 -1.999950885772705078e+00 0.000000000000000000e+00 1.000000000000000000e+01 8.191000000000000000e+03 0.000000000000000000e+00
5.800000190734863281e+00 -2.000054121017456055e+00 0.000000000000000000e+00 -9.996020235121250153e-04 -5.808804184198379517e-03 -1.999950885772705078e+00 0.000000000000000000e+00 1.000000000000000000e+01 8.191000000000000000e+03 0.000000000000000000e+00
5.900000095367431641e+00 -2.000028610229492188e+00 0.000000000000000000e+00 -9.996293811127543449e-04 -5.908766761422157288e-03 -1.999950885772705078e+00 0.000000000000000000e+00 1.000000000000000000e+01 8.191000000000000000e+03 0.000000000000000000e+00
6.000000000000000000e+00 -2.000030279159545898e+00 0.000000000000000000e+00 -9.996324079111218452e-04 -6.008730269968509674e-03 -1.999950885772705078e+00 0.000000000000000000e+00 1.000000000000000000e+01 8.191000000000000000e+03 0.000000000000000000e+00
6.099999904632568359e+00 -2.000041007995605469e+00 0.000000000000000000e+00 -9.996778098866343498e-04 -6.108697969466447830e-03 -1.999950885772705078e+00 0.000000000000000000e+00 1.000000000000000000e+01 8.191000000000000000e+03 0.000000000000000000e+00
6.200000286102294922e+00 -2.000028610229492188e+00 0.000000000000000000e+00 -9.995553409680724144e-04 -6.208653561770915985e-03 -1.999950885772705078e+00 0.000000000000000000e+00 1.000000000000000000e+01 8.191000000000000000e+03 0.000000000000000000e+00
6.300000190734863281e+00 -2.000042200088500977e+00 0.000000000000000000e+00 -9.995775762945413589e-04 -6.308611016720533371e-03 -1.999950885772705078e+00 0.000000000000000000e+00 1.000000000000000000e+01 8.191000000000000000e+03 0.000000000000000000e+00
6.400000095367431641e+00 -2.000047683715820312e+00 0.000000000000000000e+00 -9.996236767619848251e-04 -6.408573593944311142e-03 -1.999950885772705078e+00 0.000000000000000000e+00 1.000000000000000000e+01 8.191000000000000000e+03 0.000000000000000000e+00
6.500000000000000000e+00 -2.000042200088500977e+00 0.000000000000000000e+00 -9.995783912017941475e-04 -6.508531514555215836e-03 -1.999950885772705078e+00 0.000000000000000000e+00 1.000000000000000000e+01 8.191000000000000000e+03 0.000000000000000000e+00
6.599999904632568359e+00 -2.000037908554077148e+00 0.000000000000000000e+00 -9.996327571570873260e-04 -6.608494557440280914e-03 -1.999950885772705078e+00 0.000000000000000000e+00 1.000000000000000000e+01 8.191000000000000000e+03 0.000000000000000000e+00
6.700000286102294922e+00 -2.000031471252441406e+00 0.000000000000000000e+00 -9.996494045481085777e-04 -6.708459462970495224e-03 -1.999950885772705078e+00 0.000000000000000000e+00 1.000000000000000000e+01 8.191000000000000000e+03 0.000000000000000000e+00
6.800000190734863281e+00 -2.000037908554077148e+00 0.000000000000000000e+00 -9.996606968343257904e-04 -6.808425765484571457e-03 -1.999950885772705078e+00 0.000000000000000000e+00 1.000000000000000000e+01 8.191000000000000000e+03 0.000000000000000000e+00
6.900000095367431641e+00 -2.000027418136596680e+00 0.000000000000000000e+00 -9.996789740398526192e-04 -6.908393464982509613e-03 -1.999950885772705078e+00 0.000000000000000000e+00 1.000000000000000000e+01 8.191000000000000000e+03 0.000000000000000000e+00
7.000000000000000000e+00 -2.000039577484130859e+00 0.000000000000000000e+00 -9.996850276365876198e-04 -7.008362095803022385e-03 -1.999950885772705078e+00 0.000000000000000000e+00 1.000000000000000000e+01 8.191000000000000000e+03 0.000000000000000000e+00
7.099999904632568359e+00 -2.000034332275390625e+00 0.000000000000000000e+00 -9.996264707297086716e-04 -7.108324673026800156e-03 -1.999950885772705078e+00 0.000000000000000000e+00 1.000000000000000000e+01 8.191000000000000000e+03 0.000000000000000000e+00
7.200000286102294922e+00 -2.000032663345336914e+00 0.000000000000000000e+00 -9.996307780966162682e-04 -7.208287715911865234e-03 -1.999950885772705078e+00 0.000000000000000000e+00 1.000000000000000000e+01 8.191000000000000000e+03 0.000000000000000000e+00
7.300000190734863281e+00 -2.000040531158447266e+00 0.000000000000000000e+00 -9.996357839554548264e-04 -7.308251224458217621e-03 -1.999950885772705078e+00 0.000000000000000000e+00 1.000000000000000000e+01 8.191000000000000000e+03 0.000000000000000000e+00
7.400000095367431641e+00 -2.000048875808715820e+00 0.000000000000000000e+00 -9.996346198022365570e-04 -7.408214733004570007e-03 -1.999950885772705078e+00 0.000000000000000000e+00 1.000000000000000000e+01 8.191000000000000000e+03 0.000000000000000000e+00
7.500000000000000000e+00 -2.000047206878662109e+00 0.000000000000000000e+00 -9.996568551287055016e-04 -7.508180569857358932e-03 -1.999950885772705078e+00 0.000000000000000000e+00 1.000000000000000000e+01 8.191000000000000000e+03 0.000000000000000000e+00
7.599999904632568359e+00 -2.000050783157348633e+00 0.000000000000000000e+00 -9.996592998504638672e-04 -7.608146406710147858e-03 -1.999950885772705078e+00 0.000000000000000000e+00 1.000000000000000000e+01 8.191000000000000000e+03 0.000000000000000000e+00
7.700000286102294922e+00 -2.000036239624023438e+00 0.000000000000000000e+00 -9.996304288506507874e-04 -7.708109449595212936e-03 -1.999950885772705078e+00 0.000000000000000000e+00 1.000000000000000000e+01 8.191000000000000000e+03 0.000000000000000000e+00
7.800000190734863281e+00 -2.000030517578125000e+00 0.000000000000000000e+00 -9.996368316933512688e-04 -7.808073423802852631e-03 -1.999950885772705078e+00 0.000000000000000000e+00 1.000000000000000000e+01 8.191000000000000000e+03 0.000000000000000000e+00
7.900000095367431641e+00 -2.000035762786865234e+00 0.000000000000000000e+00 -9.996407898142933846e-04 -7.908036932349205017e-03 -1.999950885772705078e+00 0.000000000000000000e+00 1.000000000000000000e+01 8.191000000000000000e+03 0.000000000000000000e+00
8.000000000000000000e+00 -2.000033378601074219e+00 0.000000000000000000e+00 -9.996498702093958855e-04 -8.008002303540706635e-03 -1.999950885772705078e+00 0.000000000000000000e+00 1.000000000000000000e+01 8.191000000000000000e+03 0.000000000000000000e+00
8.100000381469726562e+00 -2.000030994415283203e+00 0.000000000000000000e+00 -9.996371809393167496e-04 -8.107965812087059021e-03 -1.999950885772705078e+00 0.000000000000000000e+00 1.000000000000000000e+01 8.191000000000000000e+03 0.000000000000000000e+00
8.199999809265136719e+00 -2.000042676925659180e+00 0.000000000000000000e+00 -9.996293811127543449e-04 -8.207929320633411407e-03 -1.999950885772705078e+00 0.000000000000000000e+00 1.000000000000000000e+01 8.191000000000000000e+03 0.000000000000000000e+00
8.300000190734863281e+00 -2.000033617019653320e+00 0.000000000000000000e+00 -9.996354347094893456e-04 -8.307892829179763794e-03 -1.999950885772705078e+00 0.000000000000000000e+00 1.000000000000000000e+01 8.191000000000000000e+03 0.000000000000000000e+00
8.400000572204589844e+00 -2.000036478042602539e+00 0.000000000000000000e+00 -9.996293811127543449e-04 -8.407855406403541565e-03 -1.999950885772705078e+00 0.000000000000000000e+00 1.000000000000000000e+01 8.191000000000000000e+03 0.000000000000000000e+00
8.500000000000000000e+00 -2.000042200088500977e+00 0.000000000000000000e+00 -9.996830485761165619e-04 -8.507823571562767029e-03 -1.999950885772705078e+00 0.000000000000000000e+00 1.000000000000000000e+01 8.191000000000000000e+03 0.000000000000000000e+00
8.600000381469726562e+00 -2.000038385391235352e+00 0.000000000000000000e+00 -9.996526641771197319e-04 -8.607788942754268646e-03 -1.999950885772705078e+00 0.000000000000000000e+00 1.000000000000000000e+01 8.191000000000000000e+03 0.000000000000000000e+00
8.699999809265136719e+00 -2.000036478042602539e+00 0.000000000000000000e+00 -9.996142471209168434e-04 -8.707750588655471802e-03 -1.999950885772705078e+00 0.000000000000000000e+00 1.000000000000000000e+01 8.191000000000000000e+03 0.000000000000000000e+00
8.800000190734863281e+00 -2.000031709671020508e+00 0.000000000000000000e+00 -9.996233275160193443e-04 -8.807713165879249573e-03 -1.999950885772705078e+00 0.000000000000000000e+00 1.000000000000000000e+01 8.191000000000000000e+03 0.000000000000000000e+00
8.900000572204589844e+00 -2.000037908554077148e+00 0.000000000000000000e+00 -9.996424196287989616e-04 -8.907676674425601959e-03 -1.999950885772705078e+00 0.000000000000000000e+00 1.000000000000000000e+01 8.191000000000000000e+03 0.000000000000000000e+00
9.000000000000000000e+00 -2.000039100646972656e+00 0.000000000000000000e+00 -9.996244916692376137e-04 -9.007639251649379730e-03 -1.999950885772705078e+00 0.000000000000000000e+00 1.000000000000000000e+01 8.191000000000000000e+03 0.000000000000000000e+00
9.100000381469726562e+00 -2.000042438507080078e+00 0.000000000000000000e+00 -9.996468434110283852e-04 -9.107604622840881348e-03 -1.999950885772705078e+00 0.000000000000000000e+00 1.000000000000000000e+01 8.191000000000000000e+03 0.000000000000000000e+00
9.199999809265136719e+00 -2.000028371810913086e+00 0.000000000000000000e+00 -9.996434673666954041e-04 -9.207568131387233734e-03 -1.999950885772705078e+00 0.000000000000000000e+00 1.000000000000000000e+01 8.191000000000000000e+03 0.000000000000000000e+00
9.300000190734863281e+00 -2.000030755996704102e+00 0.000000000000000000e+00 -9.996659355238080025e-04 -9.307535365223884583e-03 -1.999950885772705078e+00 0.000000000000000000e+00 1.000000000000000000e+01 8.191000000000000000e+03 0.000000000000000000e+00
9.400000572204589844e+00 -2.000044822692871094e+00 0.000000000000000000e+00 -9.996797889471054077e-04 -9.407503530383110046e-03 -1.999950885772705078e+00 0.000000000000000000e+00 1.000000000000000000e+01 8.191000000000000000e+03 0.000000000000000000e+00
9.500000000000000000e+00 -2.000038146972656250e+00 0.000000000000000000e+00 -9.996211156249046326e-04 -9.507465176284313202e-03 -1.999950885772705078e+00 0.000000000000000000e+00 1.000000000000000000e+01 8.191000000000000000e+03 0.000000000000000000e+00
9.600000381469726562e+00 -2.000038146972656250e+00 0.000000000000000000e+00 -9.996404405683279037e-04 -9.607429616153240204e-03 -1.999950885772705078e+00 0.000000000000000000e+00 1.000000000000000000e+01 8.191000000000000000e+03 0.000000000000000000e+00
9.699999809265136719e+00 -2.000033617019653320e+00 0.000000000000000000e+00 -9.995979489758610725e-04 -9.707389399409294128e-03 -1.999950885772705078e+00 0.000000000000000000e+00 1.000000000000000000e+01 8.191000000000000000e+03 0.000000000000000000e+00
9.800000190734863281e+00 -2.000034809112548828e+00 0.000000000000000000e+00 -9.996596490964293480e-04 -9.807354770600795746e-03 -1.999950885772705078e+00 0.000000000000000000e+00 1.000000000000000000e+01 8.191000000000000000e+03 0.000000000000000000e+00
9.900000572204589844e+00 -2.000049591064453125e+00 0.000000000000000000e+00 -9.997084271162748337e-04 -9.907325729727745056e-03 -1.999950885772705078e+00 0.000000000000000000e+00 1.000000000000000000e+01 8.191000000000000000e+03 0.000000000000000000e+00
1.000000000000000000e+01 -2.000054359436035156e+00 0.000000000000000000e+00 -9.997285669669508934e-04 -1.000729855149984360e-02 -1.999950885772705078e+00 0.000000000000000000e+00 1.000000000000000000e+01 8.191000000000000000e+03 0.000000000000000000e+00
1.010000038146972656e+01 -2.000039100646972656e+00 0.000000000000000000e+00 -9.996838634833693504e-04 -1.010726671665906906e-02 -1.999950885772705078e+00 0.000000000000000000e+00 1.000000000000000000e+01 8.191000000000000000e+03 0.000000000000000000e+00
1.019999980926513672e+01 -2.000040531158447266e+00 0.000000000000000000e+00 -9.996766457334160805e-04 -1.020723488181829453e-02 -1.999950885772705078e+00 0.000000000000000000e+00 1.000000000000000000e+01 8.191000000000000000e+03 0.000000000000000000e+00
1.030000019073486328e+01 -2.000037670135498047e+00 0.000000000000000000e+00 -9.997067973017692566e-04 -1.030720584094524384e-02 -1.999950885772705078e+00 0.000000000000000000e+00 1.000000000000000000e+01 8.191000000000000000e+03 0.000000000000000000e+00
1.040000057220458984e+01 -2.000020742416381836e+00 0.000000000000000000e+00 -9.996265871450304985e-04 -1.040716841816902161e-02 -1.999950885772705078e+00 0.000000000000000000e+00 1.000000000000000000e+01 8.191000000000000000e+03 0.000000000000000000e+00
1.050000000000000000e+01 -2.000040769577026367e+00 0.000000000000000000e+00 -9.996783919632434845e-04 -1.050713565200567245e-02 -1.999950885772705078e+00 0.000000000000000000e+00 1.000000000000000000e+01 8.191000000000000000e+03 0.000000000000000000e+00
1.060000038146972656e+01 -2.000031709671020508e+00 0.000000000000000000e+00 -9.996048174798488617e-04 -1.060709636658430099e-02 -1.999950885772705078e+00 0.000000000000000000e+00 1.000000000000000000e+01 8.191000000000000000e+03 0.000000000000000000e+00
1.069999980926513672e+01 -2.000038385391235352e+00 0.000000000000000000e+00 -9.996850276365876198e-04 -1.070706453174352646e-02 -1.999950885772705078e+00 0.000000000000000000e+00 1.000000000000000000e+01 8.191000000000000000e+03 0.000000000000000000e+00
1.080000019073486328e+01 -2.000029325485229492e+00 0.000000000000000000e+00 -9.996655862778425217e-04 -1.080703176558017731e-02 -1.999950885772705078e+00 0.000000000000000000e+00 1.000000000000000000e+01 8.191000000000000000e+03 0.000000000000000000e+00
1.090000057220458984e+01 -2.000044822692871094e+00 0.000000000000000000e+00 -9.996393928304314613e-04 -1.090699527412652969e-02 -1.999950885772705078e+00 0.000000000000000000e+00 1.000000000000000000e+01 8.191000000000000000e+03 0.000000000000000000e+00
1.100000000000000000e+01 -2.000048160552978516e+00 0.000000000000000000e+00 -9.996439330279827118e-04 -1.100695971399545670e-02 -1.999950885772705078e+00 0.000000000000000000e+00 1.000000000000000000e+01 8.191000000000000000e+03 0.000000000000000000e+00
1.110000038146972656e+01 -2.000045061111450195e+00 0.000000000000000000e+00 -9.996250737458467484e-04 -1.110692229121923447e-02 -1.999950885772705078e+00 0.000000000000000000e+00 1.000000000000000000e+01 8.191000000000000000e+03 0.000000000000000000e+00
1.119999980926513672e+01 -2.000033378601074219e+00 0.000000000000000000e+00 -9.996388107538223267e-04 -1.120688579976558685e-02 -1.999950885772705078e+00 0.000000000000000000e+00 1.000000000000000000e+01 8.191000000000000000e+03 0.000000000000000000e+00
1.130000019073486328e+01 -2.000030040740966797e+00 0.000000000000000000e+00 -9.996505687013268471e-04 -1.130685117095708847e-02 -1.999950885772705078e+00 0.000000000000000000e+00 1.000000000000000000e+01 8.191000000000000000e+03 0.000000000000000000e+00
1.140000057220458984e+01 -2.000022172927856445e+00 0.000000000000000000e+00 -9.996703593060374260e-04 -1.140681840479373932e-02 -1.999950885772705078e+00 0.000000000000000000e+00 1.000000000000000000e+01 8.191000000000000000e+03 0.000000000000000000e+00
1.150000000000000000e+01 -2.000052928924560547e+00 0.000000000000000000e+00 -9.997442830353975296e-04 -1.150679308921098709e-02 -1.999950885772705078e+00 0.000000000000000000e+00 1.000000000000000000e+01 8.191000000000000000e+03 0.000000000000000000e+00
1.160000038146972656e+01 -2.000043392181396484e+00 0.000000000000000000e+00 -9.997102897614240646e-04 -1.160676404833793640e-02 -1.999950885772705078e+00 0.000000000000000000e+00 1.000000000000000000e+01 8.191000000000000000e+03 0.000000000000000000e+00
1.169999980926513672e+01 -2.000043869018554688e+00 0.000000000000000000e+00 -9.997339220717549324e-04 -1.170673687011003494e-02 -1.999950885772705078e+00 0.000000000000000000e+00 1.000000000000000000e+01 8.191000000000000000e+03 0.000000000000000000e+00
1.180000019073486328e+01 -2.000048398971557617e+00 0.000000000000000000e+00 -9.997370652854442596e-04 -1.180671062320470810e-02 -1.999950885772705078e+00 0.000000000000000000e+00 1.000000000000000000e+01 8.191000000000000000e+03 0.000000000000000000e+00
1.190000057220458984e+01 -2.000041007995605469e+00 0.000000000000000000e+00 -9.996651206165552139e-04 -1.190667692571878433e-02 -1.999950885772705078e+00 0.000000000000000000e+00 1.000000000000000000e+01 8.191000000000000000e+03 0.000000000000000000e+00
1.200000000000000000e+01 -2.000041007995605469e+00 0.000000000000000000e+00 -9.996434673666954041e-04 -1.200664136558771133e-02 -1.999950885772705078e+00 0.000000000000000000e+00 1.000000000000000000e+01 8.191000000000000000e+03 0.000000000000000000e+00
1.210000038146972656e+01 -2.000035047531127930e+00 0.000000000000000000e+00 -9.996886365115642548e-04 -1.210661046206951141e-02 -1.999950885772705078e+00 0.000000000000000000e+00 1.000000000000000000e+01 8.191000000000000000e+03 0.000000000000000000e+00
1.219999980926513672e+01 -2.000040292739868164e+00 0.000000000000000000e+00 -9.996556909754872322e-04 -1.220657583326101303e-02 -1.999950885772705078e+00 0.000000000000000000e+00 1.000000000000000000e+01 8.191000000000000000e+03 0.000000000000000000e+00
1.230000019073486328e+01 -2.000028371810913086e+00 0.000000000000000000e+00 -9.996043518185615540e-04 -1.230653654783964157e-02 -1.999950885772705078e+00 0.000000000000000000e+00 1.000000000000000000e+01 8.191000000000000000e+03 0.000000000000000000e+00
1.240000057220458984e+01 -2.000039577484130859e+00 0.000000000000000000e+00 -9.996538283303380013e-04 -1.240650191903114319e-02 -1.999950885772705078e+00 0.000000000000000000e+00 1.000000000000000000e+01 8.191000000000000000e+03 0.000000000000000000e+00
1.250000000000000000e+01 -2.000032901763916016e+00 0.000000000000000000e+00 -9.996426524594426155e-04 -1.250646635890007019e-02 -1.999950885772705078e+00 0.000000000000000000e+00 1.000000000000000000e+01 8.191000000000000000e+03 0.000000000000000000e+00
1.260000038146972656e+01 -2.000036478042602539e+00 0.000000000000000000e+00 -9.996468434110283852e-04 -1.260643079876899719e-02 -1.999950885772705078e+00 0.000000000000000000e+00 1.000000000000000000e+01 8.191000000000000000e+03 0.000000000000000000e+00
1.269999980926513672e+01 -2.000036954879760742e+00 0.000000000000000000e+00 -9.996144799515604973e-04 -1.270639244467020035e-02 -1.999950885772705078e+00 0.000000000000000000e+00 1.000000000000000000e+01 8.191000000000000000e+03 0.000000000000000000e+00
1.280000019073486328e+01 -2.000043392181396484e+00 0.000000000000000000e+00 -9.996447479352355003e-04 -1.280635688453912735e-02 -1.999950885772705078e+00 0.000000000000000000e+00 1.000000000000000000e+01 8.191000000000000000e+03 0.000000000000000000e+00
1.290000057220458984e+01 -2.000034570693969727e+00 0.000000000000000000e+00 -9.996576700359582901e-04 -1.290632225573062897e-02 -1.999950885772705078e+00 0.000000000000000000e+00 1.000000000000000000e+01 8.191000000000000000e+03 0.000000000000000000e+00
1.300000000000000000e+01 -2.000031471252441406e+00 0.000000000000000000e+00 -9.996398584917187691e-04 -1.300628669559955597e-02 -1.999950885772705078e+00 0.000000000000000000e+00 1.000000000000000000e+01 8.191000000000000000e+03 0.000000000000000000e+00
1.310000038146972656e+01 -2.000033617019653320e+00 0.000000000000000000e+00 -9.996669832617044449e-04 -1.310625299811363220e-02 -1.999950885772705078e+00 0.000000000000000000e+00 1.000000000000000000e+01 8.191000000000000000e+03 0.000000000000000000e+00
1.319999980926513672e+01 -2.000039339065551758e+00 0.000000000000000000e+00 -9.996592998504638672e-04 -1.320621930062770844e-02 -1.999950885772705078e+00 0.000000000000000000e+00 1.000000000000000000e+01 8.191000000000000000e+03 0.000000000000000000e+00
1.330000019073486328e+01 -2.000036716461181641e+00 0.000000000000000000e+00 -9.995996952056884766e-04 -1.330617908388376236e-02 -1.999950885772705078e+00 0.000000000000000000e+00 1.000000000000000000e+01 8.191000000000000000e+03 0.000000000000000000e+00
1.340000057220458984e+01 -2.000035047531127930e+00 0.000000000000000000e+00 -9.996789740398526192e-04 -1.340614724904298782e-02 -1.999950885772705078e+00 0.000000000000000000e+00 1.000000000000000000e+01 8.191000000000000000e+03 0.000000000000000000e+00
1.350000000000000000e+01 -2.000038385391235352e+00 0.000000000000000000e+00 -9.996390435844659805e-04 -1.350611075758934021e-02 -1.999950885772705078e+00 0.000000000000000000e+00 1.000000000000000000e+01 8.191000000000000000e+03 0.000000000000000000e+00
1.360000038146972656e+01 -2.000051975250244141e+00 0.000000000000000000e+00 -9.997115703299641609e-04 -1.360608264803886414e-02 -1.999950885772705078e+00 0.000000000000000000e+00 1.000000000000000000e+01 8.191000000000000000e+03 0.000000000000000000e+00
1.369999980926513672e+01 -2.000023365020751953e+00 0.000000000000000000e+00 -9.996274020522832870e-04 -1.370604522526264191e-02 -1.999950885772705078e+00 0.000000000000000000e+00 1.000000000000000000e+01 8.191000000000000000e+03 0.000000000000000000e+00
1.380000019073486328e+01 -2.000036478042602539e+00 0.000000000000000000e+00 -9.996142471209168434e-04 -1.380600593984127045e-02 -1.999950885772705078e+00 0.000000000000000000e+00 1.000000000000000000e+01 8.191000000000000000e+03 0.000000000000000000e+00
1.390000057220458984e+01 -2.000024080276489258e+00 0.000000000000000000e+00 -9.996098233386874199e-04 -1.390596758574247360e-02 -1.999950885772705078e+00 0.000000000000000000e+00 1.000000000000000000e+01 8.191000000000000000e+03 0.000000000000000000e+00
1.400000000000000000e+01 -2.000028371810913086e+00 0.000000000000000000e+00 -9.996554581448435783e-04 -1.400593295693397522e-02 -1.999950885772705078e+00 0.000000000000000000e+00 1.000000000000000000e+01 8.191000000000000000e+03 0.000000000000000000e+00
1.410000038146972656e+01 -2.000028133392333984e+00 0.000000000000000000e+00 -9.996530134230852127e-04 -1.410589832812547684e-02 -1.999950885772705078e+00 0.000000000000000000e+00 1.000000000000000000e+01 8.191000000000000000e+03 0.000000000000000000e+00
1.419999980926513672e+01 -2.000028371810913086e+00 0.000000000000000000e+00 -9.996552253141999245e-04 -1.420586369931697845e-02 -1.999950885772705078e+00 0.000000000000000000e+00 1.000000000000000000e+01 8.191000000000000000e+03 0.000000000000000000e+00
1.430000019073486328e+01 -2.000031232833862305e+00 0.000000000000000000e+00 -9.996618609875440598e-04 -1.430583000183105469e-02 -1.999950885772705078e+00 0.000000000000000000e+00 1.000000000000000000e+01 8.191000000000000000e+03 0.000000000000000000e+00
1.440000057220458984e+01 -2.000031471252441406e+00 0.000000000000000000e+00 -9.996797889471054077e-04 -1.440579816699028015e-02 -1.999950885772705078e+00 0.000000000000000000e+00 1.000000000000000000e+01 8.191000000000000000e+03 0.000000000000000000e+00
1.450000000000000000e+01 -2.000042438507080078e+00 0.000000000000000000e+00 -9.996765293180942535e-04 -1.450576540082693100e-02 -1.999950885772705078e+00 0.000000000000000000e+00 1.000000000000000000e+01 8.191000000000000000e+03 0.000000000000000000e+00
1.460000038146972656e+01 -2.000039577484130859e+00 0.000000000000000000e+00 -9.996556909754872322e-04 -1.460573077201843262e-02 -1.999950885772705078e+00 0.000000000000000000e+00 1.000000000000000000e+01 8.191000000000000000e+03 0.000000000000000000e+00
1.469999980926513672e+01 -2.000040054321289062e+00 0.000000000000000000e+00 -9.996626758947968483e-04 -1.470569707453250885e-02 -1.999950885772705078e+00 0.000000000000000000e+00 1.000000000000000000e+01 8.191000000000000000e+03 0.000000000000000000e+00
1.480000019073486328e+01 -2.000034093856811523e+00 0.000000000000000000e+00 -9.996532462537288666e-04 -1.480566244572401047e-02 -1.999950885772705078e+00 0.000000000000000000e+00 1.000000000000000000e+01 8.191000000000000000e+03 0.000000000000000000e+00
1.490000057220458984e+01 -2.000032663345336914e+00 0.000000000000000000e+00 -9.996858425438404083e-04 -1.490563154220581055e-02 -1.999950885772705078e+00 0.000000000000000000e+00 1.000000000000000000e+01 8.191000000000000000e+03 0.000000000000000000e+00
1.500000000000000000e+01 -2.000048637390136719e+00 0.000000000000000000e+00 -9.996681474149227142e-04 -1.500559784471988678e-02 -1.999950885772705078e+00 0.000000000000000000e+00 1.000000000000000000e+01 8.191000000000000000e+03 0.000000000000000000e+00
1.510000038146972656e+01 -2.000040054321289062e+00 0.000000000000000000e+00 -9.997269371524453163e-04 -1.510557066649198532e-02 -1.999950885772705078e+00 0.000000000000000000e+00 1.000000000000000000e+01 8.191000000000000000e+03 0.000000000000000000e+00
1.519999980926513672e+01 -2.000044584274291992e+00 0.000000000000000000e+00 -9.996562730520963669e-04 -1.520553603768348694e-02 -1.999950885772705078e+00 0.000000000000000000e+00 1.000000000000000000e+01 8.191000000000000000e+03 0.000000000000000000e+00
1.530000019073486328e+01 -2.000032663345336914e+00 0.000000000000000000e+00 -9.996852604672312737e-04 -1.530550513416528702e-02 -1.999950885772705078e+00 0.000000000000000000e+00 1.000000000000000000e+01 8.191000000000000000e+03 0.000000000000000000e+00
1.540000057220458984e+01 -2.000038146972656250e+00 0.000000000000000000e+00 -9.996485896408557892e-04 -1.540546957403421402e-02 -1.999950885772705078e+00 0.000000000000000000e+00 1.000000000000000000e+01 8.191000000000000000e+03 0.000000000000000000e+00
1.550000000000000000e+01 -2.000046730041503906e+00 0.000000000000000000e+00 -9.996637236326932907e-04 -1.550543587654829025e-02 -1.999950885772705078e+00 0.000000000000000000e+00 1.000000000000000000e+01 8.191000000000000000e+03 0.000000000000000000e+00
1.560000038146972656e+01 -2.000034332275390625e+00 0.000000000000000000e+00 -9.996588341891765594e-04 -1.560540217906236649e-02 -1.999950885772705078e+00 0.000000000000000000e+00 1.000000000000000000e+01 8.191000000000000000e+03 0.000000000000000000e+00
1.569999980926513672e+01 -2.000041246414184570e+00 0.000000000000000000e+00 -9.996570879593491554e-04 -1.570536755025386810e-02 -1.999950885772705078e+00 0.000000000000000000e+00 1.000000000000000000e+01 8.191000000000000000e+03 0.000000000000000000e+00
1.580000019073486328e+01 -2.000033855438232422e+00 0.000000000000000000e+00 -9.996589506044983864e-04 -1.580533385276794434e-02 -1.999950885772705078e+00 0.000000000000000000e+00 1.000000000000000000e+01 8.191000000000000000e+03 0.000000000000000000e+00
1.590000057220458984e+01 -2.000040054321289062e+00 0.000000000000000000e+00 -9.997076122090220451e-04 -1.590530388057231903e-02 -1.999950885772705078e+00 0.000000000000000000e+00 1.000000000000000000e+01 8.191000000000000000e+03 0.000000000000000000e+00
1.600000000000000000e+01 -2.000046730041503906e+00 0.000000000000000000e+00 -9.997567394748330116e-04 -1.600527949631214142e-02 -1.999950885772705078e+00 0.000000000000000000e+00 1.000000000000000000e+01 8.191000000000000000e+03 0.000000000000000000e+00
1.610000038146972656e+01 -2.000031471252441406e+00 0.000000000000000000e+00 -9.996789740398526192e-04 -1.610524766147136688e-02 -1.999950885772705078e+00 0.000000000000000000e+00 1.000000000000000000e+01 8.191000000000000000e+03 0.000000000000000000e+00
1.620000076293945312e+01 -2.000036954879760742e+00 0.000000000000000000e+00 -9.996641892939805984e-04 -1.620521396398544312e-02 -1.999950885772705078e+00 0.000000000000000000e+00 1.000000000000000000e+01 8.191000000000000000e+03 0.000000000000000000e+00
1.630000114440917969e+01 -2.000035047531127930e+00 0.000000000000000000e+00 -9.996592998504638672e-04 -1.630518026649951935e-02 -1.999950885772705078e+00 0.000000000000000000e+00 1.000000000000000000e+01 8.191000000000000000e+03 0.000000000000000000e+00
1.639999961853027344e+01 -2.000021934509277344e+00 0.000000000000000000e+00 -9.996589506044983864e-04 -1.640514656901359558e-02 -1.999950885772705078e+00 0.000000000000000000e+00 1.000000000000000000e+01 8.191000000000000000e+03 0.000000000000000000e+00
1.650000000000000000e+01 -2.000035762786865234e+00 0.000000000000000000e+00 -9.996900334954261780e-04 -1.650511473417282104e-02 -1.999950885772705078e+00 0.000000000000000000e+00 1.000000000000000000e+01 8.191000000000000000e+03 0.000000000000000000e+00
1.660000038146972656e+01 -2.000028371810913086e+00 0.000000000000000000e+00 -9.996646549552679062e-04 -1.660508103668689728e-02 -1.999950885772705078e+00 0.000000000000000000e+00 1.000000000000000000e+01 8.191000000000000000e+03 0.000000000000000000e+00
1.670000076293945312e+01 -2.000026702880859375e+00 0.000000000000000000e+00 -9.996502194553613663e-04 -1.670504733920097351e-02 -1.999950885772705078e+00 0.000000000000000000e+00 1.000000000000000000e+01 8.191000000000000000e+03 0.000000000000000000e+00
1.680000114440917969e+01 -2.000040054321289062e+00 0.000000000000000000e+00 -9.997045854106545448e-04 -1.680501736700534821e-02 -1.999950885772705078e+00 0.000000000000000000e+00 1.000000000000000000e+01 8.191000000000000000e+03 0.000000000000000000e+00
1.689999961853027344e+01 -2.000048875808715820e+00 0.000000000000000000e+00 -9.997106390073895454e-04 -1.690498739480972290e-02 -1.999950885772705078e+00 0.000000000000000000e+00 1.000000000000000000e+01 8.191000000000000000e+03 0.000000000000000000e+00
1.700000000000000000e+01 -2.000046730041503906e+00 0.000000000000000000e+00 -9.996329899877309799e-04 -1.700495183467864990e-02 -1.999950885772705078e+00 0.000000000000000000e+00 1.000000000000000000e+01 8.191000000000000000e+03 0.000000000000000000e+00
1.710000038146972656e+01 -2.000039577484130859e+00 0.000000000000000000e+00 -9.996134322136640549e-04 -1.710491254925727844e-02 -1.999950885772705078e+00 0.000000000000000000e+00 1.000000000000000000e+01 8.191000000000000000e+03 0.000000000000000000e+00
1.720000076293945312e+01 -2.000043392181396484e+00 0.000000000000000000e+00 -9.996457956731319427e-04 -1.720487698912620544e-02 -1.999950885772705078e+00 0.000000000000000000e+00 1.000000000000000000e+01 8.191000000000000000e+03 0.000000000000000000e+00
1.730000114440917969e+01 -2.000032186508178711e+00 0.000000000000000000e+00 -9.995915461331605911e-04 -1.730483584105968475e-02 -1.999950885772705078e+00 0.000000000000000000e+00 1.000000000000000000e+01 8.191000000000000000e+03 0.000000000000000000e+00
1.739999961853027344e+01 -2.000020503997802734e+00 0.000000000000000000e+00 -9.996026055887341499e-04 -1.740479655563831329e-02 -1.999950885772705078e+00 0.000000000000000000e+00 1.000000000000000000e+01 8.191000000000000000e+03 0.000000000000000000e+00
1.750000000000000000e+01 -2.000036954879760742e+00 0.000000000000000000e+00 -9.996792068704962730e-04 -1.750476472079753876e-02 -1.999950885772705078e+00 0.000000000000000000e+00 1.000000000000000000e+01 8.191000000000000000e+03 0.000000000000000000e+00
1.760000038146972656e+01 -2.000032663345336914e+00 0.000000000000000000e+00 -9.995935251936316490e-04 -1.760472357273101807e-02 -1.999950885772705078e+00 0.000000000000000000e+00 1.000000000000000000e+01 8.191000000000000000e+03 0.000000000000000000e+00
1.770000076293945312e+01 -2.000039100646972656e+00 0.000000000000000000e+00 -9.996029548346996307e-04 -1.770468428730964661e-02 -1.999950885772705078e+00 0.000000000000000000e+00 1.000000000000000000e+01 8.191000000000000000e+03 0.000000000000000000e+00
1.780000114440917969e+01 -2.000032663345336914e+00 0.000000000000000000e+00 -9.996439330279827118e-04 -1.780464872717857361e-02 -1.999950885772705078e+00 0.000000000000000000e+00 1.000000000000000000e+01 8.191000000000000000e+03 0.000000000000000000e+00
1.789999961853027344e+01 -2.000028371810913086e+00 0.000000000000000000e+00 -9.996299631893634796e-04 -1.790461130440235138e-02 -1.999950885772705078e+00 0.000000000000000000e+00 1.000000000000000000e+01 8.191000000000000000e+03 0.000000000000000000e+00
1.800000000000000000e+01 -2.000024080276489258e+00 0.000000000000000000e+00 -9.996222797781229019e-04 -1.800457388162612915e-02 -1.999950885772705078e+00 0.000000000000000000e+00 1.000000000000000000e+01 8.191000000000000000e+03 0.000000000000000000e+00
1.810000038146972656e+01 -2.000021934509277344e+00 0.000000000000000000e+00 -9.996230946853756905e-04 -1.810453645884990692e-02 -1.999950885772705078e+00 0.000000000000000000e+00 1.000000000000000000e+01 8.191000000000000000e+03 0.000000000000000000e+00
1.820000076293945312e+01 -2.000019550323486328e+00 0.000000000000000000e+00 -9.995891014114022255e-04 -1.820449531078338623e-02 -1.999950885772705078e+00 0.000000000000000000e+00 1.000000000000000000e+01 8.191000000000000000e+03 0.000000000000000000e+00
1.830000114440917969e+01 -2.000033617019653320e+00 0.000000000000000000e+00 -9.996250737458467484e-04 -1.830445788800716400e-02 -1.999950885772705078e+00 0.000000000000000000e+00 1.000000000000000000e+01 8.191000000000000000e+03 0.000000000000000000e+00
1.839999961853027344e+01 -2.000031471252441406e+00 0.000000000000000000e+00 -9.996166918426752090e-04 -1.840442046523094177e-02 -1.999950885772705078e+00 0.000000000000000000e+00 1.000000000000000000e+01 8.191000000000000000e+03 0.000000000000000000e+00
1.850000000000000000e+01 -2.000048637390136719e+00 0.000000000000000000e+00 -9.996354347094893456e-04 -1.850438304245471954e-02 -1.999950885772705078e+00 0.000000000000000000e+00 1.000000000000000000e+01 8.191000000000000000e+03 0.000000000000000000e+00
1.860000038146972656e+01 -2.000034809112548828e+00 0.000000000000000000e+00 -9.996043518185615540e-04 -1.860434375703334808e-02 -1.999950885772705078e+00 0.000000000000000000e+00 1.000000000000000000e+01 8.191000000000000000e+03 0.000000000000000000e+00
1.870000076293945312e+01 -2.000034809112548828e+00 0.000000000000000000e+00 -9.996040025725960732e-04 -1.870430447161197662e-02 -1.999950885772705078e+00 0.000000000000000000e+00 1.000000000000000000e+01 8.191000000000000000e+03 0.000000000000000000e+00
1.880000114440917969e+01 -2.000048875808715820e+00 0.000000000000000000e+00 -9.996693115681409836e-04 -1.880427077412605286e-02 -1.999950885772705078e+00 0.000000000000000000e+00 1.000000000000000000e+01 8.191000000000000000e+03 0.000000000000000000e+00
1.889999961853027344e+01 -2.000046968460083008e+00 0.000000000000000000e+00 -9.996430017054080963e-04 -1.890423521399497986e-02 -1.999950885772705078e+00 0.000000000000000000e+00 1.000000000000000000e+01 8.191000000000000000e+03 0.000000000000000000e+00
1.900000000000000000e+01 -2.000046730041503906e+00 0.000000000000000000e+00 -9.996324079111218452e-04 -1.900419779121875763e-02 -1.999950885772705078e+00 0.000000000000000000e+00 1.000000000000000000e+01 8.191000000000000000e+03 0.000000000000000000e+00
1.910000038146972656e+01 -2.000032186508178711e+00 0.000000000000000000e+00 -9.996765293180942535e-04 -1.910416595637798309e-02 -1.999950885772705078e+00 0.000000000000000000e+00 1.000000000000000000e+01 8.191000000000000000e+03 0.000000000000000000e+00
1.920000076293945312e+01 -2.000030994415283203e+00 0.000000000000000000e+00 -9.996725711971521378e-04 -1.920413412153720856e-02 -1.999950885772705078e+00 0.000000000000000000e+00 1.000000000000000000e+01 8.191000000000000000e+03 0.000000000000000000e+00
1.930000114440917969e+01 -2.000037908554077148e+00 0.000000000000000000e+00 -9.996866574510931969e-04 -1.930410228669643402e-02 -1.999950885772705078e+00 0.000000000000000000e+00 1.000000000000000000e+01 8.191000000000000000e+03 0.000000000000000000e+00
1.939999961853027344e+01 -2.000036478042602539e+00 0.000000000000000000e+00 -9.996935259550809860e-04 -1.940407045185565948e-02 -1.999950885772705078e+00 0.000000000000000000e+00 1.000000000000000000e+01 8.191000000000000000e+03 0.000000000000000000e+00
1.950000000000000000e+01 -2.000045537948608398e+00 0.000000000000000000e+00 -9.996966691687703133e-04 -1.950404047966003418e-02 -1.999950885772705078e+00 0.000000000000000000e+00 1.000000000000000000e+01 8.191000000000000000e+03 0.000000000000000000e+00
1.960000038146972656e+01 -2.000041246414184570e+00 0.000000000000000000e+00 -9.996792068704962730e-04 -1.960400864481925964e-02 -1.999950885772705078e+00 0.000000000000000000e+00 1.000000000000000000e+01 8.191000000000000000e+03 0.000000000000000000e+00
1.970000076293945312e+01 -2.000035762786865234e+00 0.000000000000000000e+00 -9.996269363909959793e-04 -1.970397122204303741e-02 -1.999950885772705078e+00 0.000000000000000000e+00 1.000000000000000000e+01 8.191000000000000000e+03 0.000000000000000000e+00
1.980000114440917969e+01 -2.000041246414184570e+00 0.000000000000000000e+00 -9.996626758947968483e-04 -1.980393752455711365e-02 -1.999950885772705078e+00 0.000000000000000000e+00 1.000000000000000000e+01 8.191000000000000000e+03 0.000000000000000000e+00
1.989999961853027344e+01 -2.000033617019653320e+00 0.000000000000000000e+00 -9.996623266488313675e-04 -1.990390382707118988e-02 -1.999950885772705078e+00 0.000000000000000000e+00 1.000000000000000000e+01 8.191000000000000000e+03 0.000000000000000000e+00
2.000000000000000000e+01 -2.000033378601074219e+00 0.000000000000000000e+00 -9.996766457334160805e-04 -2.000387199223041534e-02 -1.999950885772705078e+00 0.000000000000000000e+00 1.000000000000000000e+01 8.191000000000000000e+03 0.000000000000000000e+00
2.010000038146972656e+01 -2.000032663345336914e+00 0.000000000000000000e+00 -9.996646549552679062e-04 -2.010383829474449158e-02 -1.999950885772705078e+00 0.000000000000000000e+00 1.000000000000000000e+01 8.191000000000000000e+03 0.000000000000000000e+00
2.020000076293945312e+01 -2.000042676925659180e+00 0.000000000000000000e+00 -9.996736189350485802e-04 -2.020380645990371704e-02 -1.999950885772705078e+00 0.000000000000000000e+00 1.000000000000000000e+01 8.191000000000000000e+03 0.000000000000000000e+00
2.030000114440917969e+01 -2.000040054321289062e+00 0.000000000000000000e+00 -9.996516164392232895e-04 -2.030377089977264404e-02 -1.999950885772705078e+00 0.000000000000000000e+00 1.000000000000000000e+01 8.191000000000000000e+03 0.000000000000000000e+00
2.039999961853027344e+01 -2.000033855438232422e+00 0.000000000000000000e+00 -9.997275192290544510e-04 -2.040374279022216797e-02 -1.999950885772705078e+00 0.000000000000000000e+00 1.000000000000000000e+01 8.191000000000000000e+03 0.000000000000000000e+00
2.050000000000000000e+01 -2.000035047531127930e+00 0.000000000000000000e+00 -9.996719891205430031e-04 -2.050371095538139343e-02 -1.999950885772705078e+00 0.000000000000000000e+00 1.000000000000000000e+01 8.191000000000000000e+03 0.000000000000000000e+00
2.060000038146972656e+01 -2.000034093856811523e+00 0.000000000000000000e+00 -9.997142478823661804e-04 -2.060368284583091736e-02 -1.999950885772705078e+00 0.000000000000000000e+00 1.000000000000000000e+01 8.191000000000000000e+03 0.000000000000000000e+00
2.070000076293945312e+01 -2.000038385391235352e+00 0.000000000000000000e+00 -9.996385779231786728e-04 -2.070364542305469513e-02 -1.999950885772705078e+00 0.000000000000000000e+00 1.000000000000000000e+01 8.191000000000000000e+03 0.000000000000000000e+00
2.080000114440917969e+01 -2.000044822692871094e+00 0.000000000000000000e+00 -9.996789740398526192e-04 -2.080361358821392059e-02 -1.999950885772705078e+00 0.000000000000000000e+00 1.000000000000000000e+01 8.191000000000000000e+03 0.000000000000000000e+00
2.089999961853027344e+01 -2.000053167343139648e+00 0.000000000000000000e+00 -9.996860753744840622e-04 -2.090358175337314606e-02 -1.999950885772705078e+00 0.000000000000000000e+00 1.000000000000000000e+01 8.191000000000000000e+03 0.000000000000000000e+00
2.100000000000000000e+01 -2.000040292739868164e+00 0.000000000000000000e+00 -9.996440494433045387e-04 -2.100354619324207306e-02 -1.999950885772705078e+00 0.000000000000000000e+00 1.000000000000000000e+01 8.191000000000000000e+03 0.000000000000000000e+00
2.110000038146972656e+01 -2.000030517578125000e+00 0.000000000000000000e+00 -9.995880536735057831e-04 -2.110350504517555237e-02 -1.999950885772705078e+00 0.000000000000000000e+00 1.000000000000000000e+01 8.191000000000000000e+03 0.000000000000000000e+00
2.120000076293945312e+01 -2.000032424926757812e+00 0.000000000000000000e+00 -9.996530134230852127e-04 -2.120347134768962860e-02 -1.999950885772705078e+00 0.000000000000000000e+00 1.000000000000000000e+01 8.191000000000000000e+03 0.000000000000000000e+00
2.130000114440917969e+01 -2.000030755996704102e+00 0.000000000000000000e+00 -9.996382286772131920e-04 -2.130343578755855560e-02 -1.999950885772705078e+00 0.000000000000000000e+00 1.000000000000000000e+01 8.191000000000000000e+03 0.000000000000000000e+00
2.139999961853027344e+01 -2.000029087066650391e+00 0.000000000000000000e+00 -9.996293811127543449e-04 -2.140339836478233337e-02 -1.999950885772705078e+00 0.000000000000000000e+00 1.000000000000000000e+01 8.191000000000000000e+03 0.000000000000000000e+00
2.150000000000000000e+01 -2.000037193298339844e+00 0.000000000000000000e+00 -9.996530134230852127e-04 -2.150336280465126038e-02 -1.999950885772705078e+00 0.000000000000000000e+00 1.000000000000000000e+01 8.191000000000000000e+03 0.000000000000000000e+00
2.160000038146972656e+01 -2.000033140182495117e+00 0.000000000000000000e+00 -9.996360167860984802e-04 -2.160332724452018738e-02 -1.999950885772705078e+00 0.000000000000000000e+00 1.000000000000000000e+01 8.191000000000000000e+03 0.000000000000000000e+00
2.170000076293945312e+01 -2.000034093856811523e+00 0.000000000000000000e+00 -9.996318258345127106e-04 -2.170328982174396515e-02 -1.999950885772705078e+00 0.000000000000000000e+00 1.000000000000000000e+01 8.191000000000000000e+03 0.000000000000000000e+00
2.180000114440917969e+01 -2.000048875808715820e+00 0.000000000000000000e+00 -9.996687294915318489e-04 -2.180325612425804138e-02 -1.999950885772705078e+00 0.000000000000000000e+00 1.000000000000000000e+01 8.191000000000000000e+03 0.000000000000000000e+00
2.189999961853027344e+01 -2.000048637390136719e+00 0.000000000000000000e+00 -9.996576700359582901e-04 -2.190322242677211761e-02 -1.999950885772705078e+00 0.000000000000000000e+00 1.000000000000000000e+01 8.191000000000000000e+03 0.000000000000000000e+00
2.200000000000000000e+01 -2.000025272369384766e+00 0.000000000000000000e+00 -9.996017906814813614e-04 -2.200318314135074615e-02 -1.999950885772705078e+00 0.000000000000000000e+00 1.000000000000000000e+01 8.191000000000000000e+03 0.000000000000000000e+00
2.210000038146972656e+01 -2.000024318695068359e+00 0.000000000000000000e+00 -9.995967848226428032e-04 -2.210314199328422546e-02 -1.999950885772705078e+00 0.000000000000000000e+00 1.000000000000000000e+01 8.191000000000000000e+03 0.000000000000000000e+00
2.220000076293945312e+01 -2.000035524368286133e+00 0.000000000000000000e+00 -9.996130829676985741e-04 -2.220310457050800323e-02 -1.999950885772705078e+00 0.000000000000000000e+00 1.000000000000000000e+01 8.191000000000000000e+03 0.000000000000000000e+00
2.230000114440917969e+01 -2.000037670135498047e+00 0.000000000000000000e+00 -9.997023735195398331e-04 -2.230307459831237793e-02 -1.999950885772705078e+00 0.000000000000000000e+00 1.000000000000000000e+01 8.191000000000000000e+03 0.000000000000000000e+00
2.239999961853027344e+01 -2.000030517578125000e+00 0.000000000000000000e+00 -9.996828157454729080e-04 -2.240304276347160339e-02 -1.999950885772705078e+00 0.000000000000000000e+00 1.000000000000000000e+01 8.191000000000000000e+03 0.000000000000000000e+00
2.250000000000000000e+01 -2.000035524368286133e+00 0.000000000000000000e+00 -9.996485896408557892e-04 -2.250300720334053040e-02 -1.999950885772705078e+00 0.000000000000000000e+00 1.000000000000000000e+01 8.191000000000000000e+03 0.000000000000000000e+00
2.260000038146972656e+01 -2.000035047531127930e+00 0.000000000000000000e+00 -9.997054003179073334e-04 -2.260297723114490509e-02 -1.999950885772705078e+00 0.000000000000000000e+00 1.000000000000000000e+01 8.191000000000000000e+03 0.000000000000000000e+00
2.270000076293945312e+01 -2.000035285949707031e+00 0.000000000000000000e+00 -9.996045846492052078e-04 -2.270293794572353363e-02 -1.999950885772705078e+00 0.000000000000000000e+00 1.000000000000000000e+01 8.191000000000000000e+03 0.000000000000000000e+00
2.280000114440917969e+01 -2.000033617019653320e+00 0.000000000000000000e+00 -9.996120352298021317e-04 -2.280289866030216217e-02 -1.999950885772705078e+00 0.000000000000000000e+00 1.000000000000000000e+01 8.191000000000000000e+03 0.000000000000000000e+00
2.289999961853027344e+01 -2.000038623809814453e+00 0.000000000000000000e+00 -9.995957370847463608e-04 -2.290285937488079071e-02 -1.999950885772705078e+00 0.000000000000000000e+00 1.000000000000000000e+01 8.191000000000000000e+03 0.000000000000000000e+00
2.300000000000000000e+01 -2.000037908554077148e+00 0.000000000000000000e+00 -9.996026055887341499e-04 -2.300281822681427002e-02 -1.999950885772705078e+00 0.000000000000000000e+00 1.000000000000000000e+01 8.191000000000000000e+03 0.000000000000000000e+00
2.310000038146972656e+01 -2.000047445297241211e+00 0.000000000000000000e+00 -9.996341541409492493e-04 -2.310278266668319702e-02 -1.999950885772705078e+00 0.000000000000000000e+00 1.000000000000000000e+01 8.191000000000000000e+03 0.000000000000000000e+00
2.320000076293945312e+01 -2.000058412551879883e+00 0.000000000000000000e+00 -9.996655862778425217e-04 -2.320274896919727325e-02 -1.999950885772705078e+00 0.000000000000000000e+00 1.000000000000000000e+01 8.191000000000000000e+03 0.000000000000000000e+00
2.330000114440917969e+01 -2.000044584274291992e+00 0.000000000000000000e+00 -9.996679145842790604e-04 -2.330271527171134949e-02 -1.999950885772705078e+00 0.000000000000000000e+00 1.000000000000000000e+01 8.191000000000000000e+03 0.000000000000000000e+00
2.339999961853027344e+01 -2.000043392181396484e+00 0.000000000000000000e+00 -9.996376466006040573e-04 -2.340267971158027649e-02 -1.999950885772705078e+00 0.000000000000000000e+00 1.000000000000000000e+01 8.191000000000000000e+03 0.000000000000000000e+00
2.350000000000000000e+01 -2.000043392181396484e+00 0.000000000000000000e+00 -9.996053995564579964e-04 -2.350264042615890503e-02 -1.999950885772705078e+00 0.000000000000000000e+00 1.000000000000000000e+01 8.191000000000000000e+03 0.000000000000000000e+00
2.360000038146972656e+01 -2.000046014785766602e+00 0.000000000000000000e+00 -9.996576700359582901e-04 -2.360260672867298126e-02 -1.999950885772705078e+00 0.000000000000000000e+00 1.000000000000000000e+01 8.191000000000000000e+03 0.000000000000000000e+00
2.370000076293945312e+01 -2.000055789947509766e+00 0.000000000000000000e+00 -9.996274020522832870e-04 -2.370256930589675903e-02 -1.999950885772705078e+00 0.000000000000000000e+00 1.000000000000000000e+01 8.191000000000000000e+03 0.000000000000000000e+00
2.380000114440917969e+01 -2.000035524368286133e+00 0.000000000000000000e+00 -9.996255394071340561e-04 -2.380253188312053680e-02 -1.999950885772705078e+00 0.000000000000000000e+00 1.000000000000000000e+01 8.191000000000000000e+03 0.000000000000000000e+00
2.389999961853027344e+01 -2.000027179718017578e+00 0.000000000000000000e+00 -9.995965519919991493e-04 -2.390249073505401611e-02 -1.999950885772705078e+00 0.000000000000000000e+00 1.000000000000000000e+01 8.191000000000000000e+03 0.000000000000000000e+00
2.400000000000000000e+01 -2.000037908554077148e+00 0.000000000000000000e+00 -9.996371809393167496e-04 -2.400245517492294312e-02 -1.999950885772705078e+00 0.000000000000000000e+00 1.000000000000000000e+01 8.191000000000000000e+03 0.000000000000000000e+00
2.410000038146972656e+01 -2.000027656555175781e+00 0.000000000000000000e+00 -9.995935251936316490e-04 -2.410241402685642242e-02 -1.999950885772705078e+00 0.000000000000000000e+00 1.000000000000000000e+01 8.191000000000000000e+03 0.000000000000000000e+00
2.420000076293945312e+01 -2.000041007995605469e+00 0.000000000000000000e+00 -9.996949229389429092e-04 -2.420238405466079712e-02 -1.999950885772705078e+00 0.000000000000000000e+00 1.000000000000000000e+01 8.191000000000000000e+03 0.000000000000000000e+00
2.430000114440917969e+01 -2.000044107437133789e+00 0.000000000000000000e+00 -9.996722219511866570e-04 -2.430235035717487335e-02 -1.999950885772705078e+00 0.000000000000000000e+00 1.000000000000000000e+01 8.191000000000000000e+03 0.000000000000000000e+00
2.439999961853027344e+01 -2.000049829483032227e+00 0.000000000000000000e+00 -9.996175067499279976e-04 -2.440231293439865112e-02 -1.999950885772705078e+00 0.000000000000000000e+00 1.000000000000000000e+01 8.191000000000000000e+03 0.000000000000000000e+00
2.450000000000000000e+01 -2.000055551528930664e+00 0.000000000000000000e+00 -9.995477739721536636e-04 -2.450226806104183197e-02 -1.999950885772705078e+00 0.000000000000000000e+00 1.000000000000000000e+01 8.191000000000000000e+03 0.000000000000000000e+00
2.460000038146972656e+01 -2.000041246414184570e+00 0.000000000000000000e+00 -9.995570871978998184e-04 -2.460222318768501282e-02 -1.999950885772705078e+00 0.000000000000000000e+00 1.000000000000000000e+01 8.191000000000000000e+03 0.000000000000000000e+00
2.470000076293945312e+01 -2.000044584274291992e+00 0.000000000000000000e+00 -9.995623258873820305e-04 -2.470217831432819366e-02 -1.999950885772705078e+00 0.000000000000000000e+00 1.000000000000000000e+01 8.191000000000000000e+03 0.000000000000000000e+00
2.480000114440917969e+01 -2.000046253204345703e+00 0.000000000000000000e+00 -9.995885193347930908e-04 -2.480213716626167297e-02 -1.999950885772705078e+00 0.000000000000000000e+00 1.000000000000000000e+01 8.191000000000000000e+03 0.000000000000000000e+00
2.489999961853027344e+01 -2.000031471252441406e+00 0.000000000000000000e+00 -9.995764121413230896e-04 -2.490209601819515228e-02 -1.999950885772705078e+00 0.000000000000000000e+00 1.000000000000000000e+01 8.191000000000000000e+03 0.000000000000000000e+00
2.500000000000000000e+01 -2.000029087066650391e+00 0.000000000000000000e+00 -9.995262371376156807e-04 -2.500204741954803467e-02 -1.999950885772705078e+00 0.000000000000000000e+00 1.000000000000000000e+01 8.191000000000000000e+03 0.000000000000000000e+00
2.510000038146972656e+01 -2.000028371810913086e+00 0.000000000000000000e+00 -9.995939908549189568e-04 -2.510200813412666321e-02 -1.999950885772705078e+00 0.000000000000000000e+00 1.000000000000000000e+01 8.191000000000000000e+03 0.000000000000000000e+00
2.520000076293945312e+01 -2.000036716461181641e+00 0.000000000000000000e+00 -9.995927102863788605e-04 -2.520196698606014252e-02 -1.999950885772705078e+00 0.000000000000000000e+00 1.000000000000000000e+01 8.191000000000000000e+03 0.000000000000000000e+00
2.530000114440917969e+01 -2.000046730041503906e+00 0.000000000000000000e+00 -9.996164590120315552e-04 -2.530192956328392029e-02 -1.999950885772705078e+00 0.000000000000000000e+00 1.000000000000000000e+01 8.191000000000000000e+03 0.000000000000000000e+00
2.539999961853027344e+01 -2.000049114227294922e+00 0.000000000000000000e+00 -9.996299631893634796e-04 -2.540189214050769806e-02 -1.999950885772705078e+00 0.000000000000000000e+00 1.000000000000000000e+01 8.191000000000000000e+03 0.000000000000000000e+00
2.550000000000000000e+01 -2.000035762786865234e+00 0.000000000000000000e+00 -9.995953878387808800e-04 -2.550185099244117737e-02 -1.999950885772705078e+00 0.000000000000000000e+00 1.000000000000000000e+01 8.191000000000000000e+03 0.000000000000000000e+00
2.560000038146972656e+01 -2.000034570693969727e+00 0.000000000000000000e+00 -9.996304288506507874e-04 -2.560181356966495514e-02 -1.999950885772705078e+00 0.000000000000000000e+00 1.000000000000000000e+01 8.191000000000000000e+03 0.000000000000000000e+00
2.570000076293945312e+01 -2.000040054321289062e+00 0.000000000000000000e+00 -9.996211156249046326e-04 -2.570177614688873291e-02 -1.999950885772705078e+00 0.000000000000000000e+00 1.000000000000000000e+01 8.191000000000000000e+03 0.000000000000000000e+00
2.580000114440917969e+01 -2.000055551528930664e+00 0.000000000000000000e+00 -9.995979489758610725e-04 -2.580173686146736145e-02 -1.999950885772705078e+00 0.000000000000000000e+00 1.000000000000000000e+01 8.191000000000000000e+03 0.000000000000000000e+00
2.589999961853027344e+01 -2.000046253204345703e+00 0.000000000000000000e+00 -9.996447479352355003e-04 -2.590170130133628845e-02 -1.999950885772705078e+00 0.000000000000000000e+00 1.000000000000000000e+01 8.191000000000000000e+03 0.000000000000000000e+00
2.600000000000000000e+01 -2.000038146972656250e+00 0.000000000000000000e+00 -9.995880536735057831e-04 -2.600166015326976776e-02 -1.999950885772705078e+00 0.000000000000000000e+00 1.000000000000000000e+01 8.191000000000000000e+03 0.000000000000000000e+00
2.610000038146972656e+01 -2.000040769577026367e+00 0.000000000000000000e+00 -9.995617438107728958e-04 -2.610161527991294861e-02 -1.999950885772705078e+00 0.000000000000000000e+00 1.000000000000000000e+01 8.191000000000000000e+03 0.000000000000000000e+00
2.620000076293945312e+01 -2.000040292739868164e+00 0.000000000000000000e+00 -9.995959699153900146e-04 -2.620157599449157715e-02 -1.999950885772705078e+00 0.000000000000000000e+00 1.000000000000000000e+01 8.191000000000000000e+03 0.000000000000000000e+00
2.630000114440917969e+01 -2.000043153762817383e+00 0.000000000000000000e+00 -9.996520821005105972e-04 -2.630154043436050415e-02 -1.999950885772705078e+00 0.000000000000000000e+00 1.000000000000000000e+01 8.191000000000000000e+03 0.000000000000000000e+00
2.639999961853027344e+01 -2.000037670135498047e+00 0.000000000000000000e+00 -9.995794389396905899e-04 -2.640149742364883423e-02 -1.999950885772705078e+00 0.000000000000000000e+00 1.000000000000000000e+01 8.191000000000000000e+03 0.000000000000000000e+00
2.650000000000000000e+01 -2.000040531158447266e+00 0.000000000000000000e+00 -9.995816508308053017e-04 -2.650145627558231354e-02 -1.999950885772705078e+00 0.000000000000000000e+00 1.000000000000000000e+01 8.191000000000000000e+03 0.000000000000000000e+00
2.660000038146972656e+01 -2.000034332275390625e+00 0.000000000000000000e+00 -9.995667496696114540e-04 -2.660141326487064362e-02 -1.999950885772705078e+00 0.000000000000000000e+00 1.000000000000000000e+01 8.191000000000000000e+03 0.000000000000000000e+00
2.670000076293945312e+01 -2.000027656555175781e+00 0.000000000000000000e+00 -9.995979489758610725e-04 -2.670137211680412292e-02 -1.999950885772705078e+00 0.000000000000000000e+00 1.000000000000000000e+01 8.191000000000000000e+03 0.000000000000000000e+00
2.680000114440917969e+01 -2.000028371810913086e+00 0.000000000000000000e+00 -9.995629079639911652e-04 -2.680132910609245300e-02 -1.999950885772705078e+00 0.000000000000000000e+00 1.000000000000000000e+01 8.191000000000000000e+03 0.000000000000000000e+00
2.689999961853027344e+01 -2.000031709671020508e+00 0.000000000000000000e+00 -9.995355503633618355e-04 -2.690128237009048462e-02 -1.999950885772705078e+00 0.000000000000000000e+00 1.000000000000000000e+01 8.191000000000000000e+03 0.000000000000000000e+00
2.700000000000000000e+01 -2.000033378601074219e+00 0.000000000000000000e+00 -9.995755972340703011e-04 -2.700124122202396393e-02 -1.999950885772705078e+00 0.000000000000000000e+00 1.000000000000000000e+01 8.191000000000000000e+03 0.000000000000000000e+00
2.710000038146972656e+01 -2.000036239624023438e+00 0.000000000000000000e+00 -9.995592990890145302e-04 -2.710119634866714478e-02 -1.999950885772705078e+00 0.000000000000000000e+00 1.000000000000000000e+01 8.191000000000000000e+03 0.000000000000000000e+00
2.720000076293945312e+01 -2.000029563903808594e+00 0.000000000000000000e+00 -9.994981810450553894e-04 -2.720114588737487793e-02 -1.999950885772705078e+00 0.000000000000000000e+00 1.000000000000000000e+01 8.191000000000000000e+03 0.000000000000000000e+00
2.730000114440917969e+01 -2.000052928924560547e+00 0.000000000000000000e+00 -9.995695436373353004e-04 -2.730110287666320801e-02 -1.999950885772705078e+00 0.000000000000000000e+00 1.000000000000000000e+01 8.191000000000000000e+03 0.000000000000000000e+00
2.739999961853027344e+01 -2.000015735626220703e+00 0.000000000000000000e+00 -9.995029540732502937e-04 -2.740105427801609039e-02 -1.999950885772705078e+00 0.000000000000000000e+00 1.000000000000000000e+01 8.191000000000000000e+03 0.000000000000000000e+00
2.750000000000000000e+01 -2.000035524368286133e+00 0.000000000000000000e+00 -9.995426516979932785e-04 -2.750100754201412201e-02 -1.999950885772705078e+00 0.000000000000000000e+00 1.000000000000000000e+01 8.191000000000000000e+03 0.000000000000000000e+00
2.760000038146972656e+01 -2.000047683715820312e+00 0.000000000000000000e+00 -9.995625587180256844e-04 -2.760096453130245209e-02 -1.999950885772705078e+00 0.000000000000000000e+00 1.000000000000000000e+01 8.191000000000000000e+03 0.000000000000000000e+00
2.770000076293945312e+01 -2.000036954879760742e+00 0.000000000000000000e+00 -9.995294967666268349e-04 -2.770091779530048370e-02 -1.999950885772705078e+00 0.000000000000000000e+00 1.000000000000000000e+01 8.191000000000000000e+03 0.000000000000000000e+00
2.780000114440917969e+01 -2.000030517578125000e+00 0.000000000000000000e+00 -9.995081927627325058e-04 -2.780086733400821686e-02 -1.999950885772705078e+00 0.000000000000000000e+00 1.000000000000000000e+01 8.191000000000000000e+03 0.000000000000000000e+00
2.789999961853027344e+01 -2.000042915344238281e+00 0.000000000000000000e+00 -9.995625587180256844e-04 -2.790082432329654694e-02 -1.999950885772705078e+00 0.000000000000000000e+00 1.000000000000000000e+01 8.191000000000000000e+03 0.000000000000000000e+00
2.800000000000000000e+01 -2.000030994415283203e+00 0.000000000000000000e+00 -9.995932923629879951e-04 -2.800078317523002625e-02 -1.999950885772705078e+00 0.000000000000000000e+00 1.000000000000000000e+01 8.191000000000000000e+03 0.000000000000000000e+00
2.810000038146972656e+01 -2.000039100646972656e+00 0.000000000000000000e+00 -9.995838627219200134e-04 -2.810074202716350555e-02 -1.999950885772705078e+00 0.000000000000000000e+00 1.000000000000000000e+01 8.191000000000000000e+03 0.000000000000000000e+00
2.820000076293945312e+01 -2.000053167343139648e+00 0.000000000000000000e+00 -9.995568543672561646e-04 -2.820069715380668640e-02 -1.999950885772705078e+00 0.000000000000000000e+00 1.000000000000000000e+01 8.191000000000000000e+03 0.000000000000000000e+00
2.830000114440917969e+01 -2.000044584274291992e+00 0.000000000000000000e+00 -9.995681466534733772e-04 -2.830065414309501648e-02 -1.999950885772705078e+00 0.000000000000000000e+00 1.000000000000000000e+01 8.191000000000000000e+03 0.000000000000000000e+00
2.839999961853027344e+01 -2.000046968460083008e+00 0.000000000000000000e+00 -9.995746659114956856e-04 -2.840061113238334656e-02 -1.999950885772705078e+00 0.000000000000000000e+00 1.000000000000000000e+01 8.191000000000000000e+03 0.000000000000000000e+00
2.850000000000000000e+01 -2.000043630599975586e+00 0.000000000000000000e+00 -9.995755972340703011e-04 -2.850056998431682587e-02 -1.999950885772705078e+00 0.000000000000000000e+00 1.000000000000000000e+01 8.191000000000000000e+03 0.000000000000000000e+00
2.860000038146972656e+01 -2.000037908554077148e+00 0.000000000000000000e+00 -9.995683794841170311e-04 -2.860052697360515594e-02 -1.999950885772705078e+00 0.000000000000000000e+00 1.000000000000000000e+01 8.191000000000000000e+03 0.000000000000000000e+00
2.870000076293945312e+01 -2.000035047531127930e+00 0.000000000000000000e+00 -9.995305445045232773e-04 -2.870047837495803833e-02 -1.999950885772705078e+00 0.000000000000000000e+00 1.000000000000000000e+01 8.191000000000000000e+03 0.000000000000000000e+00
2.880000114440917969e+01 -2.000043153762817383e+00 0.000000000000000000e+00 -9.995121508836746216e-04 -2.880042977631092072e-02 -1.999950885772705078e+00 0.000000000000000000e+00 1.000000000000000000e+01 8.191000000000000000e+03 0.000000000000000000e+00
2.889999961853027344e+01 -2.000032901763916016e+00 0.000000000000000000e+00 -9.995407890528440475e-04 -2.890038490295410156e-02 -1.999950885772705078e+00 0.000000000000000000e+00 1.000000000000000000e+01 8.191000000000000000e+03 0.000000000000000000e+00
2.900000000000000000e+01 -2.000041961669921875e+00 0.000000000000000000e+00 -9.996053995564579964e-04 -2.900034561753273010e-02 -1.999950885772705078e+00 0.000000000000000000e+00 1.000000000000000000e+01 8.191000000000000000e+03 0.000000000000000000e+00
2.910000038146972656e+01 -2.000033855438232422e+00 0.000000000000000000e+00 -9.995675645768642426e-04 -2.910030260682106018e-02 -1.999950885772705078e+00 0.000000000000000000e+00 1.000000000000000000e+01 8.191000000000000000e+03 0.000000000000000000e+00
2.920000076293945312e+01 -2.000032663345336914e+00 0.000000000000000000e+00 -9.995524305850267410e-04 -2.920025773346424103e-02 -1.999950885772705078e+00 0.000000000000000000e+00 1.000000000000000000e+01 8.191000000000000000e+03 0.000000000000000000e+00
2.930000114440917969e+01 -2.000042438507080078e+00 0.000000000000000000e+00 -9.995565051212906837e-04 -2.930021286010742188e-02 -1.999950885772705078e+00 0.000000000000000000e+00 1.000000000000000000e+01 8.191000000000000000e+03 0.000000000000000000e+00
2.939999961853027344e+01 -2.000049352645874023e+00 0.000000000000000000e+00 -9.995915461331605911e-04 -2.940017171204090118e-02 -1.999950885772705078e+00 0.000000000000000000e+00 1.000000000000000000e+01 8.191000000000000000e+03 0.000000000000000000e+00
2.950000000000000000e+01 -2.000044822692871094e+00 0.000000000000000000e+00 -9.995918953791260719e-04 -2.950013056397438049e-02 -1.999950885772705078e+00 0.000000000000000000e+00 1.000000000000000000e+01 8.191000000000000000e+03 0.000000000000000000e+00
2.960000038146972656e+01 -2.000043153762817383e+00 0.000000000000000000e+00 -9.995485888794064522e-04 -2.960008569061756134e-02 -1.999950885772705078e+00 0.000000000000000000e+00 1.000000000000000000e+01 8.191000000000000000e+03 0.000000000000000000e+00
2.970000076293945312e+01 -2.000042438507080078e+00 0.000000000000000000e+00 -9.996116859838366508e-04 -2.970004640519618988e-02 -1.999950885772705078e+00 0.000000000000000000e+00 1.000000000000000000e+01 8.191000000000000000e+03 0.000000000000000000e+00
2.980000114440917969e+01 -2.000029325485229492e+00 0.000000000000000000e+00 -9.995620930567383766e-04 -2.980000339448451996e-02 -1.999950885772705078e+00 0.000000000000000000e+00 1.000000000000000000e+01 8.191000000000000000e+03 0.000000000000000000e+00
2.989999961853027344e+01 -2.000041723251342773e+00 0.000000000000000000e+00 -9.996184380725026131e-04 -2.989996410906314850e-02 -1.999950885772705078e+00 0.000000000000000000e+00 1.000000000000000000e+01 8.191000000000000000e+03 0.000000000000000000e+00
3.000000000000000000e+01 -2.000057220458984375e+00 0.000000000000000000e+00 -9.996349690482020378e-04 -2.999992854893207550e-02 -1.999950885772705078e+00 0.000000000000000000e+00 1.000000000000000000e+01 8.191000000000000000e+03 0.000000000000000000e+00
