1.000000014901161194e-01 -2.000290632247924805e+00 0.000000000000000000e+00 -1.093574828701093793e-04 -1.093574883270775899e-05 -1.999950885772705078e+00 0.000000000000000000e+00 8.000000000000000000e+00 7.164000000000000000e+03 0.000000000000000000e+00
2.000000029802322388e-01 -2.000051736831665039e+00 0.000000000000000000e+00 -1.000176416710019112e-03 -1.109533914132043719e-04 -1.999950885772705078e+00 0.000000000000000000e+00 9.000000000000000000e+00 8.191000000000000000e+03 0.000000000000000000e+00
3.000000119209289551e-01 -2.000061750411987305e+00 0.000000000000000000e+00 -9.981704642996191978e-04 -2.107704349327832460e-04 -1.999950885772705078e+00 0.000000000000000000e+00 1.000000000000000000e+01 8.191000000000000000e+03 0.000000000000000000e+00
4.000000059604644775e-01 -2.000051259994506836e+00 0.000000000000000000e+00 -9.981187758967280388e-04 -3.105823125224560499e-04 -1.999950885772705078e+00 0.000000000000000000e+00 1.000000000000000000e+01 8.191000000000000000e+03 0.000000000000000000e+00
5.000000000000000000e-01 -2.000030994415283203e+00 0.000000000000000000e+00 -9.980398463085293770e-04 -4.103863029740750790e-04 -1.999950885772705078e+00 0.000000000000000000e+00 1.000000000000000000e+01 8.191000000000000000e+03 0.000000000000000000e+00
6.000000238418579102e-01 -2.000015258789062500e+00 0.000000000000000000e+00 -9.980003815144300461e-04 -5.101863644085824490e-04 -1.999950885772705078e+00 0.000000000000000000e+00 1.000000000000000000e+01 8.191000000000000000e+03 0.000000000000000000e+00
6.999999880790710449e-01 -2.000018596649169922e+00 0.000000000000000000e+00 -9.980981703847646713e-04 -6.099961465224623680e-04 -1.999950885772705078e+00 0.000000000000000000e+00 1.000000000000000000e+01 8.191000000000000000e+03 0.000000000000000000e+00
8.000000119209289551e-01 -2.000000715255737305e+00 0.000000000000000000e+00 -9.979851311072707176e-04 -7.097946945577859879e-04 -1.999950885772705078e+00 0.000000000000000000e+00 1.000000000000000000e+01 8.191000000000000000e+03 0.000000000000000000e+00
9.000000357627868652e-01 -2.000007390975952148e+00 0.000000000000000000e+00 -9.979535825550556183e-04 -8.095900411717593670e-04 -1.999950885772705078e+00 0.000000000000000000e+00 1.000000000000000000e+01 8.191000000000000000e+03 0.000000000000000000e+00
1.000000000000000000e+00 -2.000001907348632812e+00 0.000000000000000000e+00 -9.979249443858861923e-04 -9.093825356103479862e-04 -1.999950885772705078e+00 0.000000000000000000e+00 1.000000000000000000e+01 8.191000000000000000e+03 0.000000000000000000e+00
1.100000023841857910e+00 -2.000025033950805664e+00 0.000000000000000000e+00 -9.980651084333658218e-04 -1.009189058095216751e-03 -1.999950885772705078e+00 0.000000000000000000e+00 1.000000000000000000e+01 8.191000000000000000e+03 0.000000000000000000e+00
1.200000047683715820e+00 -2.000014305114746094e+00 0.000000000000000000e+00 -9.979837341234087944e-04 -1.108987373299896717e-03 -1.999950885772705078e+00 0.000000000000000000e+00 1.000000000000000000e+01 8.191000000000000000e+03 0.000000000000000000e+00
1.300000071525573730e+00 -2.000002861022949219e+00 0.000000000000000000e+00 -9.979280875995755196e-04 -1.208780216984450817e-03 -1.999950885772705078e+00 0.000000000000000000e+00 1.000000000000000000e+01 8.191000000000000000e+03 0.000000000000000000e+00
1.399999976158142090e+00 -1.999999761581420898e+00 0.000000000000000000e+00 -9.978949092328548431e-04 -1.308569684624671936e-03 -1.999950885772705078e+00 0.000000000000000000e+00 1.000000000000000000e+01 8.191000000000000000e+03 0.000000000000000000e+00
1.500000000000000000e+00 -2.000002384185791016e+00 0.000000000000000000e+00 -9.979483438655734062e-04 -1.408364507369697094e-03 -1.999950885772705078e+00 0.000000000000000000e+00 1.000000000000000000e+01 8.191000000000000000e+03 0.000000000000000000e+00
1.600000023841857910e+00 -2.000003337860107422e+00 0.000000000000000000e+00 -9.979679016396403313e-04 -1.508161309175193310e-03 -1.999950885772705078e+00 0.000000000000000000e+00 1.000000000000000000e+01 8.191000000000000000e+03 0.000000000000000000e+00
1.700000047683715820e+00 -1.999995350837707520e+00 0.000000000000000000e+00 -9.978975867852568626e-04 -1.607951126061379910e-03 -1.999950885772705078e+00 0.000000000000000000e+00 1.000000000000000000e+01 8.191000000000000000e+03 0.000000000000000000e+00
1.800000071525573730e+00 -2.000006914138793945e+00 0.000000000000000000e+00 -9.979517199099063873e-04 -1.707746298052370548e-03 -1.999950885772705078e+00 0.000000000000000000e+00 1.000000000000000000e+01 8.191000000000000000e+03 0.000000000000000000e+00
1.899999976158142090e+00 -2.000000000000000000e+00 0.000000000000000000e+00 -9.979034075513482094e-04 -1.807536580599844456e-03 -1.999950885772705078e+00 0.000000000000000000e+00 1.000000000000000000e+01 8.191000000000000000e+03 0.000000000000000000e+00
2.000000000000000000e+00 -2.000010490417480469e+00 0.000000000000000000e+00 -9.979170281440019608e-04 -1.907328260131180286e-03 -1.999950885772705078e+00 0.000000000000000000e+00 1.000000000000000000e+01 8.191000000000000000e+03 0.000000000000000000e+00
2.100000143051147461e+00 -2.000013113021850586e+00 0.000000000000000000e+00 -9.979255264624953270e-04 -2.007120754569768906e-03 -1.999950885772705078e+00 0.000000000000000000e+00 1.000000000000000000e+01 8.191000000000000000e+03 0.000000000000000000e+00
2.200000047683715820e+00 -2.000010967254638672e+00 0.000000000000000000e+00 -9.978739544749259949e-04 -2.106908243149518967e-03 -1.999950885772705078e+00 0.000000000000000000e+00 1.000000000000000000e+01 8.191000000000000000e+03 0.000000000000000000e+00
2.299999952316284180e+00 -2.000012397766113281e+00 0.000000000000000000e+00 -9.979644091799855232e-04 -2.206704812124371529e-03 -1.999950885772705078e+00 0.000000000000000000e+00 1.000000000000000000e+01 8.191000000000000000e+03 0.000000000000000000e+00
2.400000095367431641e+00 -2.000007390975952148e+00 0.000000000000000000e+00 -9.979436872527003288e-04 -2.306499052792787552e-03 -1.999950885772705078e+00 0.000000000000000000e+00 1.000000000000000000e+01 8.191000000000000000e+03 0.000000000000000000e+00
2.500000000000000000e+00 -2.000011682510375977e+00 0.000000000000000000e+00 -9.979415917769074440e-04 -2.406293293461203575e-03 -1.999950885772705078e+00 0.000000000000000000e+00 1.000000000000000000e+01 8.191000000000000000e+03 0.000000000000000000e+00
2.600000143051147461e+00 -2.000000238418579102e+00 0.000000000000000000e+00 -9.979011956602334976e-04 -2.506083343178033829e-03 -1.999950885772705078e+00 0.000000000000000000e+00 1.000000000000000000e+01 8.191000000000000000e+03 0.000000000000000000e+00
2.700000047683715820e+00 -2.000004529953002930e+00 0.000000000000000000e+00 -9.978667367249727249e-04 -2.605870133265852928e-03 -1.999950885772705078e+00 0.000000000000000000e+00 1.000000000000000000e+01 8.191000000000000000e+03 0.000000000000000000e+00
2.799999952316284180e+00 -2.000000953674316406e+00 0.000000000000000000e+00 -9.978901362046599388e-04 -2.705659018829464912e-03 -1.999950885772705078e+00 0.000000000000000000e+00 1.000000000000000000e+01 8.191000000000000000e+03 0.000000000000000000e+00
2.900000095367431641e+00 -2.000001430511474609e+00 0.000000000000000000e+00 -9.978959569707512856e-04 -2.805448602885007858e-03 -1.999950885772705078e+00 0.000000000000000000e+00 1.000000000000000000e+01 8.191000000000000000e+03 0.000000000000000000e+00
3.000000000000000000e+00 -2.000004529953002930e+00 0.000000000000000000e+00 -9.978838497772812843e-04 -2.905237022787332535e-03 -1.999950885772705078e+00 0.000000000000000000e+00 1.000000000000000000e+01 8.191000000000000000e+03 0.000000000000000000e+00
3.100000143051147461e+00 -2.000015020370483398e+00 0.000000000000000000e+00 -9.979073656722903252e-04 -3.005027770996093750e-03 -1.999950885772705078e+00 0.000000000000000000e+00 1.000000000000000000e+01 8.191000000000000000e+03 0.000000000000000000e+00
3.200000047683715820e+00 -2.000006437301635742e+00 0.000000000000000000e+00 -9.979066671803593636e-04 -3.104818519204854965e-03 -1.999950885772705078e+00 0.000000000000000000e+00 1.000000000000000000e+01 8.191000000000000000e+03 0.000000000000000000e+00
3.299999952316284180e+00 -2.000004291534423828e+00 0.000000000000000000e+00 -9.979094611480832100e-04 -3.204609500244259834e-03 -1.999950885772705078e+00 0.000000000000000000e+00 1.000000000000000000e+01 8.191000000000000000e+03 0.000000000000000000e+00
3.400000095367431641e+00 -2.000012397766113281e+00 0.000000000000000000e+00 -9.978984016925096512e-04 -3.304399317130446434e-03 -1.999950885772705078e+00 0.000000000000000000e+00 1.000000000000000000e+01 8.191000000000000000e+03 0.000000000000000000e+00
3.500000000000000000e+00 -2.000015258789062500e+00 0.000000000000000000e+00 -9.978605667129158974e-04 -3.404185175895690918e-03 -1.999950885772705078e+00 0.000000000000000000e+00 1.000000000000000000e+01 8.191000000000000000e+03 0.000000000000000000e+00
3.600000143051147461e+00 -2.000012636184692383e+00 0.000000000000000000e+00 -9.979058522731065750e-04 -3.503975924104452133e-03 -1.999950885772705078e+00 0.000000000000000000e+00 1.000000000000000000e+01 8.191000000000000000e+03 0.000000000000000000e+00
3.700000047683715820e+00 -2.000000238418579102e+00 0.000000000000000000e+00 -9.978854795917868614e-04 -3.603764344006776810e-03 -1.999950885772705078e+00 0.000000000000000000e+00 1.000000000000000000e+01 8.191000000000000000e+03 0.000000000000000000e+00
3.799999952316284180e+00 -2.000020742416381836e+00 0.000000000000000000e+00 -9.979563765227794647e-04 -3.703559981659054756e-03 -1.999950885772705078e+00 0.000000000000000000e+00 1.000000000000000000e+01 8.191000000000000000e+03 0.000000000000000000e+00
3.900000095367431641e+00 -2.000015020370483398e+00 0.000000000000000000e+00 -9.979188907891511917e-04 -3.803351894021034241e-03 -1.999950885772705078e+00 0.000000000000000000e+00 1.000000000000000000e+01 8.191000000000000000e+03 0.000000000000000000e+00
4.000000000000000000e+00 -2.000001668930053711e+00 0.000000000000000000e+00 -9.978838497772812843e-04 -3.903140313923358917e-03 -1.999950885772705078e+00 0.000000000000000000e+00 1.000000000000000000e+01 8.191000000000000000e+03 0.000000000000000000e+00
4.099999904632568359e+00 -2.000004053115844727e+00 0.000000000000000000e+00 -9.978462476283311844e-04 -4.002925008535385132e-03 -1.999950885772705078e+00 0.000000000000000000e+00 1.000000000000000000e+01 8.191000000000000000e+03 0.000000000000000000e+00
4.200000286102294922e+00 -2.000013351440429688e+00 0.000000000000000000e+00 -9.980025934055447578e-04 -4.102725069969892502e-03 -1.999950885772705078e+00 0.000000000000000000e+00 1.000000000000000000e+01 8.191000000000000000e+03 0.000000000000000000e+00
4.300000190734863281e+00 -2.000008583068847656e+00 0.000000000000000000e+00 -9.978796588256955147e-04 -4.202513024210929871e-03 -1.999950885772705078e+00 0.000000000000000000e+00 1.000000000000000000e+01 8.191000000000000000e+03 0.000000000000000000e+00
4.400000095367431641e+00 -2.000020265579223633e+00 0.000000000000000000e+00 -9.979183087125420570e-04 -4.302305169403553009e-03 -1.999950885772705078e+00 0.000000000000000000e+00 1.000000000000000000e+01 8.191000000000000000e+03 0.000000000000000000e+00
4.500000000000000000e+00 -2.000014066696166992e+00 0.000000000000000000e+00 -9.978683665394783020e-04 -4.402091726660728455e-03 -1.999950885772705078e+00 0.000000000000000000e+00 1.000000000000000000e+01 8.191000000000000000e+03 0.000000000000000000e+00
4.599999904632568359e+00 -2.000013113021850586e+00 0.000000000000000000e+00 -9.978573070839047432e-04 -4.501877818256616592e-03 -1.999950885772705078e+00 0.000000000000000000e+00 1.000000000000000000e+01 8.191000000000000000e+03 0.000000000000000000e+00
4.700000286102294922e+00 -2.000002861022949219e+00 0.000000000000000000e+00 -9.978676680475473404e-04 -4.601664375513792038e-03 -1.999950885772705078e+00 0.000000000000000000e+00 1.000000000000000000e+01 8.191000000000000000e+03 0.000000000000000000e+00
4.800000190734863281e+00 -1.999999403953552246e+00 0.000000000000000000e+00 -9.979001479223370552e-04 -4.701454192399978638e-03 -1.999950885772705078e+00 0.000000000000000000e+00 1.000000000000000000e+01 8.191000000000000000e+03 0.000000000000000000e+00
4.900000095367431641e+00 -2.000015735626220703e+00 0.000000000000000000e+00 -9.978117886930704117e-04 -4.801235627382993698e-03 -1.999950885772705078e+00 0.000000000000000000e+00 1.000000000000000000e+01 8.191000000000000000e+03 0.000000000000000000e+00
5.000000000000000000e+00 -2.000016689300537109e+00 0.000000000000000000e+00 -9.979050373658537865e-04 -4.901025909930467606e-03 -1.999950885772705078e+00 0.000000000000000000e+00 1.000000000000000000e+01 8.191000000000000000e+03 0.000000000000000000e+00
5.099999904632568359e+00 -2.000015974044799805e+00 0.000000000000000000e+00 -9.979313472285866737e-04 -5.000818986445665359e-03 -1.999950885772705078e+00 0.000000000000000000e+00 1.000000000000000000e+01 8.191000000000000000e+03 0.000000000000000000e+00
5.200000286102294922e+00 -2.000020742416381836e+00 0.000000000000000000e+00 -9.978492744266986847e-04 -5.100604146718978882e-03 -1.999950885772705078e+00 0.000000000000000000e+00 1.000000000000000000e+01 8.191000000000000000e+03 0.000000000000000000e+00
5.300000190734863281e+00 -2.000006437301635742e+00 0.000000000000000000e+00 -9.978588204830884933e-04 -5.200390238314867020e-03 -1.999950885772705078e+00 0.000000000000000000e+00 1.000000000000000000e+01 8.191000000000000000e+03 0.000000000000000000e+00
5.400000095367431641e+00 -2.000001430511474609e+00 0.000000000000000000e+00 -9.979017777368426323e-04 -5.300180055201053619e-03 -1.999950885772705078e+00 0.000000000000000000e+00 1.000000000000000000e+01 8.191000000000000000e+03 0.000000000000000000e+00
5.500000000000000000e+00 -2.000014543533325195e+00 0.000000000000000000e+00 -9.979661554098129272e-04 -5.399976857006549835e-03 -1.999950885772705078e+00 0.000000000000000000e+00 1.000000000000000000e+01 8.191000000000000000e+03 0.000000000000000000e+00
5.599999904632568359e+00 -2.000011205673217773e+00 0.000000000000000000e+00 -9.978865273296833038e-04 -5.499765276908874512e-03 -1.999950885772705078e+00 0.000000000000000000e+00 1.000000000000000000e+01 8.191000000000000000e+03 0.000000000000000000e+00
5.700000286102294922e+00 -2.000012636184692383e+00 0.000000000000000000e+00 -9.978832677006721497e-04 -5.599553696811199188e-03 -1.999950885772705078e+00 0.000000000000000000e+00 1.000000000000000000e+01 8.191000000000000000e+03 0.000000000000000000e+00
5.800000190734863281e+00 -2.000021934509277344e+00 0.000000000000000000e+00 -9.979001479223370552e-04 -5.699343979358673096e-03 -1.999950885772705078e+00 0.000000000000000000e+00 1.000000000000000000e+01 8.191000000000000000e+03 0.000000000000000000e+00
5.900000095367431641e+00 -2.000018596649169922e+00 0.000000000000000000e+00 -9.979011956602334976e-04 -5.799133796244859695e-03 -1.999950885772705078e+00 0.000000000000000000e+00 1.000000000000000000e+01 8.191000000000000000e+03 0.000000000000000000e+00
6.000000000000000000e+00 -2.000015020370483398e+00 0.000000000000000000e+00 -9.978879243135452271e-04 -5.898922681808471680e-03 -1.999950885772705078e+00 0.000000000000000000e+00 1.000000000000000000e+01 8.191000000000000000e+03 0.000000000000000000e+00
6.099999904632568359e+00 -2.000010967254638672e+00 0.000000000000000000e+00 -9.978669695556163788e-04 -5.998709239065647125e-03 -1.999950885772705078e+00 0.000000000000000000e+00 1.000000000000000000e+01 8.191000000000000000e+03 0.000000000000000000e+00
6.200000286102294922e+00 -1.999997496604919434e+00 0.000000000000000000e+00 -9.978227317333221436e-04 -6.098491605371236801e-03 -1.999950885772705078e+00 0.000000000000000000e+00 1.000000000000000000e+01 8.191000000000000000e+03 0.000000000000000000e+00
6.300000190734863281e+00 -2.000015735626220703e+00 0.000000000000000000e+00 -9.978829184547066689e-04 -6.198280025273561478e-03 -1.999950885772705078e+00 0.000000000000000000e+00 1.000000000000000000e+01 8.191000000000000000e+03 0.000000000000000000e+00
6.400000095367431641e+00 -2.000008821487426758e+00 0.000000000000000000e+00 -9.978305315598845482e-04 -6.298062857240438461e-03 -1.999950885772705078e+00 0.000000000000000000e+00 1.000000000000000000e+01 8.191000000000000000e+03 0.000000000000000000e+00
6.500000000000000000e+00 -2.000017404556274414e+00 0.000000000000000000e+00 -9.978874586522579193e-04 -6.397851742804050446e-03 -1.999950885772705078e+00 0.000000000000000000e+00 1.000000000000000000e+01 8.191000000000000000e+03 0.000000000000000000e+00
6.599999904632568359e+00 -2.000010013580322266e+00 0.000000000000000000e+00 -9.978414746001362801e-04 -6.497635971754789352e-03 -1.999950885772705078e+00 0.000000000000000000e+00 1.000000000000000000e+01 8.191000000000000000e+03 0.000000000000000000e+00
6.700000286102294922e+00 -2.000012159347534180e+00 0.000000000000000000e+00 -9.978943271562457085e-04 -6.597425322979688644e-03 -1.999950885772705078e+00 0.000000000000000000e+00 1.000000000000000000e+01 8.191000000000000000e+03 0.000000000000000000e+00
6.800000190734863281e+00 -2.000005006790161133e+00 0.000000000000000000e+00 -9.978569578379392624e-04 -6.697210948914289474e-03 -1.999950885772705078e+00 0.000000000000000000e+00 1.000000000000000000e+01 8.191000000000000000e+03 0.000000000000000000e+00
6.900000095367431641e+00 -2.000014305114746094e+00 0.000000000000000000e+00 -9.978659218177199364e-04 -6.796997506171464920e-03 -1.999950885772705078e+00 0.000000000000000000e+00 1.000000000000000000e+01 8.191000000000000000e+03 0.000000000000000000e+00
7.000000000000000000e+00 -2.000013113021850586e+00 0.000000000000000000e+00 -9.979343740269541740e-04 -6.896791048347949982e-03 -1.999950885772705078e+00 0.000000000000000000e+00 1.000000000000000000e+01 8.191000000000000000e+03 0.000000000000000000e+00
7.099999904632568359e+00 -2.000014305114746094e+00 0.000000000000000000e+00 -9.978907182812690735e-04 -6.996580399572849274e-03 -1.999950885772705078e+00 0.000000000000000000e+00 1.000000000000000000e+01 8.191000000000000000e+03 0.000000000000000000e+00
7.200000286102294922e+00 -2.000010728836059570e+00 0.000000000000000000e+00 -9.979185415431857109e-04 -7.096372079104185104e-03 -1.999950885772705078e+00 0.000000000000000000e+00 1.000000000000000000e+01 8.191000000000000000e+03 0.000000000000000000e+00
7.300000190734863281e+00 -2.000020742416381836e+00 0.000000000000000000e+00 -9.978753514587879181e-04 -7.196159567683935165e-03 -1.999950885772705078e+00 0.000000000000000000e+00 1.000000000000000000e+01 8.191000000000000000e+03 0.000000000000000000e+00
7.400000095367431641e+00 -2.000010251998901367e+00 0.000000000000000000e+00 -9.978788439184427261e-04 -7.295947521924972534e-03 -1.999950885772705078e+00 0.000000000000000000e+00 1.000000000000000000e+01 8.191000000000000000e+03 0.000000000000000000e+00
7.500000000000000000e+00 -2.000015735626220703e+00 0.000000000000000000e+00 -9.979166788980364799e-04 -7.395739201456308365e-03 -1.999950885772705078e+00 0.000000000000000000e+00 1.000000000000000000e+01 8.191000000000000000e+03 0.000000000000000000e+00
7.599999904632568359e+00 -2.000010251998901367e+00 0.000000000000000000e+00 -9.978673188015818596e-04 -7.495525758713483810e-03 -1.999950885772705078e+00 0.000000000000000000e+00 1.000000000000000000e+01 8.191000000000000000e+03 0.000000000000000000e+00
7.700000286102294922e+00 -2.000014305114746094e+00 0.000000000000000000e+00 -9.978857124224305153e-04 -7.595314644277095795e-03 -1.999950885772705078e+00 0.000000000000000000e+00 1.000000000000000000e+01 8.191000000000000000e+03 0.000000000000000000e+00
7.800000190734863281e+00 -2.000020265579223633e+00 0.000000000000000000e+00 -9.979001479223370552e-04 -7.695104461163282394e-03 -1.999950885772705078e+00 0.000000000000000000e+00 1.000000000000000000e+01 8.191000000000000000e+03 0.000000000000000000e+00
7.900000095367431641e+00 -2.000015974044799805e+00 0.000000000000000000e+00 -9.979017777368426323e-04 -7.794894743710756302e-03 -1.999950885772705078e+00 0.000000000000000000e+00 1.000000000000000000e+01 8.191000000000000000e+03 0.000000000000000000e+00
8.000000000000000000e+00 -2.000012159347534180e+00 0.000000000000000000e+00 -9.979122551158070564e-04 -7.894685491919517517e-03 -1.999950885772705078e+00 0.000000000000000000e+00 1.000000000000000000e+01 8.191000000000000000e+03 0.000000000000000000e+00
8.100000381469726562e+00 -2.000014305114746094e+00 0.000000000000000000e+00 -9.979249443858861923e-04 -7.994478568434715271e-03 -1.999950885772705078e+00 0.000000000000000000e+00 1.000000000000000000e+01 8.191000000000000000e+03 0.000000000000000000e+00
8.199999809265136719e+00 -2.000011682510375977e+00 0.000000000000000000e+00 -9.979223832488059998e-04 -8.094270713627338409e-03 -1.999950885772705078e+00 0.000000000000000000e+00 1.000000000000000000e+01 8.191000000000000000e+03 0.000000000000000000e+00
8.300000190734863281e+00 -2.000014066696166992e+00 0.000000000000000000e+00 -9.979160968214273453e-04 -8.194061927497386932e-03 -1.999950885772705078e+00 0.000000000000000000e+00 1.000000000000000000e+01 8.191000000000000000e+03 0.000000000000000000e+00
8.400000572204589844e+00 -2.000008583068847656e+00 0.000000000000000000e+00 -9.978893212974071503e-04 -8.293851278722286224e-03 -1.999950885772705078e+00 0.000000000000000000e+00 1.000000000000000000e+01 8.191000000000000000e+03 0.000000000000000000e+00
8.500000000000000000e+00 -2.000010013580322266e+00 0.000000000000000000e+00 -9.978685993701219559e-04 -8.393637835979461670e-03 -1.999950885772705078e+00 0.000000000000000000e+00 1.000000000000000000e+01 8.191000000000000000e+03 0.000000000000000000e+00
8.600000381469726562e+00 -2.000014066696166992e+00 0.000000000000000000e+00 -9.979050373658537865e-04 -8.493428118526935577e-03 -1.999950885772705078e+00 0.000000000000000000e+00 1.000000000000000000e+01 8.191000000000000000e+03 0.000000000000000000e+00
8.699999809265136719e+00 -2.000017642974853516e+00 0.000000000000000000e+00 -9.979315800592303276e-04 -8.593222126364707947e-03 -1.999950885772705078e+00 0.000000000000000000e+00 1.000000000000000000e+01 8.191000000000000000e+03 0.000000000000000000e+00
8.800000190734863281e+00 -2.000013113021850586e+00 0.000000000000000000e+00 -9.979857131838798523e-04 -8.693019859492778778e-03 -1.999950885772705078e+00 0.000000000000000000e+00 1.000000000000000000e+01 8.191000000000000000e+03 0.000000000000000000e+00
8.900000572204589844e+00 -1.999998450279235840e+00 0.000000000000000000e+00 -9.978647576645016670e-04 -8.792806416749954224e-03 -1.999950885772705078e+00 0.000000000000000000e+00 1.000000000000000000e+01 8.191000000000000000e+03 0.000000000000000000e+00
9.000000000000000000e+00 -2.000017881393432617e+00 0.000000000000000000e+00 -9.979497408494353294e-04 -8.892601355910301208e-03 -1.999950885772705078e+00 0.000000000000000000e+00 1.000000000000000000e+01 8.191000000000000000e+03 0.000000000000000000e+00
9.100000381469726562e+00 -2.000024318695068359e+00 0.000000000000000000e+00 -9.978956077247858047e-04 -8.992391638457775116e-03 -1.999950885772705078e+00 0.000000000000000000e+00 1.000000000000000000e+01 8.191000000000000000e+03 0.000000000000000000e+00
9.199999809265136719e+00 -1.999996662139892578e+00 0.000000000000000000e+00 -9.978987509384751320e-04 -9.092180989682674408e-03 -1.999950885772705078e+00 0.000000000000000000e+00 1.000000000000000000e+01 8.191000000000000000e+03 0.000000000000000000e+00
9.300000190734863281e+00 -2.000013351440429688e+00 0.000000000000000000e+00 -9.979100432246923447e-04 -9.191972203552722931e-03 -1.999950885772705078e+00 0.000000000000000000e+00 1.000000000000000000e+01 8.191000000000000000e+03 0.000000000000000000e+00
9.400000572204589844e+00 -2.000017642974853516e+00 0.000000000000000000e+00 -9.978541638702154160e-04 -9.291757829487323761e-03 -1.999950885772705078e+00 0.000000000000000000e+00 1.000000000000000000e+01 8.191000000000000000e+03 0.000000000000000000e+00
9.500000000000000000e+00 -2.000014543533325195e+00 0.000000000000000000e+00 -9.978865273296833038e-04 -9.391546249389648438e-03 -1.999950885772705078e+00 0.000000000000000000e+00 1.000000000000000000e+01 8.191000000000000000e+03 0.000000000000000000e+00
9.600000381469726562e+00 -2.000013589859008789e+00 0.000000000000000000e+00 -9.978727903217077255e-04 -9.491333737969398499e-03 -1.999950885772705078e+00 0.000000000000000000e+00 1.000000000000000000e+01 8.191000000000000000e+03 0.000000000000000000e+00
9.699999809265136719e+00 -2.000003576278686523e+00 0.000000000000000000e+00 -9.978211019188165665e-04 -9.591115638613700867e-03 -1.999950885772705078e+00 0.000000000000000000e+00 1.000000000000000000e+01 8.191000000000000000e+03 0.000000000000000000e+00
9.800000190734863281e+00 -2.000007629394531250e+00 0.000000000000000000e+00 -9.978645248338580132e-04 -9.690902195870876312e-03 -1.999950885772705078e+00 0.000000000000000000e+00 1.000000000000000000e+01 8.191000000000000000e+03 0.000000000000000000e+00
9.900000572204589844e+00 -2.000020742416381836e+00 0.000000000000000000e+00 -9.979003807529807091e-04 -9.790692478418350220e-03 -1.999950885772705078e+00 0.000000000000000000e+00 1.000000000000000000e+01 8.191000000000000000e+03 0.000000000000000000e+00
1.000000000000000000e+01 -2.000012397766113281e+00 0.000000000000000000e+00 -9.979265742003917694e-04 -9.890484623610973358e-03 -1.999950885772705078e+00 0.000000000000000000e+00 1.000000000000000000e+01 8.191000000000000000e+03 0.000000000000000000e+00
1.010000038146972656e+01 -2.000001192092895508e+00 0.000000000000000000e+00 -9.978716261684894562e-04 -9.990272112190723419e-03 -1.999950885772705078e+00 0.000000000000000000e+00 1.000000000000000000e+01 8.191000000000000000e+03 0.000000000000000000e+00
1.019999980926513672e+01 -2.000016689300537109e+00 0.000000000000000000e+00 -9.978940943256020546e-04 -1.009006146341562271e-02 -1.999950885772705078e+00 0.000000000000000000e+00 1.000000000000000000e+01 8.191000000000000000e+03 0.000000000000000000e+00
1.030000019073486328e+01 -2.000004529953002930e+00 0.000000000000000000e+00 -9.979021269828081131e-04 -1.018985174596309662e-02 -1.999950885772705078e+00 0.000000000000000000e+00 1.000000000000000000e+01 8.191000000000000000e+03 0.000000000000000000e+00
1.040000057220458984e+01 -2.000006198883056641e+00 0.000000000000000000e+00 -9.979500900954008102e-04 -1.028964668512344360e-02 -1.999950885772705078e+00 0.000000000000000000e+00 1.000000000000000000e+01 8.191000000000000000e+03 0.000000000000000000e+00
1.050000000000000000e+01 -2.000005960464477539e+00 0.000000000000000000e+00 -9.979034075513482094e-04 -1.038943696767091751e-02 -1.999950885772705078e+00 0.000000000000000000e+00 1.000000000000000000e+01 8.191000000000000000e+03 0.000000000000000000e+00
1.060000038146972656e+01 -2.000000238418579102e+00 0.000000000000000000e+00 -9.979241294786334038e-04 -1.048922911286354065e-02 -1.999950885772705078e+00 0.000000000000000000e+00 1.000000000000000000e+01 8.191000000000000000e+03 0.000000000000000000e+00
1.069999980926513672e+01 -2.000006914138793945e+00 0.000000000000000000e+00 -9.978882735595107079e-04 -1.058901846408843994e-02 -1.999950885772705078e+00 0.000000000000000000e+00 1.000000000000000000e+01 8.191000000000000000e+03 0.000000000000000000e+00
1.080000019073486328e+01 -2.000022172927856445e+00 0.000000000000000000e+00 -9.979482274502515793e-04 -1.068881340324878693e-02 -1.999950885772705078e+00 0.000000000000000000e+00 1.000000000000000000e+01 8.191000000000000000e+03 0.000000000000000000e+00
1.090000057220458984e+01 -1.999996900558471680e+00 0.000000000000000000e+00 -9.979275055229663849e-04 -1.078860554844141006e-02 -1.999950885772705078e+00 0.000000000000000000e+00 1.000000000000000000e+01 8.191000000000000000e+03 0.000000000000000000e+00
1.100000000000000000e+01 -2.000003337860107422e+00 0.000000000000000000e+00 -9.979280875995755196e-04 -1.088839862495660782e-02 -1.999950885772705078e+00 0.000000000000000000e+00 1.000000000000000000e+01 8.191000000000000000e+03 0.000000000000000000e+00
1.110000038146972656e+01 -2.000016450881958008e+00 0.000000000000000000e+00 -9.979603346437215805e-04 -1.098819449543952942e-02 -1.999950885772705078e+00 0.000000000000000000e+00 1.000000000000000000e+01 8.191000000000000000e+03 0.000000000000000000e+00
1.119999980926513672e+01 -2.000006914138793945e+00 0.000000000000000000e+00 -9.979454334825277328e-04 -1.108798943459987640e-02 -1.999950885772705078e+00 0.000000000000000000e+00 1.000000000000000000e+01 8.191000000000000000e+03 0.000000000000000000e+00
1.130000019073486328e+01 -1.999995946884155273e+00 0.000000000000000000e+00 -9.978709276765584946e-04 -1.118777599185705185e-02 -1.999950885772705078e+00 0.000000000000000000e+00 1.000000000000000000e+01 8.191000000000000000e+03 0.000000000000000000e+00
1.140000057220458984e+01 -2.000007867813110352e+00 0.000000000000000000e+00 -9.979294845834374428e-04 -1.128756906837224960e-02 -1.999950885772705078e+00 0.000000000000000000e+00 1.000000000000000000e+01 8.191000000000000000e+03 0.000000000000000000e+00
1.150000000000000000e+01 -2.000021696090698242e+00 0.000000000000000000e+00 -9.979128371924161911e-04 -1.138736028224229813e-02 -1.999950885772705078e+00 0.000000000000000000e+00 1.000000000000000000e+01 8.191000000000000000e+03 0.000000000000000000e+00
1.160000038146972656e+01 -2.000015258789062500e+00 0.000000000000000000e+00 -9.978852467611432076e-04 -1.148714870214462280e-02 -1.999950885772705078e+00 0.000000000000000000e+00 1.000000000000000000e+01 8.191000000000000000e+03 0.000000000000000000e+00
1.169999980926513672e+01 -2.000017642974853516e+00 0.000000000000000000e+00 -9.979511378332972527e-04 -1.158694364130496979e-02 -1.999950885772705078e+00 0.000000000000000000e+00 1.000000000000000000e+01 8.191000000000000000e+03 0.000000000000000000e+00
1.180000019073486328e+01 -2.000016450881958008e+00 0.000000000000000000e+00 -9.979708120226860046e-04 -1.168674137443304062e-02 -1.999950885772705078e+00 0.000000000000000000e+00 1.000000000000000000e+01 8.191000000000000000e+03 0.000000000000000000e+00
1.190000057220458984e+01 -2.000014305114746094e+00 0.000000000000000000e+00 -9.978950256481766701e-04 -1.178653072565793991e-02 -1.999950885772705078e+00 0.000000000000000000e+00 1.000000000000000000e+01 8.191000000000000000e+03 0.000000000000000000e+00
1.200000000000000000e+01 -2.000018835067749023e+00 0.000000000000000000e+00 -9.979541646316647530e-04 -1.188632566481828690e-02 -1.999950885772705078e+00 0.000000000000000000e+00 1.000000000000000000e+01 8.191000000000000000e+03 0.000000000000000000e+00
1.210000038146972656e+01 -2.000004529953002930e+00 0.000000000000000000e+00 -9.978865273296833038e-04 -1.198611501604318619e-02 -1.999950885772705078e+00 0.000000000000000000e+00 1.000000000000000000e+01 8.191000000000000000e+03 0.000000000000000000e+00
1.219999980926513672e+01 -2.000012874603271484e+00 0.000000000000000000e+00 -9.979677852243185043e-04 -1.208591181784868240e-02 -1.999950885772705078e+00 0.000000000000000000e+00 1.000000000000000000e+01 8.191000000000000000e+03 0.000000000000000000e+00
1.230000019073486328e+01 -2.000021219253540039e+00 0.000000000000000000e+00 -9.979152819141745567e-04 -1.218570303171873093e-02 -1.999950885772705078e+00 0.000000000000000000e+00 1.000000000000000000e+01 8.191000000000000000e+03 0.000000000000000000e+00
1.240000057220458984e+01 -2.000005483627319336e+00 0.000000000000000000e+00 -9.979555616155266762e-04 -1.228549890220165253e-02 -1.999950885772705078e+00 0.000000000000000000e+00 1.000000000000000000e+01 8.191000000000000000e+03 0.000000000000000000e+00
1.250000000000000000e+01 -2.000014781951904297e+00 0.000000000000000000e+00 -9.979058522731065750e-04 -1.238528918474912643e-02 -1.999950885772705078e+00 0.000000000000000000e+00 1.000000000000000000e+01 8.191000000000000000e+03 0.000000000000000000e+00
1.260000038146972656e+01 -2.000021457672119141e+00 0.000000000000000000e+00 -9.979048045352101326e-04 -1.248507946729660034e-02 -1.999950885772705078e+00 0.000000000000000000e+00 1.000000000000000000e+01 8.191000000000000000e+03 0.000000000000000000e+00
1.269999980926513672e+01 -2.000004529953002930e+00 0.000000000000000000e+00 -9.978761663660407066e-04 -1.258486695587635040e-02 -1.999950885772705078e+00 0.000000000000000000e+00 1.000000000000000000e+01 8.191000000000000000e+03 0.000000000000000000e+00
1.280000019073486328e+01 -1.999998688697814941e+00 0.000000000000000000e+00 -9.978588204830884933e-04 -1.268465351313352585e-02 -1.999950885772705078e+00 0.000000000000000000e+00 1.000000000000000000e+01 8.191000000000000000e+03 0.000000000000000000e+00
1.290000057220458984e+01 -2.000026226043701172e+00 0.000000000000000000e+00 -9.979021269828081131e-04 -1.278444379568099976e-02 -1.999950885772705078e+00 0.000000000000000000e+00 1.000000000000000000e+01 8.191000000000000000e+03 0.000000000000000000e+00
1.300000000000000000e+01 -2.000006675720214844e+00 0.000000000000000000e+00 -9.978699963539838791e-04 -1.288423035293817520e-02 -1.999950885772705078e+00 0.000000000000000000e+00 1.000000000000000000e+01 8.191000000000000000e+03 0.000000000000000000e+00
1.310000038146972656e+01 -2.000008821487426758e+00 0.000000000000000000e+00 -9.979222668334841728e-04 -1.298402249813079834e-02 -1.999950885772705078e+00 0.000000000000000000e+00 1.000000000000000000e+01 8.191000000000000000e+03 0.000000000000000000e+00
1.319999980926513672e+01 -2.000005245208740234e+00 0.000000000000000000e+00 -9.979343740269541740e-04 -1.308381650596857071e-02 -1.999950885772705078e+00 0.000000000000000000e+00 1.000000000000000000e+01 8.191000000000000000e+03 0.000000000000000000e+00
1.330000019073486328e+01 -2.000008344650268555e+00 0.000000000000000000e+00 -9.978696471080183983e-04 -1.318360306322574615e-02 -1.999950885772705078e+00 0.000000000000000000e+00 1.000000000000000000e+01 8.191000000000000000e+03 0.000000000000000000e+00
1.340000057220458984e+01 -2.000011920928955078e+00 0.000000000000000000e+00 -9.978730231523513794e-04 -1.328339055180549622e-02 -1.999950885772705078e+00 0.000000000000000000e+00 1.000000000000000000e+01 8.191000000000000000e+03 0.000000000000000000e+00
1.350000000000000000e+01 -2.000023365020751953e+00 0.000000000000000000e+00 -9.979015449061989784e-04 -1.338318083435297012e-02 -1.999950885772705078e+00 0.000000000000000000e+00 1.000000000000000000e+01 8.191000000000000000e+03 0.000000000000000000e+00
1.360000038146972656e+01 -2.000012159347534180e+00 0.000000000000000000e+00 -9.979420574381947517e-04 -1.348297484219074249e-02 -1.999950885772705078e+00 0.000000000000000000e+00 1.000000000000000000e+01 8.191000000000000000e+03 0.000000000000000000e+00
1.369999980926513672e+01 -2.000007867813110352e+00 0.000000000000000000e+00 -9.978716261684894562e-04 -1.358276139944791794e-02 -1.999950885772705078e+00 0.000000000000000000e+00 1.000000000000000000e+01 8.191000000000000000e+03 0.000000000000000000e+00
1.380000019073486328e+01 -2.000012159347534180e+00 0.000000000000000000e+00 -9.978599846363067627e-04 -1.368254795670509338e-02 -1.999950885772705078e+00 0.000000000000000000e+00 1.000000000000000000e+01 8.191000000000000000e+03 0.000000000000000000e+00
1.390000057220458984e+01 -2.000019550323486328e+00 0.000000000000000000e+00 -9.978804737329483032e-04 -1.378233544528484344e-02 -1.999950885772705078e+00 0.000000000000000000e+00 1.000000000000000000e+01 8.191000000000000000e+03 0.000000000000000000e+00
1.400000000000000000e+01 -2.000018119812011719e+00 0.000000000000000000e+00 -9.978703455999493599e-04 -1.388212293386459351e-02 -1.999950885772705078e+00 0.000000000000000000e+00 1.000000000000000000e+01 8.191000000000000000e+03 0.000000000000000000e+00
1.410000038146972656e+01 -2.000016450881958008e+00 0.000000000000000000e+00 -9.978950256481766701e-04 -1.398191228508949280e-02 -1.999950885772705078e+00 0.000000000000000000e+00 1.000000000000000000e+01 8.191000000000000000e+03 0.000000000000000000e+00
1.419999980926513672e+01 -2.000014305114746094e+00 0.000000000000000000e+00 -9.979171445593237877e-04 -1.408170443028211594e-02 -1.999950885772705078e+00 0.000000000000000000e+00 1.000000000000000000e+01 8.191000000000000000e+03 0.000000000000000000e+00
1.430000019073486328e+01 -2.000004053115844727e+00 0.000000000000000000e+00 -9.978647576645016670e-04 -1.418149098753929138e-02 -1.999950885772705078e+00 0.000000000000000000e+00 1.000000000000000000e+01 8.191000000000000000e+03 0.000000000000000000e+00
1.440000057220458984e+01 -2.000013589859008789e+00 0.000000000000000000e+00 -9.979086462408304214e-04 -1.428128127008676529e-02 -1.999950885772705078e+00 0.000000000000000000e+00 1.000000000000000000e+01 8.191000000000000000e+03 0.000000000000000000e+00
1.450000000000000000e+01 -2.000020503997802734e+00 0.000000000000000000e+00 -9.979348396882414818e-04 -1.438107527792453766e-02 -1.999950885772705078e+00 0.000000000000000000e+00 1.000000000000000000e+01 8.191000000000000000e+03 0.000000000000000000e+00
1.460000038146972656e+01 -2.000015258789062500e+00 0.000000000000000000e+00 -9.978730231523513794e-04 -1.448086183518171310e-02 -1.999950885772705078e+00 0.000000000000000000e+00 1.000000000000000000e+01 8.191000000000000000e+03 0.000000000000000000e+00
1.469999980926513672e+01 -2.000007390975952148e+00 0.000000000000000000e+00 -9.979313472285866737e-04 -1.458065584301948547e-02 -1.999950885772705078e+00 0.000000000000000000e+00 1.000000000000000000e+01 8.191000000000000000e+03 0.000000000000000000e+00
1.480000019073486328e+01 -2.000015258789062500e+00 0.000000000000000000e+00 -9.978954913094639778e-04 -1.468044519424438477e-02 -1.999950885772705078e+00 0.000000000000000000e+00 1.000000000000000000e+01 8.191000000000000000e+03 0.000000000000000000e+00
1.490000057220458984e+01 -2.000007867813110352e+00 0.000000000000000000e+00 -9.978160960599780083e-04 -1.478022616356611252e-02 -1.999950885772705078e+00 0.000000000000000000e+00 1.000000000000000000e+01 8.191000000000000000e+03 0.000000000000000000e+00
1.500000000000000000e+01 -2.000007867813110352e+00 0.000000000000000000e+00 -9.978386806324124336e-04 -1.488001085817813873e-02 -1.999950885772705078e+00 0.000000000000000000e+00 1.000000000000000000e+01 8.191000000000000000e+03 0.000000000000000000e+00
1.510000038146972656e+01 -2.000011682510375977e+00 0.000000000000000000e+00 -9.978045709431171417e-04 -1.497979089617729187e-02 -1.999950885772705078e+00 0.000000000000000000e+00 1.000000000000000000e+01 8.191000000000000000e+03 0.000000000000000000e+00
1.519999980926513672e+01 -2.000011682510375977e+00 0.000000000000000000e+00 -9.978293674066662788e-04 -1.507957372814416885e-02 -1.999950885772705078e+00 0.000000000000000000e+00 1.000000000000000000e+01 8.191000000000000000e+03 0.000000000000000000e+00
1.530000019073486328e+01 -2.000014305114746094e+00 0.000000000000000000e+00 -9.979028254747390747e-04 -1.517936401069164276e-02 -1.999950885772705078e+00 0.000000000000000000e+00 1.000000000000000000e+01 8.191000000000000000e+03 0.000000000000000000e+00
1.540000057220458984e+01 -2.000010251998901367e+00 0.000000000000000000e+00 -9.978627786040306091e-04 -1.527915056794881821e-02 -1.999950885772705078e+00 0.000000000000000000e+00 1.000000000000000000e+01 8.191000000000000000e+03 0.000000000000000000e+00
1.550000000000000000e+01 -2.000020265579223633e+00 0.000000000000000000e+00 -9.978790767490863800e-04 -1.537893805652856827e-02 -1.999950885772705078e+00 0.000000000000000000e+00 1.000000000000000000e+01 8.191000000000000000e+03 0.000000000000000000e+00
1.560000038146972656e+01 -1.999997496604919434e+00 0.000000000000000000e+00 -9.978689486160874367e-04 -1.547872554510831833e-02 -1.999950885772705078e+00 0.000000000000000000e+00 1.000000000000000000e+01 8.191000000000000000e+03 0.000000000000000000e+00
1.569999980926513672e+01 -2.000012159347534180e+00 0.000000000000000000e+00 -9.979130700230598450e-04 -1.557851675897836685e-02 -1.999950885772705078e+00 0.000000000000000000e+00 1.000000000000000000e+01 8.191000000000000000e+03 0.000000000000000000e+00
1.580000019073486328e+01 -2.000012636184692383e+00 0.000000000000000000e+00 -9.979491587728261948e-04 -1.567831076681613922e-02 -1.999950885772705078e+00 0.000000000000000000e+00 1.000000000000000000e+01 8.191000000000000000e+03 0.000000000000000000e+00
1.590000057220458984e+01 -2.000010490417480469e+00 0.000000000000000000e+00 -9.978574234992265701e-04 -1.577809639275074005e-02 -1.999950885772705078e+00 0.000000000000000000e+00 1.000000000000000000e+01 8.191000000000000000e+03 0.000000000000000000e+00
1.600000000000000000e+01 -2.000019073486328125e+00 0.000000000000000000e+00 -9.979287860915064812e-04 -1.587788946926593781e-02 -1.999950885772705078e+00 0.000000000000000000e+00 1.000000000000000000e+01 8.191000000000000000e+03 0.000000000000000000e+00
1.610000038146972656e+01 -2.000009536743164062e+00 0.000000000000000000e+00 -9.979371679946780205e-04 -1.597768440842628479e-02 -1.999950885772705078e+00 0.000000000000000000e+00 1.000000000000000000e+01 8.191000000000000000e+03 0.000000000000000000e+00
1.620000076293945312e+01 -2.000007629394531250e+00 0.000000000000000000e+00 -9.978887392207980156e-04 -1.607747189700603485e-02 -1.999950885772705078e+00 0.000000000000000000e+00 1.000000000000000000e+01 8.191000000000000000e+03 0.000000000000000000e+00
1.630000114440917969e+01 -2.000021457672119141e+00 0.000000000000000000e+00 -9.979845490306615829e-04 -1.617727056145668030e-02 -1.999950885772705078e+00 0.000000000000000000e+00 1.000000000000000000e+01 8.191000000000000000e+03 0.000000000000000000e+00
1.639999961853027344e+01 -2.000018596649169922e+00 0.000000000000000000e+00 -9.978520683944225311e-04 -1.627705618739128113e-02 -1.999950885772705078e+00 0.000000000000000000e+00 1.000000000000000000e+01 8.191000000000000000e+03 0.000000000000000000e+00
1.650000000000000000e+01 -2.000015020370483398e+00 0.000000000000000000e+00 -9.978611487895250320e-04 -1.637684181332588196e-02 -1.999950885772705078e+00 0.000000000000000000e+00 1.000000000000000000e+01 8.191000000000000000e+03 0.000000000000000000e+00
1.660000038146972656e+01 -2.000018596649169922e+00 0.000000000000000000e+00 -9.979073656722903252e-04 -1.647663302719593048e-02 -1.999950885772705078e+00 0.000000000000000000e+00 1.000000000000000000e+01 8.191000000000000000e+03 0.000000000000000000e+00
1.670000076293945312e+01 -2.000016927719116211e+00 0.000000000000000000e+00 -9.978431044146418571e-04 -1.657641679048538208e-02 -1.999950885772705078e+00 0.000000000000000000e+00 1.000000000000000000e+01 8.191000000000000000e+03 0.000000000000000000e+00
1.680000114440917969e+01 -2.000015258789062500e+00 0.000000000000000000e+00 -9.978921152651309967e-04 -1.667620614171028137e-02 -1.999950885772705078e+00 0.000000000000000000e+00 1.000000000000000000e+01 8.191000000000000000e+03 0.000000000000000000e+00
1.689999961853027344e+01 -2.000018358230590820e+00 0.000000000000000000e+00 -9.978804737329483032e-04 -1.677599549293518066e-02 -1.999950885772705078e+00 0.000000000000000000e+00 1.000000000000000000e+01 8.191000000000000000e+03 0.000000000000000000e+00
1.700000000000000000e+01 -2.000014305114746094e+00 0.000000000000000000e+00 -9.978659218177199364e-04 -1.687578111886978149e-02 -1.999950885772705078e+00 0.000000000000000000e+00 1.000000000000000000e+01 8.191000000000000000e+03 0.000000000000000000e+00
1.710000038146972656e+01 -2.000015258789062500e+00 0.000000000000000000e+00 -9.978989837691187859e-04 -1.697557047009468079e-02 -1.999950885772705078e+00 0.000000000000000000e+00 1.000000000000000000e+01 8.191000000000000000e+03 0.000000000000000000e+00
1.720000076293945312e+01 -2.000012397766113281e+00 0.000000000000000000e+00 -9.978588204830884933e-04 -1.707535795867443085e-02 -1.999950885772705078e+00 0.000000000000000000e+00 1.000000000000000000e+01 8.191000000000000000e+03 0.000000000000000000e+00
1.730000114440917969e+01 -2.000012874603271484e+00 0.000000000000000000e+00 -9.978400776162743568e-04 -1.717514172196388245e-02 -1.999950885772705078e+00 0.000000000000000000e+00 1.000000000000000000e+01 8.191000000000000000e+03 0.000000000000000000e+00
1.739999961853027344e+01 -2.000005960464477539e+00 0.000000000000000000e+00 -9.978450834751129150e-04 -1.727492548525333405e-02 -1.999950885772705078e+00 0.000000000000000000e+00 1.000000000000000000e+01 8.191000000000000000e+03 0.000000000000000000e+00
1.750000000000000000e+01 -2.000008106231689453e+00 0.000000000000000000e+00 -9.978215675801038742e-04 -1.737470738589763641e-02 -1.999950885772705078e+00 0.000000000000000000e+00 1.000000000000000000e+01 8.191000000000000000e+03 0.000000000000000000e+00
1.760000038146972656e+01 -2.000021457672119141e+00 0.000000000000000000e+00 -9.977959562093019485e-04 -1.747448742389678955e-02 -1.999950885772705078e+00 0.000000000000000000e+00 1.000000000000000000e+01 8.191000000000000000e+03 0.000000000000000000e+00
1.770000076293945312e+01 -2.000013351440429688e+00 0.000000000000000000e+00 -9.978619636967778206e-04 -1.757427304983139038e-02 -1.999950885772705078e+00 0.000000000000000000e+00 1.000000000000000000e+01 8.191000000000000000e+03 0.000000000000000000e+00
1.780000114440917969e+01 -2.000008344650268555e+00 0.000000000000000000e+00 -9.978539310395717621e-04 -1.767405867576599121e-02 -1.999950885772705078e+00 0.000000000000000000e+00 1.000000000000000000e+01 8.191000000000000000e+03 0.000000000000000000e+00
1.789999961853027344e+01 -2.000011444091796875e+00 0.000000000000000000e+00 -9.978826856240630150e-04 -1.777384802699089050e-02 -1.999950885772705078e+00 0.000000000000000000e+00 1.000000000000000000e+01 8.191000000000000000e+03 0.000000000000000000e+00
1.800000000000000000e+01 -2.000010490417480469e+00 0.000000000000000000e+00 -9.978472953662276268e-04 -1.787363179028034210e-02 -1.999950885772705078e+00 0.000000000000000000e+00 1.000000000000000000e+01 8.191000000000000000e+03 0.000000000000000000e+00
1.810000038146972656e+01 -2.000006675720214844e+00 0.000000000000000000e+00 -9.979599853977560997e-04 -1.797342859208583832e-02 -1.999950885772705078e+00 0.000000000000000000e+00 1.000000000000000000e+01 8.191000000000000000e+03 0.000000000000000000e+00
1.820000076293945312e+01 -2.000005722045898438e+00 0.000000000000000000e+00 -9.978989837691187859e-04 -1.807321794331073761e-02 -1.999950885772705078e+00 0.000000000000000000e+00 1.000000000000000000e+01 8.191000000000000000e+03 0.000000000000000000e+00
1.830000114440917969e+01 -2.000006675720214844e+00 0.000000000000000000e+00 -9.978428715839982033e-04 -1.817300170660018921e-02 -1.999950885772705078e+00 0.000000000000000000e+00 1.000000000000000000e+01 8.191000000000000000e+03 0.000000000000000000e+00
1.839999961853027344e+01 -2.000001192092895508e+00 0.000000000000000000e+00 -9.978633606806397438e-04 -1.827278919517993927e-02 -1.999950885772705078e+00 0.000000000000000000e+00 1.000000000000000000e+01 8.191000000000000000e+03 0.000000000000000000e+00
1.850000000000000000e+01 -2.000021934509277344e+00 0.000000000000000000e+00 -9.979669703170657158e-04 -1.837258599698543549e-02 -1.999950885772705078e+00 0.000000000000000000e+00 1.000000000000000000e+01 8.191000000000000000e+03 0.000000000000000000e+00
1.860000038146972656e+01 -2.000012874603271484e+00 0.000000000000000000e+00 -9.978876914829015732e-04 -1.847237348556518555e-02 -1.999950885772705078e+00 0.000000000000000000e+00 1.000000000000000000e+01 8.191000000000000000e+03 0.000000000000000000e+00
1.870000076293945312e+01 -1.999997854232788086e+00 0.000000000000000000e+00 -9.978323942050337791e-04 -1.857215724885463715e-02 -1.999950885772705078e+00 0.000000000000000000e+00 1.000000000000000000e+01 8.191000000000000000e+03 0.000000000000000000e+00
1.880000114440917969e+01 -1.999992966651916504e+00 0.000000000000000000e+00 -9.977763984352350235e-04 -1.867193542420864105e-02 -1.999950885772705078e+00 0.000000000000000000e+00 1.000000000000000000e+01 8.191000000000000000e+03 0.000000000000000000e+00
1.889999961853027344e+01 -2.000007390975952148e+00 0.000000000000000000e+00 -9.978138841688632965e-04 -1.877171546220779419e-02 -1.999950885772705078e+00 0.000000000000000000e+00 1.000000000000000000e+01 8.191000000000000000e+03 0.000000000000000000e+00
1.900000000000000000e+01 -2.000014066696166992e+00 0.000000000000000000e+00 -9.978703455999493599e-04 -1.887150295078754425e-02 -1.999950885772705078e+00 0.000000000000000000e+00 1.000000000000000000e+01 8.191000000000000000e+03 0.000000000000000000e+00
1.910000038146972656e+01 -2.000013828277587891e+00 0.000000000000000000e+00 -9.978835005313158035e-04 -1.897129230201244354e-02 -1.999950885772705078e+00 0.000000000000000000e+00 1.000000000000000000e+01 8.191000000000000000e+03 0.000000000000000000e+00
1.920000076293945312e+01 -2.000016689300537109e+00 0.000000000000000000e+00 -9.979039896279573441e-04 -1.907108165323734283e-02 -1.999950885772705078e+00 0.000000000000000000e+00 1.000000000000000000e+01 8.191000000000000000e+03 0.000000000000000000e+00
1.930000114440917969e+01 -2.000014305114746094e+00 0.000000000000000000e+00 -9.978607995435595512e-04 -1.917086727917194366e-02 -1.999950885772705078e+00 0.000000000000000000e+00 1.000000000000000000e+01 8.191000000000000000e+03 0.000000000000000000e+00
1.939999961853027344e+01 -2.000016927719116211e+00 0.000000000000000000e+00 -9.978786110877990723e-04 -1.927065663039684296e-02 -1.999950885772705078e+00 0.000000000000000000e+00 1.000000000000000000e+01 8.191000000000000000e+03 0.000000000000000000e+00
1.950000000000000000e+01 -2.000019311904907227e+00 0.000000000000000000e+00 -9.978434536606073380e-04 -1.937044039368629456e-02 -1.999950885772705078e+00 0.000000000000000000e+00 1.000000000000000000e+01 8.191000000000000000e+03 0.000000000000000000e+00
1.960000038146972656e+01 -2.000014066696166992e+00 0.000000000000000000e+00 -9.978472953662276268e-04 -1.947022415697574615e-02 -1.999950885772705078e+00 0.000000000000000000e+00 1.000000000000000000e+01 8.191000000000000000e+03 0.000000000000000000e+00
1.970000076293945312e+01 -2.000023603439331055e+00 0.000000000000000000e+00 -9.978776797652244568e-04 -1.957001350820064545e-02 -1.999950885772705078e+00 0.000000000000000000e+00 1.000000000000000000e+01 8.191000000000000000e+03 0.000000000000000000e+00
1.980000114440917969e+01 -2.000021219253540039e+00 0.000000000000000000e+00 -9.979106253013014793e-04 -1.966980472207069397e-02 -1.999950885772705078e+00 0.000000000000000000e+00 1.000000000000000000e+01 8.191000000000000000e+03 0.000000000000000000e+00
1.989999961853027344e+01 -2.000014305114746094e+00 0.000000000000000000e+00 -9.979170281440019608e-04 -1.976959593594074249e-02 -1.999950885772705078e+00 0.000000000000000000e+00 1.000000000000000000e+01 8.191000000000000000e+03 0.000000000000000000e+00
2.000000000000000000e+01 -2.000006675720214844e+00 0.000000000000000000e+00 -9.979007299989461899e-04 -1.986938528716564178e-02 -1.999950885772705078e+00 0.000000000000000000e+00 1.000000000000000000e+01 8.191000000000000000e+03 0.000000000000000000e+00
2.010000038146972656e+01 -2.000014543533325195e+00 0.000000000000000000e+00 -9.978703455999493599e-04 -1.996917277574539185e-02 -1.999950885772705078e+00 0.000000000000000000e+00 1.000000000000000000e+01 8.191000000000000000e+03 0.000000000000000000e+00
2.020000076293945312e+01 -2.000021934509277344e+00 0.000000000000000000e+00 -9.978826856240630150e-04 -2.006896026432514191e-02 -1.999950885772705078e+00 0.000000000000000000e+00 1.000000000000000000e+01 8.191000000000000000e+03 0.000000000000000000e+00
2.030000114440917969e+01 -2.000015258789062500e+00 0.000000000000000000e+00 -9.979200549423694611e-04 -2.016875334084033966e-02 -1.999950885772705078e+00 0.000000000000000000e+00 1.000000000000000000e+01 8.191000000000000000e+03 0.000000000000000000e+00
2.039999961853027344e+01 -2.000014543533325195e+00 0.000000000000000000e+00 -9.978525340557098389e-04 -2.026853896677494049e-02 -1.999950885772705078e+00 0.000000000000000000e+00 1.000000000000000000e+01 8.191000000000000000e+03 0.000000000000000000e+00
2.050000000000000000e+01 -2.000007867813110352e+00 0.000000000000000000e+00 -9.978362359106540680e-04 -2.036832273006439209e-02 -1.999950885772705078e+00 0.000000000000000000e+00 1.000000000000000000e+01 8.191000000000000000e+03 0.000000000000000000e+00
2.060000038146972656e+01 -2.000005245208740234e+00 0.000000000000000000e+00 -9.978829184547066689e-04 -2.046811021864414215e-02 -1.999950885772705078e+00 0.000000000000000000e+00 1.000000000000000000e+01 8.191000000000000000e+03 0.000000000000000000e+00
2.070000076293945312e+01 -2.000009775161743164e+00 0.000000000000000000e+00 -9.978177258744835854e-04 -2.056789211928844452e-02 -1.999950885772705078e+00 0.000000000000000000e+00 1.000000000000000000e+01 8.191000000000000000e+03 0.000000000000000000e+00
2.080000114440917969e+01 -2.000011205673217773e+00 0.000000000000000000e+00 -9.978794259950518608e-04 -2.066767960786819458e-02 -1.999950885772705078e+00 0.000000000000000000e+00 1.000000000000000000e+01 8.191000000000000000e+03 0.000000000000000000e+00
2.089999961853027344e+01 -2.000006675720214844e+00 0.000000000000000000e+00 -9.979559108614921570e-04 -2.076747454702854156e-02 -1.999950885772705078e+00 0.000000000000000000e+00 1.000000000000000000e+01 8.191000000000000000e+03 0.000000000000000000e+00
2.100000000000000000e+01 -2.000020027160644531e+00 0.000000000000000000e+00 -9.979525348171591759e-04 -2.086727134883403778e-02 -1.999950885772705078e+00 0.000000000000000000e+00 1.000000000000000000e+01 8.191000000000000000e+03 0.000000000000000000e+00
2.110000038146972656e+01 -2.000008106231689453e+00 0.000000000000000000e+00 -9.979050373658537865e-04 -2.096706070005893707e-02 -1.999950885772705078e+00 0.000000000000000000e+00 1.000000000000000000e+01 8.191000000000000000e+03 0.000000000000000000e+00
2.120000076293945312e+01 -2.000016450881958008e+00 0.000000000000000000e+00 -9.979268070310354233e-04 -2.106685377657413483e-02 -1.999950885772705078e+00 0.000000000000000000e+00 1.000000000000000000e+01 8.191000000000000000e+03 0.000000000000000000e+00
2.130000114440917969e+01 -2.000015497207641602e+00 0.000000000000000000e+00 -9.978975867852568626e-04 -2.116664312779903412e-02 -1.999950885772705078e+00 0.000000000000000000e+00 1.000000000000000000e+01 8.191000000000000000e+03 0.000000000000000000e+00
2.139999961853027344e+01 -2.000012397766113281e+00 0.000000000000000000e+00 -9.979114402085542679e-04 -2.126643434166908264e-02 -1.999950885772705078e+00 0.000000000000000000e+00 1.000000000000000000e+01 8.191000000000000000e+03 0.000000000000000000e+00
2.150000000000000000e+01 -2.000006437301635742e+00 0.000000000000000000e+00 -9.978545131161808968e-04 -2.136621996760368347e-02 -1.999950885772705078e+00 0.000000000000000000e+00 1.000000000000000000e+01 8.191000000000000000e+03 0.000000000000000000e+00
2.160000038146972656e+01 -2.000002622604370117e+00 0.000000000000000000e+00 -9.979092283174395561e-04 -2.146601118147373199e-02 -1.999950885772705078e+00 0.000000000000000000e+00 1.000000000000000000e+01 8.191000000000000000e+03 0.000000000000000000e+00
2.170000076293945312e+01 -2.000004053115844727e+00 0.000000000000000000e+00 -9.978431044146418571e-04 -2.156579494476318359e-02 -1.999950885772705078e+00 0.000000000000000000e+00 1.000000000000000000e+01 8.191000000000000000e+03 0.000000000000000000e+00
2.180000114440917969e+01 -2.000007867813110352e+00 0.000000000000000000e+00 -9.978739544749259949e-04 -2.166558243334293365e-02 -1.999950885772705078e+00 0.000000000000000000e+00 1.000000000000000000e+01 8.191000000000000000e+03 0.000000000000000000e+00
2.189999961853027344e+01 -2.000006675720214844e+00 0.000000000000000000e+00 -9.978673188015818596e-04 -2.176536992192268372e-02 -1.999950885772705078e+00 0.000000000000000000e+00 1.000000000000000000e+01 8.191000000000000000e+03 0.000000000000000000e+00
2.200000000000000000e+01 -2.000013113021850586e+00 0.000000000000000000e+00 -9.978673188015818596e-04 -2.186515554785728455e-02 -1.999950885772705078e+00 0.000000000000000000e+00 1.000000000000000000e+01 8.191000000000000000e+03 0.000000000000000000e+00
2.210000038146972656e+01 -2.000014781951904297e+00 0.000000000000000000e+00 -9.979354217648506165e-04 -2.196495048701763153e-02 -1.999950885772705078e+00 0.000000000000000000e+00 1.000000000000000000e+01 8.191000000000000000e+03 0.000000000000000000e+00
2.220000076293945312e+01 -2.000020503997802734e+00 0.000000000000000000e+00 -9.978997986763715744e-04 -2.206473983824253082e-02 -1.999950885772705078e+00 0.000000000000000000e+00 1.000000000000000000e+01 8.191000000000000000e+03 0.000000000000000000e+00
2.230000114440917969e+01 -2.000017881393432617e+00 0.000000000000000000e+00 -9.978691814467310905e-04 -2.216452732682228088e-02 -1.999950885772705078e+00 0.000000000000000000e+00 1.000000000000000000e+01 8.191000000000000000e+03 0.000000000000000000e+00
2.239999961853027344e+01 -2.000020027160644531e+00 0.000000000000000000e+00 -9.978975867852568626e-04 -2.226431667804718018e-02 -1.999950885772705078e+00 0.000000000000000000e+00 1.000000000000000000e+01 8.191000000000000000e+03 0.000000000000000000e+00
2.250000000000000000e+01 -2.000003099441528320e+00 0.000000000000000000e+00 -9.978332091122865677e-04 -2.236410044133663177e-02 -1.999950885772705078e+00 0.000000000000000000e+00 1.000000000000000000e+01 8.191000000000000000e+03 0.000000000000000000e+00
2.260000038146972656e+01 -2.000010490417480469e+00 0.000000000000000000e+00 -9.979280875995755196e-04 -2.246389351785182953e-02 -1.999950885772705078e+00 0.000000000000000000e+00 1.000000000000000000e+01 8.191000000000000000e+03 0.000000000000000000e+00
2.270000076293945312e+01 -2.000002384185791016e+00 0.000000000000000000e+00 -9.978199377655982971e-04 -2.256367541849613190e-02 -1.999950885772705078e+00 0.000000000000000000e+00 1.000000000000000000e+01 8.191000000000000000e+03 0.000000000000000000e+00
2.280000114440917969e+01 -2.000003337860107422e+00 0.000000000000000000e+00 -9.979094611480832100e-04 -2.266346476972103119e-02 -1.999950885772705078e+00 0.000000000000000000e+00 1.000000000000000000e+01 8.191000000000000000e+03 0.000000000000000000e+00
2.289999961853027344e+01 -2.000011920928955078e+00 0.000000000000000000e+00 -9.978617308661341667e-04 -2.276325225830078125e-02 -1.999950885772705078e+00 0.000000000000000000e+00 1.000000000000000000e+01 8.191000000000000000e+03 0.000000000000000000e+00
2.300000000000000000e+01 -2.000017881393432617e+00 0.000000000000000000e+00 -9.978580055758357048e-04 -2.286303788423538208e-02 -1.999950885772705078e+00 0.000000000000000000e+00 1.000000000000000000e+01 8.191000000000000000e+03 0.000000000000000000e+00
2.310000038146972656e+01 -2.000015258789062500e+00 0.000000000000000000e+00 -9.979290189221501350e-04 -2.296283096075057983e-02 -1.999950885772705078e+00 0.000000000000000000e+00 1.000000000000000000e+01 8.191000000000000000e+03 0.000000000000000000e+00
2.320000076293945312e+01 -2.000004768371582031e+00 0.000000000000000000e+00 -9.978149319067597389e-04 -2.306261286139488220e-02 -1.999950885772705078e+00 0.000000000000000000e+00 1.000000000000000000e+01 8.191000000000000000e+03 0.000000000000000000e+00
2.330000114440917969e+01 -2.000008821487426758e+00 0.000000000000000000e+00 -9.978261077776551247e-04 -2.316239476203918457e-02 -1.999950885772705078e+00 0.000000000000000000e+00 1.000000000000000000e+01 8.191000000000000000e+03 0.000000000000000000e+00
2.339999961853027344e+01 -2.000009298324584961e+00 0.000000000000000000e+00 -9.977738372981548309e-04 -2.326217107474803925e-02 -1.999950885772705078e+00 0.000000000000000000e+00 1.000000000000000000e+01 8.191000000000000000e+03 0.000000000000000000e+00
2.350000000000000000e+01 -2.000014066696166992e+00 0.000000000000000000e+00 -9.978102752938866615e-04 -2.336195297539234161e-02 -1.999950885772705078e+00 0.000000000000000000e+00 1.000000000000000000e+01 8.191000000000000000e+03 0.000000000000000000e+00
2.360000038146972656e+01 -2.000003099441528320e+00 0.000000000000000000e+00 -9.978770976886153221e-04 -2.346174046397209167e-02 -1.999950885772705078e+00 0.000000000000000000e+00 1.000000000000000000e+01 8.191000000000000000e+03 0.000000000000000000e+00
2.370000076293945312e+01 -1.999999165534973145e+00 0.000000000000000000e+00 -9.979044552892446518e-04 -2.356153167784214020e-02 -1.999950885772705078e+00 0.000000000000000000e+00 1.000000000000000000e+01 8.191000000000000000e+03 0.000000000000000000e+00
2.380000114440917969e+01 -1.999991655349731445e+00 0.000000000000000000e+00 -9.977810550481081009e-04 -2.366130985319614410e-02 -1.999950885772705078e+00 0.000000000000000000e+00 1.000000000000000000e+01 8.191000000000000000e+03 0.000000000000000000e+00
2.389999961853027344e+01 -2.000011682510375977e+00 0.000000000000000000e+00 -9.978553280234336853e-04 -2.376109547913074493e-02 -1.999950885772705078e+00 0.000000000000000000e+00 1.000000000000000000e+01 8.191000000000000000e+03 0.000000000000000000e+00
2.400000000000000000e+01 -2.000009536743164062e+00 0.000000000000000000e+00 -9.978539310395717621e-04 -2.386088110506534576e-02 -1.999950885772705078e+00 0.000000000000000000e+00 1.000000000000000000e+01 8.191000000000000000e+03 0.000000000000000000e+00
2.410000038146972656e+01 -2.000008583068847656e+00 0.000000000000000000e+00 -9.978291345760226250e-04 -2.396066300570964813e-02 -1.999950885772705078e+00 0.000000000000000000e+00 1.000000000000000000e+01 8.191000000000000000e+03 0.000000000000000000e+00
2.420000076293945312e+01 -2.000018835067749023e+00 0.000000000000000000e+00 -9.978516027331352234e-04 -2.406044863164424896e-02 -1.999950885772705078e+00 0.000000000000000000e+00 1.000000000000000000e+01 8.191000000000000000e+03 0.000000000000000000e+00
2.430000114440917969e+01 -2.000009298324584961e+00 0.000000000000000000e+00 -9.978472953662276268e-04 -2.416023239493370056e-02 -1.999950885772705078e+00 0.000000000000000000e+00 1.000000000000000000e+01 8.191000000000000000e+03 0.000000000000000000e+00
2.439999961853027344e+01 -2.000009775161743164e+00 0.000000000000000000e+00 -9.979354217648506165e-04 -2.426002733409404755e-02 -1.999950885772705078e+00 0.000000000000000000e+00 1.000000000000000000e+01 8.191000000000000000e+03 0.000000000000000000e+00
2.450000000000000000e+01 -2.000006198883056641e+00 0.000000000000000000e+00 -9.979102760553359985e-04 -2.435981668531894684e-02 -1.999950885772705078e+00 0.000000000000000000e+00 1.000000000000000000e+01 8.191000000000000000e+03 0.000000000000000000e+00
2.460000038146972656e+01 -2.000025272369384766e+00 0.000000000000000000e+00 -9.979539318010210991e-04 -2.445961348712444305e-02 -1.999950885772705078e+00 0.000000000000000000e+00 1.000000000000000000e+01 8.191000000000000000e+03 0.000000000000000000e+00
2.470000076293945312e+01 -2.000013113021850586e+00 0.000000000000000000e+00 -9.978835005313158035e-04 -2.455940097570419312e-02 -1.999950885772705078e+00 0.000000000000000000e+00 1.000000000000000000e+01 8.191000000000000000e+03 0.000000000000000000e+00
2.480000114440917969e+01 -2.000017404556274414e+00 0.000000000000000000e+00 -9.979237802326679230e-04 -2.465919405221939087e-02 -1.999950885772705078e+00 0.000000000000000000e+00 1.000000000000000000e+01 8.191000000000000000e+03 0.000000000000000000e+00
2.489999961853027344e+01 -2.000016450881958008e+00 0.000000000000000000e+00 -9.978059679269790649e-04 -2.475897409021854401e-02 -1.999950885772705078e+00 0.000000000000000000e+00 1.000000000000000000e+01 8.191000000000000000e+03 0.000000000000000000e+00
2.500000000000000000e+01 -2.000019073486328125e+00 0.000000000000000000e+00 -9.979280875995755196e-04 -2.485876716673374176e-02 -1.999950885772705078e+00 0.000000000000000000e+00 1.000000000000000000e+01 8.191000000000000000e+03 0.000000000000000000e+00
2.510000038146972656e+01 -2.000018596649169922e+00 0.000000000000000000e+00 -9.978816378861665726e-04 -2.495855465531349182e-02 -1.999950885772705078e+00 0.000000000000000000e+00 1.000000000000000000e+01 8.191000000000000000e+03 0.000000000000000000e+00
2.520000076293945312e+01 -2.000009298324584961e+00 0.000000000000000000e+00 -9.978788439184427261e-04 -2.505834400653839111e-02 -1.999950885772705078e+00 0.000000000000000000e+00 1.000000000000000000e+01 8.191000000000000000e+03 0.000000000000000000e+00
2.530000114440917969e+01 -2.000014305114746094e+00 0.000000000000000000e+00 -9.978753514587879181e-04 -2.515813149511814117e-02 -1.999950885772705078e+00 0.000000000000000000e+00 1.000000000000000000e+01 8.191000000000000000e+03 0.000000000000000000e+00
2.539999961853027344e+01 -2.000009059906005859e+00 0.000000000000000000e+00 -9.978046873584389687e-04 -2.525791153311729431e-02 -1.999950885772705078e+00 0.000000000000000000e+00 1.000000000000000000e+01 8.191000000000000000e+03 0.000000000000000000e+00
2.550000000000000000e+01 -2.000013828277587891e+00 0.000000000000000000e+00 -9.978882735595107079e-04 -2.535770088434219360e-02 -1.999950885772705078e+00 0.000000000000000000e+00 1.000000000000000000e+01 8.191000000000000000e+03 0.000000000000000000e+00
2.560000038146972656e+01 -2.000009536743164062e+00 0.000000000000000000e+00 -9.977845475077629089e-04 -2.545747905969619751e-02 -1.999950885772705078e+00 0.000000000000000000e+00 1.000000000000000000e+01 8.191000000000000000e+03 0.000000000000000000e+00
2.570000076293945312e+01 -2.000003337860107422e+00 0.000000000000000000e+00 -9.978458983823657036e-04 -2.555726282298564911e-02 -1.999950885772705078e+00 0.000000000000000000e+00 1.000000000000000000e+01 8.191000000000000000e+03 0.000000000000000000e+00
2.580000114440917969e+01 -2.000016212463378906e+00 0.000000000000000000e+00 -9.978426387533545494e-04 -2.565704658627510071e-02 -1.999950885772705078e+00 0.000000000000000000e+00 1.000000000000000000e+01 8.191000000000000000e+03 0.000000000000000000e+00
2.589999961853027344e+01 -2.000013351440429688e+00 0.000000000000000000e+00 -9.978627786040306091e-04 -2.575683407485485077e-02 -1.999950885772705078e+00 0.000000000000000000e+00 1.000000000000000000e+01 8.191000000000000000e+03 0.000000000000000000e+00
2.600000000000000000e+01 -1.999989628791809082e+00 0.000000000000000000e+00 -9.977672016248106956e-04 -2.585661038756370544e-02 -1.999950885772705078e+00 0.000000000000000000e+00 1.000000000000000000e+01 8.191000000000000000e+03 0.000000000000000000e+00
2.610000038146972656e+01 -2.000003337860107422e+00 0.000000000000000000e+00 -9.978709276765584946e-04 -2.595639787614345551e-02 -1.999950885772705078e+00 0.000000000000000000e+00 1.000000000000000000e+01 8.191000000000000000e+03 0.000000000000000000e+00
2.620000076293945312e+01 -2.000010490417480469e+00 0.000000000000000000e+00 -9.978014277294278145e-04 -2.605617791414260864e-02 -1.999950885772705078e+00 0.000000000000000000e+00 1.000000000000000000e+01 8.191000000000000000e+03 0.000000000000000000e+00
2.630000114440917969e+01 -2.000010728836059570e+00 0.000000000000000000e+00 -9.978520683944225311e-04 -2.615596354007720947e-02 -1.999950885772705078e+00 0.000000000000000000e+00 1.000000000000000000e+01 8.191000000000000000e+03 0.000000000000000000e+00
2.639999961853027344e+01 -2.000013351440429688e+00 0.000000000000000000e+00 -9.978392627090215683e-04 -2.625574730336666107e-02 -1.999950885772705078e+00 0.000000000000000000e+00 1.000000000000000000e+01 8.191000000000000000e+03 0.000000000000000000e+00
2.650000000000000000e+01 -2.000008344650268555e+00 0.000000000000000000e+00 -9.978910675272345543e-04 -2.635553665459156036e-02 -1.999950885772705078e+00 0.000000000000000000e+00 1.000000000000000000e+01 8.191000000000000000e+03 0.000000000000000000e+00
2.660000038146972656e+01 -2.000008821487426758e+00 0.000000000000000000e+00 -9.978277375921607018e-04 -2.645531855523586273e-02 -1.999950885772705078e+00 0.000000000000000000e+00 1.000000000000000000e+01 8.191000000000000000e+03 0.000000000000000000e+00
2.670000076293945312e+01 -2.000018835067749023e+00 0.000000000000000000e+00 -9.978155139833688736e-04 -2.655510045588016510e-02 -1.999950885772705078e+00 0.000000000000000000e+00 1.000000000000000000e+01 8.191000000000000000e+03 0.000000000000000000e+00
2.680000114440917969e+01 -2.000011444091796875e+00 0.000000000000000000e+00 -9.978358866646885872e-04 -2.665488421916961670e-02 -1.999950885772705078e+00 0.000000000000000000e+00 1.000000000000000000e+01 8.191000000000000000e+03 0.000000000000000000e+00
2.689999961853027344e+01 -2.000014543533325195e+00 0.000000000000000000e+00 -9.978408925235271454e-04 -2.675466798245906830e-02 -1.999950885772705078e+00 0.000000000000000000e+00 1.000000000000000000e+01 8.191000000000000000e+03 0.000000000000000000e+00
2.700000000000000000e+01 -2.000018119812011719e+00 0.000000000000000000e+00 -9.978392627090215683e-04 -2.685445174574851990e-02 -1.999950885772705078e+00 0.000000000000000000e+00 1.000000000000000000e+01 8.191000000000000000e+03 0.000000000000000000e+00
2.710000038146972656e+01 -2.000010251998901367e+00 0.000000000000000000e+00 -9.978521848097443581e-04 -2.695423737168312073e-02 -1.999950885772705078e+00 0.000000000000000000e+00 1.000000000000000000e+01 8.191000000000000000e+03 0.000000000000000000e+00
2.720000076293945312e+01 -2.000010967254638672e+00 0.000000000000000000e+00 -9.978351881727576256e-04 -2.705402113497257233e-02 -1.999950885772705078e+00 0.000000000000000000e+00 1.000000000000000000e+01 8.191000000000000000e+03 0.000000000000000000e+00
2.730000114440917969e+01 -2.000018596649169922e+00 0.000000000000000000e+00 -9.979048045352101326e-04 -2.715381048619747162e-02 -1.999950885772705078e+00 0.000000000000000000e+00 1.000000000000000000e+01 8.191000000000000000e+03 0.000000000000000000e+00
2.739999961853027344e+01 -2.000023841857910156e+00 0.000000000000000000e+00 -9.978653397411108017e-04 -2.725359797477722168e-02 -1.999950885772705078e+00 0.000000000000000000e+00 1.000000000000000000e+01 8.191000000000000000e+03 0.000000000000000000e+00
2.750000000000000000e+01 -2.000012397766113281e+00 0.000000000000000000e+00 -9.978445013985037804e-04 -2.735338173806667328e-02 -1.999950885772705078e+00 0.000000000000000000e+00 1.000000000000000000e+01 8.191000000000000000e+03 0.000000000000000000e+00
2.760000038146972656e+01 -2.000013113021850586e+00 0.000000000000000000e+00 -9.978394955396652222e-04 -2.745316550135612488e-02 -1.999950885772705078e+00 0.000000000000000000e+00 1.000000000000000000e+01 8.191000000000000000e+03 0.000000000000000000e+00
2.770000076293945312e+01 -2.000015497207641602e+00 0.000000000000000000e+00 -9.979116730391979218e-04 -2.755295671522617340e-02 -1.999950885772705078e+00 0.000000000000000000e+00 1.000000000000000000e+01 8.191000000000000000e+03 0.000000000000000000e+00
2.780000114440917969e+01 -1.999999403953552246e+00 0.000000000000000000e+00 -9.978667367249727249e-04 -2.765274420380592346e-02 -1.999950885772705078e+00 0.000000000000000000e+00 1.000000000000000000e+01 8.191000000000000000e+03 0.000000000000000000e+00
2.789999961853027344e+01 -2.000009059906005859e+00 0.000000000000000000e+00 -9.978959569707512856e-04 -2.775253355503082275e-02 -1.999950885772705078e+00 0.000000000000000000e+00 1.000000000000000000e+01 8.191000000000000000e+03 0.000000000000000000e+00
2.800000000000000000e+01 -2.000005960464477539e+00 0.000000000000000000e+00 -9.978527668863534927e-04 -2.785231918096542358e-02 -1.999950885772705078e+00 0.000000000000000000e+00 1.000000000000000000e+01 8.191000000000000000e+03 0.000000000000000000e+00
2.810000038146972656e+01 -2.000010490417480469e+00 0.000000000000000000e+00 -9.978631278499960899e-04 -2.795210480690002441e-02 -1.999950885772705078e+00 0.000000000000000000e+00 1.000000000000000000e+01 8.191000000000000000e+03 0.000000000000000000e+00
2.820000076293945312e+01 -2.000006198883056641e+00 0.000000000000000000e+00 -9.978545131161808968e-04 -2.805189043283462524e-02 -1.999950885772705078e+00 0.000000000000000000e+00 1.000000000000000000e+01 8.191000000000000000e+03 0.000000000000000000e+00
2.830000114440917969e+01 -2.000005960464477539e+00 0.000000000000000000e+00 -9.978699963539838791e-04 -2.815167792141437531e-02 -1.999950885772705078e+00 0.000000000000000000e+00 1.000000000000000000e+01 8.191000000000000000e+03 0.000000000000000000e+00
2.839999961853027344e+01 -2.000019073486328125e+00 0.000000000000000000e+00 -9.978683665394783020e-04 -2.825146354734897614e-02 -1.999950885772705078e+00 0.000000000000000000e+00 1.000000000000000000e+01 8.191000000000000000e+03 0.000000000000000000e+00
2.850000000000000000e+01 -2.000005722045898438e+00 0.000000000000000000e+00 -9.978602174669504166e-04 -2.835125103592872620e-02 -1.999950885772705078e+00 0.000000000000000000e+00 1.000000000000000000e+01 8.191000000000000000e+03 0.000000000000000000e+00
2.860000038146972656e+01 -2.000005245208740234e+00 0.000000000000000000e+00 -9.977978188544511795e-04 -2.845102921128273010e-02 -1.999950885772705078e+00 0.000000000000000000e+00 1.000000000000000000e+01 8.191000000000000000e+03 0.000000000000000000e+00
2.870000076293945312e+01 -2.000022888183593750e+00 0.000000000000000000e+00 -9.978754678741097450e-04 -2.855081669986248016e-02 -1.999950885772705078e+00 0.000000000000000000e+00 1.000000000000000000e+01 8.191000000000000000e+03 0.000000000000000000e+00
2.880000114440917969e+01 -2.000010251998901367e+00 0.000000000000000000e+00 -9.977973531931638718e-04 -2.865059673786163330e-02 -1.999950885772705078e+00 0.000000000000000000e+00 1.000000000000000000e+01 8.191000000000000000e+03 0.000000000000000000e+00
2.889999961853027344e+01 -2.000008821487426758e+00 0.000000000000000000e+00 -9.978521848097443581e-04 -2.875038236379623413e-02 -1.999950885772705078e+00 0.000000000000000000e+00 1.000000000000000000e+01 8.191000000000000000e+03 0.000000000000000000e+00
2.900000000000000000e+01 -2.000010490417480469e+00 0.000000000000000000e+00 -9.978001471608877182e-04 -2.885016240179538727e-02 -1.999950885772705078e+00 0.000000000000000000e+00 1.000000000000000000e+01 8.191000000000000000e+03 0.000000000000000000e+00
2.910000038146972656e+01 -2.000015020370483398e+00 0.000000000000000000e+00 -9.979058522731065750e-04 -2.894995361566543579e-02 -1.999950885772705078e+00 0.000000000000000000e+00 1.000000000000000000e+01 8.191000000000000000e+03 0.000000000000000000e+00
2.920000076293945312e+01 -2.000002622604370117e+00 0.000000000000000000e+00 -9.978141169995069504e-04 -2.904973551630973816e-02 -1.999950885772705078e+00 0.000000000000000000e+00 1.000000000000000000e+01 8.191000000000000000e+03 0.000000000000000000e+00
2.930000114440917969e+01 -2.000019073486328125e+00 0.000000000000000000e+00 -9.978633606806397438e-04 -2.914952114224433899e-02 -1.999950885772705078e+00 0.000000000000000000e+00 1.000000000000000000e+01 8.191000000000000000e+03 0.000000000000000000e+00
2.939999961853027344e+01 -2.000013828277587891e+00 0.000000000000000000e+00 -9.978354210034012794e-04 -2.924930490553379059e-02 -1.999950885772705078e+00 0.000000000000000000e+00 1.000000000000000000e+01 8.191000000000000000e+03 0.000000000000000000e+00
2.950000000000000000e+01 -2.000015258789062500e+00 0.000000000000000000e+00 -9.978555608540773392e-04 -2.934909053146839142e-02 -1.999950885772705078e+00 0.000000000000000000e+00 1.000000000000000000e+01 8.191000000000000000e+03 0.000000000000000000e+00
2.960000038146972656e+01 -2.000024080276489258e+00 0.000000000000000000e+00 -9.978384478017687798e-04 -2.944887429475784302e-02 -1.999950885772705078e+00 0.000000000000000000e+00 1.000000000000000000e+01 8.191000000000000000e+03 0.000000000000000000e+00
2.970000076293945312e+01 -2.000013351440429688e+00 0.000000000000000000e+00 -9.978008456528186798e-04 -2.954865433275699615e-02 -1.999950885772705078e+00 0.000000000000000000e+00 1.000000000000000000e+01 8.191000000000000000e+03 0.000000000000000000e+00
2.980000114440917969e+01 -2.000015974044799805e+00 0.000000000000000000e+00 -9.978417074307799339e-04 -2.964843809604644775e-02 -1.999950885772705078e+00 0.000000000000000000e+00 1.000000000000000000e+01 8.191000000000000000e+03 0.000000000000000000e+00
2.989999961853027344e+01 -2.000016212463378906e+00 0.000000000000000000e+00 -9.979249443858861923e-04 -2.974823117256164551e-02 -1.999950885772705078e+00 0.000000000000000000e+00 1.000000000000000000e+01 8.191000000000000000e+03 0.000000000000000000e+00
3.000000000000000000e+01 -2.000021696090698242e+00 0.000000000000000000e+00 -9.979541646316647530e-04 -2.984802611172199249e-02 -1.999950885772705078e+00 0.000000000000000000e+00 1.000000000000000000e+01 8.191000000000000000e+03 0.000000000000000000e+00
