1.000000014901161194e-01 -2.000245809555053711e+00 0.000000000000000000e+00 -1.093574828701093793e-04 -1.093574883270775899e-05 -1.999950885772705078e+00 0.000000000000000000e+00 8.000000000000000000e+00 7.164000000000000000e+03 0.000000000000000000e+00
2.000000029802322388e-01 -2.000063896179199219e+00 0.000000000000000000e+00 -1.000033342279493809e-03 -1.109390868805348873e-04 -1.999950885772705078e+00 0.000000000000000000e+00 9.000000000000000000e+00 8.191000000000000000e+03 0.000000000000000000e+00
3.000000119209289551e-01 -2.000045537948608398e+00 0.000000000000000000e+00 -9.979120222851634026e-04 -2.107302861986681819e-04 -1.999950885772705078e+00 0.000000000000000000e+00 1.000000000000000000e+01 8.191000000000000000e+03 0.000000000000000000e+00
4.000000059604644775e-01 -2.000020503997802734e+00 0.000000000000000000e+00 -9.978193556889891624e-04 -3.105122304987162352e-04 -1.999950885772705078e+00 0.000000000000000000e+00 1.000000000000000000e+01 8.191000000000000000e+03 0.000000000000000000e+00
5.000000000000000000e-01 -2.000017166137695312e+00 0.000000000000000000e+00 -9.977901354432106018e-04 -4.102912498638033867e-04 -1.999950885772705078e+00 0.000000000000000000e+00 1.000000000000000000e+01 8.191000000000000000e+03 0.000000000000000000e+00
6.000000238418579102e-01 -2.000003814697265625e+00 0.000000000000000000e+00 -9.977512527257204056e-04 -5.100663402117788792e-04 -1.999950885772705078e+00 0.000000000000000000e+00 1.000000000000000000e+01 8.191000000000000000e+03 0.000000000000000000e+00
6.999999880790710449e-01 -2.000020503997802734e+00 0.000000000000000000e+00 -9.977561421692371368e-04 -6.098419544287025928e-04 -1.999950885772705078e+00 0.000000000000000000e+00 1.000000000000000000e+01 8.191000000000000000e+03 0.000000000000000000e+00
8.000000119209289551e-01 -1.999992728233337402e+00 0.000000000000000000e+00 -9.976812871173024178e-04 -7.096101180650293827e-04 -1.999950885772705078e+00 0.000000000000000000e+00 1.000000000000000000e+01 8.191000000000000000e+03 0.000000000000000000e+00
9.000000357627868652e-01 -2.000002145767211914e+00 0.000000000000000000e+00 -9.977978188544511795e-04 -8.093898650258779526e-04 -1.999950885772705078e+00 0.000000000000000000e+00 1.000000000000000000e+01 8.191000000000000000e+03 0.000000000000000000e+00
1.000000000000000000e+00 -1.999999403953552246e+00 0.000000000000000000e+00 -9.976589353755116463e-04 -9.091557585634291172e-04 -1.999950885772705078e+00 0.000000000000000000e+00 1.000000000000000000e+01 8.191000000000000000e+03 0.000000000000000000e+00
1.100000023841857910e+00 -1.999993801116943359e+00 0.000000000000000000e+00 -9.976623114198446274e-04 -1.008922001346945763e-03 -1.999950885772705078e+00 0.000000000000000000e+00 1.000000000000000000e+01 8.191000000000000000e+03 0.000000000000000000e+00
1.200000047683715820e+00 -2.000007867813110352e+00 0.000000000000000000e+00 -9.977392619475722313e-04 -1.108695985749363899e-03 -1.999950885772705078e+00 0.000000000000000000e+00 1.000000000000000000e+01 8.191000000000000000e+03 0.000000000000000000e+00
1.300000071525573730e+00 -1.999990224838256836e+00 0.000000000000000000e+00 -9.976627770811319351e-04 -1.208462170325219631e-03 -1.999950885772705078e+00 0.000000000000000000e+00 1.000000000000000000e+01 8.191000000000000000e+03 0.000000000000000000e+00
1.399999976158142090e+00 -1.999992728233337402e+00 0.000000000000000000e+00 -9.976488072425127029e-04 -1.308227074332535267e-03 -1.999950885772705078e+00 0.000000000000000000e+00 1.000000000000000000e+01 8.191000000000000000e+03 0.000000000000000000e+00
1.500000000000000000e+00 -1.999986529350280762e+00 0.000000000000000000e+00 -9.976271539926528931e-04 -1.407989766448736191e-03 -1.999950885772705078e+00 0.000000000000000000e+00 1.000000000000000000e+01 8.191000000000000000e+03 0.000000000000000000e+00
1.600000023841857910e+00 -1.999997258186340332e+00 0.000000000000000000e+00 -9.976569563150405884e-04 -1.507755485363304615e-03 -1.999950885772705078e+00 0.000000000000000000e+00 1.000000000000000000e+01 8.191000000000000000e+03 0.000000000000000000e+00
1.700000047683715820e+00 -1.999984383583068848e+00 0.000000000000000000e+00 -9.975784923881292343e-04 -1.607513404451310635e-03 -1.999950885772705078e+00 0.000000000000000000e+00 1.000000000000000000e+01 8.191000000000000000e+03 0.000000000000000000e+00
1.800000071525573730e+00 -1.999997019767761230e+00 0.000000000000000000e+00 -9.977335575968027115e-04 -1.707286690361797810e-03 -1.999950885772705078e+00 0.000000000000000000e+00 1.000000000000000000e+01 8.191000000000000000e+03 0.000000000000000000e+00
1.899999976158142090e+00 -1.999983787536621094e+00 0.000000000000000000e+00 -9.976661531254649162e-04 -1.807053340598940849e-03 -1.999950885772705078e+00 0.000000000000000000e+00 1.000000000000000000e+01 8.191000000000000000e+03 0.000000000000000000e+00
2.000000000000000000e+00 -1.999986529350280762e+00 0.000000000000000000e+00 -9.976522997021675110e-04 -1.906818593852221966e-03 -1.999950885772705078e+00 0.000000000000000000e+00 1.000000000000000000e+01 8.191000000000000000e+03 0.000000000000000000e+00
2.100000143051147461e+00 -1.999991416931152344e+00 0.000000000000000000e+00 -9.976878063753247261e-04 -2.006587339565157890e-03 -1.999950885772705078e+00 0.000000000000000000e+00 1.000000000000000000e+01 8.191000000000000000e+03 0.000000000000000000e+00
2.200000047683715820e+00 -1.999985933303833008e+00 0.000000000000000000e+00 -9.976859437301754951e-04 -2.106355968862771988e-03 -1.999950885772705078e+00 0.000000000000000000e+00 1.000000000000000000e+01 8.191000000000000000e+03 0.000000000000000000e+00
2.299999952316284180e+00 -2.000002622604370117e+00 0.000000000000000000e+00 -9.976843139156699181e-04 -2.206124365329742432e-03 -1.999950885772705078e+00 0.000000000000000000e+00 1.000000000000000000e+01 8.191000000000000000e+03 0.000000000000000000e+00
2.400000095367431641e+00 -1.999997615814208984e+00 0.000000000000000000e+00 -9.977163281291723251e-04 -2.305896021425724030e-03 -1.999950885772705078e+00 0.000000000000000000e+00 1.000000000000000000e+01 8.191000000000000000e+03 0.000000000000000000e+00
2.500000000000000000e+00 -2.000002861022949219e+00 0.000000000000000000e+00 -9.977383306249976158e-04 -2.405669772997498512e-03 -1.999950885772705078e+00 0.000000000000000000e+00 1.000000000000000000e+01 8.191000000000000000e+03 0.000000000000000000e+00
2.600000143051147461e+00 -1.999995708465576172e+00 0.000000000000000000e+00 -9.976994479075074196e-04 -2.505439799278974533e-03 -1.999950885772705078e+00 0.000000000000000000e+00 1.000000000000000000e+01 8.191000000000000000e+03 0.000000000000000000e+00
2.700000047683715820e+00 -1.999982237815856934e+00 0.000000000000000000e+00 -9.977131849154829979e-04 -2.605211222544312477e-03 -1.999950885772705078e+00 0.000000000000000000e+00 1.000000000000000000e+01 8.191000000000000000e+03 0.000000000000000000e+00
2.799999952316284180e+00 -1.999992012977600098e+00 0.000000000000000000e+00 -9.976843139156699181e-04 -2.704979619011282921e-03 -1.999950885772705078e+00 0.000000000000000000e+00 1.000000000000000000e+01 8.191000000000000000e+03 0.000000000000000000e+00
2.900000095367431641e+00 -1.999999761581420898e+00 0.000000000000000000e+00 -9.976661531254649162e-04 -2.804746152833104134e-03 -1.999950885772705078e+00 0.000000000000000000e+00 1.000000000000000000e+01 8.191000000000000000e+03 0.000000000000000000e+00
3.000000000000000000e+00 -1.999994874000549316e+00 0.000000000000000000e+00 -9.977060835808515549e-04 -2.904516877606511116e-03 -1.999950885772705078e+00 0.000000000000000000e+00 1.000000000000000000e+01 8.191000000000000000e+03 0.000000000000000000e+00
3.100000143051147461e+00 -1.999992609024047852e+00 0.000000000000000000e+00 -9.976992150768637657e-04 -3.004286671057343483e-03 -1.999950885772705078e+00 0.000000000000000000e+00 1.000000000000000000e+01 8.191000000000000000e+03 0.000000000000000000e+00
3.200000047683715820e+00 -1.999991655349731445e+00 0.000000000000000000e+00 -9.976848959922790527e-04 -3.104055300354957581e-03 -1.999950885772705078e+00 0.000000000000000000e+00 1.000000000000000000e+01 8.191000000000000000e+03 0.000000000000000000e+00
3.299999952316284180e+00 -1.999999403953552246e+00 0.000000000000000000e+00 -9.976897854357957840e-04 -3.203824162483215332e-03 -1.999950885772705078e+00 0.000000000000000000e+00 1.000000000000000000e+01 8.191000000000000000e+03 0.000000000000000000e+00
3.400000095367431641e+00 -1.999995350837707520e+00 0.000000000000000000e+00 -9.976509027183055878e-04 -3.303589299321174622e-03 -1.999950885772705078e+00 0.000000000000000000e+00 1.000000000000000000e+01 8.191000000000000000e+03 0.000000000000000000e+00
3.500000000000000000e+00 -1.999997258186340332e+00 0.000000000000000000e+00 -9.976623114198446274e-04 -3.403355600312352180e-03 -1.999950885772705078e+00 0.000000000000000000e+00 1.000000000000000000e+01 8.191000000000000000e+03 0.000000000000000000e+00
3.600000143051147461e+00 -2.000005006790161133e+00 0.000000000000000000e+00 -9.976520668715238571e-04 -3.503120737150311470e-03 -1.999950885772705078e+00 0.000000000000000000e+00 1.000000000000000000e+01 8.191000000000000000e+03 0.000000000000000000e+00
3.700000047683715820e+00 -1.999990463256835938e+00 0.000000000000000000e+00 -9.976180735975503922e-04 -3.602882614359259605e-03 -1.999950885772705078e+00 0.000000000000000000e+00 1.000000000000000000e+01 8.191000000000000000e+03 0.000000000000000000e+00
3.799999952316284180e+00 -1.999993205070495605e+00 0.000000000000000000e+00 -9.976762812584638596e-04 -3.702650079503655434e-03 -1.999950885772705078e+00 0.000000000000000000e+00 1.000000000000000000e+01 8.191000000000000000e+03 0.000000000000000000e+00
3.900000095367431641e+00 -1.999991416931152344e+00 0.000000000000000000e+00 -9.976740693673491478e-04 -3.802417544648051262e-03 -1.999950885772705078e+00 0.000000000000000000e+00 1.000000000000000000e+01 8.191000000000000000e+03 0.000000000000000000e+00
4.000000000000000000e+00 -1.999989271163940430e+00 0.000000000000000000e+00 -9.976517176255583763e-04 -3.902182681486010551e-03 -1.999950885772705078e+00 0.000000000000000000e+00 1.000000000000000000e+01 8.191000000000000000e+03 0.000000000000000000e+00
4.099999904632568359e+00 -1.999997615814208984e+00 0.000000000000000000e+00 -9.977171430364251137e-04 -4.001954570412635803e-03 -1.999950885772705078e+00 0.000000000000000000e+00 1.000000000000000000e+01 8.191000000000000000e+03 0.000000000000000000e+00
4.200000286102294922e+00 -1.999985337257385254e+00 0.000000000000000000e+00 -9.976349538192152977e-04 -4.101717844605445862e-03 -1.999950885772705078e+00 0.000000000000000000e+00 1.000000000000000000e+01 8.191000000000000000e+03 0.000000000000000000e+00
4.300000190734863281e+00 -1.999997615814208984e+00 0.000000000000000000e+00 -9.976201690733432770e-04 -4.201480187475681305e-03 -1.999950885772705078e+00 0.000000000000000000e+00 1.000000000000000000e+01 8.191000000000000000e+03 0.000000000000000000e+00
4.400000095367431641e+00 -2.000000715255737305e+00 0.000000000000000000e+00 -9.976779110729694366e-04 -4.301247652620077133e-03 -1.999950885772705078e+00 0.000000000000000000e+00 1.000000000000000000e+01 8.191000000000000000e+03 0.000000000000000000e+00
4.500000000000000000e+00 -1.999993920326232910e+00 0.000000000000000000e+00 -9.975869907066226006e-04 -4.401006270200014114e-03 -1.999950885772705078e+00 0.000000000000000000e+00 1.000000000000000000e+01 8.191000000000000000e+03 0.000000000000000000e+00
4.599999904632568359e+00 -1.999993205070495605e+00 0.000000000000000000e+00 -9.976214496418833733e-04 -4.500768613070249557e-03 -1.999950885772705078e+00 0.000000000000000000e+00 1.000000000000000000e+01 8.191000000000000000e+03 0.000000000000000000e+00
4.700000286102294922e+00 -1.999991416931152344e+00 0.000000000000000000e+00 -9.976277360692620277e-04 -4.600531421601772308e-03 -1.999950885772705078e+00 0.000000000000000000e+00 1.000000000000000000e+01 8.191000000000000000e+03 0.000000000000000000e+00
4.800000190734863281e+00 -1.999999761581420898e+00 0.000000000000000000e+00 -9.976143483072519302e-04 -4.700292833149433136e-03 -1.999950885772705078e+00 0.000000000000000000e+00 1.000000000000000000e+01 8.191000000000000000e+03 0.000000000000000000e+00
4.900000095367431641e+00 -2.000003814697265625e+00 0.000000000000000000e+00 -9.976301807910203934e-04 -4.800055641680955887e-03 -1.999950885772705078e+00 0.000000000000000000e+00 1.000000000000000000e+01 8.191000000000000000e+03 0.000000000000000000e+00
5.000000000000000000e+00 -2.000003337860107422e+00 0.000000000000000000e+00 -9.976396104320883751e-04 -4.899819847196340561e-03 -1.999950885772705078e+00 0.000000000000000000e+00 1.000000000000000000e+01 8.191000000000000000e+03 0.000000000000000000e+00
5.099999904632568359e+00 -1.999992370605468750e+00 0.000000000000000000e+00 -9.976978180930018425e-04 -4.999589640647172928e-03 -1.999950885772705078e+00 0.000000000000000000e+00 1.000000000000000000e+01 8.191000000000000000e+03 0.000000000000000000e+00
5.200000286102294922e+00 -1.999998211860656738e+00 0.000000000000000000e+00 -9.976567234843969345e-04 -5.099355243146419525e-03 -1.999950885772705078e+00 0.000000000000000000e+00 1.000000000000000000e+01 8.191000000000000000e+03 0.000000000000000000e+00
5.300000190734863281e+00 -1.999987244606018066e+00 0.000000000000000000e+00 -9.975621942430734634e-04 -5.199111532419919968e-03 -1.999950885772705078e+00 0.000000000000000000e+00 1.000000000000000000e+01 8.191000000000000000e+03 0.000000000000000000e+00
5.400000095367431641e+00 -1.999992012977600098e+00 0.000000000000000000e+00 -9.976488072425127029e-04 -5.298876203596591949e-03 -1.999950885772705078e+00 0.000000000000000000e+00 1.000000000000000000e+01 8.191000000000000000e+03 0.000000000000000000e+00
5.500000000000000000e+00 -1.999981403350830078e+00 0.000000000000000000e+00 -9.976263390854001045e-04 -5.398639012128114700e-03 -1.999950885772705078e+00 0.000000000000000000e+00 1.000000000000000000e+01 8.191000000000000000e+03 0.000000000000000000e+00
5.599999904632568359e+00 -1.999997854232788086e+00 0.000000000000000000e+00 -9.976878063753247261e-04 -5.498407874256372452e-03 -1.999950885772705078e+00 0.000000000000000000e+00 1.000000000000000000e+01 8.191000000000000000e+03 0.000000000000000000e+00
5.700000286102294922e+00 -2.000001192092895508e+00 0.000000000000000000e+00 -9.977195877581834793e-04 -5.598179530352354050e-03 -1.999950885772705078e+00 0.000000000000000000e+00 1.000000000000000000e+01 8.191000000000000000e+03 0.000000000000000000e+00
5.800000190734863281e+00 -1.999995112419128418e+00 0.000000000000000000e+00 -9.977022418752312660e-04 -5.697949789464473724e-03 -1.999950885772705078e+00 0.000000000000000000e+00 1.000000000000000000e+01 8.191000000000000000e+03 0.000000000000000000e+00
5.900000095367431641e+00 -2.000014543533325195e+00 0.000000000000000000e+00 -9.976978180930018425e-04 -5.797719582915306091e-03 -1.999950885772705078e+00 0.000000000000000000e+00 1.000000000000000000e+01 8.191000000000000000e+03 0.000000000000000000e+00
6.000000000000000000e+00 -1.999988675117492676e+00 0.000000000000000000e+00 -9.976630099117755890e-04 -5.897486116737127304e-03 -1.999950885772705078e+00 0.000000000000000000e+00 1.000000000000000000e+01 8.191000000000000000e+03 0.000000000000000000e+00
6.099999904632568359e+00 -1.999985694885253906e+00 0.000000000000000000e+00 -9.976305300369858742e-04 -5.997248925268650055e-03 -1.999950885772705078e+00 0.000000000000000000e+00 1.000000000000000000e+01 8.191000000000000000e+03 0.000000000000000000e+00
6.200000286102294922e+00 -1.999991416931152344e+00 0.000000000000000000e+00 -9.976845467463135719e-04 -6.097017321735620499e-03 -1.999950885772705078e+00 0.000000000000000000e+00 1.000000000000000000e+01 8.191000000000000000e+03 0.000000000000000000e+00
6.300000190734863281e+00 -1.999994277954101562e+00 0.000000000000000000e+00 -9.976136498153209686e-04 -6.196778733283281326e-03 -1.999950885772705078e+00 0.000000000000000000e+00 1.000000000000000000e+01 8.191000000000000000e+03 0.000000000000000000e+00
6.400000095367431641e+00 -1.999995112419128418e+00 0.000000000000000000e+00 -9.976034052670001984e-04 -6.296539213508367538e-03 -1.999950885772705078e+00 0.000000000000000000e+00 1.000000000000000000e+01 8.191000000000000000e+03 0.000000000000000000e+00
6.500000000000000000e+00 -1.999997258186340332e+00 0.000000000000000000e+00 -9.976848959922790527e-04 -6.396307609975337982e-03 -1.999950885772705078e+00 0.000000000000000000e+00 1.000000000000000000e+01 8.191000000000000000e+03 0.000000000000000000e+00
6.599999904632568359e+00 -1.999991059303283691e+00 0.000000000000000000e+00 -9.975899010896682739e-04 -6.496066693216562271e-03 -1.999950885772705078e+00 0.000000000000000000e+00 1.000000000000000000e+01 8.191000000000000000e+03 0.000000000000000000e+00
6.700000286102294922e+00 -1.999993562698364258e+00 0.000000000000000000e+00 -9.976917644962668419e-04 -6.595836021006107330e-03 -1.999950885772705078e+00 0.000000000000000000e+00 1.000000000000000000e+01 8.191000000000000000e+03 0.000000000000000000e+00
6.800000190734863281e+00 -1.999990582466125488e+00 0.000000000000000000e+00 -9.976682486012578011e-04 -6.695602554827928543e-03 -1.999950885772705078e+00 0.000000000000000000e+00 1.000000000000000000e+01 8.191000000000000000e+03 0.000000000000000000e+00
6.900000095367431641e+00 -2.000000000000000000e+00 0.000000000000000000e+00 -9.976667352020740509e-04 -6.795369554311037064e-03 -1.999950885772705078e+00 0.000000000000000000e+00 1.000000000000000000e+01 8.191000000000000000e+03 0.000000000000000000e+00
7.000000000000000000e+00 -1.999995350837707520e+00 0.000000000000000000e+00 -9.976454311981797218e-04 -6.895133759826421738e-03 -1.999950885772705078e+00 0.000000000000000000e+00 1.000000000000000000e+01 8.191000000000000000e+03 0.000000000000000000e+00
7.099999904632568359e+00 -1.999993205070495605e+00 0.000000000000000000e+00 -9.976442670449614525e-04 -6.994898431003093719e-03 -1.999950885772705078e+00 0.000000000000000000e+00 1.000000000000000000e+01 8.191000000000000000e+03 0.000000000000000000e+00
7.200000286102294922e+00 -1.999989986419677734e+00 0.000000000000000000e+00 -9.976718574762344360e-04 -7.094665430486202240e-03 -1.999950885772705078e+00 0.000000000000000000e+00 1.000000000000000000e+01 8.191000000000000000e+03 0.000000000000000000e+00
7.300000190734863281e+00 -1.999995946884155273e+00 0.000000000000000000e+00 -9.976690635085105896e-04 -7.194432429969310760e-03 -1.999950885772705078e+00 0.000000000000000000e+00 1.000000000000000000e+01 8.191000000000000000e+03 0.000000000000000000e+00
7.400000095367431641e+00 -1.999994874000549316e+00 0.000000000000000000e+00 -9.976667352020740509e-04 -7.294198963791131973e-03 -1.999950885772705078e+00 0.000000000000000000e+00 1.000000000000000000e+01 8.191000000000000000e+03 0.000000000000000000e+00
7.500000000000000000e+00 -1.999977707862854004e+00 0.000000000000000000e+00 -9.976871078833937645e-04 -7.393967825919389725e-03 -1.999950885772705078e+00 0.000000000000000000e+00 1.000000000000000000e+01 8.191000000000000000e+03 0.000000000000000000e+00
7.599999904632568359e+00 -1.999997854232788086e+00 0.000000000000000000e+00 -9.976754663512110710e-04 -7.493735291063785553e-03 -1.999950885772705078e+00 0.000000000000000000e+00 1.000000000000000000e+01 8.191000000000000000e+03 0.000000000000000000e+00
7.700000286102294922e+00 -2.000008106231689453e+00 0.000000000000000000e+00 -9.977244772017002106e-04 -7.593507878482341766e-03 -1.999950885772705078e+00 0.000000000000000000e+00 1.000000000000000000e+01 8.191000000000000000e+03 0.000000000000000000e+00
7.800000190734863281e+00 -2.000003576278686523e+00 0.000000000000000000e+00 -9.977208683267235756e-04 -7.693280000239610672e-03 -1.999950885772705078e+00 0.000000000000000000e+00 1.000000000000000000e+01 8.191000000000000000e+03 0.000000000000000000e+00
7.900000095367431641e+00 -1.999997019767761230e+00 0.000000000000000000e+00 -9.976929286494851112e-04 -7.793049328029155731e-03 -1.999950885772705078e+00 0.000000000000000000e+00 1.000000000000000000e+01 8.191000000000000000e+03 0.000000000000000000e+00
8.000000000000000000e+00 -1.999994754791259766e+00 0.000000000000000000e+00 -9.976525325328111649e-04 -7.892814464867115021e-03 -1.999950885772705078e+00 0.000000000000000000e+00 1.000000000000000000e+01 8.191000000000000000e+03 0.000000000000000000e+00
8.100000381469726562e+00 -2.000000000000000000e+00 0.000000000000000000e+00 -9.976483415812253952e-04 -7.992579601705074310e-03 -1.999950885772705078e+00 0.000000000000000000e+00 1.000000000000000000e+01 8.191000000000000000e+03 0.000000000000000000e+00
8.199999809265136719e+00 -1.999986290931701660e+00 0.000000000000000000e+00 -9.976431028917431831e-04 -8.092343807220458984e-03 -1.999950885772705078e+00 0.000000000000000000e+00 1.000000000000000000e+01 8.191000000000000000e+03 0.000000000000000000e+00
8.300000190734863281e+00 -1.999988675117492676e+00 0.000000000000000000e+00 -9.977022418752312660e-04 -8.192113600671291351e-03 -1.999950885772705078e+00 0.000000000000000000e+00 1.000000000000000000e+01 8.191000000000000000e+03 0.000000000000000000e+00
8.400000572204589844e+00 -2.000000476837158203e+00 0.000000000000000000e+00 -9.976662695407867432e-04 -8.291880600154399872e-03 -1.999950885772705078e+00 0.000000000000000000e+00 1.000000000000000000e+01 8.191000000000000000e+03 0.000000000000000000e+00
8.500000000000000000e+00 -1.999991416931152344e+00 0.000000000000000000e+00 -9.977410081773996353e-04 -8.391655050218105316e-03 -1.999950885772705078e+00 0.000000000000000000e+00 1.000000000000000000e+01 8.191000000000000000e+03 0.000000000000000000e+00
8.600000381469726562e+00 -2.000002861022949219e+00 0.000000000000000000e+00 -9.977357694879174232e-04 -8.491428568959236145e-03 -1.999950885772705078e+00 0.000000000000000000e+00 1.000000000000000000e+01 8.191000000000000000e+03 0.000000000000000000e+00
8.699999809265136719e+00 -1.999987125396728516e+00 0.000000000000000000e+00 -9.977080626413226128e-04 -8.591199293732643127e-03 -1.999950885772705078e+00 0.000000000000000000e+00 1.000000000000000000e+01 8.191000000000000000e+03 0.000000000000000000e+00
8.800000190734863281e+00 -1.999992609024047852e+00 0.000000000000000000e+00 -9.976994479075074196e-04 -8.690969087183475494e-03 -1.999950885772705078e+00 0.000000000000000000e+00 1.000000000000000000e+01 8.191000000000000000e+03 0.000000000000000000e+00
8.900000572204589844e+00 -1.999994277954101562e+00 0.000000000000000000e+00 -9.976652218028903008e-04 -8.790735155344009399e-03 -1.999950885772705078e+00 0.000000000000000000e+00 1.000000000000000000e+01 8.191000000000000000e+03 0.000000000000000000e+00
9.000000000000000000e+00 -2.000005960464477539e+00 0.000000000000000000e+00 -9.977436857298016548e-04 -8.890509605407714844e-03 -1.999950885772705078e+00 0.000000000000000000e+00 1.000000000000000000e+01 8.191000000000000000e+03 0.000000000000000000e+00
9.100000381469726562e+00 -1.999992132186889648e+00 0.000000000000000000e+00 -9.976770961657166481e-04 -8.990277536213397980e-03 -1.999950885772705078e+00 0.000000000000000000e+00 1.000000000000000000e+01 8.191000000000000000e+03 0.000000000000000000e+00
9.199999809265136719e+00 -1.999995708465576172e+00 0.000000000000000000e+00 -9.977008448913693428e-04 -9.090047329664230347e-03 -1.999950885772705078e+00 0.000000000000000000e+00 1.000000000000000000e+01 8.191000000000000000e+03 0.000000000000000000e+00
9.300000190734863281e+00 -2.000001668930053711e+00 0.000000000000000000e+00 -9.977297158911824226e-04 -9.189820848405361176e-03 -1.999950885772705078e+00 0.000000000000000000e+00 1.000000000000000000e+01 8.191000000000000000e+03 0.000000000000000000e+00
9.400000572204589844e+00 -1.999996066093444824e+00 0.000000000000000000e+00 -9.977183071896433830e-04 -9.289592504501342773e-03 -1.999950885772705078e+00 0.000000000000000000e+00 1.000000000000000000e+01 8.191000000000000000e+03 0.000000000000000000e+00
9.500000000000000000e+00 -1.999988436698913574e+00 0.000000000000000000e+00 -9.977446170523762703e-04 -9.389366954565048218e-03 -1.999950885772705078e+00 0.000000000000000000e+00 1.000000000000000000e+01 8.191000000000000000e+03 0.000000000000000000e+00
9.600000381469726562e+00 -1.999992012977600098e+00 0.000000000000000000e+00 -9.976929286494851112e-04 -9.489135816693305969e-03 -1.999950885772705078e+00 0.000000000000000000e+00 1.000000000000000000e+01 8.191000000000000000e+03 0.000000000000000000e+00
9.699999809265136719e+00 -1.999984145164489746e+00 0.000000000000000000e+00 -9.976859437301754951e-04 -9.588904678821563721e-03 -1.999950885772705078e+00 0.000000000000000000e+00 1.000000000000000000e+01 8.191000000000000000e+03 0.000000000000000000e+00
9.800000190734863281e+00 -1.999992966651916504e+00 0.000000000000000000e+00 -9.977261070162057877e-04 -9.688677266240119934e-03 -1.999950885772705078e+00 0.000000000000000000e+00 1.000000000000000000e+01 8.191000000000000000e+03 0.000000000000000000e+00
9.900000572204589844e+00 -1.999996066093444824e+00 0.000000000000000000e+00 -9.977307636290788651e-04 -9.788450784981250763e-03 -1.999950885772705078e+00 0.000000000000000000e+00 1.000000000000000000e+01 8.191000000000000000e+03 0.000000000000000000e+00
1.000000000000000000e+01 -1.999990582466125488e+00 0.000000000000000000e+00 -9.976851288229227066e-04 -9.888218715786933899e-03 -1.999950885772705078e+00 0.000000000000000000e+00 1.000000000000000000e+01 8.191000000000000000e+03 0.000000000000000000e+00
1.010000038146972656e+01 -2.000001192092895508e+00 0.000000000000000000e+00 -9.976136498153209686e-04 -9.987980127334594727e-03 -1.999950885772705078e+00 0.000000000000000000e+00 1.000000000000000000e+01 8.191000000000000000e+03 0.000000000000000000e+00
1.019999980926513672e+01 -1.999990820884704590e+00 0.000000000000000000e+00 -9.977078298106789589e-04 -1.008775085210800171e-02 -1.999950885772705078e+00 0.000000000000000000e+00 1.000000000000000000e+01 8.191000000000000000e+03 0.000000000000000000e+00
1.030000019073486328e+01 -2.000000476837158203e+00 0.000000000000000000e+00 -9.977072477340698242e-04 -1.018752157688140869e-02 -1.999950885772705078e+00 0.000000000000000000e+00 1.000000000000000000e+01 8.191000000000000000e+03 0.000000000000000000e+00
1.040000057220458984e+01 -1.999999165534973145e+00 0.000000000000000000e+00 -9.977169102057814598e-04 -1.028729323297739029e-02 -1.999950885772705078e+00 0.000000000000000000e+00 1.000000000000000000e+01 8.191000000000000000e+03 0.000000000000000000e+00
1.050000000000000000e+01 -2.000002384185791016e+00 0.000000000000000000e+00 -9.976873407140374184e-04 -1.038706209510564804e-02 -1.999950885772705078e+00 0.000000000000000000e+00 1.000000000000000000e+01 8.191000000000000000e+03 0.000000000000000000e+00
1.060000038146972656e+01 -1.999978899955749512e+00 0.000000000000000000e+00 -9.976929286494851112e-04 -1.048683188855648041e-02 -1.999950885772705078e+00 0.000000000000000000e+00 1.000000000000000000e+01 8.191000000000000000e+03 0.000000000000000000e+00
1.069999980926513672e+01 -1.999995946884155273e+00 0.000000000000000000e+00 -9.976415894925594330e-04 -1.058659609407186508e-02 -1.999950885772705078e+00 0.000000000000000000e+00 1.000000000000000000e+01 8.191000000000000000e+03 0.000000000000000000e+00
1.080000019073486328e+01 -1.999991059303283691e+00 0.000000000000000000e+00 -9.977293666452169418e-04 -1.068636868149042130e-02 -1.999950885772705078e+00 0.000000000000000000e+00 1.000000000000000000e+01 8.191000000000000000e+03 0.000000000000000000e+00
1.090000057220458984e+01 -1.999992609024047852e+00 0.000000000000000000e+00 -9.977429872378706932e-04 -1.078614313155412674e-02 -1.999950885772705078e+00 0.000000000000000000e+00 1.000000000000000000e+01 8.191000000000000000e+03 0.000000000000000000e+00
1.100000000000000000e+01 -1.999985933303833008e+00 0.000000000000000000e+00 -9.976571891456842422e-04 -1.088590826839208603e-02 -1.999950885772705078e+00 0.000000000000000000e+00 1.000000000000000000e+01 8.191000000000000000e+03 0.000000000000000000e+00
1.110000038146972656e+01 -1.999992132186889648e+00 0.000000000000000000e+00 -9.976892033591866493e-04 -1.098567806184291840e-02 -1.999950885772705078e+00 0.000000000000000000e+00 1.000000000000000000e+01 8.191000000000000000e+03 0.000000000000000000e+00
1.119999980926513672e+01 -1.999997258186340332e+00 0.000000000000000000e+00 -9.977637091651558876e-04 -1.108545437455177307e-02 -1.999950885772705078e+00 0.000000000000000000e+00 1.000000000000000000e+01 8.191000000000000000e+03 0.000000000000000000e+00
1.130000019073486328e+01 -2.000000715255737305e+00 0.000000000000000000e+00 -9.977163281291723251e-04 -1.118522603064775467e-02 -1.999950885772705078e+00 0.000000000000000000e+00 1.000000000000000000e+01 8.191000000000000000e+03 0.000000000000000000e+00
1.140000057220458984e+01 -1.999992966651916504e+00 0.000000000000000000e+00 -9.976724395528435707e-04 -1.128499303013086319e-02 -1.999950885772705078e+00 0.000000000000000000e+00 1.000000000000000000e+01 8.191000000000000000e+03 0.000000000000000000e+00
1.150000000000000000e+01 -1.999993920326232910e+00 0.000000000000000000e+00 -9.976681321859359741e-04 -1.138476002961397171e-02 -1.999950885772705078e+00 0.000000000000000000e+00 1.000000000000000000e+01 8.191000000000000000e+03 0.000000000000000000e+00
1.160000038146972656e+01 -1.999984622001647949e+00 0.000000000000000000e+00 -9.976360015571117401e-04 -1.148452330380678177e-02 -1.999950885772705078e+00 0.000000000000000000e+00 1.000000000000000000e+01 8.191000000000000000e+03 0.000000000000000000e+00
1.169999980926513672e+01 -1.999998211860656738e+00 0.000000000000000000e+00 -9.976897854357957840e-04 -1.158429216593503952e-02 -1.999950885772705078e+00 0.000000000000000000e+00 1.000000000000000000e+01 8.191000000000000000e+03 0.000000000000000000e+00
1.180000019073486328e+01 -1.999986171722412109e+00 0.000000000000000000e+00 -9.976237779483199120e-04 -1.168405450880527496e-02 -1.999950885772705078e+00 0.000000000000000000e+00 1.000000000000000000e+01 8.191000000000000000e+03 0.000000000000000000e+00
1.190000057220458984e+01 -1.999988317489624023e+00 0.000000000000000000e+00 -9.977113222703337669e-04 -1.178382616490125656e-02 -1.999950885772705078e+00 0.000000000000000000e+00 1.000000000000000000e+01 8.191000000000000000e+03 0.000000000000000000e+00
1.200000000000000000e+01 -1.999991416931152344e+00 0.000000000000000000e+00 -9.976967703551054001e-04 -1.188359502702951431e-02 -1.999950885772705078e+00 0.000000000000000000e+00 1.000000000000000000e+01 8.191000000000000000e+03 0.000000000000000000e+00
1.210000038146972656e+01 -1.999992132186889648e+00 0.000000000000000000e+00 -9.977036388590931892e-04 -1.198336575180292130e-02 -1.999950885772705078e+00 0.000000000000000000e+00 1.000000000000000000e+01 8.191000000000000000e+03 0.000000000000000000e+00
1.219999980926513672e+01 -1.999998807907104492e+00 0.000000000000000000e+00 -9.977261070162057877e-04 -1.208313833922147751e-02 -1.999950885772705078e+00 0.000000000000000000e+00 1.000000000000000000e+01 8.191000000000000000e+03 0.000000000000000000e+00
1.230000019073486328e+01 -2.000003337860107422e+00 0.000000000000000000e+00 -9.977332083508372307e-04 -1.218291185796260834e-02 -1.999950885772705078e+00 0.000000000000000000e+00 1.000000000000000000e+01 8.191000000000000000e+03 0.000000000000000000e+00
1.240000057220458984e+01 -2.000001192092895508e+00 0.000000000000000000e+00 -9.976662695407867432e-04 -1.228267792612314224e-02 -1.999950885772705078e+00 0.000000000000000000e+00 1.000000000000000000e+01 8.191000000000000000e+03 0.000000000000000000e+00
1.250000000000000000e+01 -1.999999761581420898e+00 0.000000000000000000e+00 -9.977213339880108833e-04 -1.238245051354169846e-02 -1.999950885772705078e+00 0.000000000000000000e+00 1.000000000000000000e+01 8.191000000000000000e+03 0.000000000000000000e+00
1.260000038146972656e+01 -1.999999403953552246e+00 0.000000000000000000e+00 -9.976613800972700119e-04 -1.248221658170223236e-02 -1.999950885772705078e+00 0.000000000000000000e+00 1.000000000000000000e+01 8.191000000000000000e+03 0.000000000000000000e+00
1.269999980926513672e+01 -2.000003099441528320e+00 0.000000000000000000e+00 -9.977008448913693428e-04 -1.258198637515306473e-02 -1.999950885772705078e+00 0.000000000000000000e+00 1.000000000000000000e+01 8.191000000000000000e+03 0.000000000000000000e+00
1.280000019073486328e+01 -2.000002384185791016e+00 0.000000000000000000e+00 -9.977038716897368431e-04 -1.268175709992647171e-02 -1.999950885772705078e+00 0.000000000000000000e+00 1.000000000000000000e+01 8.191000000000000000e+03 0.000000000000000000e+00
1.290000057220458984e+01 -1.999998688697814941e+00 0.000000000000000000e+00 -9.977136505767703056e-04 -1.278152875602245331e-02 -1.999950885772705078e+00 0.000000000000000000e+00 1.000000000000000000e+01 8.191000000000000000e+03 0.000000000000000000e+00
1.300000000000000000e+01 -1.999999165534973145e+00 0.000000000000000000e+00 -9.976488072425127029e-04 -1.288129296153783798e-02 -1.999950885772705078e+00 0.000000000000000000e+00 1.000000000000000000e+01 8.191000000000000000e+03 0.000000000000000000e+00
1.310000038146972656e+01 -1.999992012977600098e+00 0.000000000000000000e+00 -9.976611472666263580e-04 -1.298105902969837189e-02 -1.999950885772705078e+00 0.000000000000000000e+00 1.000000000000000000e+01 8.191000000000000000e+03 0.000000000000000000e+00
1.319999980926513672e+01 -1.999994158744812012e+00 0.000000000000000000e+00 -9.976984001696109772e-04 -1.308082975447177887e-02 -1.999950885772705078e+00 0.000000000000000000e+00 1.000000000000000000e+01 8.191000000000000000e+03 0.000000000000000000e+00
1.330000019073486328e+01 -2.000004529953002930e+00 0.000000000000000000e+00 -9.977839654311537743e-04 -1.318060792982578278e-02 -1.999950885772705078e+00 0.000000000000000000e+00 1.000000000000000000e+01 8.191000000000000000e+03 0.000000000000000000e+00
1.340000057220458984e+01 -2.000005245208740234e+00 0.000000000000000000e+00 -9.976956062018871307e-04 -1.328037772327661514e-02 -1.999950885772705078e+00 0.000000000000000000e+00 1.000000000000000000e+01 8.191000000000000000e+03 0.000000000000000000e+00
1.350000000000000000e+01 -1.999991774559020996e+00 0.000000000000000000e+00 -9.976818691939115524e-04 -1.338014565408229828e-02 -1.999950885772705078e+00 0.000000000000000000e+00 1.000000000000000000e+01 8.191000000000000000e+03 0.000000000000000000e+00
1.360000038146972656e+01 -1.999996066093444824e+00 0.000000000000000000e+00 -9.976681321859359741e-04 -1.347991265356540680e-02 -1.999950885772705078e+00 0.000000000000000000e+00 1.000000000000000000e+01 8.191000000000000000e+03 0.000000000000000000e+00
1.369999980926513672e+01 -2.000003814697265625e+00 0.000000000000000000e+00 -9.976255241781473160e-04 -1.357967499643564224e-02 -1.999950885772705078e+00 0.000000000000000000e+00 1.000000000000000000e+01 8.191000000000000000e+03 0.000000000000000000e+00
1.380000019073486328e+01 -2.000000476837158203e+00 0.000000000000000000e+00 -9.976821020245552063e-04 -1.367944292724132538e-02 -1.999950885772705078e+00 0.000000000000000000e+00 1.000000000000000000e+01 8.191000000000000000e+03 0.000000000000000000e+00
1.390000057220458984e+01 -2.000008821487426758e+00 0.000000000000000000e+00 -9.976854780688881874e-04 -1.377921178936958313e-02 -1.999950885772705078e+00 0.000000000000000000e+00 1.000000000000000000e+01 8.191000000000000000e+03 0.000000000000000000e+00
1.400000000000000000e+01 -1.999999642372131348e+00 0.000000000000000000e+00 -9.977231966331601143e-04 -1.387898437678813934e-02 -1.999950885772705078e+00 0.000000000000000000e+00 1.000000000000000000e+01 8.191000000000000000e+03 0.000000000000000000e+00
1.410000038146972656e+01 -1.999996304512023926e+00 0.000000000000000000e+00 -9.976986330002546310e-04 -1.397875417023897171e-02 -1.999950885772705078e+00 0.000000000000000000e+00 1.000000000000000000e+01 8.191000000000000000e+03 0.000000000000000000e+00
1.419999980926513672e+01 -1.999984622001647949e+00 0.000000000000000000e+00 -9.976881556212902069e-04 -1.407852303236722946e-02 -1.999950885772705078e+00 0.000000000000000000e+00 1.000000000000000000e+01 8.191000000000000000e+03 0.000000000000000000e+00
1.430000019073486328e+01 -1.999991655349731445e+00 0.000000000000000000e+00 -9.976669680327177048e-04 -1.417828910052776337e-02 -1.999950885772705078e+00 0.000000000000000000e+00 1.000000000000000000e+01 8.191000000000000000e+03 0.000000000000000000e+00
1.440000057220458984e+01 -1.999986886978149414e+00 0.000000000000000000e+00 -9.976716246455907822e-04 -1.427805610001087189e-02 -1.999950885772705078e+00 0.000000000000000000e+00 1.000000000000000000e+01 8.191000000000000000e+03 0.000000000000000000e+00
1.450000000000000000e+01 -1.999998092651367188e+00 0.000000000000000000e+00 -9.976915316656231880e-04 -1.437782589346170425e-02 -1.999950885772705078e+00 0.000000000000000000e+00 1.000000000000000000e+01 8.191000000000000000e+03 0.000000000000000000e+00
1.460000038146972656e+01 -1.999994874000549316e+00 0.000000000000000000e+00 -9.976313449442386627e-04 -1.447758916765451431e-02 -1.999950885772705078e+00 0.000000000000000000e+00 1.000000000000000000e+01 8.191000000000000000e+03 0.000000000000000000e+00
1.469999980926513672e+01 -1.999988913536071777e+00 0.000000000000000000e+00 -9.976577712222933769e-04 -1.457735430449247360e-02 -1.999950885772705078e+00 0.000000000000000000e+00 1.000000000000000000e+01 8.191000000000000000e+03 0.000000000000000000e+00
1.480000019073486328e+01 -1.999992370605468750e+00 0.000000000000000000e+00 -9.976134169846773148e-04 -1.467711571604013443e-02 -1.999950885772705078e+00 0.000000000000000000e+00 1.000000000000000000e+01 8.191000000000000000e+03 0.000000000000000000e+00
1.490000057220458984e+01 -2.000005006790161133e+00 0.000000000000000000e+00 -9.976597502827644348e-04 -1.477688178420066833e-02 -1.999950885772705078e+00 0.000000000000000000e+00 1.000000000000000000e+01 8.191000000000000000e+03 0.000000000000000000e+00
1.500000000000000000e+01 -2.000001192092895508e+00 0.000000000000000000e+00 -9.976536966860294342e-04 -1.487664692103862762e-02 -1.999950885772705078e+00 0.000000000000000000e+00 1.000000000000000000e+01 8.191000000000000000e+03 0.000000000000000000e+00
1.510000038146972656e+01 -1.999994874000549316e+00 0.000000000000000000e+00 -9.976488072425127029e-04 -1.497641205787658691e-02 -1.999950885772705078e+00 0.000000000000000000e+00 1.000000000000000000e+01 8.191000000000000000e+03 0.000000000000000000e+00
1.519999980926513672e+01 -1.999979853630065918e+00 0.000000000000000000e+00 -9.975989814847707748e-04 -1.507617160677909851e-02 -1.999950885772705078e+00 0.000000000000000000e+00 1.000000000000000000e+01 8.191000000000000000e+03 0.000000000000000000e+00
1.530000019073486328e+01 -2.000003814697265625e+00 0.000000000000000000e+00 -9.976821020245552063e-04 -1.517594046890735626e-02 -1.999950885772705078e+00 0.000000000000000000e+00 1.000000000000000000e+01 8.191000000000000000e+03 0.000000000000000000e+00
1.540000057220458984e+01 -1.999996066093444824e+00 0.000000000000000000e+00 -9.976075962185859680e-04 -1.527570094913244247e-02 -1.999950885772705078e+00 0.000000000000000000e+00 1.000000000000000000e+01 8.191000000000000000e+03 0.000000000000000000e+00
1.550000000000000000e+01 -1.999987125396728516e+00 0.000000000000000000e+00 -9.976354194805026054e-04 -1.537546422332525253e-02 -1.999950885772705078e+00 0.000000000000000000e+00 1.000000000000000000e+01 8.191000000000000000e+03 0.000000000000000000e+00
1.560000038146972656e+01 -2.000002384185791016e+00 0.000000000000000000e+00 -9.977102745324373245e-04 -1.547523587942123413e-02 -1.999950885772705078e+00 0.000000000000000000e+00 1.000000000000000000e+01 8.191000000000000000e+03 0.000000000000000000e+00
1.569999980926513672e+01 -1.999991416931152344e+00 0.000000000000000000e+00 -9.976128349080681801e-04 -1.557499729096889496e-02 -1.999950885772705078e+00 0.000000000000000000e+00 1.000000000000000000e+01 8.191000000000000000e+03 0.000000000000000000e+00
1.580000019073486328e+01 -1.999999046325683594e+00 0.000000000000000000e+00 -9.976752335205674171e-04 -1.567476429045200348e-02 -1.999950885772705078e+00 0.000000000000000000e+00 1.000000000000000000e+01 8.191000000000000000e+03 0.000000000000000000e+00
1.590000057220458984e+01 -1.999989509582519531e+00 0.000000000000000000e+00 -9.977080626413226128e-04 -1.577453501522541046e-02 -1.999950885772705078e+00 0.000000000000000000e+00 1.000000000000000000e+01 8.191000000000000000e+03 0.000000000000000000e+00
1.600000000000000000e+01 -1.999991416931152344e+00 0.000000000000000000e+00 -9.976034052670001984e-04 -1.587429642677307129e-02 -1.999950885772705078e+00 0.000000000000000000e+00 1.000000000000000000e+01 8.191000000000000000e+03 0.000000000000000000e+00
1.610000038146972656e+01 -1.999986290931701660e+00 0.000000000000000000e+00 -9.975591674447059631e-04 -1.597405225038528442e-02 -1.999950885772705078e+00 0.000000000000000000e+00 1.000000000000000000e+01 8.191000000000000000e+03 0.000000000000000000e+00
1.620000076293945312e+01 -1.999990820884704590e+00 0.000000000000000000e+00 -9.976495057344436646e-04 -1.607381552457809448e-02 -1.999950885772705078e+00 0.000000000000000000e+00 1.000000000000000000e+01 8.191000000000000000e+03 0.000000000000000000e+00
1.630000114440917969e+01 -1.999998092651367188e+00 0.000000000000000000e+00 -9.976067813113331795e-04 -1.617357693612575531e-02 -1.999950885772705078e+00 0.000000000000000000e+00 1.000000000000000000e+01 8.191000000000000000e+03 0.000000000000000000e+00
1.639999961853027344e+01 -1.999992132186889648e+00 0.000000000000000000e+00 -9.976403089240193367e-04 -1.627334021031856537e-02 -1.999950885772705078e+00 0.000000000000000000e+00 1.000000000000000000e+01 8.191000000000000000e+03 0.000000000000000000e+00
1.650000000000000000e+01 -2.000002384185791016e+00 0.000000000000000000e+00 -9.975772118195891380e-04 -1.637309975922107697e-02 -1.999950885772705078e+00 0.000000000000000000e+00 1.000000000000000000e+01 8.191000000000000000e+03 0.000000000000000000e+00
1.660000038146972656e+01 -1.999998807907104492e+00 0.000000000000000000e+00 -9.976273868232965469e-04 -1.647286117076873779e-02 -1.999950885772705078e+00 0.000000000000000000e+00 1.000000000000000000e+01 8.191000000000000000e+03 0.000000000000000000e+00
1.670000076293945312e+01 -1.999995350837707520e+00 0.000000000000000000e+00 -9.976295987144112587e-04 -1.657262444496154785e-02 -1.999950885772705078e+00 0.000000000000000000e+00 1.000000000000000000e+01 8.191000000000000000e+03 0.000000000000000000e+00
1.680000114440917969e+01 -1.999999046325683594e+00 0.000000000000000000e+00 -9.976511355489492416e-04 -1.667238958179950714e-02 -1.999950885772705078e+00 0.000000000000000000e+00 1.000000000000000000e+01 8.191000000000000000e+03 0.000000000000000000e+00
1.689999961853027344e+01 -1.999987840652465820e+00 0.000000000000000000e+00 -9.976279688999056816e-04 -1.677215285599231720e-02 -1.999950885772705078e+00 0.000000000000000000e+00 1.000000000000000000e+01 8.191000000000000000e+03 0.000000000000000000e+00
1.700000000000000000e+01 -1.999991416931152344e+00 0.000000000000000000e+00 -9.976774454116821289e-04 -1.687191985547542572e-02 -1.999950885772705078e+00 0.000000000000000000e+00 1.000000000000000000e+01 8.191000000000000000e+03 0.000000000000000000e+00
1.710000038146972656e+01 -2.000003337860107422e+00 0.000000000000000000e+00 -9.976911824196577072e-04 -1.697168871760368347e-02 -1.999950885772705078e+00 0.000000000000000000e+00 1.000000000000000000e+01 8.191000000000000000e+03 0.000000000000000000e+00
1.720000076293945312e+01 -1.999996423721313477e+00 0.000000000000000000e+00 -9.976436849683523178e-04 -1.707145385444164276e-02 -1.999950885772705078e+00 0.000000000000000000e+00 1.000000000000000000e+01 8.191000000000000000e+03 0.000000000000000000e+00
1.730000114440917969e+01 -2.000001192092895508e+00 0.000000000000000000e+00 -9.976936271414160728e-04 -1.717122271656990051e-02 -1.999950885772705078e+00 0.000000000000000000e+00 1.000000000000000000e+01 8.191000000000000000e+03 0.000000000000000000e+00
1.739999961853027344e+01 -1.999988079071044922e+00 0.000000000000000000e+00 -9.976649889722466469e-04 -1.727098971605300903e-02 -1.999950885772705078e+00 0.000000000000000000e+00 1.000000000000000000e+01 8.191000000000000000e+03 0.000000000000000000e+00
1.750000000000000000e+01 -1.999998807907104492e+00 0.000000000000000000e+00 -9.976390283554792404e-04 -1.737075299024581909e-02 -1.999950885772705078e+00 0.000000000000000000e+00 1.000000000000000000e+01 8.191000000000000000e+03 0.000000000000000000e+00
1.760000038146972656e+01 -1.999987483024597168e+00 0.000000000000000000e+00 -9.976461296901106834e-04 -1.747051812708377838e-02 -1.999950885772705078e+00 0.000000000000000000e+00 1.000000000000000000e+01 8.191000000000000000e+03 0.000000000000000000e+00
1.770000076293945312e+01 -1.999986290931701660e+00 0.000000000000000000e+00 -9.976162109524011612e-04 -1.757027953863143921e-02 -1.999950885772705078e+00 0.000000000000000000e+00 1.000000000000000000e+01 8.191000000000000000e+03 0.000000000000000000e+00
1.780000114440917969e+01 -1.999987244606018066e+00 0.000000000000000000e+00 -9.976013097912073135e-04 -1.767003908753395081e-02 -1.999950885772705078e+00 0.000000000000000000e+00 1.000000000000000000e+01 8.191000000000000000e+03 0.000000000000000000e+00
1.789999961853027344e+01 -1.999986171722412109e+00 0.000000000000000000e+00 -9.976436849683523178e-04 -1.776980422437191010e-02 -1.999950885772705078e+00 0.000000000000000000e+00 1.000000000000000000e+01 8.191000000000000000e+03 0.000000000000000000e+00
1.800000000000000000e+01 -1.999997615814208984e+00 0.000000000000000000e+00 -9.976994479075074196e-04 -1.786957494914531708e-02 -1.999950885772705078e+00 0.000000000000000000e+00 1.000000000000000000e+01 8.191000000000000000e+03 0.000000000000000000e+00
1.810000038146972656e+01 -1.999984025955200195e+00 0.000000000000000000e+00 -9.976050350815057755e-04 -1.796933449804782867e-02 -1.999950885772705078e+00 0.000000000000000000e+00 1.000000000000000000e+01 8.191000000000000000e+03 0.000000000000000000e+00
1.820000076293945312e+01 -1.999980211257934570e+00 0.000000000000000000e+00 -9.976215660572052002e-04 -1.806909590959548950e-02 -1.999950885772705078e+00 0.000000000000000000e+00 1.000000000000000000e+01 8.191000000000000000e+03 0.000000000000000000e+00
1.830000114440917969e+01 -1.999989628791809082e+00 0.000000000000000000e+00 -9.976053843274712563e-04 -1.816885732114315033e-02 -1.999950885772705078e+00 0.000000000000000000e+00 1.000000000000000000e+01 8.191000000000000000e+03 0.000000000000000000e+00
1.839999961853027344e+01 -2.000000476837158203e+00 0.000000000000000000e+00 -9.976000292226672173e-04 -1.826861687004566193e-02 -1.999950885772705078e+00 0.000000000000000000e+00 1.000000000000000000e+01 8.191000000000000000e+03 0.000000000000000000e+00
1.850000000000000000e+01 -1.999997258186340332e+00 0.000000000000000000e+00 -9.976117871701717377e-04 -1.836837828159332275e-02 -1.999950885772705078e+00 0.000000000000000000e+00 1.000000000000000000e+01 8.191000000000000000e+03 0.000000000000000000e+00
1.860000038146972656e+01 -1.999998211860656738e+00 0.000000000000000000e+00 -9.976067813113331795e-04 -1.846813969314098358e-02 -1.999950885772705078e+00 0.000000000000000000e+00 1.000000000000000000e+01 8.191000000000000000e+03 0.000000000000000000e+00
1.870000076293945312e+01 -2.000006675720214844e+00 0.000000000000000000e+00 -9.977058507502079010e-04 -1.856791041791439056e-02 -1.999950885772705078e+00 0.000000000000000000e+00 1.000000000000000000e+01 8.191000000000000000e+03 0.000000000000000000e+00
1.880000114440917969e+01 -1.999997854232788086e+00 0.000000000000000000e+00 -9.976525325328111649e-04 -1.866767555475234985e-02 -1.999950885772705078e+00 0.000000000000000000e+00 1.000000000000000000e+01 8.191000000000000000e+03 0.000000000000000000e+00
1.889999961853027344e+01 -2.000001192092895508e+00 0.000000000000000000e+00 -9.976197034120559692e-04 -1.876743696630001068e-02 -1.999950885772705078e+00 0.000000000000000000e+00 1.000000000000000000e+01 8.191000000000000000e+03 0.000000000000000000e+00
1.900000000000000000e+01 -2.000002384185791016e+00 0.000000000000000000e+00 -9.976440342143177986e-04 -1.886720210313796997e-02 -1.999950885772705078e+00 0.000000000000000000e+00 1.000000000000000000e+01 8.191000000000000000e+03 0.000000000000000000e+00
1.910000038146972656e+01 -1.999996900558471680e+00 0.000000000000000000e+00 -9.975823340937495232e-04 -1.896695978939533234e-02 -1.999950885772705078e+00 0.000000000000000000e+00 1.000000000000000000e+01 8.191000000000000000e+03 0.000000000000000000e+00
1.920000076293945312e+01 -2.000005483627319336e+00 0.000000000000000000e+00 -9.976647561416029930e-04 -1.906672678887844086e-02 -1.999950885772705078e+00 0.000000000000000000e+00 1.000000000000000000e+01 8.191000000000000000e+03 0.000000000000000000e+00
1.930000114440917969e+01 -1.999992012977600098e+00 0.000000000000000000e+00 -9.975426364690065384e-04 -1.916648074984550476e-02 -1.999950885772705078e+00 0.000000000000000000e+00 1.000000000000000000e+01 8.191000000000000000e+03 0.000000000000000000e+00
1.939999961853027344e+01 -2.000001907348632812e+00 0.000000000000000000e+00 -9.976152796298265457e-04 -1.926624216139316559e-02 -1.999950885772705078e+00 0.000000000000000000e+00 1.000000000000000000e+01 8.191000000000000000e+03 0.000000000000000000e+00
1.950000000000000000e+01 -2.000000476837158203e+00 0.000000000000000000e+00 -9.976603323593735695e-04 -1.936600729823112488e-02 -1.999950885772705078e+00 0.000000000000000000e+00 1.000000000000000000e+01 8.191000000000000000e+03 0.000000000000000000e+00
1.960000038146972656e+01 -2.000002145767211914e+00 0.000000000000000000e+00 -9.976050350815057755e-04 -1.946576870977878571e-02 -1.999950885772705078e+00 0.000000000000000000e+00 1.000000000000000000e+01 8.191000000000000000e+03 0.000000000000000000e+00
1.970000076293945312e+01 -1.999994277954101562e+00 0.000000000000000000e+00 -9.976048022508621216e-04 -1.956552825868129730e-02 -1.999950885772705078e+00 0.000000000000000000e+00 1.000000000000000000e+01 8.191000000000000000e+03 0.000000000000000000e+00
1.980000114440917969e+01 -1.999993801116943359e+00 0.000000000000000000e+00 -9.975888533517718315e-04 -1.966528780758380890e-02 -1.999950885772705078e+00 0.000000000000000000e+00 1.000000000000000000e+01 8.191000000000000000e+03 0.000000000000000000e+00
1.989999961853027344e+01 -1.999997854232788086e+00 0.000000000000000000e+00 -9.975995635613799095e-04 -1.976504735648632050e-02 -1.999950885772705078e+00 0.000000000000000000e+00 1.000000000000000000e+01 8.191000000000000000e+03 0.000000000000000000e+00
2.000000000000000000e+01 -2.000005722045898438e+00 0.000000000000000000e+00 -9.975729044526815414e-04 -1.986480504274368286e-02 -1.999950885772705078e+00 0.000000000000000000e+00 1.000000000000000000e+01 8.191000000000000000e+03 0.000000000000000000e+00
2.010000038146972656e+01 -2.000006675720214844e+00 0.000000000000000000e+00 -9.975591674447059631e-04 -1.996456086635589600e-02 -1.999950885772705078e+00 0.000000000000000000e+00 1.000000000000000000e+01 8.191000000000000000e+03 0.000000000000000000e+00
2.020000076293945312e+01 -2.000005245208740234e+00 0.000000000000000000e+00 -9.976138826459646225e-04 -2.006432227790355682e-02 -1.999950885772705078e+00 0.000000000000000000e+00 1.000000000000000000e+01 8.191000000000000000e+03 0.000000000000000000e+00
2.030000114440917969e+01 -1.999993205070495605e+00 0.000000000000000000e+00 -9.976301807910203934e-04 -2.016408555209636688e-02 -1.999950885772705078e+00 0.000000000000000000e+00 1.000000000000000000e+01 8.191000000000000000e+03 0.000000000000000000e+00
2.039999961853027344e+01 -1.999998807907104492e+00 0.000000000000000000e+00 -9.976329747587442398e-04 -2.026384882628917694e-02 -1.999950885772705078e+00 0.000000000000000000e+00 1.000000000000000000e+01 8.191000000000000000e+03 0.000000000000000000e+00
2.050000000000000000e+01 -1.999998211860656738e+00 0.000000000000000000e+00 -9.976257570087909698e-04 -2.036361210048198700e-02 -1.999950885772705078e+00 0.000000000000000000e+00 1.000000000000000000e+01 8.191000000000000000e+03 0.000000000000000000e+00
2.060000038146972656e+01 -1.999991059303283691e+00 0.000000000000000000e+00 -9.976169094443321228e-04 -2.046337351202964783e-02 -1.999950885772705078e+00 0.000000000000000000e+00 1.000000000000000000e+01 8.191000000000000000e+03 0.000000000000000000e+00
2.070000076293945312e+01 -1.999985098838806152e+00 0.000000000000000000e+00 -9.975591674447059631e-04 -2.056312933564186096e-02 -1.999950885772705078e+00 0.000000000000000000e+00 1.000000000000000000e+01 8.191000000000000000e+03 0.000000000000000000e+00
2.080000114440917969e+01 -2.000006675720214844e+00 0.000000000000000000e+00 -9.975923458114266396e-04 -2.066288888454437256e-02 -1.999950885772705078e+00 0.000000000000000000e+00 1.000000000000000000e+01 8.191000000000000000e+03 0.000000000000000000e+00
2.089999961853027344e+01 -1.999995470046997070e+00 0.000000000000000000e+00 -9.975967695936560631e-04 -2.076264843344688416e-02 -1.999950885772705078e+00 0.000000000000000000e+00 1.000000000000000000e+01 8.191000000000000000e+03 0.000000000000000000e+00
2.100000000000000000e+01 -1.999999165534973145e+00 0.000000000000000000e+00 -9.976500878110527992e-04 -2.086241357028484344e-02 -1.999950885772705078e+00 0.000000000000000000e+00 1.000000000000000000e+01 8.191000000000000000e+03 0.000000000000000000e+00
2.110000038146972656e+01 -1.999992728233337402e+00 0.000000000000000000e+00 -9.976220317184925079e-04 -2.096217498183250427e-02 -1.999950885772705078e+00 0.000000000000000000e+00 1.000000000000000000e+01 8.191000000000000000e+03 0.000000000000000000e+00
2.120000076293945312e+01 -1.999998688697814941e+00 0.000000000000000000e+00 -9.975672001019120216e-04 -2.106193266808986664e-02 -1.999950885772705078e+00 0.000000000000000000e+00 1.000000000000000000e+01 8.191000000000000000e+03 0.000000000000000000e+00
2.130000114440917969e+01 -2.000002622604370117e+00 0.000000000000000000e+00 -9.976368164643645287e-04 -2.116169594228267670e-02 -1.999950885772705078e+00 0.000000000000000000e+00 1.000000000000000000e+01 8.191000000000000000e+03 0.000000000000000000e+00
2.139999961853027344e+01 -2.000006437301635742e+00 0.000000000000000000e+00 -9.975907159969210625e-04 -2.126145362854003906e-02 -1.999950885772705078e+00 0.000000000000000000e+00 1.000000000000000000e+01 8.191000000000000000e+03 0.000000000000000000e+00
2.150000000000000000e+01 -1.999997615814208984e+00 0.000000000000000000e+00 -9.975619614124298096e-04 -2.136121131479740143e-02 -1.999950885772705078e+00 0.000000000000000000e+00 1.000000000000000000e+01 8.191000000000000000e+03 0.000000000000000000e+00
2.160000038146972656e+01 -1.999999403953552246e+00 0.000000000000000000e+00 -9.975630091503262520e-04 -2.146096713840961456e-02 -1.999950885772705078e+00 0.000000000000000000e+00 1.000000000000000000e+01 8.191000000000000000e+03 0.000000000000000000e+00
2.170000076293945312e+01 -2.000008106231689453e+00 0.000000000000000000e+00 -9.976092260330915451e-04 -2.156072854995727539e-02 -1.999950885772705078e+00 0.000000000000000000e+00 1.000000000000000000e+01 8.191000000000000000e+03 0.000000000000000000e+00
2.180000114440917969e+01 -1.999989509582519531e+00 0.000000000000000000e+00 -9.975484572350978851e-04 -2.166048251092433929e-02 -1.999950885772705078e+00 0.000000000000000000e+00 1.000000000000000000e+01 8.191000000000000000e+03 0.000000000000000000e+00
2.189999961853027344e+01 -2.000004529953002930e+00 0.000000000000000000e+00 -9.975951397791504860e-04 -2.176024205982685089e-02 -1.999950885772705078e+00 0.000000000000000000e+00 1.000000000000000000e+01 8.191000000000000000e+03 0.000000000000000000e+00
2.200000000000000000e+01 -1.999992012977600098e+00 0.000000000000000000e+00 -9.975672001019120216e-04 -2.185999974608421326e-02 -1.999950885772705078e+00 0.000000000000000000e+00 1.000000000000000000e+01 8.191000000000000000e+03 0.000000000000000000e+00
2.210000038146972656e+01 -1.999998211860656738e+00 0.000000000000000000e+00 -9.975559078156948090e-04 -2.195975370705127716e-02 -1.999950885772705078e+00 0.000000000000000000e+00 1.000000000000000000e+01 8.191000000000000000e+03 0.000000000000000000e+00
2.220000076293945312e+01 -1.999997615814208984e+00 0.000000000000000000e+00 -9.975734865292906761e-04 -2.205951139330863953e-02 -1.999950885772705078e+00 0.000000000000000000e+00 1.000000000000000000e+01 8.191000000000000000e+03 0.000000000000000000e+00
2.230000114440917969e+01 -2.000000953674316406e+00 0.000000000000000000e+00 -9.975815191864967346e-04 -2.215927094221115112e-02 -1.999950885772705078e+00 0.000000000000000000e+00 1.000000000000000000e+01 8.191000000000000000e+03 0.000000000000000000e+00
2.239999961853027344e+01 -1.999991416931152344e+00 0.000000000000000000e+00 -9.976142318919301033e-04 -2.225903235375881195e-02 -1.999950885772705078e+00 0.000000000000000000e+00 1.000000000000000000e+01 8.191000000000000000e+03 0.000000000000000000e+00
2.250000000000000000e+01 -1.999987483024597168e+00 0.000000000000000000e+00 -9.975923458114266396e-04 -2.235879004001617432e-02 -1.999950885772705078e+00 0.000000000000000000e+00 1.000000000000000000e+01 8.191000000000000000e+03 0.000000000000000000e+00
2.260000038146972656e+01 -2.000003337860107422e+00 0.000000000000000000e+00 -9.976295987144112587e-04 -2.245855331420898438e-02 -1.999950885772705078e+00 0.000000000000000000e+00 1.000000000000000000e+01 8.191000000000000000e+03 0.000000000000000000e+00
2.270000076293945312e+01 -2.000005483627319336e+00 0.000000000000000000e+00 -9.976567234843969345e-04 -2.255832031369209290e-02 -1.999950885772705078e+00 0.000000000000000000e+00 1.000000000000000000e+01 8.191000000000000000e+03 0.000000000000000000e+00
2.280000114440917969e+01 -1.999984622001647949e+00 0.000000000000000000e+00 -9.975867578759789467e-04 -2.265807799994945526e-02 -1.999950885772705078e+00 0.000000000000000000e+00 1.000000000000000000e+01 8.191000000000000000e+03 0.000000000000000000e+00
2.289999961853027344e+01 -1.999995946884155273e+00 0.000000000000000000e+00 -9.976440342143177986e-04 -2.275784313678741455e-02 -1.999950885772705078e+00 0.000000000000000000e+00 1.000000000000000000e+01 8.191000000000000000e+03 0.000000000000000000e+00
2.300000000000000000e+01 -1.999993920326232910e+00 0.000000000000000000e+00 -9.976291330531239510e-04 -2.285760454833507538e-02 -1.999950885772705078e+00 0.000000000000000000e+00 1.000000000000000000e+01 8.191000000000000000e+03 0.000000000000000000e+00
2.310000038146972656e+01 -2.000004529953002930e+00 0.000000000000000000e+00 -9.975752327591180801e-04 -2.295736223459243774e-02 -1.999950885772705078e+00 0.000000000000000000e+00 1.000000000000000000e+01 8.191000000000000000e+03 0.000000000000000000e+00
2.320000076293945312e+01 -1.999993324279785156e+00 0.000000000000000000e+00 -9.976180735975503922e-04 -2.305712550878524780e-02 -1.999950885772705078e+00 0.000000000000000000e+00 1.000000000000000000e+01 8.191000000000000000e+03 0.000000000000000000e+00
2.330000114440917969e+01 -1.999997496604919434e+00 0.000000000000000000e+00 -9.976156288757920265e-04 -2.315688692033290863e-02 -1.999950885772705078e+00 0.000000000000000000e+00 1.000000000000000000e+01 8.191000000000000000e+03 0.000000000000000000e+00
2.339999961853027344e+01 -1.999990820884704590e+00 0.000000000000000000e+00 -9.976169094443321228e-04 -2.325664833188056946e-02 -1.999950885772705078e+00 0.000000000000000000e+00 1.000000000000000000e+01 8.191000000000000000e+03 0.000000000000000000e+00
2.350000000000000000e+01 -2.000009298324584961e+00 0.000000000000000000e+00 -9.976539295166730881e-04 -2.335641346871852875e-02 -1.999950885772705078e+00 0.000000000000000000e+00 1.000000000000000000e+01 8.191000000000000000e+03 0.000000000000000000e+00
2.360000038146972656e+01 -2.000000000000000000e+00 0.000000000000000000e+00 -9.976126020774245262e-04 -2.345617488026618958e-02 -1.999950885772705078e+00 0.000000000000000000e+00 1.000000000000000000e+01 8.191000000000000000e+03 0.000000000000000000e+00
2.370000076293945312e+01 -1.999999165534973145e+00 0.000000000000000000e+00 -9.976148139685392380e-04 -2.355593629181385040e-02 -1.999950885772705078e+00 0.000000000000000000e+00 1.000000000000000000e+01 8.191000000000000000e+03 0.000000000000000000e+00
2.380000114440917969e+01 -1.999985337257385254e+00 0.000000000000000000e+00 -9.975974680855870247e-04 -2.365569584071636200e-02 -1.999950885772705078e+00 0.000000000000000000e+00 1.000000000000000000e+01 8.191000000000000000e+03 0.000000000000000000e+00
2.389999961853027344e+01 -1.999998688697814941e+00 0.000000000000000000e+00 -9.976550936698913574e-04 -2.375546097755432129e-02 -1.999950885772705078e+00 0.000000000000000000e+00 1.000000000000000000e+01 8.191000000000000000e+03 0.000000000000000000e+00
2.400000000000000000e+01 -1.999993205070495605e+00 0.000000000000000000e+00 -9.975859429687261581e-04 -2.385522052645683289e-02 -1.999950885772705078e+00 0.000000000000000000e+00 1.000000000000000000e+01 8.191000000000000000e+03 0.000000000000000000e+00
2.410000038146972656e+01 -1.999992012977600098e+00 0.000000000000000000e+00 -9.976241271942853928e-04 -2.395498193800449371e-02 -1.999950885772705078e+00 0.000000000000000000e+00 1.000000000000000000e+01 8.191000000000000000e+03 0.000000000000000000e+00
2.420000076293945312e+01 -2.000006198883056641e+00 0.000000000000000000e+00 -9.977176086977124214e-04 -2.405475452542304993e-02 -1.999950885772705078e+00 0.000000000000000000e+00 1.000000000000000000e+01 8.191000000000000000e+03 0.000000000000000000e+00
2.430000114440917969e+01 -2.000008821487426758e+00 0.000000000000000000e+00 -9.975916473194956779e-04 -2.415451407432556152e-02 -1.999950885772705078e+00 0.000000000000000000e+00 1.000000000000000000e+01 8.191000000000000000e+03 0.000000000000000000e+00
2.439999961853027344e+01 -2.000009298324584961e+00 0.000000000000000000e+00 -9.976421715691685677e-04 -2.425427734851837158e-02 -1.999950885772705078e+00 0.000000000000000000e+00 1.000000000000000000e+01 8.191000000000000000e+03 0.000000000000000000e+00
2.450000000000000000e+01 -2.000001907348632812e+00 0.000000000000000000e+00 -9.976373985409736633e-04 -2.435404062271118164e-02 -1.999950885772705078e+00 0.000000000000000000e+00 1.000000000000000000e+01 8.191000000000000000e+03 0.000000000000000000e+00
2.460000038146972656e+01 -2.000016450881958008e+00 0.000000000000000000e+00 -9.976909495890140533e-04 -2.445380948483943939e-02 -1.999950885772705078e+00 0.000000000000000000e+00 1.000000000000000000e+01 8.191000000000000000e+03 0.000000000000000000e+00
2.470000076293945312e+01 -2.000000000000000000e+00 0.000000000000000000e+00 -9.976183064281940460e-04 -2.455357275903224945e-02 -1.999950885772705078e+00 0.000000000000000000e+00 1.000000000000000000e+01 8.191000000000000000e+03 0.000000000000000000e+00
2.480000114440917969e+01 -2.000005483627319336e+00 0.000000000000000000e+00 -9.975766297429800034e-04 -2.465333044528961182e-02 -1.999950885772705078e+00 0.000000000000000000e+00 1.000000000000000000e+01 8.191000000000000000e+03 0.000000000000000000e+00
2.489999961853027344e+01 -2.000004529953002930e+00 0.000000000000000000e+00 -9.975475259125232697e-04 -2.475308440625667572e-02 -1.999950885772705078e+00 0.000000000000000000e+00 1.000000000000000000e+01 8.191000000000000000e+03 0.000000000000000000e+00
2.500000000000000000e+01 -2.000001907348632812e+00 0.000000000000000000e+00 -9.975937427952885628e-04 -2.485284395515918732e-02 -1.999950885772705078e+00 0.000000000000000000e+00 1.000000000000000000e+01 8.191000000000000000e+03 0.000000000000000000e+00
2.510000038146972656e+01 -1.999999403953552246e+00 0.000000000000000000e+00 -9.975149296224117279e-04 -2.495259605348110199e-02 -1.999950885772705078e+00 0.000000000000000000e+00 1.000000000000000000e+01 8.191000000000000000e+03 0.000000000000000000e+00
2.520000076293945312e+01 -1.999984741210937500e+00 0.000000000000000000e+00 -9.975136490538716316e-04 -2.505234628915786743e-02 -1.999950885772705078e+00 0.000000000000000000e+00 1.000000000000000000e+01 8.191000000000000000e+03 0.000000000000000000e+00
2.530000114440917969e+01 -2.000000953674316406e+00 0.000000000000000000e+00 -9.975987486541271210e-04 -2.515210583806037903e-02 -1.999950885772705078e+00 0.000000000000000000e+00 1.000000000000000000e+01 8.191000000000000000e+03 0.000000000000000000e+00
2.539999961853027344e+01 -1.999983429908752441e+00 0.000000000000000000e+00 -9.975720895454287529e-04 -2.525186352431774139e-02 -1.999950885772705078e+00 0.000000000000000000e+00 1.000000000000000000e+01 8.191000000000000000e+03 0.000000000000000000e+00
2.550000000000000000e+01 -1.999992609024047852e+00 0.000000000000000000e+00 -9.975960711017251015e-04 -2.535162307322025299e-02 -1.999950885772705078e+00 0.000000000000000000e+00 1.000000000000000000e+01 8.191000000000000000e+03 0.000000000000000000e+00
2.560000038146972656e+01 -2.000005483627319336e+00 0.000000000000000000e+00 -9.975382126867771149e-04 -2.545137703418731689e-02 -1.999950885772705078e+00 0.000000000000000000e+00 1.000000000000000000e+01 8.191000000000000000e+03 0.000000000000000000e+00
2.570000076293945312e+01 -2.000009059906005859e+00 0.000000000000000000e+00 -9.975240100175142288e-04 -2.555112913250923157e-02 -1.999950885772705078e+00 0.000000000000000000e+00 1.000000000000000000e+01 8.191000000000000000e+03 0.000000000000000000e+00
2.580000114440917969e+01 -2.000009775161743164e+00 0.000000000000000000e+00 -9.976176079362630844e-04 -2.565089240670204163e-02 -1.999950885772705078e+00 0.000000000000000000e+00 1.000000000000000000e+01 8.191000000000000000e+03 0.000000000000000000e+00
2.589999961853027344e+01 -2.000014305114746094e+00 0.000000000000000000e+00 -9.976364672183990479e-04 -2.575065568089485168e-02 -1.999950885772705078e+00 0.000000000000000000e+00 1.000000000000000000e+01 8.191000000000000000e+03 0.000000000000000000e+00
2.600000000000000000e+01 -2.000006675720214844e+00 0.000000000000000000e+00 -9.976120200008153915e-04 -2.585041709244251251e-02 -1.999950885772705078e+00 0.000000000000000000e+00 1.000000000000000000e+01 8.191000000000000000e+03 0.000000000000000000e+00
2.610000038146972656e+01 -2.000000000000000000e+00 0.000000000000000000e+00 -9.976676665246486664e-04 -2.595018222928047180e-02 -1.999950885772705078e+00 0.000000000000000000e+00 1.000000000000000000e+01 8.191000000000000000e+03 0.000000000000000000e+00
2.620000076293945312e+01 -1.999999642372131348e+00 0.000000000000000000e+00 -9.976243600249290466e-04 -2.604994550347328186e-02 -1.999950885772705078e+00 0.000000000000000000e+00 1.000000000000000000e+01 8.191000000000000000e+03 0.000000000000000000e+00
2.630000114440917969e+01 -1.999998807907104492e+00 0.000000000000000000e+00 -9.976623114198446274e-04 -2.614971250295639038e-02 -1.999950885772705078e+00 0.000000000000000000e+00 1.000000000000000000e+01 8.191000000000000000e+03 0.000000000000000000e+00
2.639999961853027344e+01 -2.000002622604370117e+00 0.000000000000000000e+00 -9.976431028917431831e-04 -2.624947577714920044e-02 -1.999950885772705078e+00 0.000000000000000000e+00 1.000000000000000000e+01 8.191000000000000000e+03 0.000000000000000000e+00
2.650000000000000000e+01 -1.999995350837707520e+00 0.000000000000000000e+00 -9.976412402465939522e-04 -2.634924091398715973e-02 -1.999950885772705078e+00 0.000000000000000000e+00 1.000000000000000000e+01 8.191000000000000000e+03 0.000000000000000000e+00
2.660000038146972656e+01 -1.999994277954101562e+00 0.000000000000000000e+00 -9.976200526580214500e-04 -2.644900232553482056e-02 -1.999950885772705078e+00 0.000000000000000000e+00 1.000000000000000000e+01 8.191000000000000000e+03 0.000000000000000000e+00
2.670000076293945312e+01 -2.000001668930053711e+00 0.000000000000000000e+00 -9.976460132747888565e-04 -2.654876746237277985e-02 -1.999950885772705078e+00 0.000000000000000000e+00 1.000000000000000000e+01 8.191000000000000000e+03 0.000000000000000000e+00
2.680000114440917969e+01 -2.000004053115844727e+00 0.000000000000000000e+00 -9.975903667509555817e-04 -2.664852514863014221e-02 -1.999950885772705078e+00 0.000000000000000000e+00 1.000000000000000000e+01 8.191000000000000000e+03 0.000000000000000000e+00
2.689999961853027344e+01 -1.999997854232788086e+00 0.000000000000000000e+00 -9.976506698876619339e-04 -2.674829028546810150e-02 -1.999950885772705078e+00 0.000000000000000000e+00 1.000000000000000000e+01 8.191000000000000000e+03 0.000000000000000000e+00
2.700000000000000000e+01 -2.000000000000000000e+00 0.000000000000000000e+00 -9.976417059078812599e-04 -2.684805542230606079e-02 -1.999950885772705078e+00 0.000000000000000000e+00 1.000000000000000000e+01 8.191000000000000000e+03 0.000000000000000000e+00
2.710000038146972656e+01 -2.000013113021850586e+00 0.000000000000000000e+00 -9.976329747587442398e-04 -2.694781869649887085e-02 -1.999950885772705078e+00 0.000000000000000000e+00 1.000000000000000000e+01 8.191000000000000000e+03 0.000000000000000000e+00
2.720000076293945312e+01 -1.999998211860656738e+00 0.000000000000000000e+00 -9.975879220291972160e-04 -2.704757638275623322e-02 -1.999950885772705078e+00 0.000000000000000000e+00 1.000000000000000000e+01 8.191000000000000000e+03 0.000000000000000000e+00
2.730000114440917969e+01 -2.000001907348632812e+00 0.000000000000000000e+00 -9.976233122870326042e-04 -2.714733965694904327e-02 -1.999950885772705078e+00 0.000000000000000000e+00 1.000000000000000000e+01 8.191000000000000000e+03 0.000000000000000000e+00
2.739999961853027344e+01 -1.999992609024047852e+00 0.000000000000000000e+00 -9.975292487069964409e-04 -2.724709175527095795e-02 -1.999950885772705078e+00 0.000000000000000000e+00 1.000000000000000000e+01 8.191000000000000000e+03 0.000000000000000000e+00
2.750000000000000000e+01 -2.000003099441528320e+00 0.000000000000000000e+00 -9.975484572350978851e-04 -2.734684757888317108e-02 -1.999950885772705078e+00 0.000000000000000000e+00 1.000000000000000000e+01 8.191000000000000000e+03 0.000000000000000000e+00
2.760000038146972656e+01 -2.000001192092895508e+00 0.000000000000000000e+00 -9.975265711545944214e-04 -2.744659967720508575e-02 -1.999950885772705078e+00 0.000000000000000000e+00 1.000000000000000000e+01 8.191000000000000000e+03 0.000000000000000000e+00
2.770000076293945312e+01 -2.000008344650268555e+00 0.000000000000000000e+00 -9.975003777071833611e-04 -2.754634991288185120e-02 -1.999950885772705078e+00 0.000000000000000000e+00 1.000000000000000000e+01 8.191000000000000000e+03 0.000000000000000000e+00
2.780000114440917969e+01 -1.999999403953552246e+00 0.000000000000000000e+00 -9.975213324651122093e-04 -2.764610201120376587e-02 -1.999950885772705078e+00 0.000000000000000000e+00 1.000000000000000000e+01 8.191000000000000000e+03 0.000000000000000000e+00
2.789999961853027344e+01 -2.000002861022949219e+00 0.000000000000000000e+00 -9.976031724363565445e-04 -2.774586342275142670e-02 -1.999950885772705078e+00 0.000000000000000000e+00 1.000000000000000000e+01 8.191000000000000000e+03 0.000000000000000000e+00
2.800000000000000000e+01 -1.999999761581420898e+00 0.000000000000000000e+00 -9.975680150091648102e-04 -2.784561924636363983e-02 -1.999950885772705078e+00 0.000000000000000000e+00 1.000000000000000000e+01 8.191000000000000000e+03 0.000000000000000000e+00
2.810000038146972656e+01 -2.000017881393432617e+00 0.000000000000000000e+00 -9.975738357752561569e-04 -2.794537693262100220e-02 -1.999950885772705078e+00 0.000000000000000000e+00 1.000000000000000000e+01 8.191000000000000000e+03 0.000000000000000000e+00
2.820000076293945312e+01 -2.000013113021850586e+00 0.000000000000000000e+00 -9.976379806175827980e-04 -2.804514020681381226e-02 -1.999950885772705078e+00 0.000000000000000000e+00 1.000000000000000000e+01 8.191000000000000000e+03 0.000000000000000000e+00
2.830000114440917969e+01 -1.999999046325683594e+00 0.000000000000000000e+00 -9.975545108318328857e-04 -2.814489603042602539e-02 -1.999950885772705078e+00 0.000000000000000000e+00 1.000000000000000000e+01 8.191000000000000000e+03 0.000000000000000000e+00
2.839999961853027344e+01 -1.999998211860656738e+00 0.000000000000000000e+00 -9.975694119930267334e-04 -2.824465371668338776e-02 -1.999950885772705078e+00 0.000000000000000000e+00 1.000000000000000000e+01 8.191000000000000000e+03 0.000000000000000000e+00
2.850000000000000000e+01 -1.999995708465576172e+00 0.000000000000000000e+00 -9.975694119930267334e-04 -2.834440954029560089e-02 -1.999950885772705078e+00 0.000000000000000000e+00 1.000000000000000000e+01 8.191000000000000000e+03 0.000000000000000000e+00
2.860000038146972656e+01 -2.000005245208740234e+00 0.000000000000000000e+00 -9.976431028917431831e-04 -2.844417467713356018e-02 -1.999950885772705078e+00 0.000000000000000000e+00 1.000000000000000000e+01 8.191000000000000000e+03 0.000000000000000000e+00
2.870000076293945312e+01 -1.999995708465576172e+00 0.000000000000000000e+00 -9.975987486541271210e-04 -2.854393422603607178e-02 -1.999950885772705078e+00 0.000000000000000000e+00 1.000000000000000000e+01 8.191000000000000000e+03 0.000000000000000000e+00
2.880000114440917969e+01 -2.000006198883056641e+00 0.000000000000000000e+00 -9.975503198802471161e-04 -2.864368818700313568e-02 -1.999950885772705078e+00 0.000000000000000000e+00 1.000000000000000000e+01 8.191000000000000000e+03 0.000000000000000000e+00
2.889999961853027344e+01 -2.000002145767211914e+00 0.000000000000000000e+00 -9.975566063076257706e-04 -2.874344401061534882e-02 -1.999950885772705078e+00 0.000000000000000000e+00 1.000000000000000000e+01 8.191000000000000000e+03 0.000000000000000000e+00
2.900000000000000000e+01 -2.000005483627319336e+00 0.000000000000000000e+00 -9.976022411137819290e-04 -2.884320542216300964e-02 -1.999950885772705078e+00 0.000000000000000000e+00 1.000000000000000000e+01 8.191000000000000000e+03 0.000000000000000000e+00
2.910000038146972656e+01 -1.999996900558471680e+00 0.000000000000000000e+00 -9.976163273677229881e-04 -2.894296683371067047e-02 -1.999950885772705078e+00 0.000000000000000000e+00 1.000000000000000000e+01 8.191000000000000000e+03 0.000000000000000000e+00
2.920000076293945312e+01 -1.999998092651367188e+00 0.000000000000000000e+00 -9.975912980735301971e-04 -2.904272638261318207e-02 -1.999950885772705078e+00 0.000000000000000000e+00 1.000000000000000000e+01 8.191000000000000000e+03 0.000000000000000000e+00
2.930000114440917969e+01 -2.000000476837158203e+00 0.000000000000000000e+00 -9.976075962185859680e-04 -2.914248593151569366e-02 -1.999950885772705078e+00 0.000000000000000000e+00 1.000000000000000000e+01 8.191000000000000000e+03 0.000000000000000000e+00
2.939999961853027344e+01 -1.999996900558471680e+00 0.000000000000000000e+00 -9.976036380976438522e-04 -2.924224734306335449e-02 -1.999950885772705078e+00 0.000000000000000000e+00 1.000000000000000000e+01 8.191000000000000000e+03 0.000000000000000000e+00
2.950000000000000000e+01 -2.000004053115844727e+00 0.000000000000000000e+00 -9.976188885048031807e-04 -2.934200875461101532e-02 -1.999950885772705078e+00 0.000000000000000000e+00 1.000000000000000000e+01 8.191000000000000000e+03 0.000000000000000000e+00
2.960000038146972656e+01 -1.999995112419128418e+00 0.000000000000000000e+00 -9.976384462788701057e-04 -2.944177202880382538e-02 -1.999950885772705078e+00 0.000000000000000000e+00 1.000000000000000000e+01 8.191000000000000000e+03 0.000000000000000000e+00
2.970000076293945312e+01 -2.000007867813110352e+00 0.000000000000000000e+00 -9.976349538192152977e-04 -2.954153530299663544e-02 -1.999950885772705078e+00 0.000000000000000000e+00 1.000000000000000000e+01 8.191000000000000000e+03 0.000000000000000000e+00
2.980000114440917969e+01 -2.000003814697265625e+00 0.000000000000000000e+00 -9.975503198802471161e-04 -2.964129112660884857e-02 -1.999950885772705078e+00 0.000000000000000000e+00 1.000000000000000000e+01 8.191000000000000000e+03 0.000000000000000000e+00
2.989999961853027344e+01 -2.000001430511474609e+00 0.000000000000000000e+00 -9.975616121664643288e-04 -2.974104695022106171e-02 -1.999950885772705078e+00 0.000000000000000000e+00 1.000000000000000000e+01 8.191000000000000000e+03 0.000000000000000000e+00
3.000000000000000000e+01 -2.000007390975952148e+00 0.000000000000000000e+00 -9.976354194805026054e-04 -2.984081022441387177e-02 -1.999950885772705078e+00 0.000000000000000000e+00 1.000000000000000000e+01 8.191000000000000000e+03 0.000000000000000000e+00
