5.000000000000000000e-01 2.354665193706750870e-04 2.354665193706750870e-04 0.000000000000000000e+00 0.000000000000000000e+00 8.191000000000000000e+03 0.000000000000000000e+00 2.755300045013427734e+00
1.000000000000000000e+00 2.333840238861739635e-04 1.264569000340998173e-04 0.000000000000000000e+00 0.000000000000000000e+00 8.191000000000000000e+03 0.000000000000000000e+00 2.755300045013427734e+00
1.500000000000000000e+00 2.225127827841788530e-04 1.234465744346380234e-04 0.000000000000000000e+00 0.000000000000000000e+00 8.191000000000000000e+03 0.000000000000000000e+00 2.755300045013427734e+00
2.000000000000000000e+00 1.981314999284222722e-04 1.207222812809050083e-04 0.000000000000000000e+00 0.000000000000000000e+00 8.191000000000000000e+03 0.000000000000000000e+00 2.755300045013427734e+00
2.500000000000000000e+00 1.669090997893363237e-04 1.207622117362916470e-04 0.000000000000000000e+00 0.000000000000000000e+00 8.191000000000000000e+03 0.000000000000000000e+00 2.755300045013427734e+00
3.000000000000000000e+00 1.410952681908383965e-04 1.201533304993063211e-04 0.000000000000000000e+00 0.000000000000000000e+00 8.191000000000000000e+03 0.000000000000000000e+00 2.755599975585937500e+00
3.500000000000000000e+00 1.263189333258196712e-04 1.198864192701876163e-04 0.000000000000000000e+00 0.000000000000000000e+00 8.191000000000000000e+03 0.000000000000000000e+00 2.755599975585937500e+00
4.000000000000000000e+00 1.204285726998932660e-04 1.200032711494714022e-04 0.000000000000000000e+00 0.000000000000000000e+00 8.191000000000000000e+03 0.000000000000000000e+00 2.755599975585937500e+00
4.500000000000000000e+00 1.190957118524238467e-04 1.196959055960178375e-04 0.000000000000000000e+00 0.000000000000000000e+00 8.191000000000000000e+03 0.000000000000000000e+00 2.755599975585937500e+00
5.000000000000000000e+00 1.192733834614045918e-04 1.203122665174305439e-04 0.000000000000000000e+00 0.000000000000000000e+00 8.191000000000000000e+03 0.000000000000000000e+00 2.755599975585937500e+00
5.500000000000000000e+00 1.196611483464948833e-04 1.207142486236989498e-04 0.000000000000000000e+00 0.000000000000000000e+00 8.191000000000000000e+03 0.000000000000000000e+00 2.755599975585937500e+00
6.000000000000000000e+00 1.199682301376014948e-04 1.200211409013718367e-04 0.000000000000000000e+00 0.000000000000000000e+00 8.191000000000000000e+03 0.000000000000000000e+00 2.755599975585937500e+00
6.500000000000000000e+00 1.201883569592610002e-04 1.206418382935225964e-04 0.000000000000000000e+00 0.000000000000000000e+00 8.191000000000000000e+03 0.000000000000000000e+00 2.755599975585937500e+00
7.000000000000000000e+00 1.203257997985929251e-04 1.206531887874007225e-04 0.000000000000000000e+00 0.000000000000000000e+00 8.191000000000000000e+03 0.000000000000000000e+00 2.755599975585937500e+00
7.500000000000000000e+00 1.204157815664075315e-04 1.205106091219931841e-04 0.000000000000000000e+00 0.000000000000000000e+00 8.191000000000000000e+03 0.000000000000000000e+00 2.755599975585937500e+00
8.000000000000000000e+00 1.204855579999275506e-04 1.202712301164865494e-04 0.000000000000000000e+00 0.000000000000000000e+00 8.191000000000000000e+03 0.000000000000000000e+00 2.755599975585937500e+00
8.500000000000000000e+00 1.205032822326757014e-04 1.200460246764123440e-04 0.000000000000000000e+00 0.000000000000000000e+00 8.191000000000000000e+03 0.000000000000000000e+00 2.755599975585937500e+00
9.000000000000000000e+00 1.204334985231980681e-04 1.198937243316322565e-04 0.000000000000000000e+00 0.000000000000000000e+00 8.191000000000000000e+03 0.000000000000000000e+00 2.755599975585937500e+00
9.500000000000000000e+00 1.203088031616061926e-04 1.208448375109583139e-04 0.000000000000000000e+00 0.000000000000000000e+00 8.191000000000000000e+03 0.000000000000000000e+00 2.755599975585937500e+00
1.000000000000000000e+01 1.202393614221364260e-04 1.207726891152560711e-04 0.000000000000000000e+00 0.000000000000000000e+00 8.191000000000000000e+03 0.000000000000000000e+00 2.755599975585937500e+00
1.050000000000000000e+01 1.203012361656874418e-04 1.201640407089143991e-04 0.000000000000000000e+00 0.000000000000000000e+00 8.191000000000000000e+03 0.000000000000000000e+00 2.755599975585937500e+00
1.100000000000000000e+01 1.204260988743044436e-04 1.207558379974216223e-04 0.000000000000000000e+00 0.000000000000000000e+00 8.191000000000000000e+03 0.000000000000000000e+00 2.755599975585937500e+00
1.150000000000000000e+01 1.205061053042300045e-04 1.203904103022068739e-04 0.000000000000000000e+00 0.000000000000000000e+00 8.191000000000000000e+03 0.000000000000000000e+00 2.755599975585937500e+00
1.200000000000000000e+01 1.205302687594667077e-04 1.206959423143416643e-04 0.000000000000000000e+00 0.000000000000000000e+00 8.191000000000000000e+03 0.000000000000000000e+00 2.755599975585937500e+00
1.250000000000000000e+01 1.205428125103935599e-04 1.207029272336512804e-04 0.000000000000000000e+00 0.000000000000000000e+00 8.191000000000000000e+03 0.000000000000000000e+00 2.755599975585937500e+00
1.300000000000000000e+01 1.205669032060541213e-04 1.204174477607011795e-04 0.000000000000000000e+00 0.000000000000000000e+00 8.191000000000000000e+03 0.000000000000000000e+00 2.755599975585937500e+00
1.350000000000000000e+01 1.205867592943832278e-04 1.204942527692764997e-04 0.000000000000000000e+00 0.000000000000000000e+00 8.191000000000000000e+03 0.000000000000000000e+00 2.755599975585937500e+00
1.400000000000000000e+01 1.205658700200729072e-04 1.199685502797365189e-04 0.000000000000000000e+00 0.000000000000000000e+00 8.191000000000000000e+03 0.000000000000000000e+00 2.755599975585937500e+00
1.450000000000000000e+01 1.204924992634914815e-04 1.206799061037600040e-04 0.000000000000000000e+00 0.000000000000000000e+00 8.191000000000000000e+03 0.000000000000000000e+00 2.755599975585937500e+00
1.500000000000000000e+01 1.204108702950179577e-04 1.204017607960850000e-04 0.000000000000000000e+00 0.000000000000000000e+00 8.191000000000000000e+03 0.000000000000000000e+00 2.755599975585937500e+00
