5.000000000000000000e-01 -1.733339019119739532e-02 -1.733339019119739532e-02 0.000000000000000000e+00 0.000000000000000000e+00 8.191000000000000000e+03 0.000000000000000000e+00 2.757400035858154297e+00
1.000000000000000000e+00 -1.732053421437740326e-02 -1.666039973497390747e-02 0.000000000000000000e+00 0.000000000000000000e+00 8.191000000000000000e+03 0.000000000000000000e+00 2.757400035858154297e+00
1.500000000000000000e+00 -1.724337413907051086e-02 -1.611603982746601105e-02 0.000000000000000000e+00 0.000000000000000000e+00 8.191000000000000000e+03 0.000000000000000000e+00 2.757299900054931641e+00
2.000000000000000000e+00 -1.703541539609432220e-02 -1.582276076078414917e-02 0.000000000000000000e+00 0.000000000000000000e+00 6.143000000000000000e+03 0.000000000000000000e+00 2.757299900054931641e+00
2.500000000000000000e+00 -1.669340766966342926e-02 -1.551307272166013718e-02 0.000000000000000000e+00 0.000000000000000000e+00 8.191000000000000000e+03 0.000000000000000000e+00 2.757400035858154297e+00
3.000000000000000000e+00 -1.629240624606609344e-02 -1.530762948095798492e-02 0.000000000000000000e+00 0.000000000000000000e+00 6.143000000000000000e+03 0.000000000000000000e+00 2.757400035858154297e+00
3.500000000000000000e+00 -1.591546833515167236e-02 -1.514752022922039032e-02 0.000000000000000000e+00 0.000000000000000000e+00 8.191000000000000000e+03 0.000000000000000000e+00 2.757400035858154297e+00
4.000000000000000000e+00 -1.560413558036088943e-02 -1.500327512621879578e-02 0.000000000000000000e+00 0.000000000000000000e+00 6.143000000000000000e+03 0.000000000000000000e+00 2.757400035858154297e+00
4.500000000000000000e+00 -1.536175981163978577e-02 -1.485408097505569458e-02 0.000000000000000000e+00 0.000000000000000000e+00 8.191000000000000000e+03 0.000000000000000000e+00 2.757400035858154297e+00
5.000000000000000000e+00 -1.517145149409770966e-02 -1.471731159836053848e-02 0.000000000000000000e+00 0.000000000000000000e+00 6.143000000000000000e+03 0.000000000000000000e+00 2.757400035858154297e+00
5.500000000000000000e+00 -1.501062978059053421e-02 -1.452262979000806808e-02 0.000000000000000000e+00 0.000000000000000000e+00 8.191000000000000000e+03 0.000000000000000000e+00 2.757400035858154297e+00
6.000000000000000000e+00 -1.485943980515003204e-02 -1.436869986355304718e-02 0.000000000000000000e+00 0.000000000000000000e+00 6.143000000000000000e+03 0.000000000000000000e+00 2.757400035858154297e+00
6.500000000000000000e+00 -1.470811106264591217e-02 -1.435091905295848846e-02 0.000000000000000000e+00 0.000000000000000000e+00 8.191000000000000000e+03 0.000000000000000000e+00 2.757400035858154297e+00
7.000000000000000000e+00 -1.456228457391262054e-02 -1.417572144418954849e-02 0.000000000000000000e+00 0.000000000000000000e+00 6.143000000000000000e+03 0.000000000000000000e+00 2.757400035858154297e+00
7.500000000000000000e+00 -1.442964561283588409e-02 -1.399462856352329254e-02 0.000000000000000000e+00 0.000000000000000000e+00 8.191000000000000000e+03 0.000000000000000000e+00 2.757400035858154297e+00
8.000000000000000000e+00 -1.430476829409599304e-02 -1.398038771003484726e-02 0.000000000000000000e+00 0.000000000000000000e+00 6.143000000000000000e+03 0.000000000000000000e+00 2.757400035858154297e+00
8.500000000000000000e+00 -1.418151427060365677e-02 -1.382787898182868958e-02 0.000000000000000000e+00 0.000000000000000000e+00 8.191000000000000000e+03 0.000000000000000000e+00 2.757400035858154297e+00
9.000000000000000000e+00 -1.406527310609817505e-02 -1.382366195321083069e-02 0.000000000000000000e+00 0.000000000000000000e+00 6.143000000000000000e+03 0.000000000000000000e+00 2.757400035858154297e+00
9.500000000000000000e+00 -1.396083272993564606e-02 -1.357269100844860077e-02 0.000000000000000000e+00 0.000000000000000000e+00 8.191000000000000000e+03 0.000000000000000000e+00 2.757400035858154297e+00
1.000000000000000000e+01 -1.386169902980327606e-02 -1.358026359230279922e-02 0.000000000000000000e+00 0.000000000000000000e+00 6.143000000000000000e+03 0.000000000000000000e+00 2.757400035858154297e+00
1.050000000000000000e+01 -1.376107521355152130e-02 -1.351061835885047913e-02 0.000000000000000000e+00 0.000000000000000000e+00 8.191000000000000000e+03 0.000000000000000000e+00 2.757400035858154297e+00
1.100000000000000000e+01 -1.366416364908218384e-02 -1.340459194034337997e-02 0.000000000000000000e+00 0.000000000000000000e+00 6.143000000000000000e+03 0.000000000000000000e+00 2.757400035858154297e+00
1.150000000000000000e+01 -1.357719581574201584e-02 -1.332199666649103165e-02 0.000000000000000000e+00 0.000000000000000000e+00 8.191000000000000000e+03 0.000000000000000000e+00 2.757400035858154297e+00
1.200000000000000000e+01 -1.349636912345886230e-02 -1.326216571033000946e-02 0.000000000000000000e+00 0.000000000000000000e+00 6.143000000000000000e+03 0.000000000000000000e+00 2.757400035858154297e+00
1.250000000000000000e+01 -1.341608259826898575e-02 -1.314222160726785660e-02 0.000000000000000000e+00 0.000000000000000000e+00 8.191000000000000000e+03 0.000000000000000000e+00 2.757400035858154297e+00
1.300000000000000000e+01 -1.333356183022260666e-02 -1.304037682712078094e-02 0.000000000000000000e+00 0.000000000000000000e+00 6.143000000000000000e+03 0.000000000000000000e+00 2.757400035858154297e+00
1.350000000000000000e+01 -1.324549503624439240e-02 -1.293411850929260254e-02 0.000000000000000000e+00 0.000000000000000000e+00 8.191000000000000000e+03 0.000000000000000000e+00 2.757299900054931641e+00
1.400000000000000000e+01 -1.315162330865859985e-02 -1.292282529175281525e-02 0.000000000000000000e+00 0.000000000000000000e+00 6.143000000000000000e+03 0.000000000000000000e+00 2.757299900054931641e+00
1.450000000000000000e+01 -1.305948011577129364e-02 -1.283017080277204514e-02 0.000000000000000000e+00 0.000000000000000000e+00 8.191000000000000000e+03 0.000000000000000000e+00 2.757299900054931641e+00
1.500000000000000000e+01 -1.297900360077619553e-02 -1.284594740718603134e-02 0.000000000000000000e+00 0.000000000000000000e+00 6.143000000000000000e+03 0.000000000000000000e+00 2.757299900054931641e+00
