2.000000029802322388e-01 1.880983763840049505e-04 0.000000000000000000e+00 2.507309488919418072e-07 3.129243850708007812e-07 0.000000000000000000e+00 8.000000000000000000e+00 8.191000000000000000e+03 0.000000000000000000e+00 0.000000000000000000e+00 2.755899906158447266e+00
4.000000059604644775e-01 1.011917646974325180e-02 0.000000000000000000e+00 1.910898390633519739e-06 9.997349232435226440e-03 0.000000000000000000e+00 7.000000000000000000e+00 8.191000000000000000e+03 0.000000000000000000e+00 0.000000000000000000e+00 2.755899906158447266e+00
6.000000238418579102e-01 2.023117989301681519e-02 0.000000000000000000e+00 3.660093398138997145e-06 1.999438367784023285e-02 0.000000000000000000e+00 7.000000000000000000e+00 8.191000000000000000e+03 0.000000000000000000e+00 0.000000000000000000e+00 2.755899906158447266e+00
8.000000119209289551e-01 2.909553423523902893e-02 0.000000000000000000e+00 5.604339094134047627e-06 3.000391460955142975e-02 0.000000000000000000e+00 7.000000000000000000e+00 6.143000000000000000e+03 0.000000000000000000e+00 0.000000000000000000e+00 2.755899906158447266e+00
1.000000000000000000e+00 4.018526896834373474e-02 0.000000000000000000e+00 7.729696335445623845e-06 4.000094905495643616e-02 0.000000000000000000e+00 7.000000000000000000e+00 8.191000000000000000e+03 0.000000000000000000e+00 0.000000000000000000e+00 2.755800008773803711e+00
1.200000047683715820e+00 5.009438842535018921e-02 0.000000000000000000e+00 9.977256922866217792e-06 4.999798536300659180e-02 0.000000000000000000e+00 7.000000000000000000e+00 8.191000000000000000e+03 0.000000000000000000e+00 0.000000000000000000e+00 2.755800008773803711e+00
1.399999976158142090e+00 6.011358648538589478e-02 0.000000000000000000e+00 1.226505810336675495e-05 5.999501794576644897e-02 0.000000000000000000e+00 8.000000000000000000e+00 8.191000000000000000e+03 0.000000000000000000e+00 0.000000000000000000e+00 2.755800008773803711e+00
1.600000023841857910e+00 7.014689594507217407e-02 0.000000000000000000e+00 1.438996787328505889e-05 7.000455260276794434e-02 0.000000000000000000e+00 8.000000000000000000e+00 8.191000000000000000e+03 0.000000000000000000e+00 0.000000000000000000e+00 2.755800008773803711e+00
1.800000071525573730e+00 8.006525039672851562e-02 0.000000000000000000e+00 1.622475065232720226e-05 8.000158518552780151e-02 0.000000000000000000e+00 8.000000000000000000e+00 8.191000000000000000e+03 0.000000000000000000e+00 0.000000000000000000e+00 2.755800008773803711e+00
2.000000000000000000e+00 9.015582501888275146e-02 0.000000000000000000e+00 1.768916445143986493e-05 8.999861776828765869e-02 0.000000000000000000e+00 8.000000000000000000e+00 8.191000000000000000e+03 0.000000000000000000e+00 0.000000000000000000e+00 2.754199981689453125e+00
2.200000047683715820e+00 1.001619696617126465e-01 0.000000000000000000e+00 1.877302020147908479e-05 9.999565780162811279e-02 0.000000000000000000e+00 8.000000000000000000e+00 8.191000000000000000e+03 0.000000000000000000e+00 0.000000000000000000e+00 2.754199981689453125e+00
2.400000095367431641e+00 1.100938245654106140e-01 0.000000000000000000e+00 1.945569783856626600e-05 1.100051850080490112e-01 0.000000000000000000e+00 8.000000000000000000e+00 8.191000000000000000e+03 0.000000000000000000e+00 0.000000000000000000e+00 2.754199981689453125e+00
2.600000143051147461e+00 1.201479807496070862e-01 0.000000000000000000e+00 1.976279054360929877e-05 1.200022250413894653e-01 0.000000000000000000e+00 8.000000000000000000e+00 8.191000000000000000e+03 0.000000000000000000e+00 0.000000000000000000e+00 2.754199981689453125e+00
2.799999952316284180e+00 1.301239579916000366e-01 0.000000000000000000e+00 1.981012792384717613e-05 1.299992501735687256e-01 0.000000000000000000e+00 8.000000000000000000e+00 8.191000000000000000e+03 0.000000000000000000e+00 0.000000000000000000e+00 2.754199981689453125e+00
3.000000000000000000e+00 1.401426494121551514e-01 0.000000000000000000e+00 1.963446629815734923e-05 1.399962902069091797e-01 0.000000000000000000e+00 8.000000000000000000e+00 8.191000000000000000e+03 0.000000000000000000e+00 0.000000000000000000e+00 2.754899978637695312e+00
3.200000047683715820e+00 1.502175480127334595e-01 0.000000000000000000e+00 1.936415901582222432e-05 1.500058174133300781e-01 0.000000000000000000e+00 8.000000000000000000e+00 8.191000000000000000e+03 0.000000000000000000e+00 0.000000000000000000e+00 2.754899978637695312e+00
3.400000095367431641e+00 1.601808816194534302e-01 0.000000000000000000e+00 1.906040051835589111e-05 1.600028574466705322e-01 0.000000000000000000e+00 8.000000000000000000e+00 8.191000000000000000e+03 0.000000000000000000e+00 0.000000000000000000e+00 2.754899978637695312e+00
3.600000143051147461e+00 1.701343655586242676e-01 0.000000000000000000e+00 1.868168692453764379e-05 1.699998974800109863e-01 0.000000000000000000e+00 8.000000000000000000e+00 8.191000000000000000e+03 0.000000000000000000e+00 0.000000000000000000e+00 2.754899978637695312e+00
3.799999952316284180e+00 1.800106465816497803e-01 0.000000000000000000e+00 1.828253516578115523e-05 1.799969226121902466e-01 0.000000000000000000e+00 8.000000000000000000e+00 8.191000000000000000e+03 0.000000000000000000e+00 0.000000000000000000e+00 2.754899978637695312e+00
4.000000000000000000e+00 1.901724040508270264e-01 0.000000000000000000e+00 1.797435470507480204e-05 1.899939626455307007e-01 0.000000000000000000e+00 8.000000000000000000e+00 8.191000000000000000e+03 0.000000000000000000e+00 0.000000000000000000e+00 2.754499912261962891e+00
4.200000286102294922e+00 2.001383304595947266e-01 0.000000000000000000e+00 1.764571970852557570e-05 2.000034898519515991e-01 0.000000000000000000e+00 8.000000000000000000e+00 8.191000000000000000e+03 0.000000000000000000e+00 0.000000000000000000e+00 2.754499912261962891e+00
4.400000095367431641e+00 2.102313786745071411e-01 0.000000000000000000e+00 1.738511127769015729e-05 2.100005298852920532e-01 0.000000000000000000e+00 8.000000000000000000e+00 8.191000000000000000e+03 0.000000000000000000e+00 0.000000000000000000e+00 2.754499912261962891e+00
4.599999904632568359e+00 2.201480865478515625e-01 0.000000000000000000e+00 1.708814852463547140e-05 2.199975699186325073e-01 0.000000000000000000e+00 8.000000000000000000e+00 8.191000000000000000e+03 0.000000000000000000e+00 0.000000000000000000e+00 2.754499912261962891e+00
4.800000190734863281e+00 2.302342057228088379e-01 0.000000000000000000e+00 1.687246731307823211e-05 2.299945950508117676e-01 0.000000000000000000e+00 8.000000000000000000e+00 8.191000000000000000e+03 0.000000000000000000e+00 0.000000000000000000e+00 2.754499912261962891e+00
5.000000000000000000e+00 2.402267307043075562e-01 0.000000000000000000e+00 1.661771602812223136e-05 2.400041371583938599e-01 0.000000000000000000e+00 8.000000000000000000e+00 8.191000000000000000e+03 0.000000000000000000e+00 0.000000000000000000e+00 2.754499912261962891e+00
5.200000286102294922e+00 2.501914799213409424e-01 0.000000000000000000e+00 1.641137350816279650e-05 2.500011622905731201e-01 0.000000000000000000e+00 8.000000000000000000e+00 8.191000000000000000e+03 0.000000000000000000e+00 0.000000000000000000e+00 2.754499912261962891e+00
5.400000095367431641e+00 2.601462900638580322e-01 0.000000000000000000e+00 1.624287688173353672e-05 2.599982023239135742e-01 0.000000000000000000e+00 8.000000000000000000e+00 8.191000000000000000e+03 0.000000000000000000e+00 0.000000000000000000e+00 2.754499912261962891e+00
5.599999904632568359e+00 2.702080011367797852e-01 0.000000000000000000e+00 1.609037099115084857e-05 2.699952423572540283e-01 0.000000000000000000e+00 8.000000000000000000e+00 8.191000000000000000e+03 0.000000000000000000e+00 0.000000000000000000e+00 2.754499912261962891e+00
5.800000190734863281e+00 2.801901400089263916e-01 0.000000000000000000e+00 1.593854358361568302e-05 2.800047695636749268e-01 0.000000000000000000e+00 8.000000000000000000e+00 8.191000000000000000e+03 0.000000000000000000e+00 0.000000000000000000e+00 2.754499912261962891e+00
6.000000000000000000e+00 2.902820706367492676e-01 0.000000000000000000e+00 1.581907599756959826e-05 2.900017797946929932e-01 0.000000000000000000e+00 8.000000000000000000e+00 8.191000000000000000e+03 0.000000000000000000e+00 0.000000000000000000e+00 2.754600048065185547e+00
6.200000286102294922e+00 3.000115454196929932e-01 0.000000000000000000e+00 1.567945946590043604e-05 2.999988198280334473e-01 0.000000000000000000e+00 8.000000000000000000e+00 8.191000000000000000e+03 0.000000000000000000e+00 0.000000000000000000e+00 2.754600048065185547e+00
6.400000095367431641e+00 2.901136279106140137e-01 0.000000000000000000e+00 1.527866879769135267e-05 2.900017797946929932e-01 0.000000000000000000e+00 8.000000000000000000e+00 8.191000000000000000e+03 0.000000000000000000e+00 0.000000000000000000e+00 2.754600048065185547e+00
6.599999904632568359e+00 2.801948785781860352e-01 0.000000000000000000e+00 1.497816174378385767e-05 2.800047695636749268e-01 0.000000000000000000e+00 8.000000000000000000e+00 8.191000000000000000e+03 0.000000000000000000e+00 0.000000000000000000e+00 2.754600048065185547e+00
6.800000190734863281e+00 2.701169550418853760e-01 0.000000000000000000e+00 1.472341227781726047e-05 2.699952423572540283e-01 0.000000000000000000e+00 8.000000000000000000e+00 8.191000000000000000e+03 0.000000000000000000e+00 0.000000000000000000e+00 2.754600048065185547e+00
7.000000000000000000e+00 2.601247131824493408e-01 0.000000000000000000e+00 1.453430104447761551e-05 2.599982023239135742e-01 0.000000000000000000e+00 8.000000000000000000e+00 8.191000000000000000e+03 0.000000000000000000e+00 0.000000000000000000e+00 2.754499912261962891e+00
7.200000286102294922e+00 2.500919699668884277e-01 0.000000000000000000e+00 1.433257693861378357e-05 2.500011622905731201e-01 0.000000000000000000e+00 8.000000000000000000e+00 8.191000000000000000e+03 0.000000000000000000e+00 0.000000000000000000e+00 2.754499912261962891e+00
7.400000095367431641e+00 2.401020973920822144e-01 0.000000000000000000e+00 1.415722545061726123e-05 2.400041371583938599e-01 0.000000000000000000e+00 8.000000000000000000e+00 8.191000000000000000e+03 0.000000000000000000e+00 0.000000000000000000e+00 2.754499912261962891e+00
7.599999904632568359e+00 2.302099019289016724e-01 0.000000000000000000e+00 1.401394638378405944e-05 2.299945950508117676e-01 0.000000000000000000e+00 8.000000000000000000e+00 8.191000000000000000e+03 0.000000000000000000e+00 0.000000000000000000e+00 2.754499912261962891e+00
7.800000190734863281e+00 2.201571464538574219e-01 0.000000000000000000e+00 1.381635138386627659e-05 2.199975699186325073e-01 0.000000000000000000e+00 8.000000000000000000e+00 8.191000000000000000e+03 0.000000000000000000e+00 0.000000000000000000e+00 2.754499912261962891e+00
8.000000000000000000e+00 2.100443392992019653e-01 0.000000000000000000e+00 1.365834850730607286e-05 2.100005298852920532e-01 0.000000000000000000e+00 8.000000000000000000e+00 8.191000000000000000e+03 0.000000000000000000e+00 0.000000000000000000e+00 2.754799842834472656e+00
8.199999809265136719e+00 2.000695168972015381e-01 0.000000000000000000e+00 1.343796066066715866e-05 2.000034898519515991e-01 0.000000000000000000e+00 8.000000000000000000e+00 8.191000000000000000e+03 0.000000000000000000e+00 0.000000000000000000e+00 2.754799842834472656e+00
8.400000572204589844e+00 1.900918930768966675e-01 0.000000000000000000e+00 1.324735694652190432e-05 1.899939626455307007e-01 0.000000000000000000e+00 8.000000000000000000e+00 8.191000000000000000e+03 0.000000000000000000e+00 0.000000000000000000e+00 2.754799842834472656e+00
8.600000381469726562e+00 1.802483499050140381e-01 0.000000000000000000e+00 1.303566659771604463e-05 1.799969226121902466e-01 0.000000000000000000e+00 8.000000000000000000e+00 8.191000000000000000e+03 0.000000000000000000e+00 0.000000000000000000e+00 2.754799842834472656e+00
8.800000190734863281e+00 1.701430827379226685e-01 0.000000000000000000e+00 1.273384623345918953e-05 1.699998974800109863e-01 0.000000000000000000e+00 8.000000000000000000e+00 8.191000000000000000e+03 0.000000000000000000e+00 0.000000000000000000e+00 2.754799842834472656e+00
9.000000000000000000e+00 1.601248830556869507e-01 0.000000000000000000e+00 1.233571583725279197e-05 1.600028574466705322e-01 0.000000000000000000e+00 8.000000000000000000e+00 8.191000000000000000e+03 0.000000000000000000e+00 0.000000000000000000e+00 2.754499912261962891e+00
9.199999809265136719e+00 1.500677317380905151e-01 0.000000000000000000e+00 1.180782874143915251e-05 1.500058174133300781e-01 0.000000000000000000e+00 8.000000000000000000e+00 8.191000000000000000e+03 0.000000000000000000e+00 0.000000000000000000e+00 2.754499912261962891e+00
9.400000572204589844e+00 1.401357650756835938e-01 0.000000000000000000e+00 1.118474756367504597e-05 1.399962902069091797e-01 0.000000000000000000e+00 8.000000000000000000e+00 8.191000000000000000e+03 0.000000000000000000e+00 0.000000000000000000e+00 2.754499912261962891e+00
9.600000381469726562e+00 1.302149593830108643e-01 0.000000000000000000e+00 1.031905958370771259e-05 1.299992501735687256e-01 0.000000000000000000e+00 8.000000000000000000e+00 8.191000000000000000e+03 0.000000000000000000e+00 0.000000000000000000e+00 2.754499912261962891e+00
9.800000190734863281e+00 1.202203333377838135e-01 0.000000000000000000e+00 9.176807907351758331e-06 1.200022250413894653e-01 0.000000000000000000e+00 8.000000000000000000e+00 8.191000000000000000e+03 0.000000000000000000e+00 0.000000000000000000e+00 2.754499912261962891e+00
1.000000000000000000e+01 1.100858971476554871e-01 0.000000000000000000e+00 7.726737749180756509e-06 1.100051850080490112e-01 0.000000000000000000e+00 8.000000000000000000e+00 8.191000000000000000e+03 0.000000000000000000e+00 0.000000000000000000e+00 2.754499912261962891e+00
1.019999980926513672e+01 1.001866534352302551e-01 0.000000000000000000e+00 5.855089966644300148e-06 9.999565780162811279e-02 0.000000000000000000e+00 7.000000000000000000e+00 8.191000000000000000e+03 0.000000000000000000e+00 0.000000000000000000e+00 2.754499912261962891e+00
1.040000057220458984e+01 9.023588150739669800e-02 0.000000000000000000e+00 3.659240519482409582e-06 8.999861776828765869e-02 0.000000000000000000e+00 7.000000000000000000e+00 8.191000000000000000e+03 0.000000000000000000e+00 0.000000000000000000e+00 2.754499912261962891e+00
1.060000038146972656e+01 8.010761439800262451e-02 0.000000000000000000e+00 1.133393880081712268e-06 8.000158518552780151e-02 0.000000000000000000e+00 7.000000000000000000e+00 8.191000000000000000e+03 0.000000000000000000e+00 0.000000000000000000e+00 2.754499912261962891e+00
1.080000019073486328e+01 7.023879885673522949e-02 0.000000000000000000e+00 -1.593263846189074684e-06 7.000455260276794434e-02 0.000000000000000000e+00 7.000000000000000000e+00 8.191000000000000000e+03 0.000000000000000000e+00 0.000000000000000000e+00 2.754499912261962891e+00
1.100000000000000000e+01 6.022329255938529968e-02 0.000000000000000000e+00 -4.367280780570581555e-06 5.999501794576644897e-02 0.000000000000000000e+00 7.000000000000000000e+00 8.191000000000000000e+03 0.000000000000000000e+00 0.000000000000000000e+00 2.754600048065185547e+00
1.119999980926513672e+01 5.012105032801628113e-02 0.000000000000000000e+00 -6.949687758606160060e-06 4.999798536300659180e-02 0.000000000000000000e+00 7.000000000000000000e+00 8.191000000000000000e+03 0.000000000000000000e+00 0.000000000000000000e+00 2.754600048065185547e+00
1.140000057220458984e+01 4.017108306288719177e-02 0.000000000000000000e+00 -9.122263691097032279e-06 4.000094905495643616e-02 0.000000000000000000e+00 7.000000000000000000e+00 8.191000000000000000e+03 0.000000000000000000e+00 0.000000000000000000e+00 2.754600048065185547e+00
1.160000038146972656e+01 3.027585893869400024e-02 0.000000000000000000e+00 -1.069310746970586479e-05 3.000391460955142975e-02 0.000000000000000000e+00 8.000000000000000000e+00 8.191000000000000000e+03 0.000000000000000000e+00 0.000000000000000000e+00 2.754600048065185547e+00
1.180000019073486328e+01 2.015510573983192444e-02 0.000000000000000000e+00 -1.170134055428206921e-05 1.999438367784023285e-02 0.000000000000000000e+00 8.000000000000000000e+00 8.191000000000000000e+03 0.000000000000000000e+00 0.000000000000000000e+00 2.754600048065185547e+00
1.200000000000000000e+01 1.013825461268424988e-02 0.000000000000000000e+00 -1.212718234455678612e-05 9.997349232435226440e-03 0.000000000000000000e+00 8.000000000000000000e+00 8.191000000000000000e+03 0.000000000000000000e+00 0.000000000000000000e+00 2.754899978637695312e+00
1.219999980926513672e+01 1.740757725201547146e-04 0.000000000000000000e+00 -1.210185291711241007e-05 3.129243850708007812e-07 0.000000000000000000e+00 8.000000000000000000e+00 8.191000000000000000e+03 0.000000000000000000e+00 0.000000000000000000e+00 2.754899978637695312e+00
1.240000057220458984e+01 -9.772956371307373047e-03 0.000000000000000000e+00 -1.176960722659714520e-05 -9.996719658374786377e-03 0.000000000000000000e+00 8.000000000000000000e+00 8.191000000000000000e+03 0.000000000000000000e+00 0.000000000000000000e+00 2.754899978637695312e+00
1.260000038146972656e+01 -1.986530050635337830e-02 0.000000000000000000e+00 -1.121321292885113508e-05 -1.999375596642494202e-02 0.000000000000000000e+00 8.000000000000000000e+00 6.143000000000000000e+03 0.000000000000000000e+00 0.000000000000000000e+00 2.754899978637695312e+00
1.280000019073486328e+01 -2.983273379504680634e-02 0.000000000000000000e+00 -1.059836995409568772e-05 -3.000328317284584045e-02 0.000000000000000000e+00 8.000000000000000000e+00 8.191000000000000000e+03 0.000000000000000000e+00 0.000000000000000000e+00 2.754899978637695312e+00
1.300000000000000000e+01 -3.983193635940551758e-02 0.000000000000000000e+00 -9.977169611374847591e-06 -4.000032320618629456e-02 0.000000000000000000e+00 8.000000000000000000e+00 8.191000000000000000e+03 0.000000000000000000e+00 0.000000000000000000e+00 2.754600048065185547e+00
1.319999980926513672e+01 -4.988212883472442627e-02 0.000000000000000000e+00 -9.415405656909570098e-06 -4.999735578894615173e-02 0.000000000000000000e+00 8.000000000000000000e+00 8.191000000000000000e+03 0.000000000000000000e+00 0.000000000000000000e+00 2.754600048065185547e+00
1.340000057220458984e+01 -5.987338721752166748e-02 0.000000000000000000e+00 -8.886823707143776119e-06 -5.999438837170600891e-02 0.000000000000000000e+00 8.000000000000000000e+00 8.191000000000000000e+03 0.000000000000000000e+00 0.000000000000000000e+00 2.754600048065185547e+00
1.360000038146972656e+01 -6.986193358898162842e-02 0.000000000000000000e+00 -8.441225872957147658e-06 -7.000392675399780273e-02 0.000000000000000000e+00 8.000000000000000000e+00 8.191000000000000000e+03 0.000000000000000000e+00 0.000000000000000000e+00 2.754600048065185547e+00
1.380000019073486328e+01 -7.997184246778488159e-02 0.000000000000000000e+00 -8.086139132501557469e-06 -8.000095188617706299e-02 0.000000000000000000e+00 8.000000000000000000e+00 8.191000000000000000e+03 0.000000000000000000e+00 0.000000000000000000e+00 2.754600048065185547e+00
1.400000000000000000e+01 -8.976484090089797974e-02 0.000000000000000000e+00 -7.837002158339601010e-06 -8.999799191951751709e-02 0.000000000000000000e+00 7.000000000000000000e+00 8.191000000000000000e+03 0.000000000000000000e+00 0.000000000000000000e+00 2.754400014877319336e+00
1.419999980926513672e+01 -9.993921965360641479e-02 0.000000000000000000e+00 -7.602706318721175194e-06 -9.999501705169677734e-02 0.000000000000000000e+00 7.000000000000000000e+00 8.191000000000000000e+03 0.000000000000000000e+00 0.000000000000000000e+00 2.754400014877319336e+00
1.440000057220458984e+01 -1.098495945334434509e-01 0.000000000000000000e+00 -7.451377314282581210e-06 -1.100045591592788696e-01 0.000000000000000000e+00 7.000000000000000000e+00 8.191000000000000000e+03 0.000000000000000000e+00 0.000000000000000000e+00 2.754400014877319336e+00
1.460000038146972656e+01 -1.198868155479431152e-01 0.000000000000000000e+00 -7.361161351582268253e-06 -1.200015842914581299e-01 0.000000000000000000e+00 7.000000000000000000e+00 8.191000000000000000e+03 0.000000000000000000e+00 0.000000000000000000e+00 2.754400014877319336e+00
1.480000019073486328e+01 -1.299297660589218140e-01 0.000000000000000000e+00 -7.312842171813827008e-06 -1.299986243247985840e-01 0.000000000000000000e+00 7.000000000000000000e+00 8.191000000000000000e+03 0.000000000000000000e+00 0.000000000000000000e+00 2.754400014877319336e+00
1.500000000000000000e+01 -1.399207860231399536e-01 0.000000000000000000e+00 -7.324771104322280735e-06 -1.399956643581390381e-01 0.000000000000000000e+00 7.000000000000000000e+00 8.191000000000000000e+03 0.000000000000000000e+00 0.000000000000000000e+00 2.754499912261962891e+00
1.519999980926513672e+01 -1.499678939580917358e-01 0.000000000000000000e+00 -7.397531135211465880e-06 -1.500051915645599365e-01 0.000000000000000000e+00 7.000000000000000000e+00 8.191000000000000000e+03 0.000000000000000000e+00 0.000000000000000000e+00 2.754499912261962891e+00
1.540000057220458984e+01 -1.599370092153549194e-01 0.000000000000000000e+00 -7.509263923566322774e-06 -1.600022166967391968e-01 0.000000000000000000e+00 7.000000000000000000e+00 8.191000000000000000e+03 0.000000000000000000e+00 0.000000000000000000e+00 2.754499912261962891e+00
1.560000038146972656e+01 -1.698936969041824341e-01 0.000000000000000000e+00 -7.673067557334434241e-06 -1.699992567300796509e-01 0.000000000000000000e+00 7.000000000000000000e+00 8.191000000000000000e+03 0.000000000000000000e+00 0.000000000000000000e+00 2.754499912261962891e+00
1.580000019073486328e+01 -1.798537522554397583e-01 0.000000000000000000e+00 -7.858688150008674711e-06 -1.799962967634201050e-01 0.000000000000000000e+00 7.000000000000000000e+00 8.191000000000000000e+03 0.000000000000000000e+00 0.000000000000000000e+00 2.754499912261962891e+00
1.600000000000000000e+01 -1.898020952939987183e-01 0.000000000000000000e+00 -8.103609616227913648e-06 -1.900058239698410034e-01 0.000000000000000000e+00 7.000000000000000000e+00 8.191000000000000000e+03 0.000000000000000000e+00 0.000000000000000000e+00 2.754699945449829102e+00
1.620000076293945312e+01 -1.998614668846130371e-01 0.000000000000000000e+00 -8.386864465137477964e-06 -2.000028640031814575e-01 0.000000000000000000e+00 7.000000000000000000e+00 8.191000000000000000e+03 0.000000000000000000e+00 0.000000000000000000e+00 2.754699945449829102e+00
1.639999961853027344e+01 -1.899258494377136230e-01 0.000000000000000000e+00 -7.610221018694574013e-06 -1.900058239698410034e-01 0.000000000000000000e+00 7.000000000000000000e+00 8.191000000000000000e+03 0.000000000000000000e+00 1.000000000000000000e+00 2.754699945449829102e+00
1.660000038146972656e+01 -1.797492504119873047e-01 0.000000000000000000e+00 -6.971131824684562162e-06 -1.799962967634201050e-01 0.000000000000000000e+00 7.000000000000000000e+00 8.191000000000000000e+03 0.000000000000000000e+00 1.000000000000000000e+00 2.754699945449829102e+00
1.680000114440917969e+01 -1.699038743972778320e-01 0.000000000000000000e+00 -6.423932518373476341e-06 -1.699992567300796509e-01 0.000000000000000000e+00 7.000000000000000000e+00 8.191000000000000000e+03 0.000000000000000000e+00 1.000000000000000000e+00 2.754699945449829102e+00
1.700000000000000000e+01 -1.598233282566070557e-01 0.000000000000000000e+00 -5.928765403950819746e-06 -1.600022166967391968e-01 0.000000000000000000e+00 7.000000000000000000e+00 8.191000000000000000e+03 0.000000000000000000e+00 1.000000000000000000e+00 2.754999876022338867e+00
1.720000076293945312e+01 -1.498087495565414429e-01 0.000000000000000000e+00 -5.485217116074636579e-06 -1.500051915645599365e-01 0.000000000000000000e+00 7.000000000000000000e+00 8.191000000000000000e+03 0.000000000000000000e+00 1.000000000000000000e+00 2.754999876022338867e+00
1.739999961853027344e+01 -1.397701352834701538e-01 0.000000000000000000e+00 -5.097559096611803398e-06 -1.399956643581390381e-01 0.000000000000000000e+00 7.000000000000000000e+00 8.191000000000000000e+03 0.000000000000000000e+00 1.000000000000000000e+00 2.754999876022338867e+00
1.760000038146972656e+01 -1.298627108335494995e-01 0.000000000000000000e+00 -4.735370566777419299e-06 -1.299986243247985840e-01 0.000000000000000000e+00 7.000000000000000000e+00 8.191000000000000000e+03 0.000000000000000000e+00 1.000000000000000000e+00 2.754999876022338867e+00
1.780000114440917969e+01 -1.199439838528633118e-01 0.000000000000000000e+00 -4.415043804328888655e-06 -1.200015842914581299e-01 0.000000000000000000e+00 7.000000000000000000e+00 8.191000000000000000e+03 0.000000000000000000e+00 1.000000000000000000e+00 2.754999876022338867e+00
1.800000000000000000e+01 -1.099060475826263428e-01 0.000000000000000000e+00 -4.104251729586394504e-06 -1.100045591592788696e-01 0.000000000000000000e+00 7.000000000000000000e+00 8.191000000000000000e+03 0.000000000000000000e+00 1.000000000000000000e+00 2.754400014877319336e+00
1.820000076293945312e+01 -9.982479363679885864e-02 0.000000000000000000e+00 -3.828002263617236167e-06 -9.999501705169677734e-02 0.000000000000000000e+00 7.000000000000000000e+00 8.191000000000000000e+03 0.000000000000000000e+00 1.000000000000000000e+00 2.754400014877319336e+00
1.839999961853027344e+01 -8.987542241811752319e-02 0.000000000000000000e+00 -3.565255610737949610e-06 -8.999799191951751709e-02 0.000000000000000000e+00 7.000000000000000000e+00 8.191000000000000000e+03 0.000000000000000000e+00 1.000000000000000000e+00 2.754400014877319336e+00
1.860000038146972656e+01 -7.986022531986236572e-02 0.000000000000000000e+00 -3.299207037343876436e-06 -8.000095188617706299e-02 0.000000000000000000e+00 7.000000000000000000e+00 8.191000000000000000e+03 0.000000000000000000e+00 1.000000000000000000e+00 2.754400014877319336e+00
1.880000114440917969e+01 -6.990665942430496216e-02 0.000000000000000000e+00 -3.031413143617101014e-06 -7.000392675399780273e-02 0.000000000000000000e+00 7.000000000000000000e+00 8.191000000000000000e+03 0.000000000000000000e+00 1.000000000000000000e+00 2.754400014877319336e+00
1.900000000000000000e+01 -5.983976647257804871e-02 0.000000000000000000e+00 -2.749737859630840831e-06 -5.999438837170600891e-02 0.000000000000000000e+00 7.000000000000000000e+00 8.191000000000000000e+03 0.000000000000000000e+00 1.000000000000000000e+00 2.754400014877319336e+00
1.920000076293945312e+01 -4.971281811594963074e-02 0.000000000000000000e+00 -2.427750814604223706e-06 -4.999735578894615173e-02 0.000000000000000000e+00 7.000000000000000000e+00 8.191000000000000000e+03 0.000000000000000000e+00 1.000000000000000000e+00 2.754400014877319336e+00
1.939999961853027344e+01 -3.994861990213394165e-02 0.000000000000000000e+00 -2.061014356513624080e-06 -4.000032320618629456e-02 0.000000000000000000e+00 7.000000000000000000e+00 8.191000000000000000e+03 0.000000000000000000e+00 1.000000000000000000e+00 2.754400014877319336e+00
1.960000038146972656e+01 -2.989705279469490051e-02 0.000000000000000000e+00 -1.608553930054767989e-06 -3.000328317284584045e-02 0.000000000000000000e+00 7.000000000000000000e+00 8.191000000000000000e+03 0.000000000000000000e+00 1.000000000000000000e+00 2.754400014877319336e+00
1.980000114440917969e+01 -1.981724053621292114e-02 0.000000000000000000e+00 -1.037898073263932019e-06 -1.999375596642494202e-02 0.000000000000000000e+00 7.000000000000000000e+00 8.191000000000000000e+03 0.000000000000000000e+00 1.000000000000000000e+00 2.754400014877319336e+00
2.000000000000000000e+01 -9.968874044716358185e-03 0.000000000000000000e+00 -3.057766662095673382e-07 -9.996719658374786377e-03 0.000000000000000000e+00 7.000000000000000000e+00 8.191000000000000000e+03 0.000000000000000000e+00 1.000000000000000000e+00 2.754600048065185547e+00
2.020000076293945312e+01 1.672205980867147446e-04 0.000000000000000000e+00 6.380048489518230781e-07 3.129243850708007812e-07 0.000000000000000000e+00 6.000000000000000000e+00 8.191000000000000000e+03 0.000000000000000000e+00 1.000000000000000000e+00 2.754600048065185547e+00
2.039999961853027344e+01 1.013699360191822052e-02 0.000000000000000000e+00 1.093102355298469774e-06 9.997349232435226440e-03 0.000000000000000000e+00 6.000000000000000000e+00 7.164000000000000000e+03 0.000000000000000000e+00 1.000000000000000000e+00 2.754600048065185547e+00
2.060000038146972656e+01 2.007609978318214417e-02 0.000000000000000000e+00 3.327097374494769610e-06 1.999438367784023285e-02 0.000000000000000000e+00 7.000000000000000000e+00 6.143000000000000000e+03 0.000000000000000000e+00 1.000000000000000000e+00 2.754600048065185547e+00
2.080000114440917969e+01 3.004785999655723572e-02 0.000000000000000000e+00 5.123623395775211975e-06 3.000391460955142975e-02 0.000000000000000000e+00 7.000000000000000000e+00 8.191000000000000000e+03 0.000000000000000000e+00 1.000000000000000000e+00 2.754600048065185547e+00
2.100000000000000000e+01 4.014609009027481079e-02 0.000000000000000000e+00 7.200789241323946044e-06 4.000094905495643616e-02 0.000000000000000000e+00 7.000000000000000000e+00 8.191000000000000000e+03 0.000000000000000000e+00 1.000000000000000000e+00 2.755100011825561523e+00
2.120000076293945312e+01 5.013646930456161499e-02 0.000000000000000000e+00 9.468853932048659772e-06 4.999798536300659180e-02 0.000000000000000000e+00 7.000000000000000000e+00 8.191000000000000000e+03 0.000000000000000000e+00 1.000000000000000000e+00 2.755100011825561523e+00
2.139999961853027344e+01 6.012424081563949585e-02 0.000000000000000000e+00 1.185495784739032388e-05 5.999501794576644897e-02 0.000000000000000000e+00 8.000000000000000000e+00 8.191000000000000000e+03 0.000000000000000000e+00 1.000000000000000000e+00 2.755100011825561523e+00
2.160000038146972656e+01 7.018255442380905151e-02 0.000000000000000000e+00 1.409717151545919478e-05 7.000455260276794434e-02 0.000000000000000000e+00 8.000000000000000000e+00 8.191000000000000000e+03 0.000000000000000000e+00 1.000000000000000000e+00 2.755100011825561523e+00
2.180000114440917969e+01 8.013848960399627686e-02 0.000000000000000000e+00 1.613580934645142406e-05 8.000158518552780151e-02 0.000000000000000000e+00 8.000000000000000000e+00 8.191000000000000000e+03 0.000000000000000000e+00 1.000000000000000000e+00 2.755100011825561523e+00
2.200000000000000000e+01 9.009508788585662842e-02 0.000000000000000000e+00 1.780108686944004148e-05 8.999861776828765869e-02 0.000000000000000000e+00 8.000000000000000000e+00 8.191000000000000000e+03 0.000000000000000000e+00 1.000000000000000000e+00 2.754099845886230469e+00
2.220000076293945312e+01 1.001248359680175781e-01 0.000000000000000000e+00 1.908434387587476522e-05 9.999565780162811279e-02 0.000000000000000000e+00 8.000000000000000000e+00 8.191000000000000000e+03 0.000000000000000000e+00 1.000000000000000000e+00 2.754099845886230469e+00
2.239999961853027344e+01 1.101499199867248535e-01 0.000000000000000000e+00 1.991911085497122258e-05 1.100051850080490112e-01 0.000000000000000000e+00 8.000000000000000000e+00 8.191000000000000000e+03 0.000000000000000000e+00 1.000000000000000000e+00 2.754099845886230469e+00
2.260000038146972656e+01 1.201499029994010925e-01 0.000000000000000000e+00 2.043234053417108953e-05 1.200022250413894653e-01 0.000000000000000000e+00 8.000000000000000000e+00 8.191000000000000000e+03 0.000000000000000000e+00 1.000000000000000000e+00 2.754099845886230469e+00
2.280000114440917969e+01 1.301371306180953979e-01 0.000000000000000000e+00 2.054574724752455950e-05 1.299992501735687256e-01 0.000000000000000000e+00 8.000000000000000000e+00 8.191000000000000000e+03 0.000000000000000000e+00 1.000000000000000000e+00 2.754099845886230469e+00
2.300000000000000000e+01 1.401429623365402222e-01 0.000000000000000000e+00 2.042375308519694954e-05 1.399962902069091797e-01 0.000000000000000000e+00 8.000000000000000000e+00 8.191000000000000000e+03 0.000000000000000000e+00 1.000000000000000000e+00 2.754400014877319336e+00
2.320000076293945312e+01 1.501652449369430542e-01 0.000000000000000000e+00 2.015968493651598692e-05 1.500058174133300781e-01 0.000000000000000000e+00 8.000000000000000000e+00 8.191000000000000000e+03 0.000000000000000000e+00 1.000000000000000000e+00 2.754400014877319336e+00
2.339999961853027344e+01 1.600378602743148804e-01 0.000000000000000000e+00 1.975526356545742601e-05 1.600028574466705322e-01 0.000000000000000000e+00 8.000000000000000000e+00 8.191000000000000000e+03 0.000000000000000000e+00 1.000000000000000000e+00 2.754400014877319336e+00
2.360000038146972656e+01 1.701585799455642700e-01 0.000000000000000000e+00 1.933335079229436815e-05 1.699998974800109863e-01 0.000000000000000000e+00 8.000000000000000000e+00 8.191000000000000000e+03 0.000000000000000000e+00 1.000000000000000000e+00 2.754400014877319336e+00
2.380000114440917969e+01 1.801542341709136963e-01 0.000000000000000000e+00 1.889707709779031575e-05 1.799969226121902466e-01 0.000000000000000000e+00 8.000000000000000000e+00 8.191000000000000000e+03 0.000000000000000000e+00 1.000000000000000000e+00 2.754400014877319336e+00
2.400000000000000000e+01 1.901281625032424927e-01 0.000000000000000000e+00 1.845498445618432015e-05 1.899939626455307007e-01 0.000000000000000000e+00 8.000000000000000000e+00 8.191000000000000000e+03 0.000000000000000000e+00 1.000000000000000000e+00 2.754899978637695312e+00
2.420000076293945312e+01 2.001319825649261475e-01 0.000000000000000000e+00 1.803616760298609734e-05 2.000034898519515991e-01 0.000000000000000000e+00 8.000000000000000000e+00 8.191000000000000000e+03 0.000000000000000000e+00 1.000000000000000000e+00 2.754899978637695312e+00
2.439999961853027344e+01 2.102538496255874634e-01 0.000000000000000000e+00 1.773786425474099815e-05 2.100005298852920532e-01 0.000000000000000000e+00 8.000000000000000000e+00 8.191000000000000000e+03 0.000000000000000000e+00 1.000000000000000000e+00 2.754899978637695312e+00
2.460000038146972656e+01 2.201127707958221436e-01 0.000000000000000000e+00 1.736683589115273207e-05 2.199975699186325073e-01 0.000000000000000000e+00 8.000000000000000000e+00 8.191000000000000000e+03 0.000000000000000000e+00 1.000000000000000000e+00 2.754899978637695312e+00
2.480000114440917969e+01 2.301390618085861206e-01 0.000000000000000000e+00 1.710142714728135616e-05 2.299945950508117676e-01 0.000000000000000000e+00 8.000000000000000000e+00 8.191000000000000000e+03 0.000000000000000000e+00 1.000000000000000000e+00 2.754899978637695312e+00
2.500000000000000000e+01 2.401827126741409302e-01 0.000000000000000000e+00 1.679623528616502881e-05 2.400041371583938599e-01 0.000000000000000000e+00 8.000000000000000000e+00 8.191000000000000000e+03 0.000000000000000000e+00 1.000000000000000000e+00 2.754499912261962891e+00
2.520000076293945312e+01 2.501195371150970459e-01 0.000000000000000000e+00 1.658442124607972801e-05 2.500011622905731201e-01 0.000000000000000000e+00 8.000000000000000000e+00 8.191000000000000000e+03 0.000000000000000000e+00 1.000000000000000000e+00 2.754499912261962891e+00
2.539999961853027344e+01 2.602048218250274658e-01 0.000000000000000000e+00 1.636543856875505298e-05 2.599982023239135742e-01 0.000000000000000000e+00 8.000000000000000000e+00 8.191000000000000000e+03 0.000000000000000000e+00 1.000000000000000000e+00 2.754499912261962891e+00
2.560000038146972656e+01 2.702332437038421631e-01 0.000000000000000000e+00 1.618507121747825295e-05 2.699952423572540283e-01 0.000000000000000000e+00 8.000000000000000000e+00 8.191000000000000000e+03 0.000000000000000000e+00 1.000000000000000000e+00 2.754499912261962891e+00
2.580000114440917969e+01 2.802893817424774170e-01 0.000000000000000000e+00 1.602684460522141308e-05 2.800047695636749268e-01 0.000000000000000000e+00 8.000000000000000000e+00 8.191000000000000000e+03 0.000000000000000000e+00 1.000000000000000000e+00 2.754499912261962891e+00
2.600000000000000000e+01 2.902073562145233154e-01 0.000000000000000000e+00 1.587661063240375370e-05 2.900017797946929932e-01 0.000000000000000000e+00 8.000000000000000000e+00 8.191000000000000000e+03 0.000000000000000000e+00 1.000000000000000000e+00 2.754499912261962891e+00
2.620000076293945312e+01 3.001149594783782959e-01 0.000000000000000000e+00 1.570112726767547429e-05 2.999988198280334473e-01 0.000000000000000000e+00 8.000000000000000000e+00 8.191000000000000000e+03 0.000000000000000000e+00 1.000000000000000000e+00 2.754499912261962891e+00
2.639999961853027344e+01 2.900864481925964355e-01 0.000000000000000000e+00 1.528134816908277571e-05 2.900017797946929932e-01 0.000000000000000000e+00 8.000000000000000000e+00 8.191000000000000000e+03 0.000000000000000000e+00 1.000000000000000000e+00 2.754499912261962891e+00
2.660000038146972656e+01 2.802493274211883545e-01 0.000000000000000000e+00 1.491410694143269211e-05 2.800047695636749268e-01 0.000000000000000000e+00 8.000000000000000000e+00 8.191000000000000000e+03 0.000000000000000000e+00 1.000000000000000000e+00 2.754499912261962891e+00
2.680000114440917969e+01 2.701187729835510254e-01 0.000000000000000000e+00 1.460044404666405171e-05 2.699952423572540283e-01 0.000000000000000000e+00 8.000000000000000000e+00 8.191000000000000000e+03 0.000000000000000000e+00 1.000000000000000000e+00 2.754499912261962891e+00
2.700000000000000000e+01 2.600739300251007080e-01 0.000000000000000000e+00 1.434980276826536283e-05 2.599982023239135742e-01 0.000000000000000000e+00 8.000000000000000000e+00 8.191000000000000000e+03 0.000000000000000000e+00 1.000000000000000000e+00 2.754799842834472656e+00
2.720000076293945312e+01 2.501644492149353027e-01 0.000000000000000000e+00 1.417245766788255423e-05 2.500011622905731201e-01 0.000000000000000000e+00 8.000000000000000000e+00 8.191000000000000000e+03 0.000000000000000000e+00 1.000000000000000000e+00 2.754799842834472656e+00
2.739999961853027344e+01 2.402712106704711914e-01 0.000000000000000000e+00 1.394707123836269602e-05 2.400041371583938599e-01 0.000000000000000000e+00 8.000000000000000000e+00 8.191000000000000000e+03 0.000000000000000000e+00 1.000000000000000000e+00 2.754799842834472656e+00
2.760000038146972656e+01 2.301478385925292969e-01 0.000000000000000000e+00 1.373861778120044619e-05 2.299945950508117676e-01 0.000000000000000000e+00 8.000000000000000000e+00 8.191000000000000000e+03 0.000000000000000000e+00 1.000000000000000000e+00 2.754799842834472656e+00
2.780000114440917969e+01 2.201971262693405151e-01 0.000000000000000000e+00 1.352854906144784763e-05 2.199975699186325073e-01 0.000000000000000000e+00 8.000000000000000000e+00 8.191000000000000000e+03 0.000000000000000000e+00 1.000000000000000000e+00 2.754799842834472656e+00
2.800000000000000000e+01 2.101369947195053101e-01 0.000000000000000000e+00 1.334603439318016171e-05 2.100005298852920532e-01 0.000000000000000000e+00 8.000000000000000000e+00 8.191000000000000000e+03 0.000000000000000000e+00 1.000000000000000000e+00 2.754299879074096680e+00
2.820000076293945312e+01 2.001059949398040771e-01 0.000000000000000000e+00 1.313211032538674772e-05 2.000034898519515991e-01 0.000000000000000000e+00 8.000000000000000000e+00 8.191000000000000000e+03 0.000000000000000000e+00 1.000000000000000000e+00 2.754299879074096680e+00
2.839999961853027344e+01 1.901583671569824219e-01 0.000000000000000000e+00 1.289301144424825907e-05 1.899939626455307007e-01 0.000000000000000000e+00 8.000000000000000000e+00 8.191000000000000000e+03 0.000000000000000000e+00 1.000000000000000000e+00 2.754299879074096680e+00
2.860000038146972656e+01 1.801448315382003784e-01 0.000000000000000000e+00 1.263530339201679453e-05 1.799969226121902466e-01 0.000000000000000000e+00 8.000000000000000000e+00 8.191000000000000000e+03 0.000000000000000000e+00 1.000000000000000000e+00 2.754299879074096680e+00
2.880000114440917969e+01 1.701755523681640625e-01 0.000000000000000000e+00 1.228702330990927294e-05 1.699998974800109863e-01 0.000000000000000000e+00 8.000000000000000000e+00 8.191000000000000000e+03 0.000000000000000000e+00 1.000000000000000000e+00 2.754299879074096680e+00
2.900000000000000000e+01 1.601049602031707764e-01 0.000000000000000000e+00 1.183899166790070012e-05 1.600028574466705322e-01 0.000000000000000000e+00 8.000000000000000000e+00 8.191000000000000000e+03 0.000000000000000000e+00 1.000000000000000000e+00 2.754699945449829102e+00
2.920000076293945312e+01 1.502071321010589600e-01 0.000000000000000000e+00 1.130736745835747570e-05 1.500058174133300781e-01 0.000000000000000000e+00 8.000000000000000000e+00 8.191000000000000000e+03 0.000000000000000000e+00 1.000000000000000000e+00 2.754699945449829102e+00
2.939999961853027344e+01 1.401744931936264038e-01 0.000000000000000000e+00 1.056887322192778811e-05 1.399962902069091797e-01 0.000000000000000000e+00 8.000000000000000000e+00 8.191000000000000000e+03 0.000000000000000000e+00 1.000000000000000000e+00 2.754699945449829102e+00
2.960000038146972656e+01 1.301021277904510498e-01 0.000000000000000000e+00 9.544533895677886903e-06 1.299992501735687256e-01 0.000000000000000000e+00 8.000000000000000000e+00 8.191000000000000000e+03 0.000000000000000000e+00 1.000000000000000000e+00 2.754699945449829102e+00
2.980000114440917969e+01 1.201645433902740479e-01 0.000000000000000000e+00 8.308123142342083156e-06 1.200022250413894653e-01 0.000000000000000000e+00 8.000000000000000000e+00 8.191000000000000000e+03 0.000000000000000000e+00 1.000000000000000000e+00 2.754699945449829102e+00
3.000000000000000000e+01 1.101392433047294617e-01 0.000000000000000000e+00 6.650857812928734347e-06 1.100051850080490112e-01 0.000000000000000000e+00 8.000000000000000000e+00 8.191000000000000000e+03 0.000000000000000000e+00 1.000000000000000000e+00 2.754499912261962891e+00
3.020000076293945312e+01 1.000018641352653503e-01 0.000000000000000000e+00 4.596791313815629110e-06 9.999565780162811279e-02 0.000000000000000000e+00 7.000000000000000000e+00 8.191000000000000000e+03 0.000000000000000000e+00 1.000000000000000000e+00 2.754499912261962891e+00
3.039999961853027344e+01 9.017252177000045776e-02 0.000000000000000000e+00 2.218559529865160584e-06 8.999861776828765869e-02 0.000000000000000000e+00 7.000000000000000000e+00 8.191000000000000000e+03 0.000000000000000000e+00 1.000000000000000000e+00 2.754499912261962891e+00
3.060000038146972656e+01 8.015955239534378052e-02 0.000000000000000000e+00 -4.814011163034592755e-07 8.000158518552780151e-02 0.000000000000000000e+00 7.000000000000000000e+00 8.191000000000000000e+03 0.000000000000000000e+00 1.000000000000000000e+00 2.754499912261962891e+00
3.080000114440917969e+01 7.004900276660919189e-02 0.000000000000000000e+00 -1.093766627491277177e-06 7.000455260276794434e-02 0.000000000000000000e+00 6.000000000000000000e+00 7.164000000000000000e+03 0.000000000000000000e+00 1.000000000000000000e+00 2.754499912261962891e+00
3.100000000000000000e+01 6.020660698413848877e-02 0.000000000000000000e+00 -6.185041911521693692e-06 5.999501794576644897e-02 0.000000000000000000e+00 7.000000000000000000e+00 8.191000000000000000e+03 0.000000000000000000e+00 1.000000000000000000e+00 2.754499912261962891e+00
3.120000076293945312e+01 5.021538212895393372e-02 0.000000000000000000e+00 -8.811524821794591844e-06 4.999798536300659180e-02 0.000000000000000000e+00 7.000000000000000000e+00 8.191000000000000000e+03 0.000000000000000000e+00 1.000000000000000000e+00 2.754499912261962891e+00
3.139999961853027344e+01 4.016882926225662231e-02 0.000000000000000000e+00 -1.084774612536421046e-05 4.000094905495643616e-02 0.000000000000000000e+00 7.000000000000000000e+00 7.164000000000000000e+03 0.000000000000000000e+00 1.000000000000000000e+00 2.754499912261962891e+00
3.160000038146972656e+01 3.011689521372318268e-02 0.000000000000000000e+00 -1.253151276614516973e-05 3.000391460955142975e-02 0.000000000000000000e+00 8.000000000000000000e+00 8.191000000000000000e+03 0.000000000000000000e+00 1.000000000000000000e+00 2.754499912261962891e+00
3.180000114440917969e+01 2.017025649547576904e-02 0.000000000000000000e+00 -1.345456348644802347e-05 1.999438367784023285e-02 0.000000000000000000e+00 8.000000000000000000e+00 8.191000000000000000e+03 0.000000000000000000e+00 1.000000000000000000e+00 2.754499912261962891e+00
3.200000000000000000e+01 1.017008163034915924e-02 0.000000000000000000e+00 -1.377618536935187876e-05 9.997349232435226440e-03 0.000000000000000000e+00 8.000000000000000000e+00 8.191000000000000000e+03 0.000000000000000000e+00 1.000000000000000000e+00 2.754299879074096680e+00
3.220000076293945312e+01 1.095263578463345766e-04 0.000000000000000000e+00 -1.370112477161455899e-05 3.129243850708007812e-07 0.000000000000000000e+00 8.000000000000000000e+00 8.191000000000000000e+03 0.000000000000000000e+00 1.000000000000000000e+00 2.754299879074096680e+00
3.240000152587890625e+01 -9.835340082645416260e-03 0.000000000000000000e+00 -1.327067548118066043e-05 -9.996719658374786377e-03 0.000000000000000000e+00 8.000000000000000000e+00 8.191000000000000000e+03 0.000000000000000000e+00 1.000000000000000000e+00 2.754299879074096680e+00
3.260000228881835938e+01 -1.993993483483791351e-02 0.000000000000000000e+00 -1.262486966879805550e-05 -1.999375596642494202e-02 0.000000000000000000e+00 8.000000000000000000e+00 6.143000000000000000e+03 0.000000000000000000e+00 1.000000000000000000e+00 2.754299879074096680e+00
3.279999923706054688e+01 -2.992407605051994324e-02 0.000000000000000000e+00 -1.195497043227078393e-05 -3.000328317284584045e-02 0.000000000000000000e+00 8.000000000000000000e+00 8.191000000000000000e+03 0.000000000000000000e+00 1.000000000000000000e+00 2.754299879074096680e+00
3.300000000000000000e+01 -3.986928239464759827e-02 0.000000000000000000e+00 -1.126251572713954374e-05 -4.000032320618629456e-02 0.000000000000000000e+00 8.000000000000000000e+00 8.191000000000000000e+03 0.000000000000000000e+00 1.000000000000000000e+00 2.754600048065185547e+00
3.320000076293945312e+01 -4.994673654437065125e-02 0.000000000000000000e+00 -1.061244347511092201e-05 -4.999735578894615173e-02 0.000000000000000000e+00 8.000000000000000000e+00 8.191000000000000000e+03 0.000000000000000000e+00 1.000000000000000000e+00 2.754600048065185547e+00
3.340000152587890625e+01 -5.989388376474380493e-02 0.000000000000000000e+00 -1.004511159408139065e-05 -5.999438837170600891e-02 0.000000000000000000e+00 8.000000000000000000e+00 8.191000000000000000e+03 0.000000000000000000e+00 1.000000000000000000e+00 2.754600048065185547e+00
3.360000228881835938e+01 -6.981988251209259033e-02 0.000000000000000000e+00 -9.523881999484729022e-06 -7.000392675399780273e-02 0.000000000000000000e+00 8.000000000000000000e+00 8.191000000000000000e+03 0.000000000000000000e+00 1.000000000000000000e+00 2.754600048065185547e+00
3.379999923706054688e+01 -7.986782491207122803e-02 0.000000000000000000e+00 -9.125553333433344960e-06 -8.000095188617706299e-02 0.000000000000000000e+00 8.000000000000000000e+00 8.191000000000000000e+03 0.000000000000000000e+00 1.000000000000000000e+00 2.754600048065185547e+00
3.400000000000000000e+01 -8.981475979089736938e-02 0.000000000000000000e+00 -8.803768650977872312e-06 -8.999799191951751709e-02 0.000000000000000000e+00 8.000000000000000000e+00 8.191000000000000000e+03 0.000000000000000000e+00 1.000000000000000000e+00 2.754400014877319336e+00
3.420000076293945312e+01 -9.984458237886428833e-02 0.000000000000000000e+00 -8.517640708305407315e-06 -9.999501705169677734e-02 0.000000000000000000e+00 8.000000000000000000e+00 8.191000000000000000e+03 0.000000000000000000e+00 1.000000000000000000e+00 2.754400014877319336e+00
3.440000152587890625e+01 -1.099179163575172424e-01 0.000000000000000000e+00 -8.331348908541258425e-06 -1.100045591592788696e-01 0.000000000000000000e+00 8.000000000000000000e+00 8.191000000000000000e+03 0.000000000000000000e+00 1.000000000000000000e+00 2.754400014877319336e+00
3.460000228881835938e+01 -1.198309510946273804e-01 0.000000000000000000e+00 -8.173708010872360319e-06 -1.200015842914581299e-01 0.000000000000000000e+00 8.000000000000000000e+00 8.191000000000000000e+03 0.000000000000000000e+00 1.000000000000000000e+00 2.754400014877319336e+00
3.479999923706054688e+01 -1.298520416021347046e-01 0.000000000000000000e+00 -8.100407285382971168e-06 -1.299986243247985840e-01 0.000000000000000000e+00 8.000000000000000000e+00 8.191000000000000000e+03 0.000000000000000000e+00 1.000000000000000000e+00 2.754400014877319336e+00
3.500000000000000000e+01 -1.398479491472244263e-01 0.000000000000000000e+00 -8.096345482044853270e-06 -1.399956643581390381e-01 0.000000000000000000e+00 7.000000000000000000e+00 8.191000000000000000e+03 0.000000000000000000e+00 1.000000000000000000e+00 2.754899978637695312e+00
3.520000076293945312e+01 -1.498142033815383911e-01 0.000000000000000000e+00 -8.102805622911546379e-06 -1.500051915645599365e-01 0.000000000000000000e+00 7.000000000000000000e+00 8.191000000000000000e+03 0.000000000000000000e+00 1.000000000000000000e+00 2.754899978637695312e+00
3.540000152587890625e+01 -1.599127203226089478e-01 0.000000000000000000e+00 -8.189499567379243672e-06 -1.600022166967391968e-01 0.000000000000000000e+00 7.000000000000000000e+00 8.191000000000000000e+03 0.000000000000000000e+00 1.000000000000000000e+00 2.754899978637695312e+00
3.560000228881835938e+01 -1.698576658964157104e-01 0.000000000000000000e+00 -8.280600923171732575e-06 -1.699992567300796509e-01 0.000000000000000000e+00 7.000000000000000000e+00 8.191000000000000000e+03 0.000000000000000000e+00 1.000000000000000000e+00 2.754899978637695312e+00
3.579999923706054688e+01 -1.798528432846069336e-01 0.000000000000000000e+00 -8.432311005890369415e-06 -1.799962967634201050e-01 0.000000000000000000e+00 7.000000000000000000e+00 8.191000000000000000e+03 0.000000000000000000e+00 1.000000000000000000e+00 2.754899978637695312e+00
3.600000000000000000e+01 -1.899890750646591187e-01 0.000000000000000000e+00 -8.647277354612015188e-06 -1.900058239698410034e-01 0.000000000000000000e+00 7.000000000000000000e+00 8.191000000000000000e+03 0.000000000000000000e+00 1.000000000000000000e+00 2.754400014877319336e+00
3.620000076293945312e+01 -1.999673247337341309e-01 0.000000000000000000e+00 -8.887151125236414373e-06 -2.000028640031814575e-01 0.000000000000000000e+00 7.000000000000000000e+00 8.191000000000000000e+03 0.000000000000000000e+00 1.000000000000000000e+00 2.754400014877319336e+00
3.640000152587890625e+01 -1.898587942123413086e-01 0.000000000000000000e+00 -8.101948878902476281e-06 -1.900058239698410034e-01 0.000000000000000000e+00 8.000000000000000000e+00 8.191000000000000000e+03 0.000000000000000000e+00 2.000000000000000000e+00 2.754400014877319336e+00
3.660000228881835938e+01 -1.798481345176696777e-01 0.000000000000000000e+00 -7.518865913880290464e-06 -1.799962967634201050e-01 0.000000000000000000e+00 7.000000000000000000e+00 8.191000000000000000e+03 0.000000000000000000e+00 2.000000000000000000e+00 2.754400014877319336e+00
3.679999923706054688e+01 -1.697939932346343994e-01 0.000000000000000000e+00 -6.973020845180144534e-06 -1.699992567300796509e-01 0.000000000000000000e+00 7.000000000000000000e+00 8.191000000000000000e+03 0.000000000000000000e+00 2.000000000000000000e+00 2.754400014877319336e+00
3.700000000000000000e+01 -1.597964763641357422e-01 0.000000000000000000e+00 -6.495489287772215903e-06 -1.600022166967391968e-01 0.000000000000000000e+00 7.000000000000000000e+00 8.191000000000000000e+03 0.000000000000000000e+00 2.000000000000000000e+00 2.754600048065185547e+00
3.720000076293945312e+01 -1.498704850673675537e-01 0.000000000000000000e+00 -6.059259249013848603e-06 -1.500051915645599365e-01 0.000000000000000000e+00 7.000000000000000000e+00 8.191000000000000000e+03 0.000000000000000000e+00 2.000000000000000000e+00 2.754600048065185547e+00
3.740000152587890625e+01 -1.398290842771530151e-01 0.000000000000000000e+00 -5.664075160893844441e-06 -1.399956643581390381e-01 0.000000000000000000e+00 7.000000000000000000e+00 8.191000000000000000e+03 0.000000000000000000e+00 2.000000000000000000e+00 2.754600048065185547e+00
3.760000228881835938e+01 -1.299253851175308228e-01 0.000000000000000000e+00 -5.320225227478658780e-06 -1.299986243247985840e-01 0.000000000000000000e+00 7.000000000000000000e+00 8.191000000000000000e+03 0.000000000000000000e+00 2.000000000000000000e+00 2.754600048065185547e+00
3.779999923706054688e+01 -1.198483705520629883e-01 0.000000000000000000e+00 -4.984799943485995755e-06 -1.200015842914581299e-01 0.000000000000000000e+00 7.000000000000000000e+00 8.191000000000000000e+03 0.000000000000000000e+00 2.000000000000000000e+00 2.754600048065185547e+00
3.800000000000000000e+01 -1.099731996655464172e-01 0.000000000000000000e+00 -4.673097464547026902e-06 -1.100045591592788696e-01 0.000000000000000000e+00 7.000000000000000000e+00 8.191000000000000000e+03 0.000000000000000000e+00 2.000000000000000000e+00 2.754400014877319336e+00
3.820000076293945312e+01 -9.992887824773788452e-02 0.000000000000000000e+00 -4.396537406137213111e-06 -9.999501705169677734e-02 0.000000000000000000e+00 7.000000000000000000e+00 8.191000000000000000e+03 0.000000000000000000e+00 2.000000000000000000e+00 2.754400014877319336e+00
3.840000152587890625e+01 -8.993980288505554199e-02 0.000000000000000000e+00 -4.122754035051912069e-06 -8.999799191951751709e-02 0.000000000000000000e+00 7.000000000000000000e+00 8.191000000000000000e+03 0.000000000000000000e+00 2.000000000000000000e+00 2.754400014877319336e+00
3.860000228881835938e+01 -7.992298156023025513e-02 0.000000000000000000e+00 -3.849319909932091832e-06 -8.000095188617706299e-02 0.000000000000000000e+00 7.000000000000000000e+00 8.191000000000000000e+03 0.000000000000000000e+00 2.000000000000000000e+00 2.754400014877319336e+00
3.879999923706054688e+01 -6.988637149333953857e-02 0.000000000000000000e+00 -3.585237891456927173e-06 -7.000392675399780273e-02 0.000000000000000000e+00 7.000000000000000000e+00 8.191000000000000000e+03 0.000000000000000000e+00 2.000000000000000000e+00 2.754400014877319336e+00
3.900000000000000000e+01 -5.984930694103240967e-02 0.000000000000000000e+00 -3.291126176918623969e-06 -5.999438837170600891e-02 0.000000000000000000e+00 7.000000000000000000e+00 8.191000000000000000e+03 0.000000000000000000e+00 2.000000000000000000e+00 2.754400014877319336e+00
3.920000076293945312e+01 -4.977671056985855103e-02 0.000000000000000000e+00 -2.975779352709650993e-06 -4.999735578894615173e-02 0.000000000000000000e+00 7.000000000000000000e+00 8.191000000000000000e+03 0.000000000000000000e+00 2.000000000000000000e+00 2.754400014877319336e+00
3.940000152587890625e+01 -4.000710695981979370e-02 0.000000000000000000e+00 -2.604551582408021204e-06 -4.000032320618629456e-02 0.000000000000000000e+00 7.000000000000000000e+00 8.191000000000000000e+03 0.000000000000000000e+00 2.000000000000000000e+00 2.754400014877319336e+00
3.960000228881835938e+01 -2.977620437741279602e-02 0.000000000000000000e+00 -2.156245500373188406e-06 -3.000328317284584045e-02 0.000000000000000000e+00 7.000000000000000000e+00 8.191000000000000000e+03 0.000000000000000000e+00 2.000000000000000000e+00 2.754400014877319336e+00
3.979999923706054688e+01 -1.979372464120388031e-02 0.000000000000000000e+00 -1.599808911123545840e-06 -1.999375596642494202e-02 0.000000000000000000e+00 7.000000000000000000e+00 8.191000000000000000e+03 0.000000000000000000e+00 2.000000000000000000e+00 2.754400014877319336e+00
4.000000000000000000e+01 -9.877525269985198975e-03 0.000000000000000000e+00 -8.764448580222961027e-07 -9.996719658374786377e-03 0.000000000000000000e+00 7.000000000000000000e+00 8.191000000000000000e+03 0.000000000000000000e+00 2.000000000000000000e+00 2.754799842834472656e+00
4.020000076293945312e+01 2.291969431098550558e-04 0.000000000000000000e+00 5.300194771962196683e-08 3.129243850708007812e-07 0.000000000000000000e+00 7.000000000000000000e+00 8.191000000000000000e+03 0.000000000000000000e+00 2.000000000000000000e+00 2.754799842834472656e+00
4.040000152587890625e+01 1.011850405484437943e-02 0.000000000000000000e+00 1.093093487725127488e-06 9.997349232435226440e-03 0.000000000000000000e+00 6.000000000000000000e+00 7.164000000000000000e+03 0.000000000000000000e+00 2.000000000000000000e+00 2.754799842834472656e+00
4.060000228881835938e+01 2.023662440478801727e-02 0.000000000000000000e+00 2.716974904615199193e-06 1.999438367784023285e-02 0.000000000000000000e+00 7.000000000000000000e+00 6.143000000000000000e+03 0.000000000000000000e+00 2.000000000000000000e+00 2.754799842834472656e+00
4.079999923706054688e+01 3.018626198172569275e-02 0.000000000000000000e+00 4.515020918915979564e-06 3.000391460955142975e-02 0.000000000000000000e+00 7.000000000000000000e+00 8.191000000000000000e+03 0.000000000000000000e+00 2.000000000000000000e+00 2.754799842834472656e+00
4.100000000000000000e+01 4.021755978465080261e-02 0.000000000000000000e+00 6.594917522306786850e-06 4.000094905495643616e-02 0.000000000000000000e+00 7.000000000000000000e+00 8.191000000000000000e+03 0.000000000000000000e+00 2.000000000000000000e+00 2.754600048065185547e+00
4.120000076293945312e+01 5.020492523908615112e-02 0.000000000000000000e+00 8.894673555914778262e-06 4.999798536300659180e-02 0.000000000000000000e+00 7.000000000000000000e+00 8.191000000000000000e+03 0.000000000000000000e+00 2.000000000000000000e+00 2.754600048065185547e+00
4.140000152587890625e+01 6.008985266089439392e-02 0.000000000000000000e+00 1.131307089963229373e-05 5.999501794576644897e-02 0.000000000000000000e+00 8.000000000000000000e+00 8.191000000000000000e+03 0.000000000000000000e+00 2.000000000000000000e+00 2.754600048065185547e+00
4.160000228881835938e+01 7.022053003311157227e-02 0.000000000000000000e+00 1.370260906696785241e-05 7.000455260276794434e-02 0.000000000000000000e+00 8.000000000000000000e+00 8.191000000000000000e+03 0.000000000000000000e+00 2.000000000000000000e+00 2.754600048065185547e+00
4.179999923706054688e+01 8.015126734972000122e-02 0.000000000000000000e+00 1.580518619448412210e-05 8.000158518552780151e-02 0.000000000000000000e+00 8.000000000000000000e+00 8.191000000000000000e+03 0.000000000000000000e+00 2.000000000000000000e+00 2.754600048065185547e+00
4.200000000000000000e+01 9.017368406057357788e-02 0.000000000000000000e+00 1.766187961038667709e-05 8.999861776828765869e-02 0.000000000000000000e+00 8.000000000000000000e+00 8.191000000000000000e+03 0.000000000000000000e+00 2.000000000000000000e+00 2.754299879074096680e+00
4.220000076293945312e+01 1.000966206192970276e-01 0.000000000000000000e+00 1.906183388200588524e-05 9.999565780162811279e-02 0.000000000000000000e+00 8.000000000000000000e+00 8.191000000000000000e+03 0.000000000000000000e+00 2.000000000000000000e+00 2.754299879074096680e+00
4.240000152587890625e+01 1.101071983575820923e-01 0.000000000000000000e+00 2.003397457883693278e-05 1.100051850080490112e-01 0.000000000000000000e+00 8.000000000000000000e+00 8.191000000000000000e+03 0.000000000000000000e+00 2.000000000000000000e+00 2.754299879074096680e+00
4.260000228881835938e+01 1.201555356383323669e-01 0.000000000000000000e+00 2.065335320367012173e-05 1.200022250413894653e-01 0.000000000000000000e+00 8.000000000000000000e+00 8.191000000000000000e+03 0.000000000000000000e+00 2.000000000000000000e+00 2.754299879074096680e+00
4.279999923706054688e+01 1.301346719264984131e-01 0.000000000000000000e+00 2.089286499540321529e-05 1.299992501735687256e-01 0.000000000000000000e+00 8.000000000000000000e+00 8.191000000000000000e+03 0.000000000000000000e+00 2.000000000000000000e+00 2.754299879074096680e+00
4.300000000000000000e+01 1.400868892669677734e-01 0.000000000000000000e+00 2.078244870062917471e-05 1.399962902069091797e-01 0.000000000000000000e+00 8.000000000000000000e+00 8.191000000000000000e+03 0.000000000000000000e+00 2.000000000000000000e+00 2.754899978637695312e+00
4.320000076293945312e+01 1.502451896667480469e-01 0.000000000000000000e+00 2.059476355498190969e-05 1.500058174133300781e-01 0.000000000000000000e+00 8.000000000000000000e+00 8.191000000000000000e+03 0.000000000000000000e+00 2.000000000000000000e+00 2.754899978637695312e+00
4.340000152587890625e+01 1.601917147636413574e-01 0.000000000000000000e+00 2.015607242356054485e-05 1.600028574466705322e-01 0.000000000000000000e+00 8.000000000000000000e+00 8.191000000000000000e+03 0.000000000000000000e+00 2.000000000000000000e+00 2.754899978637695312e+00
4.360000228881835938e+01 1.700890064239501953e-01 0.000000000000000000e+00 1.972038626263383776e-05 1.699998974800109863e-01 0.000000000000000000e+00 8.000000000000000000e+00 8.191000000000000000e+03 0.000000000000000000e+00 2.000000000000000000e+00 2.754899978637695312e+00
4.379999923706054688e+01 1.800395399332046509e-01 0.000000000000000000e+00 1.919431451824493706e-05 1.799969226121902466e-01 0.000000000000000000e+00 8.000000000000000000e+00 8.191000000000000000e+03 0.000000000000000000e+00 2.000000000000000000e+00 2.754899978637695312e+00
4.400000000000000000e+01 1.901599466800689697e-01 0.000000000000000000e+00 1.874647932709194720e-05 1.899939626455307007e-01 0.000000000000000000e+00 8.000000000000000000e+00 8.191000000000000000e+03 0.000000000000000000e+00 2.000000000000000000e+00 2.754499912261962891e+00
4.420000076293945312e+01 2.002226412296295166e-01 0.000000000000000000e+00 1.833205169532448053e-05 2.000034898519515991e-01 0.000000000000000000e+00 8.000000000000000000e+00 8.191000000000000000e+03 0.000000000000000000e+00 2.000000000000000000e+00 2.754499912261962891e+00
4.440000152587890625e+01 2.102713882923126221e-01 0.000000000000000000e+00 1.788947156455833465e-05 2.100005298852920532e-01 0.000000000000000000e+00 8.000000000000000000e+00 8.191000000000000000e+03 0.000000000000000000e+00 2.000000000000000000e+00 2.754499912261962891e+00
4.460000228881835938e+01 2.201952785253524780e-01 0.000000000000000000e+00 1.746715315675828606e-05 2.199975699186325073e-01 0.000000000000000000e+00 8.000000000000000000e+00 8.191000000000000000e+03 0.000000000000000000e+00 2.000000000000000000e+00 2.754499912261962891e+00
4.479999923706054688e+01 2.301002442836761475e-01 0.000000000000000000e+00 1.713069468678440899e-05 2.299945950508117676e-01 0.000000000000000000e+00 8.000000000000000000e+00 8.191000000000000000e+03 0.000000000000000000e+00 2.000000000000000000e+00 2.754499912261962891e+00
4.500000000000000000e+01 2.401472926139831543e-01 0.000000000000000000e+00 1.685189090494532138e-05 2.400041371583938599e-01 0.000000000000000000e+00 8.000000000000000000e+00 8.191000000000000000e+03 0.000000000000000000e+00 2.000000000000000000e+00 2.754699945449829102e+00
4.520000076293945312e+01 2.501491308212280273e-01 0.000000000000000000e+00 1.657304892432875931e-05 2.500011622905731201e-01 0.000000000000000000e+00 8.000000000000000000e+00 8.191000000000000000e+03 0.000000000000000000e+00 2.000000000000000000e+00 2.754699945449829102e+00
4.540000152587890625e+01 2.601116895675659180e-01 0.000000000000000000e+00 1.635380249354057014e-05 2.599982023239135742e-01 0.000000000000000000e+00 8.000000000000000000e+00 8.191000000000000000e+03 0.000000000000000000e+00 2.000000000000000000e+00 2.754699945449829102e+00
4.560000228881835938e+01 2.701112926006317139e-01 0.000000000000000000e+00 1.611570951354224235e-05 2.699952423572540283e-01 0.000000000000000000e+00 8.000000000000000000e+00 8.191000000000000000e+03 0.000000000000000000e+00 2.000000000000000000e+00 2.754699945449829102e+00
4.579999923706054688e+01 2.801879644393920898e-01 0.000000000000000000e+00 1.593227534613106400e-05 2.800047695636749268e-01 0.000000000000000000e+00 8.000000000000000000e+00 8.191000000000000000e+03 0.000000000000000000e+00 2.000000000000000000e+00 2.754699945449829102e+00
4.600000000000000000e+01 2.901531159877777100e-01 0.000000000000000000e+00 1.575317219248972833e-05 2.900017797946929932e-01 0.000000000000000000e+00 8.000000000000000000e+00 8.191000000000000000e+03 0.000000000000000000e+00 2.000000000000000000e+00 2.754499912261962891e+00
4.620000076293945312e+01 3.001420497894287109e-01 0.000000000000000000e+00 1.560123200761154294e-05 2.999988198280334473e-01 0.000000000000000000e+00 8.000000000000000000e+00 8.191000000000000000e+03 0.000000000000000000e+00 2.000000000000000000e+00 2.754499912261962891e+00
4.640000152587890625e+01 2.902126610279083252e-01 0.000000000000000000e+00 1.514075938757741824e-05 2.900017797946929932e-01 0.000000000000000000e+00 8.000000000000000000e+00 8.191000000000000000e+03 0.000000000000000000e+00 2.000000000000000000e+00 2.754499912261962891e+00
4.660000228881835938e+01 2.801854312419891357e-01 0.000000000000000000e+00 1.479490128986071795e-05 2.800047695636749268e-01 0.000000000000000000e+00 8.000000000000000000e+00 8.191000000000000000e+03 0.000000000000000000e+00 2.000000000000000000e+00 2.754499912261962891e+00
4.679999923706054688e+01 2.700962424278259277e-01 0.000000000000000000e+00 1.447301929147215560e-05 2.699952423572540283e-01 0.000000000000000000e+00 8.000000000000000000e+00 8.191000000000000000e+03 0.000000000000000000e+00 2.000000000000000000e+00 2.754499912261962891e+00
4.700000000000000000e+01 2.601810693740844727e-01 0.000000000000000000e+00 1.422178684151731431e-05 2.599982023239135742e-01 0.000000000000000000e+00 8.000000000000000000e+00 8.191000000000000000e+03 0.000000000000000000e+00 2.000000000000000000e+00 2.754299879074096680e+00
4.720000076293945312e+01 2.501721084117889404e-01 0.000000000000000000e+00 1.399167194904293865e-05 2.500011622905731201e-01 0.000000000000000000e+00 8.000000000000000000e+00 8.191000000000000000e+03 0.000000000000000000e+00 2.000000000000000000e+00 2.754299879074096680e+00
4.740000152587890625e+01 2.402442842721939087e-01 0.000000000000000000e+00 1.379813329549506307e-05 2.400041371583938599e-01 0.000000000000000000e+00 8.000000000000000000e+00 8.191000000000000000e+03 0.000000000000000000e+00 2.000000000000000000e+00 2.754299879074096680e+00
4.760000228881835938e+01 2.300531119108200073e-01 0.000000000000000000e+00 1.353612969978712499e-05 2.299945950508117676e-01 0.000000000000000000e+00 8.000000000000000000e+00 8.191000000000000000e+03 0.000000000000000000e+00 2.000000000000000000e+00 2.754299879074096680e+00
4.779999923706054688e+01 2.201268523931503296e-01 0.000000000000000000e+00 1.332185638602823019e-05 2.199975699186325073e-01 0.000000000000000000e+00 8.000000000000000000e+00 8.191000000000000000e+03 0.000000000000000000e+00 2.000000000000000000e+00 2.754299879074096680e+00
4.800000000000000000e+01 2.101346999406814575e-01 0.000000000000000000e+00 1.309233357460470870e-05 2.100005298852920532e-01 0.000000000000000000e+00 8.000000000000000000e+00 8.191000000000000000e+03 0.000000000000000000e+00 2.000000000000000000e+00 2.754699945449829102e+00
4.820000076293945312e+01 2.001058310270309448e-01 0.000000000000000000e+00 1.286765927943633869e-05 2.000034898519515991e-01 0.000000000000000000e+00 8.000000000000000000e+00 8.191000000000000000e+03 0.000000000000000000e+00 2.000000000000000000e+00 2.754699945449829102e+00
4.840000152587890625e+01 1.902066767215728760e-01 0.000000000000000000e+00 1.259554119314998388e-05 1.899939626455307007e-01 0.000000000000000000e+00 8.000000000000000000e+00 8.191000000000000000e+03 0.000000000000000000e+00 2.000000000000000000e+00 2.754699945449829102e+00
4.860000228881835938e+01 1.801304817199707031e-01 0.000000000000000000e+00 1.228582914336584508e-05 1.799969226121902466e-01 0.000000000000000000e+00 8.000000000000000000e+00 8.191000000000000000e+03 0.000000000000000000e+00 2.000000000000000000e+00 2.754699945449829102e+00
4.879999923706054688e+01 1.702149510383605957e-01 0.000000000000000000e+00 1.193448861158685759e-05 1.699998974800109863e-01 0.000000000000000000e+00 8.000000000000000000e+00 8.191000000000000000e+03 0.000000000000000000e+00 2.000000000000000000e+00 2.754699945449829102e+00
4.900000000000000000e+01 1.601482778787612915e-01 0.000000000000000000e+00 1.142981636803597212e-05 1.600028574466705322e-01 0.000000000000000000e+00 8.000000000000000000e+00 8.191000000000000000e+03 0.000000000000000000e+00 2.000000000000000000e+00 2.754499912261962891e+00
4.920000076293945312e+01 1.501839309930801392e-01 0.000000000000000000e+00 1.080808851838810369e-05 1.500058174133300781e-01 0.000000000000000000e+00 8.000000000000000000e+00 8.191000000000000000e+03 0.000000000000000000e+00 2.000000000000000000e+00 2.754499912261962891e+00
4.940000152587890625e+01 1.401015222072601318e-01 0.000000000000000000e+00 1.000208158075110987e-05 1.399962902069091797e-01 0.000000000000000000e+00 8.000000000000000000e+00 8.191000000000000000e+03 0.000000000000000000e+00 2.000000000000000000e+00 2.754499912261962891e+00
4.960000228881835938e+01 1.301056444644927979e-01 0.000000000000000000e+00 8.952109965321142226e-06 1.299992501735687256e-01 0.000000000000000000e+00 8.000000000000000000e+00 8.191000000000000000e+03 0.000000000000000000e+00 2.000000000000000000e+00 2.754499912261962891e+00
4.979999923706054688e+01 1.201016530394554138e-01 0.000000000000000000e+00 7.608276064274832606e-06 1.200022250413894653e-01 0.000000000000000000e+00 8.000000000000000000e+00 8.191000000000000000e+03 0.000000000000000000e+00 2.000000000000000000e+00 2.754499912261962891e+00
5.000000000000000000e+01 1.102493256330490112e-01 0.000000000000000000e+00 5.878269803361035883e-06 1.100051850080490112e-01 0.000000000000000000e+00 7.000000000000000000e+00 8.191000000000000000e+03 0.000000000000000000e+00 2.000000000000000000e+00 2.754499912261962891e+00
5.020000076293945312e+01 1.001388654112815857e-01 0.000000000000000000e+00 3.786054776355740614e-06 9.999565780162811279e-02 0.000000000000000000e+00 7.000000000000000000e+00 8.191000000000000000e+03 0.000000000000000000e+00 2.000000000000000000e+00 2.754499912261962891e+00
5.040000152587890625e+01 9.017674624919891357e-02 0.000000000000000000e+00 1.339398863819951657e-06 8.999861776828765869e-02 0.000000000000000000e+00 7.000000000000000000e+00 8.191000000000000000e+03 0.000000000000000000e+00 2.000000000000000000e+00 2.754499912261962891e+00
5.060000228881835938e+01 8.010242879390716553e-02 0.000000000000000000e+00 -1.409870719726313837e-06 8.000158518552780151e-02 0.000000000000000000e+00 7.000000000000000000e+00 8.191000000000000000e+03 0.000000000000000000e+00 2.000000000000000000e+00 2.754499912261962891e+00
5.079999923706054688e+01 7.018084824085235596e-02 0.000000000000000000e+00 -4.300283762859180570e-06 7.000455260276794434e-02 0.000000000000000000e+00 7.000000000000000000e+00 8.191000000000000000e+03 0.000000000000000000e+00 2.000000000000000000e+00 2.754499912261962891e+00
5.100000000000000000e+01 6.017174199223518372e-02 0.000000000000000000e+00 -7.144418304960709065e-06 5.999501794576644897e-02 0.000000000000000000e+00 7.000000000000000000e+00 8.191000000000000000e+03 0.000000000000000000e+00 2.000000000000000000e+00 2.754899978637695312e+00
5.120000076293945312e+01 5.015841871500015259e-02 0.000000000000000000e+00 -9.725798918225336820e-06 4.999798536300659180e-02 0.000000000000000000e+00 7.000000000000000000e+00 8.191000000000000000e+03 0.000000000000000000e+00 2.000000000000000000e+00 2.754899978637695312e+00
5.140000152587890625e+01 4.021854326128959656e-02 0.000000000000000000e+00 -1.178820912173250690e-05 4.000094905495643616e-02 0.000000000000000000e+00 8.000000000000000000e+00 8.191000000000000000e+03 0.000000000000000000e+00 2.000000000000000000e+00 2.754899978637695312e+00
5.160000228881835938e+01 3.005963936448097229e-02 0.000000000000000000e+00 -1.332745341642294079e-05 3.000391460955142975e-02 0.000000000000000000e+00 8.000000000000000000e+00 8.191000000000000000e+03 0.000000000000000000e+00 2.000000000000000000e+00 2.754899978637695312e+00
5.179999923706054688e+01 2.006724663078784943e-02 0.000000000000000000e+00 -1.424462880095234141e-05 1.999438367784023285e-02 0.000000000000000000e+00 8.000000000000000000e+00 8.191000000000000000e+03 0.000000000000000000e+00 2.000000000000000000e+00 2.754899978637695312e+00
5.200000000000000000e+01 1.020100712776184082e-02 0.000000000000000000e+00 -1.454911489418009296e-05 9.997349232435226440e-03 0.000000000000000000e+00 8.000000000000000000e+00 8.191000000000000000e+03 0.000000000000000000e+00 2.000000000000000000e+00 2.753999948501586914e+00
5.220000076293945312e+01 2.322132058907300234e-04 0.000000000000000000e+00 -1.439204879716271535e-05 3.129243850708007812e-07 0.000000000000000000e+00 8.000000000000000000e+00 8.191000000000000000e+03 0.000000000000000000e+00 2.000000000000000000e+00 2.753999948501586914e+00
5.240000152587890625e+01 -9.789145551621913910e-03 0.000000000000000000e+00 -1.393551701767137274e-05 -9.996719658374786377e-03 0.000000000000000000e+00 8.000000000000000000e+00 8.191000000000000000e+03 0.000000000000000000e+00 2.000000000000000000e+00 2.753999948501586914e+00
5.260000228881835938e+01 -1.995989494025707245e-02 0.000000000000000000e+00 -1.335253728029783815e-05 -1.999375596642494202e-02 0.000000000000000000e+00 8.000000000000000000e+00 6.143000000000000000e+03 0.000000000000000000e+00 2.000000000000000000e+00 2.753999948501586914e+00
5.279999923706054688e+01 -2.991770021617412567e-02 0.000000000000000000e+00 -1.258246265933848917e-05 -3.000328317284584045e-02 0.000000000000000000e+00 8.000000000000000000e+00 8.191000000000000000e+03 0.000000000000000000e+00 2.000000000000000000e+00 2.753999948501586914e+00
5.300000000000000000e+01 -3.997779637575149536e-02 0.000000000000000000e+00 -1.190428065456217155e-05 -4.000032320618629456e-02 0.000000000000000000e+00 8.000000000000000000e+00 8.191000000000000000e+03 0.000000000000000000e+00 2.000000000000000000e+00 2.754799842834472656e+00
5.320000076293945312e+01 -4.988217726349830627e-02 0.000000000000000000e+00 -1.124511618399992585e-05 -4.999735578894615173e-02 0.000000000000000000e+00 8.000000000000000000e+00 8.191000000000000000e+03 0.000000000000000000e+00 2.000000000000000000e+00 2.754799842834472656e+00
5.340000152587890625e+01 -5.976710468530654907e-02 0.000000000000000000e+00 -1.062491355696693063e-05 -5.999438837170600891e-02 0.000000000000000000e+00 8.000000000000000000e+00 8.191000000000000000e+03 0.000000000000000000e+00 2.000000000000000000e+00 2.754799842834472656e+00
5.360000228881835938e+01 -6.985805928707122803e-02 0.000000000000000000e+00 -1.009625884762499481e-05 -7.000392675399780273e-02 0.000000000000000000e+00 8.000000000000000000e+00 8.191000000000000000e+03 0.000000000000000000e+00 2.000000000000000000e+00 2.754799842834472656e+00
5.379999923706054688e+01 -7.990631461143493652e-02 0.000000000000000000e+00 -9.680204129836056381e-06 -8.000095188617706299e-02 0.000000000000000000e+00 8.000000000000000000e+00 8.191000000000000000e+03 0.000000000000000000e+00 2.000000000000000000e+00 2.754799842834472656e+00
5.400000000000000000e+01 -8.987941592931747437e-02 0.000000000000000000e+00 -9.299400517193134874e-06 -8.999799191951751709e-02 0.000000000000000000e+00 8.000000000000000000e+00 8.191000000000000000e+03 0.000000000000000000e+00 2.000000000000000000e+00 2.754400014877319336e+00
5.420000076293945312e+01 -9.981236606836318970e-02 0.000000000000000000e+00 -8.982015970104839653e-06 -9.999501705169677734e-02 0.000000000000000000e+00 8.000000000000000000e+00 8.191000000000000000e+03 0.000000000000000000e+00 2.000000000000000000e+00 2.754400014877319336e+00
5.440000152587890625e+01 -1.098778322339057922e-01 0.000000000000000000e+00 -8.772011824476066977e-06 -1.100045591592788696e-01 0.000000000000000000e+00 8.000000000000000000e+00 8.191000000000000000e+03 0.000000000000000000e+00 2.000000000000000000e+00 2.754400014877319336e+00
5.460000228881835938e+01 -1.198094785213470459e-01 0.000000000000000000e+00 -8.612821147835347801e-06 -1.200015842914581299e-01 0.000000000000000000e+00 8.000000000000000000e+00 8.191000000000000000e+03 0.000000000000000000e+00 2.000000000000000000e+00 2.754400014877319336e+00
5.479999923706054688e+01 -1.298815011978149414e-01 0.000000000000000000e+00 -8.521915333403740078e-06 -1.299986243247985840e-01 0.000000000000000000e+00 8.000000000000000000e+00 8.191000000000000000e+03 0.000000000000000000e+00 2.000000000000000000e+00 2.754400014877319336e+00
5.500000000000000000e+01 -1.397997289896011353e-01 0.000000000000000000e+00 -8.459607670374680310e-06 -1.399956643581390381e-01 0.000000000000000000e+00 8.000000000000000000e+00 8.191000000000000000e+03 0.000000000000000000e+00 2.000000000000000000e+00 2.754400014877319336e+00
5.520000076293945312e+01 -1.498715132474899292e-01 0.000000000000000000e+00 -8.439277735305950046e-06 -1.500051915645599365e-01 0.000000000000000000e+00 8.000000000000000000e+00 8.191000000000000000e+03 0.000000000000000000e+00 2.000000000000000000e+00 2.754400014877319336e+00
5.540000152587890625e+01 -1.597822457551956177e-01 0.000000000000000000e+00 -8.491796506859827787e-06 -1.600022166967391968e-01 0.000000000000000000e+00 8.000000000000000000e+00 8.191000000000000000e+03 0.000000000000000000e+00 2.000000000000000000e+00 2.754400014877319336e+00
5.560000228881835938e+01 -1.698882877826690674e-01 0.000000000000000000e+00 -8.579882887715939432e-06 -1.699992567300796509e-01 0.000000000000000000e+00 8.000000000000000000e+00 8.191000000000000000e+03 0.000000000000000000e+00 2.000000000000000000e+00 2.754400014877319336e+00
5.579999923706054688e+01 -1.798859685659408569e-01 0.000000000000000000e+00 -8.730139597901143134e-06 -1.799962967634201050e-01 0.000000000000000000e+00 8.000000000000000000e+00 8.191000000000000000e+03 0.000000000000000000e+00 2.000000000000000000e+00 2.754400014877319336e+00
5.600000000000000000e+01 -1.898433566093444824e-01 0.000000000000000000e+00 -8.886155228537973017e-06 -1.900058239698410034e-01 0.000000000000000000e+00 8.000000000000000000e+00 8.191000000000000000e+03 0.000000000000000000e+00 2.000000000000000000e+00 2.754799842834472656e+00
5.620000076293945312e+01 -1.998110413551330566e-01 0.000000000000000000e+00 -9.093767403101082891e-06 -2.000028640031814575e-01 0.000000000000000000e+00 8.000000000000000000e+00 8.191000000000000000e+03 0.000000000000000000e+00 2.000000000000000000e+00 2.754799842834472656e+00
5.640000152587890625e+01 -1.999801248311996460e-01 0.000000000000000000e+00 -8.867493306752294302e-06 -2.000028640031814575e-01 0.000000000000000000e+00 8.000000000000000000e+00 8.191000000000000000e+03 0.000000000000000000e+00 3.000000000000000000e+00 2.754799842834472656e+00
