2.000000029802322388e-01 1.705854665488004684e-04 0.000000000000000000e+00 4.490582909966178704e-07 3.129243850708007812e-07 0.000000000000000000e+00 8.000000000000000000e+00 8.191000000000000000e+03 0.000000000000000000e+00 0.000000000000000000e+00 2.757499933242797852e+00
4.000000059604644775e-01 1.019881945103406906e-02 0.000000000000000000e+00 6.341956577671226114e-07 9.997349232435226440e-03 0.000000000000000000e+00 7.000000000000000000e+00 8.191000000000000000e+03 0.000000000000000000e+00 0.000000000000000000e+00 2.757499933242797852e+00
6.000000238418579102e-01 2.020175382494926453e-02 0.000000000000000000e+00 8.953705332714889664e-07 1.999438367784023285e-02 0.000000000000000000e+00 6.000000000000000000e+00 8.191000000000000000e+03 0.000000000000000000e+00 0.000000000000000000e+00 2.757499933242797852e+00
8.000000119209289551e-01 3.004595823585987091e-02 0.000000000000000000e+00 1.234151227436086629e-06 3.000391460955142975e-02 0.000000000000000000e+00 7.000000000000000000e+00 6.143000000000000000e+03 0.000000000000000000e+00 0.000000000000000000e+00 2.757499933242797852e+00
1.000000000000000000e+00 4.027074947953224182e-02 0.000000000000000000e+00 1.654364268688368611e-06 4.000094905495643616e-02 0.000000000000000000e+00 7.000000000000000000e+00 8.191000000000000000e+03 0.000000000000000000e+00 0.000000000000000000e+00 2.757499933242797852e+00
1.200000047683715820e+00 5.026214942336082458e-02 0.000000000000000000e+00 2.167786988138686866e-06 4.999798536300659180e-02 0.000000000000000000e+00 7.000000000000000000e+00 8.191000000000000000e+03 0.000000000000000000e+00 0.000000000000000000e+00 2.756599903106689453e+00
1.399999976158142090e+00 6.021166965365409851e-02 0.000000000000000000e+00 2.779937631203210913e-06 5.999501794576644897e-02 0.000000000000000000e+00 7.000000000000000000e+00 8.191000000000000000e+03 0.000000000000000000e+00 0.000000000000000000e+00 2.756599903106689453e+00
1.600000023841857910e+00 7.024953514337539673e-02 0.000000000000000000e+00 3.458325636529480107e-06 7.000455260276794434e-02 0.000000000000000000e+00 7.000000000000000000e+00 8.191000000000000000e+03 0.000000000000000000e+00 0.000000000000000000e+00 2.756599903106689453e+00
1.800000071525573730e+00 8.027124404907226562e-02 0.000000000000000000e+00 4.163493031228426844e-06 8.000158518552780151e-02 0.000000000000000000e+00 7.000000000000000000e+00 8.191000000000000000e+03 0.000000000000000000e+00 0.000000000000000000e+00 2.756599903106689453e+00
2.000000000000000000e+00 9.027934074401855469e-02 0.000000000000000000e+00 4.841177542402874678e-06 8.999861776828765869e-02 0.000000000000000000e+00 7.000000000000000000e+00 8.191000000000000000e+03 0.000000000000000000e+00 0.000000000000000000e+00 2.756599903106689453e+00
2.200000047683715820e+00 1.002100706100463867e-01 0.000000000000000000e+00 5.440755558083765209e-06 9.999565780162811279e-02 0.000000000000000000e+00 7.000000000000000000e+00 8.191000000000000000e+03 0.000000000000000000e+00 0.000000000000000000e+00 2.756700038909912109e+00
2.400000095367431641e+00 1.102313846349716187e-01 0.000000000000000000e+00 5.925786354055162519e-06 1.100051850080490112e-01 0.000000000000000000e+00 7.000000000000000000e+00 8.191000000000000000e+03 0.000000000000000000e+00 0.000000000000000000e+00 2.756700038909912109e+00
2.600000143051147461e+00 1.202477365732192993e-01 0.000000000000000000e+00 6.283925813477253541e-06 1.200022250413894653e-01 0.000000000000000000e+00 7.000000000000000000e+00 8.191000000000000000e+03 0.000000000000000000e+00 0.000000000000000000e+00 2.756700038909912109e+00
2.799999952316284180e+00 1.302705854177474976e-01 0.000000000000000000e+00 6.538514753628987819e-06 1.299992501735687256e-01 0.000000000000000000e+00 7.000000000000000000e+00 8.191000000000000000e+03 0.000000000000000000e+00 0.000000000000000000e+00 2.756700038909912109e+00
3.000000000000000000e+00 1.402512341737747192e-01 0.000000000000000000e+00 6.713095899613108486e-06 1.399962902069091797e-01 0.000000000000000000e+00 7.000000000000000000e+00 8.191000000000000000e+03 0.000000000000000000e+00 0.000000000000000000e+00 2.756700038909912109e+00
3.200000047683715820e+00 1.502257138490676880e-01 0.000000000000000000e+00 6.846291398687753826e-06 1.500058174133300781e-01 0.000000000000000000e+00 7.000000000000000000e+00 8.191000000000000000e+03 0.000000000000000000e+00 0.000000000000000000e+00 2.756700038909912109e+00
3.400000095367431641e+00 1.602198183536529541e-01 0.000000000000000000e+00 6.958129688428016379e-06 1.600028574466705322e-01 0.000000000000000000e+00 7.000000000000000000e+00 8.191000000000000000e+03 0.000000000000000000e+00 0.000000000000000000e+00 2.756700038909912109e+00
3.600000143051147461e+00 1.702329665422439575e-01 0.000000000000000000e+00 7.091725365171441808e-06 1.699998974800109863e-01 0.000000000000000000e+00 7.000000000000000000e+00 8.191000000000000000e+03 0.000000000000000000e+00 0.000000000000000000e+00 2.756700038909912109e+00
3.799999952316284180e+00 1.802403628826141357e-01 0.000000000000000000e+00 7.236686542455572635e-06 1.799969226121902466e-01 0.000000000000000000e+00 7.000000000000000000e+00 8.191000000000000000e+03 0.000000000000000000e+00 0.000000000000000000e+00 2.756700038909912109e+00
4.000000000000000000e+00 1.902708858251571655e-01 0.000000000000000000e+00 7.408658802887657657e-06 1.899939626455307007e-01 0.000000000000000000e+00 7.000000000000000000e+00 8.191000000000000000e+03 0.000000000000000000e+00 0.000000000000000000e+00 2.756700038909912109e+00
4.200000286102294922e+00 2.002298980951309204e-01 0.000000000000000000e+00 7.614854894200107083e-06 2.000034898519515991e-01 0.000000000000000000e+00 7.000000000000000000e+00 8.191000000000000000e+03 0.000000000000000000e+00 0.000000000000000000e+00 2.756700038909912109e+00
4.400000095367431641e+00 2.102912068367004395e-01 0.000000000000000000e+00 7.838372766855172813e-06 2.100005298852920532e-01 0.000000000000000000e+00 7.000000000000000000e+00 8.191000000000000000e+03 0.000000000000000000e+00 0.000000000000000000e+00 2.756700038909912109e+00
4.599999904632568359e+00 2.202761322259902954e-01 0.000000000000000000e+00 8.088188224064651877e-06 2.199975699186325073e-01 0.000000000000000000e+00 7.000000000000000000e+00 8.191000000000000000e+03 0.000000000000000000e+00 0.000000000000000000e+00 2.756700038909912109e+00
4.800000190734863281e+00 2.302309572696685791e-01 0.000000000000000000e+00 8.338312909472733736e-06 2.299945950508117676e-01 0.000000000000000000e+00 7.000000000000000000e+00 8.191000000000000000e+03 0.000000000000000000e+00 0.000000000000000000e+00 2.756700038909912109e+00
5.000000000000000000e+00 2.402489036321640015e-01 0.000000000000000000e+00 8.587190677644684911e-06 2.400041371583938599e-01 0.000000000000000000e+00 7.000000000000000000e+00 8.191000000000000000e+03 0.000000000000000000e+00 0.000000000000000000e+00 2.756700038909912109e+00
5.200000286102294922e+00 2.502371370792388916e-01 0.000000000000000000e+00 8.827503734210040420e-06 2.500011622905731201e-01 0.000000000000000000e+00 7.000000000000000000e+00 8.191000000000000000e+03 0.000000000000000000e+00 0.000000000000000000e+00 2.756700038909912109e+00
5.400000095367431641e+00 2.602302432060241699e-01 0.000000000000000000e+00 9.051908818946685642e-06 2.599982023239135742e-01 0.000000000000000000e+00 7.000000000000000000e+00 8.191000000000000000e+03 0.000000000000000000e+00 0.000000000000000000e+00 2.756700038909912109e+00
5.599999904632568359e+00 2.702470719814300537e-01 0.000000000000000000e+00 9.330781722383107990e-06 2.699952423572540283e-01 0.000000000000000000e+00 8.000000000000000000e+00 8.191000000000000000e+03 0.000000000000000000e+00 0.000000000000000000e+00 2.756700038909912109e+00
5.800000190734863281e+00 2.802641391754150391e-01 0.000000000000000000e+00 9.514186785963829607e-06 2.800047695636749268e-01 0.000000000000000000e+00 8.000000000000000000e+00 8.191000000000000000e+03 0.000000000000000000e+00 0.000000000000000000e+00 2.756700038909912109e+00
6.000000000000000000e+00 2.902496159076690674e-01 0.000000000000000000e+00 9.651072105043567717e-06 2.900017797946929932e-01 0.000000000000000000e+00 8.000000000000000000e+00 8.191000000000000000e+03 0.000000000000000000e+00 0.000000000000000000e+00 2.756700038909912109e+00
6.200000286102294922e+00 3.002343475818634033e-01 0.000000000000000000e+00 9.851429240370634943e-06 2.999988198280334473e-01 0.000000000000000000e+00 8.000000000000000000e+00 8.191000000000000000e+03 0.000000000000000000e+00 0.000000000000000000e+00 2.756700038909912109e+00
6.400000095367431641e+00 2.902279198169708252e-01 0.000000000000000000e+00 7.930882020446006209e-06 2.900017797946929932e-01 0.000000000000000000e+00 8.000000000000000000e+00 8.191000000000000000e+03 0.000000000000000000e+00 0.000000000000000000e+00 2.756700038909912109e+00
6.599999904632568359e+00 2.802354693412780762e-01 0.000000000000000000e+00 6.907933766342466697e-06 2.800047695636749268e-01 0.000000000000000000e+00 7.000000000000000000e+00 8.191000000000000000e+03 0.000000000000000000e+00 0.000000000000000000e+00 2.756700038909912109e+00
6.800000190734863281e+00 2.702274024486541748e-01 0.000000000000000000e+00 6.276425665419083089e-06 2.699952423572540283e-01 0.000000000000000000e+00 7.000000000000000000e+00 8.191000000000000000e+03 0.000000000000000000e+00 0.000000000000000000e+00 2.756700038909912109e+00
7.000000000000000000e+00 2.602347433567047119e-01 0.000000000000000000e+00 5.804887223348487169e-06 2.599982023239135742e-01 0.000000000000000000e+00 7.000000000000000000e+00 8.191000000000000000e+03 0.000000000000000000e+00 0.000000000000000000e+00 2.756700038909912109e+00
7.200000286102294922e+00 2.502405047416687012e-01 0.000000000000000000e+00 5.414427960204193369e-06 2.500011622905731201e-01 0.000000000000000000e+00 7.000000000000000000e+00 8.191000000000000000e+03 0.000000000000000000e+00 0.000000000000000000e+00 2.756399869918823242e+00
7.400000095367431641e+00 2.402083277702331543e-01 0.000000000000000000e+00 5.058039732830366120e-06 2.400041371583938599e-01 0.000000000000000000e+00 7.000000000000000000e+00 8.191000000000000000e+03 0.000000000000000000e+00 0.000000000000000000e+00 2.756399869918823242e+00
7.599999904632568359e+00 2.302241623401641846e-01 0.000000000000000000e+00 4.718408945336705074e-06 2.299945950508117676e-01 0.000000000000000000e+00 7.000000000000000000e+00 8.191000000000000000e+03 0.000000000000000000e+00 0.000000000000000000e+00 2.756399869918823242e+00
7.800000190734863281e+00 2.202865034341812134e-01 0.000000000000000000e+00 4.385507054394111037e-06 2.199975699186325073e-01 0.000000000000000000e+00 7.000000000000000000e+00 8.191000000000000000e+03 0.000000000000000000e+00 0.000000000000000000e+00 2.756399869918823242e+00
8.000000000000000000e+00 2.102971673011779785e-01 0.000000000000000000e+00 4.049409653816837817e-06 2.100005298852920532e-01 0.000000000000000000e+00 7.000000000000000000e+00 8.191000000000000000e+03 0.000000000000000000e+00 0.000000000000000000e+00 2.756399869918823242e+00
8.199999809265136719e+00 2.002753168344497681e-01 0.000000000000000000e+00 3.699042053995071910e-06 2.000034898519515991e-01 0.000000000000000000e+00 7.000000000000000000e+00 8.191000000000000000e+03 0.000000000000000000e+00 0.000000000000000000e+00 2.756399869918823242e+00
8.400000572204589844e+00 1.902635097503662109e-01 0.000000000000000000e+00 3.347992787894327193e-06 1.899939626455307007e-01 0.000000000000000000e+00 7.000000000000000000e+00 8.191000000000000000e+03 0.000000000000000000e+00 0.000000000000000000e+00 2.756399869918823242e+00
8.600000381469726562e+00 1.802623420953750610e-01 0.000000000000000000e+00 2.982196747325360775e-06 1.799969226121902466e-01 0.000000000000000000e+00 7.000000000000000000e+00 8.191000000000000000e+03 0.000000000000000000e+00 0.000000000000000000e+00 2.756399869918823242e+00
8.800000190734863281e+00 1.702230125665664673e-01 0.000000000000000000e+00 2.598924993435502984e-06 1.699998974800109863e-01 0.000000000000000000e+00 7.000000000000000000e+00 8.191000000000000000e+03 0.000000000000000000e+00 0.000000000000000000e+00 2.756399869918823242e+00
9.000000000000000000e+00 1.602424681186676025e-01 0.000000000000000000e+00 2.187773588957497850e-06 1.600028574466705322e-01 0.000000000000000000e+00 7.000000000000000000e+00 8.191000000000000000e+03 0.000000000000000000e+00 0.000000000000000000e+00 2.756399869918823242e+00
9.199999809265136719e+00 1.502545773983001709e-01 0.000000000000000000e+00 1.744060909913969226e-06 1.500058174133300781e-01 0.000000000000000000e+00 7.000000000000000000e+00 8.191000000000000000e+03 0.000000000000000000e+00 0.000000000000000000e+00 2.756599903106689453e+00
9.400000572204589844e+00 1.402689367532730103e-01 0.000000000000000000e+00 1.247913019142288249e-06 1.399962902069091797e-01 0.000000000000000000e+00 7.000000000000000000e+00 8.191000000000000000e+03 0.000000000000000000e+00 0.000000000000000000e+00 2.756599903106689453e+00
9.600000381469726562e+00 1.302479207515716553e-01 0.000000000000000000e+00 7.058160349515674170e-07 1.299992501735687256e-01 0.000000000000000000e+00 7.000000000000000000e+00 8.191000000000000000e+03 0.000000000000000000e+00 0.000000000000000000e+00 2.756599903106689453e+00
9.800000190734863281e+00 1.202279329299926758e-01 0.000000000000000000e+00 9.403095901916458388e-08 1.200022250413894653e-01 0.000000000000000000e+00 6.000000000000000000e+00 8.191000000000000000e+03 0.000000000000000000e+00 0.000000000000000000e+00 2.756599903106689453e+00
1.000000000000000000e+01 1.102326959371566772e-01 0.000000000000000000e+00 -5.600558097285102122e-07 1.100051850080490112e-01 0.000000000000000000e+00 6.000000000000000000e+00 8.191000000000000000e+03 0.000000000000000000e+00 0.000000000000000000e+00 2.756599903106689453e+00
1.019999980926513672e+01 1.002296954393386841e-01 0.000000000000000000e+00 -1.093574724109203089e-06 9.999565780162811279e-02 0.000000000000000000e+00 6.000000000000000000e+00 7.164000000000000000e+03 0.000000000000000000e+00 0.000000000000000000e+00 2.756500005722045898e+00
1.040000057220458984e+01 9.026366472244262695e-02 0.000000000000000000e+00 -1.902659391816996504e-06 8.999861776828765869e-02 0.000000000000000000e+00 7.000000000000000000e+00 8.191000000000000000e+03 0.000000000000000000e+00 0.000000000000000000e+00 2.756500005722045898e+00
1.060000038146972656e+01 8.027295023202896118e-02 0.000000000000000000e+00 -2.521946498745819554e-06 8.000158518552780151e-02 0.000000000000000000e+00 7.000000000000000000e+00 8.191000000000000000e+03 0.000000000000000000e+00 0.000000000000000000e+00 2.756500005722045898e+00
1.080000019073486328e+01 7.022938877344131470e-02 0.000000000000000000e+00 -3.015319634869229048e-06 7.000455260276794434e-02 0.000000000000000000e+00 7.000000000000000000e+00 8.191000000000000000e+03 0.000000000000000000e+00 0.000000000000000000e+00 2.756500005722045898e+00
1.100000000000000000e+01 6.020653992891311646e-02 0.000000000000000000e+00 -3.372071660123765469e-06 5.999501794576644897e-02 0.000000000000000000e+00 7.000000000000000000e+00 8.191000000000000000e+03 0.000000000000000000e+00 0.000000000000000000e+00 2.756500005722045898e+00
1.119999980926513672e+01 5.026968941092491150e-02 0.000000000000000000e+00 -3.571599336282815784e-06 4.999798536300659180e-02 0.000000000000000000e+00 7.000000000000000000e+00 8.191000000000000000e+03 0.000000000000000000e+00 0.000000000000000000e+00 2.756199836730957031e+00
1.140000057220458984e+01 4.024131223559379578e-02 0.000000000000000000e+00 -3.635835355453309603e-06 4.000094905495643616e-02 0.000000000000000000e+00 7.000000000000000000e+00 8.191000000000000000e+03 0.000000000000000000e+00 0.000000000000000000e+00 2.756199836730957031e+00
1.160000038146972656e+01 3.023736365139484406e-02 0.000000000000000000e+00 -3.596686156015493907e-06 3.000391460955142975e-02 0.000000000000000000e+00 7.000000000000000000e+00 8.191000000000000000e+03 0.000000000000000000e+00 0.000000000000000000e+00 2.756199836730957031e+00
1.180000019073486328e+01 2.021703124046325684e-02 0.000000000000000000e+00 -3.498754040265339427e-06 1.999438367784023285e-02 0.000000000000000000e+00 7.000000000000000000e+00 8.191000000000000000e+03 0.000000000000000000e+00 0.000000000000000000e+00 2.756199836730957031e+00
1.200000000000000000e+01 1.023105997592210770e-02 0.000000000000000000e+00 -3.358832373123732395e-06 9.997349232435226440e-03 0.000000000000000000e+00 7.000000000000000000e+00 8.191000000000000000e+03 0.000000000000000000e+00 0.000000000000000000e+00 2.756199836730957031e+00
1.219999980926513672e+01 2.539861889090389013e-04 0.000000000000000000e+00 -3.208011321476078592e-06 3.129243850708007812e-07 0.000000000000000000e+00 7.000000000000000000e+00 8.191000000000000000e+03 0.000000000000000000e+00 0.000000000000000000e+00 2.756500005722045898e+00
1.240000057220458984e+01 -9.776528924703598022e-03 0.000000000000000000e+00 -3.055370370930177160e-06 -9.996719658374786377e-03 0.000000000000000000e+00 7.000000000000000000e+00 8.191000000000000000e+03 0.000000000000000000e+00 0.000000000000000000e+00 2.756500005722045898e+00
1.260000038146972656e+01 -1.980645582079887390e-02 0.000000000000000000e+00 -2.910208422690629959e-06 -1.999375596642494202e-02 0.000000000000000000e+00 7.000000000000000000e+00 8.191000000000000000e+03 0.000000000000000000e+00 0.000000000000000000e+00 2.756500005722045898e+00
1.280000019073486328e+01 -2.971548400819301605e-02 0.000000000000000000e+00 -2.774012727968511172e-06 -3.000328317284584045e-02 0.000000000000000000e+00 7.000000000000000000e+00 6.143000000000000000e+03 0.000000000000000000e+00 0.000000000000000000e+00 2.756500005722045898e+00
1.300000000000000000e+01 -3.977830335497856140e-02 0.000000000000000000e+00 -2.654217496456112713e-06 -4.000032320618629456e-02 0.000000000000000000e+00 7.000000000000000000e+00 8.191000000000000000e+03 0.000000000000000000e+00 0.000000000000000000e+00 2.756500005722045898e+00
1.319999980926513672e+01 -4.978965595364570618e-02 0.000000000000000000e+00 -2.548486008890904486e-06 -4.999735578894615173e-02 0.000000000000000000e+00 7.000000000000000000e+00 8.191000000000000000e+03 0.000000000000000000e+00 0.000000000000000000e+00 2.756599903106689453e+00
1.340000057220458984e+01 -5.977947264909744263e-02 0.000000000000000000e+00 -2.456223228364251554e-06 -5.999438837170600891e-02 0.000000000000000000e+00 7.000000000000000000e+00 8.191000000000000000e+03 0.000000000000000000e+00 0.000000000000000000e+00 2.756599903106689453e+00
1.360000038146972656e+01 -6.976260989904403687e-02 0.000000000000000000e+00 -2.374904397584032267e-06 -7.000392675399780273e-02 0.000000000000000000e+00 7.000000000000000000e+00 8.191000000000000000e+03 0.000000000000000000e+00 0.000000000000000000e+00 2.756599903106689453e+00
1.380000019073486328e+01 -7.981940358877182007e-02 0.000000000000000000e+00 -2.302044777025002986e-06 -8.000095188617706299e-02 0.000000000000000000e+00 7.000000000000000000e+00 8.191000000000000000e+03 0.000000000000000000e+00 0.000000000000000000e+00 2.756599903106689453e+00
1.400000000000000000e+01 -8.981031924486160278e-02 0.000000000000000000e+00 -2.243739572804770432e-06 -8.999799191951751709e-02 0.000000000000000000e+00 7.000000000000000000e+00 8.191000000000000000e+03 0.000000000000000000e+00 0.000000000000000000e+00 2.756599903106689453e+00
1.419999980926513672e+01 -9.977273643016815186e-02 0.000000000000000000e+00 -2.198641595896333456e-06 -9.999501705169677734e-02 0.000000000000000000e+00 7.000000000000000000e+00 8.191000000000000000e+03 0.000000000000000000e+00 0.000000000000000000e+00 2.756500005722045898e+00
1.440000057220458984e+01 -1.097703054547309875e-01 0.000000000000000000e+00 -2.166706281059305184e-06 -1.100045591592788696e-01 0.000000000000000000e+00 7.000000000000000000e+00 8.191000000000000000e+03 0.000000000000000000e+00 0.000000000000000000e+00 2.756500005722045898e+00
1.460000038146972656e+01 -1.198002547025680542e-01 0.000000000000000000e+00 -2.141350933015928604e-06 -1.200015842914581299e-01 0.000000000000000000e+00 7.000000000000000000e+00 8.191000000000000000e+03 0.000000000000000000e+00 0.000000000000000000e+00 2.756500005722045898e+00
1.480000019073486328e+01 -1.297802180051803589e-01 0.000000000000000000e+00 -2.143426172551698983e-06 -1.299986243247985840e-01 0.000000000000000000e+00 7.000000000000000000e+00 8.191000000000000000e+03 0.000000000000000000e+00 0.000000000000000000e+00 2.756500005722045898e+00
1.500000000000000000e+01 -1.398055106401443481e-01 0.000000000000000000e+00 -2.152380602638004348e-06 -1.399956643581390381e-01 0.000000000000000000e+00 7.000000000000000000e+00 8.191000000000000000e+03 0.000000000000000000e+00 0.000000000000000000e+00 2.756500005722045898e+00
1.519999980926513672e+01 -1.497958302497863770e-01 0.000000000000000000e+00 -2.177624992327764630e-06 -1.500051915645599365e-01 0.000000000000000000e+00 7.000000000000000000e+00 8.191000000000000000e+03 0.000000000000000000e+00 0.000000000000000000e+00 2.756399869918823242e+00
1.540000057220458984e+01 -1.598396897315979004e-01 0.000000000000000000e+00 -2.232317683592555113e-06 -1.600022166967391968e-01 0.000000000000000000e+00 7.000000000000000000e+00 8.191000000000000000e+03 0.000000000000000000e+00 0.000000000000000000e+00 2.756399869918823242e+00
1.560000038146972656e+01 -1.697600483894348145e-01 0.000000000000000000e+00 -2.309294586666510440e-06 -1.699992567300796509e-01 0.000000000000000000e+00 7.000000000000000000e+00 8.191000000000000000e+03 0.000000000000000000e+00 0.000000000000000000e+00 2.756399869918823242e+00
1.580000019073486328e+01 -1.797802448272705078e-01 0.000000000000000000e+00 -2.417332552795414813e-06 -1.799962967634201050e-01 0.000000000000000000e+00 7.000000000000000000e+00 8.191000000000000000e+03 0.000000000000000000e+00 0.000000000000000000e+00 2.756399869918823242e+00
1.600000000000000000e+01 -1.897993385791778564e-01 0.000000000000000000e+00 -2.561738256190437824e-06 -1.900058239698410034e-01 0.000000000000000000e+00 7.000000000000000000e+00 8.191000000000000000e+03 0.000000000000000000e+00 0.000000000000000000e+00 2.756399869918823242e+00
1.620000076293945312e+01 -1.998088061809539795e-01 0.000000000000000000e+00 -2.744832954704179429e-06 -2.000028640031814575e-01 0.000000000000000000e+00 7.000000000000000000e+00 8.191000000000000000e+03 0.000000000000000000e+00 0.000000000000000000e+00 2.756399869918823242e+00
1.639999961853027344e+01 -1.897859424352645874e-01 0.000000000000000000e+00 -2.258082986372755840e-06 -1.900058239698410034e-01 0.000000000000000000e+00 7.000000000000000000e+00 8.191000000000000000e+03 0.000000000000000000e+00 1.000000000000000000e+00 2.756399869918823242e+00
1.660000038146972656e+01 -1.798304021358489990e-01 0.000000000000000000e+00 -1.912378820634330623e-06 -1.799962967634201050e-01 0.000000000000000000e+00 7.000000000000000000e+00 8.191000000000000000e+03 0.000000000000000000e+00 1.000000000000000000e+00 2.756399869918823242e+00
1.680000114440917969e+01 -1.697788983583450317e-01 0.000000000000000000e+00 -1.650535182307066862e-06 -1.699992567300796509e-01 0.000000000000000000e+00 7.000000000000000000e+00 8.191000000000000000e+03 0.000000000000000000e+00 1.000000000000000000e+00 2.756399869918823242e+00
1.700000000000000000e+01 -1.597581654787063599e-01 0.000000000000000000e+00 -1.433708007425593678e-06 -1.600022166967391968e-01 0.000000000000000000e+00 7.000000000000000000e+00 8.191000000000000000e+03 0.000000000000000000e+00 1.000000000000000000e+00 2.756399869918823242e+00
1.720000076293945312e+01 -1.498450189828872681e-01 0.000000000000000000e+00 -1.253174673365720082e-06 -1.500051915645599365e-01 0.000000000000000000e+00 7.000000000000000000e+00 8.191000000000000000e+03 0.000000000000000000e+00 1.000000000000000000e+00 2.756399869918823242e+00
1.739999961853027344e+01 -1.397664994001388550e-01 0.000000000000000000e+00 -1.099124006032070611e-06 -1.399956643581390381e-01 0.000000000000000000e+00 7.000000000000000000e+00 8.191000000000000000e+03 0.000000000000000000e+00 1.000000000000000000e+00 2.756399869918823242e+00
1.760000038146972656e+01 -1.297698020935058594e-01 0.000000000000000000e+00 -9.724595884108566679e-07 -1.299986243247985840e-01 0.000000000000000000e+00 7.000000000000000000e+00 8.191000000000000000e+03 0.000000000000000000e+00 1.000000000000000000e+00 2.756399869918823242e+00
1.780000114440917969e+01 -1.197826862335205078e-01 0.000000000000000000e+00 -8.570392537876614369e-07 -1.200015842914581299e-01 0.000000000000000000e+00 7.000000000000000000e+00 8.191000000000000000e+03 0.000000000000000000e+00 1.000000000000000000e+00 2.756399869918823242e+00
1.800000000000000000e+01 -1.098240464925765991e-01 0.000000000000000000e+00 -7.527734169343602844e-07 -1.100045591592788696e-01 0.000000000000000000e+00 7.000000000000000000e+00 8.191000000000000000e+03 0.000000000000000000e+00 1.000000000000000000e+00 2.756399869918823242e+00
1.820000076293945312e+01 -9.978028386831283569e-02 0.000000000000000000e+00 -6.678464501419512089e-07 -9.999501705169677734e-02 0.000000000000000000e+00 6.000000000000000000e+00 8.191000000000000000e+03 0.000000000000000000e+00 1.000000000000000000e+00 2.756399869918823242e+00
1.839999961853027344e+01 -8.980145305395126343e-02 0.000000000000000000e+00 -5.777434353149146773e-07 -8.999799191951751709e-02 0.000000000000000000e+00 6.000000000000000000e+00 8.191000000000000000e+03 0.000000000000000000e+00 1.000000000000000000e+00 2.756399869918823242e+00
1.860000038146972656e+01 -7.980035990476608276e-02 0.000000000000000000e+00 -4.897020744465407915e-07 -8.000095188617706299e-02 0.000000000000000000e+00 6.000000000000000000e+00 8.191000000000000000e+03 0.000000000000000000e+00 1.000000000000000000e+00 2.756399869918823242e+00
1.880000114440917969e+01 -6.979991495609283447e-02 0.000000000000000000e+00 -4.034776850403432036e-07 -7.000392675399780273e-02 0.000000000000000000e+00 6.000000000000000000e+00 8.191000000000000000e+03 0.000000000000000000e+00 1.000000000000000000e+00 2.756399869918823242e+00
1.900000000000000000e+01 -5.978312343358993530e-02 0.000000000000000000e+00 -3.159878190217568772e-07 -5.999438837170600891e-02 0.000000000000000000e+00 6.000000000000000000e+00 8.191000000000000000e+03 0.000000000000000000e+00 1.000000000000000000e+00 2.756399869918823242e+00
1.920000076293945312e+01 -4.978486523032188416e-02 0.000000000000000000e+00 -2.275744606095031486e-07 -4.999735578894615173e-02 0.000000000000000000e+00 6.000000000000000000e+00 8.191000000000000000e+03 0.000000000000000000e+00 1.000000000000000000e+00 2.756399869918823242e+00
1.939999961853027344e+01 -3.976751491427421570e-02 0.000000000000000000e+00 -1.353748046994951437e-07 -4.000032320618629456e-02 0.000000000000000000e+00 6.000000000000000000e+00 8.191000000000000000e+03 0.000000000000000000e+00 1.000000000000000000e+00 2.756399869918823242e+00
1.960000038146972656e+01 -2.978958189487457275e-02 0.000000000000000000e+00 -3.678044890875753481e-08 -3.000328317284584045e-02 0.000000000000000000e+00 6.000000000000000000e+00 8.191000000000000000e+03 0.000000000000000000e+00 1.000000000000000000e+00 2.756399869918823242e+00
1.980000114440917969e+01 -1.973791047930717468e-02 0.000000000000000000e+00 7.485893860348369344e-08 -1.999375596642494202e-02 0.000000000000000000e+00 5.000000000000000000e+00 8.188000000000000000e+03 0.000000000000000000e+00 1.000000000000000000e+00 2.756399869918823242e+00
2.000000000000000000e+01 -9.780905209481716156e-03 0.000000000000000000e+00 1.091851729029258422e-07 -9.996719658374786377e-03 0.000000000000000000e+00 5.000000000000000000e+00 7.164000000000000000e+03 0.000000000000000000e+00 1.000000000000000000e+00 2.756399869918823242e+00
2.020000076293945312e+01 1.923971867654472589e-04 0.000000000000000000e+00 3.472374601187766530e-07 3.129243850708007812e-07 0.000000000000000000e+00 6.000000000000000000e+00 8.191000000000000000e+03 0.000000000000000000e+00 1.000000000000000000e+00 2.756399869918823242e+00
2.039999961853027344e+01 1.022631209343671799e-02 0.000000000000000000e+00 5.362493311622529291e-07 9.997349232435226440e-03 0.000000000000000000e+00 6.000000000000000000e+00 8.191000000000000000e+03 0.000000000000000000e+00 1.000000000000000000e+00 2.756399869918823242e+00
2.060000038146972656e+01 2.024888060986995697e-02 0.000000000000000000e+00 7.762758968965499662e-07 1.999438367784023285e-02 0.000000000000000000e+00 6.000000000000000000e+00 8.191000000000000000e+03 0.000000000000000000e+00 1.000000000000000000e+00 2.756399869918823242e+00
2.080000114440917969e+01 3.004926070570945740e-02 0.000000000000000000e+00 1.071835754373751115e-06 3.000391460955142975e-02 0.000000000000000000e+00 6.000000000000000000e+00 5.116000000000000000e+03 0.000000000000000000e+00 1.000000000000000000e+00 2.756399869918823242e+00
2.100000000000000000e+01 4.025528207421302795e-02 0.000000000000000000e+00 1.487956069468054920e-06 4.000094905495643616e-02 0.000000000000000000e+00 7.000000000000000000e+00 8.191000000000000000e+03 0.000000000000000000e+00 1.000000000000000000e+00 2.756399869918823242e+00
2.120000076293945312e+01 5.024595558643341064e-02 0.000000000000000000e+00 1.972312020370736718e-06 4.999798536300659180e-02 0.000000000000000000e+00 7.000000000000000000e+00 8.191000000000000000e+03 0.000000000000000000e+00 1.000000000000000000e+00 2.756500005722045898e+00
2.139999961853027344e+01 6.022401154041290283e-02 0.000000000000000000e+00 2.556015260779531673e-06 5.999501794576644897e-02 0.000000000000000000e+00 7.000000000000000000e+00 8.191000000000000000e+03 0.000000000000000000e+00 1.000000000000000000e+00 2.756500005722045898e+00
2.160000038146972656e+01 7.024389505386352539e-02 0.000000000000000000e+00 3.210555405530612916e-06 7.000455260276794434e-02 0.000000000000000000e+00 7.000000000000000000e+00 8.191000000000000000e+03 0.000000000000000000e+00 1.000000000000000000e+00 2.756500005722045898e+00
2.180000114440917969e+01 8.026532083749771118e-02 0.000000000000000000e+00 3.904332515958230942e-06 8.000158518552780151e-02 0.000000000000000000e+00 7.000000000000000000e+00 8.191000000000000000e+03 0.000000000000000000e+00 1.000000000000000000e+00 2.756500005722045898e+00
2.200000000000000000e+01 9.025432169437408447e-02 0.000000000000000000e+00 4.578388598019955680e-06 8.999861776828765869e-02 0.000000000000000000e+00 7.000000000000000000e+00 8.191000000000000000e+03 0.000000000000000000e+00 1.000000000000000000e+00 2.756500005722045898e+00
2.220000076293945312e+01 1.002666354179382324e-01 0.000000000000000000e+00 5.178148057893849909e-06 9.999565780162811279e-02 0.000000000000000000e+00 7.000000000000000000e+00 8.191000000000000000e+03 0.000000000000000000e+00 1.000000000000000000e+00 2.756299972534179688e+00
2.239999961853027344e+01 1.102453917264938354e-01 0.000000000000000000e+00 5.658957434206968173e-06 1.100051850080490112e-01 0.000000000000000000e+00 7.000000000000000000e+00 8.191000000000000000e+03 0.000000000000000000e+00 1.000000000000000000e+00 2.756299972534179688e+00
2.260000038146972656e+01 1.202322170138359070e-01 0.000000000000000000e+00 6.019873126206221059e-06 1.200022250413894653e-01 0.000000000000000000e+00 7.000000000000000000e+00 8.191000000000000000e+03 0.000000000000000000e+00 1.000000000000000000e+00 2.756299972534179688e+00
2.280000114440917969e+01 1.302447766065597534e-01 0.000000000000000000e+00 6.267216576816281304e-06 1.299992501735687256e-01 0.000000000000000000e+00 7.000000000000000000e+00 8.191000000000000000e+03 0.000000000000000000e+00 1.000000000000000000e+00 2.756299972534179688e+00
2.300000000000000000e+01 1.402276307344436646e-01 0.000000000000000000e+00 6.431976544263307005e-06 1.399962902069091797e-01 0.000000000000000000e+00 7.000000000000000000e+00 8.191000000000000000e+03 0.000000000000000000e+00 1.000000000000000000e+00 2.756299972534179688e+00
2.320000076293945312e+01 1.502586156129837036e-01 0.000000000000000000e+00 6.555228992510819808e-06 1.500058174133300781e-01 0.000000000000000000e+00 7.000000000000000000e+00 8.191000000000000000e+03 0.000000000000000000e+00 1.000000000000000000e+00 2.756399869918823242e+00
2.339999961853027344e+01 1.602307856082916260e-01 0.000000000000000000e+00 6.657060566794825718e-06 1.600028574466705322e-01 0.000000000000000000e+00 7.000000000000000000e+00 8.191000000000000000e+03 0.000000000000000000e+00 1.000000000000000000e+00 2.756399869918823242e+00
2.360000038146972656e+01 1.702457666397094727e-01 0.000000000000000000e+00 6.764701538486406207e-06 1.699998974800109863e-01 0.000000000000000000e+00 7.000000000000000000e+00 8.191000000000000000e+03 0.000000000000000000e+00 1.000000000000000000e+00 2.756399869918823242e+00
2.380000114440917969e+01 1.802745312452316284e-01 0.000000000000000000e+00 6.890402801218442619e-06 1.799969226121902466e-01 0.000000000000000000e+00 7.000000000000000000e+00 8.191000000000000000e+03 0.000000000000000000e+00 1.000000000000000000e+00 2.756399869918823242e+00
2.400000000000000000e+01 1.902278363704681396e-01 0.000000000000000000e+00 7.049607575027039275e-06 1.899939626455307007e-01 0.000000000000000000e+00 7.000000000000000000e+00 8.191000000000000000e+03 0.000000000000000000e+00 1.000000000000000000e+00 2.756399869918823242e+00
2.420000076293945312e+01 2.002343535423278809e-01 0.000000000000000000e+00 7.239927526825340465e-06 2.000034898519515991e-01 0.000000000000000000e+00 7.000000000000000000e+00 8.191000000000000000e+03 0.000000000000000000e+00 1.000000000000000000e+00 2.756399869918823242e+00
2.439999961853027344e+01 2.102390825748443604e-01 0.000000000000000000e+00 7.444035418302519247e-06 2.100005298852920532e-01 0.000000000000000000e+00 7.000000000000000000e+00 8.191000000000000000e+03 0.000000000000000000e+00 1.000000000000000000e+00 2.756399869918823242e+00
2.460000038146972656e+01 2.202481180429458618e-01 0.000000000000000000e+00 7.673956133658066392e-06 2.199975699186325073e-01 0.000000000000000000e+00 7.000000000000000000e+00 8.191000000000000000e+03 0.000000000000000000e+00 1.000000000000000000e+00 2.756399869918823242e+00
2.480000114440917969e+01 2.302401512861251831e-01 0.000000000000000000e+00 7.909738997113890946e-06 2.299945950508117676e-01 0.000000000000000000e+00 7.000000000000000000e+00 8.191000000000000000e+03 0.000000000000000000e+00 1.000000000000000000e+00 2.756399869918823242e+00
2.500000000000000000e+01 2.402668148279190063e-01 0.000000000000000000e+00 8.142516890075057745e-06 2.400041371583938599e-01 0.000000000000000000e+00 7.000000000000000000e+00 8.191000000000000000e+03 0.000000000000000000e+00 1.000000000000000000e+00 2.756399869918823242e+00
2.520000076293945312e+01 2.502941191196441650e-01 0.000000000000000000e+00 8.369014722120482475e-06 2.500011622905731201e-01 0.000000000000000000e+00 7.000000000000000000e+00 8.191000000000000000e+03 0.000000000000000000e+00 1.000000000000000000e+00 2.756500005722045898e+00
2.539999961853027344e+01 2.602327466011047363e-01 0.000000000000000000e+00 8.583509952586609870e-06 2.599982023239135742e-01 0.000000000000000000e+00 7.000000000000000000e+00 8.191000000000000000e+03 0.000000000000000000e+00 1.000000000000000000e+00 2.756500005722045898e+00
2.560000038146972656e+01 2.702435851097106934e-01 0.000000000000000000e+00 8.774609341344330460e-06 2.699952423572540283e-01 0.000000000000000000e+00 7.000000000000000000e+00 8.191000000000000000e+03 0.000000000000000000e+00 1.000000000000000000e+00 2.756500005722045898e+00
2.580000114440917969e+01 2.802491188049316406e-01 0.000000000000000000e+00 8.960342711361590773e-06 2.800047695636749268e-01 0.000000000000000000e+00 7.000000000000000000e+00 8.191000000000000000e+03 0.000000000000000000e+00 1.000000000000000000e+00 2.756500005722045898e+00
2.600000000000000000e+01 2.902142405509948730e-01 0.000000000000000000e+00 9.144731848209630698e-06 2.900017797946929932e-01 0.000000000000000000e+00 8.000000000000000000e+00 8.191000000000000000e+03 0.000000000000000000e+00 1.000000000000000000e+00 2.756500005722045898e+00
2.620000076293945312e+01 3.002587258815765381e-01 0.000000000000000000e+00 9.339943062514066696e-06 2.999988198280334473e-01 0.000000000000000000e+00 8.000000000000000000e+00 8.191000000000000000e+03 0.000000000000000000e+00 1.000000000000000000e+00 2.756500005722045898e+00
2.639999961853027344e+01 2.902626395225524902e-01 0.000000000000000000e+00 7.496793841710314155e-06 2.900017797946929932e-01 0.000000000000000000e+00 8.000000000000000000e+00 8.191000000000000000e+03 0.000000000000000000e+00 1.000000000000000000e+00 2.756500005722045898e+00
2.660000038146972656e+01 2.802377939224243164e-01 0.000000000000000000e+00 6.486886832135496661e-06 2.800047695636749268e-01 0.000000000000000000e+00 7.000000000000000000e+00 8.191000000000000000e+03 0.000000000000000000e+00 1.000000000000000000e+00 2.756500005722045898e+00
2.680000114440917969e+01 2.702116966247558594e-01 0.000000000000000000e+00 5.868529115105047822e-06 2.699952423572540283e-01 0.000000000000000000e+00 7.000000000000000000e+00 8.191000000000000000e+03 0.000000000000000000e+00 1.000000000000000000e+00 2.756500005722045898e+00
2.700000000000000000e+01 2.602140307426452637e-01 0.000000000000000000e+00 5.418814453150844201e-06 2.599982023239135742e-01 0.000000000000000000e+00 7.000000000000000000e+00 8.191000000000000000e+03 0.000000000000000000e+00 1.000000000000000000e+00 2.756500005722045898e+00
2.720000076293945312e+01 2.502264082431793213e-01 0.000000000000000000e+00 5.041615622758399695e-06 2.500011622905731201e-01 0.000000000000000000e+00 7.000000000000000000e+00 8.191000000000000000e+03 0.000000000000000000e+00 1.000000000000000000e+00 2.756099939346313477e+00
2.739999961853027344e+01 2.402190566062927246e-01 0.000000000000000000e+00 4.702653313870541751e-06 2.400041371583938599e-01 0.000000000000000000e+00 7.000000000000000000e+00 8.191000000000000000e+03 0.000000000000000000e+00 1.000000000000000000e+00 2.756099939346313477e+00
2.760000038146972656e+01 2.302370220422744751e-01 0.000000000000000000e+00 4.379378424346214160e-06 2.299945950508117676e-01 0.000000000000000000e+00 7.000000000000000000e+00 8.191000000000000000e+03 0.000000000000000000e+00 1.000000000000000000e+00 2.756099939346313477e+00
2.780000114440917969e+01 2.202383130788803101e-01 0.000000000000000000e+00 4.054943474329775199e-06 2.199975699186325073e-01 0.000000000000000000e+00 7.000000000000000000e+00 8.191000000000000000e+03 0.000000000000000000e+00 1.000000000000000000e+00 2.756099939346313477e+00
2.800000000000000000e+01 2.102841436862945557e-01 0.000000000000000000e+00 3.726597014974686317e-06 2.100005298852920532e-01 0.000000000000000000e+00 7.000000000000000000e+00 8.191000000000000000e+03 0.000000000000000000e+00 1.000000000000000000e+00 2.756099939346313477e+00
2.820000076293945312e+01 2.002510875463485718e-01 0.000000000000000000e+00 3.393189899725257419e-06 2.000034898519515991e-01 0.000000000000000000e+00 7.000000000000000000e+00 8.191000000000000000e+03 0.000000000000000000e+00 1.000000000000000000e+00 2.756099939346313477e+00
2.839999961853027344e+01 1.902238875627517700e-01 0.000000000000000000e+00 3.050693976547336206e-06 1.899939626455307007e-01 0.000000000000000000e+00 7.000000000000000000e+00 8.191000000000000000e+03 0.000000000000000000e+00 1.000000000000000000e+00 2.756099939346313477e+00
2.860000038146972656e+01 1.802079081535339355e-01 0.000000000000000000e+00 2.689154825930017978e-06 1.799969226121902466e-01 0.000000000000000000e+00 7.000000000000000000e+00 8.191000000000000000e+03 0.000000000000000000e+00 1.000000000000000000e+00 2.756099939346313477e+00
2.880000114440917969e+01 1.702211052179336548e-01 0.000000000000000000e+00 2.315504389116540551e-06 1.699998974800109863e-01 0.000000000000000000e+00 7.000000000000000000e+00 8.191000000000000000e+03 0.000000000000000000e+00 1.000000000000000000e+00 2.756099939346313477e+00
2.900000000000000000e+01 1.602433919906616211e-01 0.000000000000000000e+00 1.902854705804202240e-06 1.600028574466705322e-01 0.000000000000000000e+00 7.000000000000000000e+00 8.191000000000000000e+03 0.000000000000000000e+00 1.000000000000000000e+00 2.756099939346313477e+00
2.920000076293945312e+01 1.502324044704437256e-01 0.000000000000000000e+00 1.456639211028232239e-06 1.500058174133300781e-01 0.000000000000000000e+00 7.000000000000000000e+00 8.191000000000000000e+03 0.000000000000000000e+00 1.000000000000000000e+00 2.756299972534179688e+00
2.939999961853027344e+01 1.402219682931900024e-01 0.000000000000000000e+00 9.566840617480920628e-07 1.399962902069091797e-01 0.000000000000000000e+00 7.000000000000000000e+00 8.191000000000000000e+03 0.000000000000000000e+00 1.000000000000000000e+00 2.756299972534179688e+00
2.960000038146972656e+01 1.302407234907150269e-01 0.000000000000000000e+00 4.076342463577020681e-07 1.299992501735687256e-01 0.000000000000000000e+00 7.000000000000000000e+00 8.191000000000000000e+03 0.000000000000000000e+00 1.000000000000000000e+00 2.756299972534179688e+00
2.980000114440917969e+01 1.202532947063446045e-01 0.000000000000000000e+00 -2.077702419001070666e-07 1.200022250413894653e-01 0.000000000000000000e+00 6.000000000000000000e+00 8.191000000000000000e+03 0.000000000000000000e+00 1.000000000000000000e+00 2.756299972534179688e+00
3.000000000000000000e+01 1.102206036448478699e-01 0.000000000000000000e+00 -8.708845484761695843e-07 1.100051850080490112e-01 0.000000000000000000e+00 6.000000000000000000e+00 8.190000000000000000e+03 0.000000000000000000e+00 1.000000000000000000e+00 2.756299972534179688e+00
3.020000076293945312e+01 1.002311930060386658e-01 0.000000000000000000e+00 -1.093766627491277177e-06 9.999565780162811279e-02 0.000000000000000000e+00 6.000000000000000000e+00 7.164000000000000000e+03 0.000000000000000000e+00 1.000000000000000000e+00 2.756299972534179688e+00
3.039999961853027344e+01 9.023990482091903687e-02 0.000000000000000000e+00 -2.236139152955729514e-06 8.999861776828765869e-02 0.000000000000000000e+00 7.000000000000000000e+00 8.191000000000000000e+03 0.000000000000000000e+00 1.000000000000000000e+00 2.756299972534179688e+00
3.060000038146972656e+01 8.026606589555740356e-02 0.000000000000000000e+00 -2.842445610440336168e-06 8.000158518552780151e-02 0.000000000000000000e+00 7.000000000000000000e+00 8.191000000000000000e+03 0.000000000000000000e+00 1.000000000000000000e+00 2.756299972534179688e+00
3.080000114440917969e+01 7.022704929113388062e-02 0.000000000000000000e+00 -3.335637302370741963e-06 7.000455260276794434e-02 0.000000000000000000e+00 7.000000000000000000e+00 8.191000000000000000e+03 0.000000000000000000e+00 1.000000000000000000e+00 2.756299972534179688e+00
3.100000000000000000e+01 6.020892411470413208e-02 0.000000000000000000e+00 -3.671247213787864894e-06 5.999501794576644897e-02 0.000000000000000000e+00 7.000000000000000000e+00 8.191000000000000000e+03 0.000000000000000000e+00 1.000000000000000000e+00 2.756299972534179688e+00
3.120000076293945312e+01 5.020725354552268982e-02 0.000000000000000000e+00 -3.855318027490284294e-06 4.999798536300659180e-02 0.000000000000000000e+00 7.000000000000000000e+00 8.191000000000000000e+03 0.000000000000000000e+00 1.000000000000000000e+00 2.755899906158447266e+00
3.139999961853027344e+01 4.021743685007095337e-02 0.000000000000000000e+00 -3.899819148500682786e-06 4.000094905495643616e-02 0.000000000000000000e+00 7.000000000000000000e+00 8.191000000000000000e+03 0.000000000000000000e+00 1.000000000000000000e+00 2.755899906158447266e+00
3.160000038146972656e+01 3.018707223236560822e-02 0.000000000000000000e+00 -3.852213922073133290e-06 3.000391460955142975e-02 0.000000000000000000e+00 7.000000000000000000e+00 8.191000000000000000e+03 0.000000000000000000e+00 1.000000000000000000e+00 2.755899906158447266e+00
3.180000114440917969e+01 2.021885290741920471e-02 0.000000000000000000e+00 -3.746050879271933809e-06 1.999438367784023285e-02 0.000000000000000000e+00 7.000000000000000000e+00 8.191000000000000000e+03 0.000000000000000000e+00 1.000000000000000000e+00 2.755899906158447266e+00
3.200000000000000000e+01 1.021095737814903259e-02 0.000000000000000000e+00 -3.601855041779344901e-06 9.997349232435226440e-03 0.000000000000000000e+00 7.000000000000000000e+00 8.191000000000000000e+03 0.000000000000000000e+00 1.000000000000000000e+00 2.755899906158447266e+00
3.220000076293945312e+01 2.717341703828424215e-04 0.000000000000000000e+00 -3.442394472585874610e-06 3.129243850708007812e-07 0.000000000000000000e+00 7.000000000000000000e+00 8.191000000000000000e+03 0.000000000000000000e+00 1.000000000000000000e+00 2.756199836730957031e+00
3.240000152587890625e+01 -9.751331061124801636e-03 0.000000000000000000e+00 -3.287334038759581745e-06 -9.996719658374786377e-03 0.000000000000000000e+00 7.000000000000000000e+00 8.191000000000000000e+03 0.000000000000000000e+00 1.000000000000000000e+00 2.756199836730957031e+00
3.260000228881835938e+01 -1.979631185531616211e-02 0.000000000000000000e+00 -3.137241037620697170e-06 -1.999375596642494202e-02 0.000000000000000000e+00 7.000000000000000000e+00 8.191000000000000000e+03 0.000000000000000000e+00 1.000000000000000000e+00 2.756199836730957031e+00
3.279999923706054688e+01 -2.972088567912578583e-02 0.000000000000000000e+00 -2.999702473971410654e-06 -3.000328317284584045e-02 0.000000000000000000e+00 7.000000000000000000e+00 6.143000000000000000e+03 0.000000000000000000e+00 1.000000000000000000e+00 2.756199836730957031e+00
3.300000000000000000e+01 -3.976175189018249512e-02 0.000000000000000000e+00 -2.880304236896336079e-06 -4.000032320618629456e-02 0.000000000000000000e+00 7.000000000000000000e+00 8.191000000000000000e+03 0.000000000000000000e+00 1.000000000000000000e+00 2.756199836730957031e+00
3.320000076293945312e+01 -4.976943135261535645e-02 0.000000000000000000e+00 -2.764273858701926656e-06 -4.999735578894615173e-02 0.000000000000000000e+00 7.000000000000000000e+00 8.191000000000000000e+03 0.000000000000000000e+00 1.000000000000000000e+00 2.756399869918823242e+00
3.340000152587890625e+01 -5.978375673294067383e-02 0.000000000000000000e+00 -2.671721404112759046e-06 -5.999438837170600891e-02 0.000000000000000000e+00 7.000000000000000000e+00 8.191000000000000000e+03 0.000000000000000000e+00 1.000000000000000000e+00 2.756399869918823242e+00
3.360000228881835938e+01 -6.981656700372695923e-02 0.000000000000000000e+00 -2.585552465461660177e-06 -7.000392675399780273e-02 0.000000000000000000e+00 7.000000000000000000e+00 8.191000000000000000e+03 0.000000000000000000e+00 1.000000000000000000e+00 2.756399869918823242e+00
3.379999923706054688e+01 -7.976649701595306396e-02 0.000000000000000000e+00 -2.513223762434790842e-06 -8.000095188617706299e-02 0.000000000000000000e+00 7.000000000000000000e+00 8.191000000000000000e+03 0.000000000000000000e+00 1.000000000000000000e+00 2.756399869918823242e+00
3.400000000000000000e+01 -8.979398757219314575e-02 0.000000000000000000e+00 -2.448874056426575407e-06 -8.999799191951751709e-02 0.000000000000000000e+00 7.000000000000000000e+00 8.191000000000000000e+03 0.000000000000000000e+00 1.000000000000000000e+00 2.756399869918823242e+00
3.420000076293945312e+01 -9.980288892984390259e-02 0.000000000000000000e+00 -2.399635604888317175e-06 -9.999501705169677734e-02 0.000000000000000000e+00 7.000000000000000000e+00 8.191000000000000000e+03 0.000000000000000000e+00 1.000000000000000000e+00 2.756199836730957031e+00
3.440000152587890625e+01 -1.097990050911903381e-01 0.000000000000000000e+00 -2.359472091484349221e-06 -1.100045591592788696e-01 0.000000000000000000e+00 7.000000000000000000e+00 8.191000000000000000e+03 0.000000000000000000e+00 1.000000000000000000e+00 2.756199836730957031e+00
3.460000228881835938e+01 -1.197904273867607117e-01 0.000000000000000000e+00 -2.337663772777887061e-06 -1.200015842914581299e-01 0.000000000000000000e+00 7.000000000000000000e+00 8.191000000000000000e+03 0.000000000000000000e+00 1.000000000000000000e+00 2.756199836730957031e+00
3.479999923706054688e+01 -1.298062056303024292e-01 0.000000000000000000e+00 -2.328293930986546911e-06 -1.299986243247985840e-01 0.000000000000000000e+00 7.000000000000000000e+00 8.191000000000000000e+03 0.000000000000000000e+00 1.000000000000000000e+00 2.756199836730957031e+00
3.500000000000000000e+01 -1.398008763790130615e-01 0.000000000000000000e+00 -2.330761390112456866e-06 -1.399956643581390381e-01 0.000000000000000000e+00 7.000000000000000000e+00 8.191000000000000000e+03 0.000000000000000000e+00 1.000000000000000000e+00 2.756199836730957031e+00
3.520000076293945312e+01 -1.497906744480133057e-01 0.000000000000000000e+00 -2.358442543481942266e-06 -1.500051915645599365e-01 0.000000000000000000e+00 7.000000000000000000e+00 8.191000000000000000e+03 0.000000000000000000e+00 1.000000000000000000e+00 2.756199836730957031e+00
3.540000152587890625e+01 -1.598129421472549438e-01 0.000000000000000000e+00 -2.401153096798225306e-06 -1.600022166967391968e-01 0.000000000000000000e+00 7.000000000000000000e+00 8.191000000000000000e+03 0.000000000000000000e+00 1.000000000000000000e+00 2.756199836730957031e+00
3.560000228881835938e+01 -1.697329431772232056e-01 0.000000000000000000e+00 -2.474954953868291341e-06 -1.699992567300796509e-01 0.000000000000000000e+00 7.000000000000000000e+00 8.191000000000000000e+03 0.000000000000000000e+00 1.000000000000000000e+00 2.756199836730957031e+00
3.579999923706054688e+01 -1.797795444726943970e-01 0.000000000000000000e+00 -2.576353381300577894e-06 -1.799962967634201050e-01 0.000000000000000000e+00 7.000000000000000000e+00 8.191000000000000000e+03 0.000000000000000000e+00 1.000000000000000000e+00 2.756199836730957031e+00
3.600000000000000000e+01 -1.898126304149627686e-01 0.000000000000000000e+00 -2.714318497964995913e-06 -1.900058239698410034e-01 0.000000000000000000e+00 7.000000000000000000e+00 8.191000000000000000e+03 0.000000000000000000e+00 1.000000000000000000e+00 2.756199836730957031e+00
3.620000076293945312e+01 -1.998067349195480347e-01 0.000000000000000000e+00 -2.895598981922375970e-06 -2.000028640031814575e-01 0.000000000000000000e+00 7.000000000000000000e+00 8.191000000000000000e+03 0.000000000000000000e+00 1.000000000000000000e+00 2.756199836730957031e+00
3.640000152587890625e+01 -1.897829920053482056e-01 0.000000000000000000e+00 -2.414411710560671054e-06 -1.900058239698410034e-01 0.000000000000000000e+00 7.000000000000000000e+00 8.191000000000000000e+03 0.000000000000000000e+00 2.000000000000000000e+00 2.756199836730957031e+00
3.660000228881835938e+01 -1.798102855682373047e-01 0.000000000000000000e+00 -2.066078195639420301e-06 -1.799962967634201050e-01 0.000000000000000000e+00 7.000000000000000000e+00 8.191000000000000000e+03 0.000000000000000000e+00 2.000000000000000000e+00 2.756199836730957031e+00
3.679999923706054688e+01 -1.698239594697952271e-01 0.000000000000000000e+00 -1.799327037588227540e-06 -1.699992567300796509e-01 0.000000000000000000e+00 7.000000000000000000e+00 8.191000000000000000e+03 0.000000000000000000e+00 2.000000000000000000e+00 2.756199836730957031e+00
3.700000000000000000e+01 -1.597665995359420776e-01 0.000000000000000000e+00 -1.576971726535703056e-06 -1.600022166967391968e-01 0.000000000000000000e+00 7.000000000000000000e+00 8.191000000000000000e+03 0.000000000000000000e+00 2.000000000000000000e+00 2.756199836730957031e+00
3.720000076293945312e+01 -1.498048007488250732e-01 0.000000000000000000e+00 -1.394965806866821367e-06 -1.500051915645599365e-01 0.000000000000000000e+00 7.000000000000000000e+00 8.191000000000000000e+03 0.000000000000000000e+00 2.000000000000000000e+00 2.756199836730957031e+00
3.740000152587890625e+01 -1.397877633571624756e-01 0.000000000000000000e+00 -1.245201474375789985e-06 -1.399956643581390381e-01 0.000000000000000000e+00 7.000000000000000000e+00 8.191000000000000000e+03 0.000000000000000000e+00 2.000000000000000000e+00 2.756199836730957031e+00
3.760000228881835938e+01 -1.298200488090515137e-01 0.000000000000000000e+00 -1.107487264562223572e-06 -1.299986243247985840e-01 0.000000000000000000e+00 7.000000000000000000e+00 8.191000000000000000e+03 0.000000000000000000e+00 2.000000000000000000e+00 2.756199836730957031e+00
3.779999923706054688e+01 -1.198316067457199097e-01 0.000000000000000000e+00 -9.912345149132306688e-07 -1.200015842914581299e-01 0.000000000000000000e+00 7.000000000000000000e+00 8.191000000000000000e+03 0.000000000000000000e+00 2.000000000000000000e+00 2.756199836730957031e+00
3.800000000000000000e+01 -1.098152026534080505e-01 0.000000000000000000e+00 -8.854301540850428864e-07 -1.100045591592788696e-01 0.000000000000000000e+00 7.000000000000000000e+00 8.191000000000000000e+03 0.000000000000000000e+00 2.000000000000000000e+00 2.756199836730957031e+00
3.820000076293945312e+01 -9.977807849645614624e-02 0.000000000000000000e+00 -7.899773208919214085e-07 -9.999501705169677734e-02 0.000000000000000000e+00 7.000000000000000000e+00 8.191000000000000000e+03 0.000000000000000000e+00 2.000000000000000000e+00 2.756099939346313477e+00
3.840000152587890625e+01 -8.979131281375885010e-02 0.000000000000000000e+00 -7.003170594543917105e-07 -8.999799191951751709e-02 0.000000000000000000e+00 6.000000000000000000e+00 8.191000000000000000e+03 0.000000000000000000e+00 2.000000000000000000e+00 2.756099939346313477e+00
3.860000228881835938e+01 -7.979910075664520264e-02 0.000000000000000000e+00 -6.102960696807713248e-07 -8.000095188617706299e-02 0.000000000000000000e+00 6.000000000000000000e+00 8.191000000000000000e+03 0.000000000000000000e+00 2.000000000000000000e+00 2.756099939346313477e+00
3.879999923706054688e+01 -6.974508613348007202e-02 0.000000000000000000e+00 -5.219217200647108257e-07 -7.000392675399780273e-02 0.000000000000000000e+00 6.000000000000000000e+00 8.191000000000000000e+03 0.000000000000000000e+00 2.000000000000000000e+00 2.756099939346313477e+00
3.900000000000000000e+01 -5.977177992463111877e-02 0.000000000000000000e+00 -4.325457041431945981e-07 -5.999438837170600891e-02 0.000000000000000000e+00 6.000000000000000000e+00 8.191000000000000000e+03 0.000000000000000000e+00 2.000000000000000000e+00 2.756099939346313477e+00
3.920000076293945312e+01 -4.976617172360420227e-02 0.000000000000000000e+00 -3.415072171719657490e-07 -4.999735578894615173e-02 0.000000000000000000e+00 6.000000000000000000e+00 8.191000000000000000e+03 0.000000000000000000e+00 2.000000000000000000e+00 2.756199836730957031e+00
3.940000152587890625e+01 -3.978499025106430054e-02 0.000000000000000000e+00 -2.456504830661287997e-07 -4.000032320618629456e-02 0.000000000000000000e+00 6.000000000000000000e+00 8.191000000000000000e+03 0.000000000000000000e+00 2.000000000000000000e+00 2.756199836730957031e+00
3.960000228881835938e+01 -2.978311106562614441e-02 0.000000000000000000e+00 -1.440344448155883583e-07 -3.000328317284584045e-02 0.000000000000000000e+00 6.000000000000000000e+00 8.191000000000000000e+03 0.000000000000000000e+00 2.000000000000000000e+00 2.756199836730957031e+00
3.979999923706054688e+01 -1.977390237152576447e-02 0.000000000000000000e+00 -3.186056574122630991e-08 -1.999375596642494202e-02 0.000000000000000000e+00 6.000000000000000000e+00 8.191000000000000000e+03 0.000000000000000000e+00 2.000000000000000000e+00 2.756199836730957031e+00
4.000000000000000000e+01 -9.735531173646450043e-03 0.000000000000000000e+00 9.859865457428895752e-08 -9.996719658374786377e-03 0.000000000000000000e+00 5.000000000000000000e+00 7.164000000000000000e+03 0.000000000000000000e+00 2.000000000000000000e+00 2.756199836730957031e+00
4.020000076293945312e+01 2.624303160700947046e-04 0.000000000000000000e+00 2.492417934263357893e-07 3.129243850708007812e-07 0.000000000000000000e+00 6.000000000000000000e+00 8.191000000000000000e+03 0.000000000000000000e+00 2.000000000000000000e+00 2.756099939346313477e+00
4.040000152587890625e+01 1.022516097873449326e-02 0.000000000000000000e+00 4.395492680941970320e-07 9.997349232435226440e-03 0.000000000000000000e+00 6.000000000000000000e+00 8.191000000000000000e+03 0.000000000000000000e+00 2.000000000000000000e+00 2.756099939346313477e+00
4.060000228881835938e+01 2.022122405469417572e-02 0.000000000000000000e+00 6.811852699684095569e-07 1.999438367784023285e-02 0.000000000000000000e+00 6.000000000000000000e+00 8.191000000000000000e+03 0.000000000000000000e+00 2.000000000000000000e+00 2.756099939346313477e+00
4.079999923706054688e+01 3.008815832436084747e-02 0.000000000000000000e+00 9.919406238623196259e-07 3.000391460955142975e-02 0.000000000000000000e+00 6.000000000000000000e+00 5.116000000000000000e+03 0.000000000000000000e+00 2.000000000000000000e+00 2.756099939346313477e+00
4.100000000000000000e+01 4.020944982767105103e-02 0.000000000000000000e+00 1.389659701089840382e-06 4.000094905495643616e-02 0.000000000000000000e+00 7.000000000000000000e+00 8.191000000000000000e+03 0.000000000000000000e+00 2.000000000000000000e+00 2.756099939346313477e+00
4.120000076293945312e+01 5.021934956312179565e-02 0.000000000000000000e+00 1.881579805740329903e-06 4.999798536300659180e-02 0.000000000000000000e+00 7.000000000000000000e+00 8.191000000000000000e+03 0.000000000000000000e+00 2.000000000000000000e+00 2.756199836730957031e+00
4.140000152587890625e+01 6.024371832609176636e-02 0.000000000000000000e+00 2.463116516082664020e-06 5.999501794576644897e-02 0.000000000000000000e+00 7.000000000000000000e+00 8.191000000000000000e+03 0.000000000000000000e+00 2.000000000000000000e+00 2.756199836730957031e+00
4.160000228881835938e+01 7.021941989660263062e-02 0.000000000000000000e+00 3.131929588562343270e-06 7.000455260276794434e-02 0.000000000000000000e+00 7.000000000000000000e+00 8.191000000000000000e+03 0.000000000000000000e+00 2.000000000000000000e+00 2.756199836730957031e+00
4.179999923706054688e+01 8.027219772338867188e-02 0.000000000000000000e+00 3.838361408270429820e-06 8.000158518552780151e-02 0.000000000000000000e+00 7.000000000000000000e+00 8.191000000000000000e+03 0.000000000000000000e+00 2.000000000000000000e+00 2.756199836730957031e+00
4.200000000000000000e+01 9.023956954479217529e-02 0.000000000000000000e+00 4.526869815890677273e-06 8.999861776828765869e-02 0.000000000000000000e+00 7.000000000000000000e+00 8.191000000000000000e+03 0.000000000000000000e+00 2.000000000000000000e+00 2.756199836730957031e+00
4.220000076293945312e+01 1.002297848463058472e-01 0.000000000000000000e+00 5.150511242391075939e-06 9.999565780162811279e-02 0.000000000000000000e+00 7.000000000000000000e+00 8.191000000000000000e+03 0.000000000000000000e+00 2.000000000000000000e+00 2.756099939346313477e+00
4.240000152587890625e+01 1.102629750967025757e-01 0.000000000000000000e+00 5.646968929795548320e-06 1.100051850080490112e-01 0.000000000000000000e+00 7.000000000000000000e+00 8.191000000000000000e+03 0.000000000000000000e+00 2.000000000000000000e+00 2.756099939346313477e+00
4.260000228881835938e+01 1.202354058623313904e-01 0.000000000000000000e+00 6.028159987181425095e-06 1.200022250413894653e-01 0.000000000000000000e+00 7.000000000000000000e+00 8.191000000000000000e+03 0.000000000000000000e+00 2.000000000000000000e+00 2.756099939346313477e+00
4.279999923706054688e+01 1.302536875009536743e-01 0.000000000000000000e+00 6.279204171732999384e-06 1.299992501735687256e-01 0.000000000000000000e+00 7.000000000000000000e+00 8.191000000000000000e+03 0.000000000000000000e+00 2.000000000000000000e+00 2.756099939346313477e+00
4.300000000000000000e+01 1.402548253536224365e-01 0.000000000000000000e+00 6.444219707191223279e-06 1.399962902069091797e-01 0.000000000000000000e+00 7.000000000000000000e+00 8.191000000000000000e+03 0.000000000000000000e+00 2.000000000000000000e+00 2.756099939346313477e+00
4.320000076293945312e+01 1.502458602190017700e-01 0.000000000000000000e+00 6.556956577696837485e-06 1.500058174133300781e-01 0.000000000000000000e+00 7.000000000000000000e+00 8.191000000000000000e+03 0.000000000000000000e+00 2.000000000000000000e+00 2.756099939346313477e+00
4.340000152587890625e+01 1.602437198162078857e-01 0.000000000000000000e+00 6.654645858361618593e-06 1.600028574466705322e-01 0.000000000000000000e+00 7.000000000000000000e+00 8.191000000000000000e+03 0.000000000000000000e+00 2.000000000000000000e+00 2.756099939346313477e+00
4.360000228881835938e+01 1.702654510736465454e-01 0.000000000000000000e+00 6.759134521416854113e-06 1.699998974800109863e-01 0.000000000000000000e+00 7.000000000000000000e+00 8.191000000000000000e+03 0.000000000000000000e+00 2.000000000000000000e+00 2.756099939346313477e+00
4.379999923706054688e+01 1.802571415901184082e-01 0.000000000000000000e+00 6.872685844427905977e-06 1.799969226121902466e-01 0.000000000000000000e+00 7.000000000000000000e+00 8.191000000000000000e+03 0.000000000000000000e+00 2.000000000000000000e+00 2.756099939346313477e+00
4.400000000000000000e+01 1.902010738849639893e-01 0.000000000000000000e+00 7.019104486971627921e-06 1.899939626455307007e-01 0.000000000000000000e+00 7.000000000000000000e+00 8.191000000000000000e+03 0.000000000000000000e+00 2.000000000000000000e+00 2.756099939346313477e+00
4.420000076293945312e+01 2.002366483211517334e-01 0.000000000000000000e+00 7.192431439762003720e-06 2.000034898519515991e-01 0.000000000000000000e+00 7.000000000000000000e+00 8.191000000000000000e+03 0.000000000000000000e+00 2.000000000000000000e+00 2.756199836730957031e+00
4.440000152587890625e+01 2.102503180503845215e-01 0.000000000000000000e+00 7.386981906165601686e-06 2.100005298852920532e-01 0.000000000000000000e+00 7.000000000000000000e+00 8.191000000000000000e+03 0.000000000000000000e+00 2.000000000000000000e+00 2.756199836730957031e+00
4.460000228881835938e+01 2.202491015195846558e-01 0.000000000000000000e+00 7.606603958265623078e-06 2.199975699186325073e-01 0.000000000000000000e+00 7.000000000000000000e+00 8.191000000000000000e+03 0.000000000000000000e+00 2.000000000000000000e+00 2.756199836730957031e+00
4.479999923706054688e+01 2.302822172641754150e-01 0.000000000000000000e+00 7.828979505575262010e-06 2.299945950508117676e-01 0.000000000000000000e+00 7.000000000000000000e+00 8.191000000000000000e+03 0.000000000000000000e+00 2.000000000000000000e+00 2.756199836730957031e+00
4.500000000000000000e+01 2.402495145797729492e-01 0.000000000000000000e+00 8.063436325755901635e-06 2.400041371583938599e-01 0.000000000000000000e+00 7.000000000000000000e+00 8.191000000000000000e+03 0.000000000000000000e+00 2.000000000000000000e+00 2.756199836730957031e+00
4.520000076293945312e+01 2.502462267875671387e-01 0.000000000000000000e+00 8.286010597657877952e-06 2.500011622905731201e-01 0.000000000000000000e+00 7.000000000000000000e+00 8.191000000000000000e+03 0.000000000000000000e+00 2.000000000000000000e+00 2.756199836730957031e+00
4.540000152587890625e+01 2.602386176586151123e-01 0.000000000000000000e+00 8.491416338074486703e-06 2.599982023239135742e-01 0.000000000000000000e+00 7.000000000000000000e+00 8.191000000000000000e+03 0.000000000000000000e+00 2.000000000000000000e+00 2.756199836730957031e+00
4.560000228881835938e+01 2.702629864215850830e-01 0.000000000000000000e+00 8.684015483595430851e-06 2.699952423572540283e-01 0.000000000000000000e+00 7.000000000000000000e+00 8.191000000000000000e+03 0.000000000000000000e+00 2.000000000000000000e+00 2.756199836730957031e+00
4.579999923706054688e+01 2.802127301692962646e-01 0.000000000000000000e+00 8.857186912791803479e-06 2.800047695636749268e-01 0.000000000000000000e+00 7.000000000000000000e+00 8.191000000000000000e+03 0.000000000000000000e+00 2.000000000000000000e+00 2.756199836730957031e+00
4.600000000000000000e+01 2.902732491493225098e-01 0.000000000000000000e+00 9.010987923829816282e-06 2.900017797946929932e-01 0.000000000000000000e+00 7.000000000000000000e+00 8.191000000000000000e+03 0.000000000000000000e+00 2.000000000000000000e+00 2.756199836730957031e+00
4.620000076293945312e+01 3.002409040927886963e-01 0.000000000000000000e+00 9.199438864015974104e-06 2.999988198280334473e-01 0.000000000000000000e+00 8.000000000000000000e+00 8.191000000000000000e+03 0.000000000000000000e+00 2.000000000000000000e+00 2.756299972534179688e+00
4.640000152587890625e+01 2.901945114135742188e-01 0.000000000000000000e+00 7.384269792964914814e-06 2.900017797946929932e-01 0.000000000000000000e+00 8.000000000000000000e+00 8.191000000000000000e+03 0.000000000000000000e+00 2.000000000000000000e+00 2.756299972534179688e+00
4.660000228881835938e+01 2.802296876907348633e-01 0.000000000000000000e+00 6.383506388374371454e-06 2.800047695636749268e-01 0.000000000000000000e+00 7.000000000000000000e+00 8.191000000000000000e+03 0.000000000000000000e+00 2.000000000000000000e+00 2.756299972534179688e+00
4.679999923706054688e+01 2.702130377292633057e-01 0.000000000000000000e+00 5.775957561127142981e-06 2.699952423572540283e-01 0.000000000000000000e+00 7.000000000000000000e+00 8.191000000000000000e+03 0.000000000000000000e+00 2.000000000000000000e+00 2.756299972534179688e+00
4.700000000000000000e+01 2.602220177650451660e-01 0.000000000000000000e+00 5.322391643858281896e-06 2.599982023239135742e-01 0.000000000000000000e+00 7.000000000000000000e+00 8.191000000000000000e+03 0.000000000000000000e+00 2.000000000000000000e+00 2.756299972534179688e+00
4.720000076293945312e+01 2.502755522727966309e-01 0.000000000000000000e+00 4.945070486428448930e-06 2.500011622905731201e-01 0.000000000000000000e+00 7.000000000000000000e+00 8.191000000000000000e+03 0.000000000000000000e+00 2.000000000000000000e+00 2.755899906158447266e+00
4.740000152587890625e+01 2.402506172657012939e-01 0.000000000000000000e+00 4.606486072589177638e-06 2.400041371583938599e-01 0.000000000000000000e+00 7.000000000000000000e+00 8.191000000000000000e+03 0.000000000000000000e+00 2.000000000000000000e+00 2.755899906158447266e+00
4.760000228881835938e+01 2.302353531122207642e-01 0.000000000000000000e+00 4.284686838218476623e-06 2.299945950508117676e-01 0.000000000000000000e+00 7.000000000000000000e+00 8.191000000000000000e+03 0.000000000000000000e+00 2.000000000000000000e+00 2.755899906158447266e+00
4.779999923706054688e+01 2.202471345663070679e-01 0.000000000000000000e+00 3.962089522246969864e-06 2.199975699186325073e-01 0.000000000000000000e+00 7.000000000000000000e+00 8.191000000000000000e+03 0.000000000000000000e+00 2.000000000000000000e+00 2.755899906158447266e+00
4.800000000000000000e+01 2.102521061897277832e-01 0.000000000000000000e+00 3.639327815108117647e-06 2.100005298852920532e-01 0.000000000000000000e+00 7.000000000000000000e+00 8.191000000000000000e+03 0.000000000000000000e+00 2.000000000000000000e+00 2.755899906158447266e+00
4.820000076293945312e+01 2.002267390489578247e-01 0.000000000000000000e+00 3.308966824988601729e-06 2.000034898519515991e-01 0.000000000000000000e+00 7.000000000000000000e+00 8.191000000000000000e+03 0.000000000000000000e+00 2.000000000000000000e+00 2.755899906158447266e+00
4.840000152587890625e+01 1.902145147323608398e-01 0.000000000000000000e+00 2.969387196571915410e-06 1.899939626455307007e-01 0.000000000000000000e+00 7.000000000000000000e+00 8.191000000000000000e+03 0.000000000000000000e+00 2.000000000000000000e+00 2.755899906158447266e+00
4.860000228881835938e+01 1.802311688661575317e-01 0.000000000000000000e+00 2.602846734589547850e-06 1.799969226121902466e-01 0.000000000000000000e+00 7.000000000000000000e+00 8.191000000000000000e+03 0.000000000000000000e+00 2.000000000000000000e+00 2.755899906158447266e+00
4.879999923706054688e+01 1.702862977981567383e-01 0.000000000000000000e+00 2.222150897068786435e-06 1.699998974800109863e-01 0.000000000000000000e+00 7.000000000000000000e+00 8.191000000000000000e+03 0.000000000000000000e+00 2.000000000000000000e+00 2.755899906158447266e+00
4.900000000000000000e+01 1.602379828691482544e-01 0.000000000000000000e+00 1.812840878301358316e-06 1.600028574466705322e-01 0.000000000000000000e+00 7.000000000000000000e+00 8.191000000000000000e+03 0.000000000000000000e+00 2.000000000000000000e+00 2.755899906158447266e+00
4.920000076293945312e+01 1.502537578344345093e-01 0.000000000000000000e+00 1.356015559395018499e-06 1.500058174133300781e-01 0.000000000000000000e+00 7.000000000000000000e+00 8.191000000000000000e+03 0.000000000000000000e+00 2.000000000000000000e+00 2.756099939346313477e+00
4.940000152587890625e+01 1.402382850646972656e-01 0.000000000000000000e+00 8.537415396858705208e-07 1.399962902069091797e-01 0.000000000000000000e+00 7.000000000000000000e+00 8.191000000000000000e+03 0.000000000000000000e+00 2.000000000000000000e+00 2.756099939346313477e+00
4.960000228881835938e+01 1.302427649497985840e-01 0.000000000000000000e+00 2.814014692376076709e-07 1.299992501735687256e-01 0.000000000000000000e+00 7.000000000000000000e+00 8.191000000000000000e+03 0.000000000000000000e+00 2.000000000000000000e+00 2.756099939346313477e+00
4.979999923706054688e+01 1.202165782451629639e-01 0.000000000000000000e+00 -3.542539843692793511e-07 1.200022250413894653e-01 0.000000000000000000e+00 6.000000000000000000e+00 8.191000000000000000e+03 0.000000000000000000e+00 2.000000000000000000e+00 2.756099939346313477e+00
5.000000000000000000e+01 1.102191209793090820e-01 0.000000000000000000e+00 -1.024454149956000037e-06 1.100051850080490112e-01 0.000000000000000000e+00 6.000000000000000000e+00 7.164000000000000000e+03 0.000000000000000000e+00 2.000000000000000000e+00 2.756099939346313477e+00
5.020000076293945312e+01 1.002085879445075989e-01 0.000000000000000000e+00 -1.731571273921872489e-06 9.999565780162811279e-02 0.000000000000000000e+00 7.000000000000000000e+00 8.191000000000000000e+03 0.000000000000000000e+00 2.000000000000000000e+00 2.756099939346313477e+00
5.040000152587890625e+01 9.021452814340591431e-02 0.000000000000000000e+00 -2.416774350422201678e-06 8.999861776828765869e-02 0.000000000000000000e+00 7.000000000000000000e+00 8.191000000000000000e+03 0.000000000000000000e+00 2.000000000000000000e+00 2.756099939346313477e+00
5.060000228881835938e+01 8.019914478063583374e-02 0.000000000000000000e+00 -3.034851943084504455e-06 8.000158518552780151e-02 0.000000000000000000e+00 7.000000000000000000e+00 8.191000000000000000e+03 0.000000000000000000e+00 2.000000000000000000e+00 2.756099939346313477e+00
5.079999923706054688e+01 7.024323195219039917e-02 0.000000000000000000e+00 -3.527538638081750832e-06 7.000455260276794434e-02 0.000000000000000000e+00 7.000000000000000000e+00 8.191000000000000000e+03 0.000000000000000000e+00 2.000000000000000000e+00 2.756099939346313477e+00
5.100000000000000000e+01 6.020434573292732239e-02 0.000000000000000000e+00 -3.853299858747050166e-06 5.999501794576644897e-02 0.000000000000000000e+00 7.000000000000000000e+00 8.191000000000000000e+03 0.000000000000000000e+00 2.000000000000000000e+00 2.756099939346313477e+00
5.120000076293945312e+01 5.019706860184669495e-02 0.000000000000000000e+00 -4.023115252493880689e-06 4.999798536300659180e-02 0.000000000000000000e+00 7.000000000000000000e+00 8.191000000000000000e+03 0.000000000000000000e+00 2.000000000000000000e+00 2.756000041961669922e+00
5.140000152587890625e+01 4.023949801921844482e-02 0.000000000000000000e+00 -4.067961071996251121e-06 4.000094905495643616e-02 0.000000000000000000e+00 7.000000000000000000e+00 8.191000000000000000e+03 0.000000000000000000e+00 2.000000000000000000e+00 2.756000041961669922e+00
5.160000228881835938e+01 3.024535812437534332e-02 0.000000000000000000e+00 -4.011882992926985025e-06 3.000391460955142975e-02 0.000000000000000000e+00 7.000000000000000000e+00 8.191000000000000000e+03 0.000000000000000000e+00 2.000000000000000000e+00 2.756000041961669922e+00
5.179999923706054688e+01 2.019978128373622894e-02 0.000000000000000000e+00 -3.894285327987745404e-06 1.999438367784023285e-02 0.000000000000000000e+00 7.000000000000000000e+00 8.191000000000000000e+03 0.000000000000000000e+00 2.000000000000000000e+00 2.756000041961669922e+00
5.200000000000000000e+01 1.024268288165330887e-02 0.000000000000000000e+00 -3.741311275007319637e-06 9.997349232435226440e-03 0.000000000000000000e+00 7.000000000000000000e+00 8.191000000000000000e+03 0.000000000000000000e+00 2.000000000000000000e+00 2.756000041961669922e+00
5.220000076293945312e+01 2.280525222886353731e-04 0.000000000000000000e+00 -3.580332986530265771e-06 3.129243850708007812e-07 0.000000000000000000e+00 7.000000000000000000e+00 8.191000000000000000e+03 0.000000000000000000e+00 2.000000000000000000e+00 2.756000041961669922e+00
5.240000152587890625e+01 -9.790823794901371002e-03 0.000000000000000000e+00 -3.416428398850257508e-06 -9.996719658374786377e-03 0.000000000000000000e+00 7.000000000000000000e+00 8.191000000000000000e+03 0.000000000000000000e+00 2.000000000000000000e+00 2.756000041961669922e+00
5.260000228881835938e+01 -1.978462189435958862e-02 0.000000000000000000e+00 -3.265379746153485030e-06 -1.999375596642494202e-02 0.000000000000000000e+00 7.000000000000000000e+00 8.191000000000000000e+03 0.000000000000000000e+00 2.000000000000000000e+00 2.756000041961669922e+00
5.279999923706054688e+01 -2.972127497196197510e-02 0.000000000000000000e+00 -3.120342171314405277e-06 -3.000328317284584045e-02 0.000000000000000000e+00 7.000000000000000000e+00 6.143000000000000000e+03 0.000000000000000000e+00 2.000000000000000000e+00 2.756000041961669922e+00
5.300000000000000000e+01 -3.980160504579544067e-02 0.000000000000000000e+00 -2.990802840940887108e-06 -4.000032320618629456e-02 0.000000000000000000e+00 7.000000000000000000e+00 8.191000000000000000e+03 0.000000000000000000e+00 2.000000000000000000e+00 2.756000041961669922e+00
5.320000076293945312e+01 -4.980953782796859741e-02 0.000000000000000000e+00 -2.878043233067728579e-06 -4.999735578894615173e-02 0.000000000000000000e+00 7.000000000000000000e+00 8.191000000000000000e+03 0.000000000000000000e+00 2.000000000000000000e+00 2.756199836730957031e+00
5.340000152587890625e+01 -5.980376899242401123e-02 0.000000000000000000e+00 -2.777501549644512124e-06 -5.999438837170600891e-02 0.000000000000000000e+00 7.000000000000000000e+00 8.191000000000000000e+03 0.000000000000000000e+00 2.000000000000000000e+00 2.756199836730957031e+00
5.360000228881835938e+01 -6.980577856302261353e-02 0.000000000000000000e+00 -2.691889449124573730e-06 -7.000392675399780273e-02 0.000000000000000000e+00 7.000000000000000000e+00 8.191000000000000000e+03 0.000000000000000000e+00 2.000000000000000000e+00 2.756199836730957031e+00
5.379999923706054688e+01 -7.978708297014236450e-02 0.000000000000000000e+00 -2.614314325910527259e-06 -8.000095188617706299e-02 0.000000000000000000e+00 7.000000000000000000e+00 8.191000000000000000e+03 0.000000000000000000e+00 2.000000000000000000e+00 2.756199836730957031e+00
5.400000000000000000e+01 -8.982446789741516113e-02 0.000000000000000000e+00 -2.539561364756082185e-06 -8.999799191951751709e-02 0.000000000000000000e+00 7.000000000000000000e+00 8.191000000000000000e+03 0.000000000000000000e+00 2.000000000000000000e+00 2.756199836730957031e+00
5.420000076293945312e+01 -9.975726157426834106e-02 0.000000000000000000e+00 -2.491782879587844945e-06 -9.999501705169677734e-02 0.000000000000000000e+00 7.000000000000000000e+00 8.191000000000000000e+03 0.000000000000000000e+00 2.000000000000000000e+00 2.756000041961669922e+00
5.440000152587890625e+01 -1.097922995686531067e-01 0.000000000000000000e+00 -2.456645006532198749e-06 -1.100045591592788696e-01 0.000000000000000000e+00 7.000000000000000000e+00 8.191000000000000000e+03 0.000000000000000000e+00 2.000000000000000000e+00 2.756000041961669922e+00
5.460000228881835938e+01 -1.197910830378532410e-01 0.000000000000000000e+00 -2.426192168059060350e-06 -1.200015842914581299e-01 0.000000000000000000e+00 7.000000000000000000e+00 8.191000000000000000e+03 0.000000000000000000e+00 2.000000000000000000e+00 2.756000041961669922e+00
5.479999923706054688e+01 -1.297711580991744995e-01 0.000000000000000000e+00 -2.412052481304272078e-06 -1.299986243247985840e-01 0.000000000000000000e+00 7.000000000000000000e+00 8.191000000000000000e+03 0.000000000000000000e+00 2.000000000000000000e+00 2.756000041961669922e+00
5.500000000000000000e+01 -1.397976726293563843e-01 0.000000000000000000e+00 -2.414901246083900332e-06 -1.399956643581390381e-01 0.000000000000000000e+00 7.000000000000000000e+00 8.191000000000000000e+03 0.000000000000000000e+00 2.000000000000000000e+00 2.756000041961669922e+00
5.520000076293945312e+01 -1.498411595821380615e-01 0.000000000000000000e+00 -2.433879899399471469e-06 -1.500051915645599365e-01 0.000000000000000000e+00 7.000000000000000000e+00 8.191000000000000000e+03 0.000000000000000000e+00 2.000000000000000000e+00 2.756000041961669922e+00
5.540000152587890625e+01 -1.598612219095230103e-01 0.000000000000000000e+00 -2.478393298588343896e-06 -1.600022166967391968e-01 0.000000000000000000e+00 7.000000000000000000e+00 8.191000000000000000e+03 0.000000000000000000e+00 2.000000000000000000e+00 2.756000041961669922e+00
5.560000228881835938e+01 -1.698113083839416504e-01 0.000000000000000000e+00 -2.547985786804929376e-06 -1.699992567300796509e-01 0.000000000000000000e+00 7.000000000000000000e+00 8.191000000000000000e+03 0.000000000000000000e+00 2.000000000000000000e+00 2.756000041961669922e+00
5.579999923706054688e+01 -1.797447502613067627e-01 0.000000000000000000e+00 -2.653710907907225192e-06 -1.799962967634201050e-01 0.000000000000000000e+00 7.000000000000000000e+00 8.191000000000000000e+03 0.000000000000000000e+00 2.000000000000000000e+00 2.756000041961669922e+00
5.600000000000000000e+01 -1.897777318954467773e-01 0.000000000000000000e+00 -2.782559249681071378e-06 -1.900058239698410034e-01 0.000000000000000000e+00 7.000000000000000000e+00 8.191000000000000000e+03 0.000000000000000000e+00 2.000000000000000000e+00 2.756000041961669922e+00
5.620000076293945312e+01 -1.997837126255035400e-01 0.000000000000000000e+00 -2.957650394819211215e-06 -2.000028640031814575e-01 0.000000000000000000e+00 7.000000000000000000e+00 8.191000000000000000e+03 0.000000000000000000e+00 2.000000000000000000e+00 2.756000041961669922e+00
5.640000152587890625e+01 -1.998129636049270630e-01 0.000000000000000000e+00 -2.811199465213576332e-06 -2.000028640031814575e-01 0.000000000000000000e+00 7.000000000000000000e+00 8.191000000000000000e+03 0.000000000000000000e+00 3.000000000000000000e+00 2.756000041961669922e+00
