5.000000000000000000e-01 -1.115994178690016270e-03 -1.115994178690016270e-03 0.000000000000000000e+00 0.000000000000000000e+00 8.191000000000000000e+03 0.000000000000000000e+00 2.757599830627441406e+00
1.000000000000000000e+00 -1.051141996867954731e-03 2.278766361996531487e-03 0.000000000000000000e+00 0.000000000000000000e+00 8.191000000000000000e+03 0.000000000000000000e+00 2.757599830627441406e+00
1.500000000000000000e+00 -6.577363819815218449e-04 5.243932828307151794e-03 0.000000000000000000e+00 0.000000000000000000e+00 8.191000000000000000e+03 0.000000000000000000e+00 2.757332563400268555e+00
2.000000000000000000e+00 4.398714227136224508e-04 8.128478191792964935e-03 0.000000000000000000e+00 0.000000000000000000e+00 8.191000000000000000e+03 0.000000000000000000e+00 2.757200002670288086e+00
2.500000000000000000e+00 2.375236479565501213e-03 1.086603477597236633e-02 0.000000000000000000e+00 0.000000000000000000e+00 8.191000000000000000e+03 0.000000000000000000e+00 2.757333755493164062e+00
3.000000000000000000e+00 4.912974312901496887e-03 1.335191819816827774e-02 0.000000000000000000e+00 0.000000000000000000e+00 8.191000000000000000e+03 0.000000000000000000e+00 2.757400035858154297e+00
3.500000000000000000e+00 7.691694889217615128e-03 1.599085330963134766e-02 0.000000000000000000e+00 0.000000000000000000e+00 8.191000000000000000e+03 0.000000000000000000e+00 2.757533788681030273e+00
4.000000000000000000e+00 1.046113111078739166e-02 1.830520108342170715e-02 0.000000000000000000e+00 0.000000000000000000e+00 6.143000000000000000e+03 0.000000000000000000e+00 2.757599830627441406e+00
4.500000000000000000e+00 1.311952807009220123e-02 2.053595706820487976e-02 0.000000000000000000e+00 0.000000000000000000e+00 8.191000000000000000e+03 0.000000000000000000e+00 2.757599830627441406e+00
5.000000000000000000e+00 1.563948579132556915e-02 2.251317538321018219e-02 0.000000000000000000e+00 0.000000000000000000e+00 6.143000000000000000e+03 0.000000000000000000e+00 2.757599830627441406e+00
5.500000000000000000e+00 1.801122352480888367e-02 2.460135333240032196e-02 0.000000000000000000e+00 0.000000000000000000e+00 8.191000000000000000e+03 0.000000000000000000e+00 2.757399320602416992e+00
6.000000000000000000e+00 2.024034783244132996e-02 2.649829722940921783e-02 0.000000000000000000e+00 0.000000000000000000e+00 8.191000000000000000e+03 0.000000000000000000e+00 2.757299900054931641e+00
6.500000000000000000e+00 2.235105447471141815e-02 2.838299795985221863e-02 0.000000000000000000e+00 0.000000000000000000e+00 8.191000000000000000e+03 0.000000000000000000e+00 2.757366657257080078e+00
7.000000000000000000e+00 2.436658553779125214e-02 3.002149239182472229e-02 0.000000000000000000e+00 0.000000000000000000e+00 8.191000000000000000e+03 0.000000000000000000e+00 2.757400035858154297e+00
7.500000000000000000e+00 2.629340253770351410e-02 3.177198767662048340e-02 0.000000000000000000e+00 0.000000000000000000e+00 8.191000000000000000e+03 0.000000000000000000e+00 2.757333040237426758e+00
8.000000000000000000e+00 2.812940254807472229e-02 3.325504064559936523e-02 0.000000000000000000e+00 0.000000000000000000e+00 8.191000000000000000e+03 0.000000000000000000e+00 2.757299900054931641e+00
8.500000000000000000e+00 2.987674996256828308e-02 3.487389534711837769e-02 0.000000000000000000e+00 0.000000000000000000e+00 8.191000000000000000e+03 0.000000000000000000e+00 2.757299900054931641e+00
9.000000000000000000e+00 3.154357522726058960e-02 3.627800196409225464e-02 0.000000000000000000e+00 0.000000000000000000e+00 8.191000000000000000e+03 0.000000000000000000e+00 2.757299900054931641e+00
9.500000000000000000e+00 3.313621133565902710e-02 3.753544390201568604e-02 0.000000000000000000e+00 0.000000000000000000e+00 8.191000000000000000e+03 0.000000000000000000e+00 2.757299900054931641e+00
1.000000000000000000e+01 3.465085104107856750e-02 3.890440613031387329e-02 0.000000000000000000e+00 0.000000000000000000e+00 8.191000000000000000e+03 0.000000000000000000e+00 2.757299900054931641e+00
1.050000000000000000e+01 3.608283773064613342e-02 4.008026793599128723e-02 0.000000000000000000e+00 0.000000000000000000e+00 8.191000000000000000e+03 0.000000000000000000e+00 2.757299900054931641e+00
1.100000000000000000e+01 3.743707388639450073e-02 4.117824509739875793e-02 0.000000000000000000e+00 0.000000000000000000e+00 8.191000000000000000e+03 0.000000000000000000e+00 2.757299900054931641e+00
1.150000000000000000e+01 3.871815651655197144e-02 4.228163138031959534e-02 0.000000000000000000e+00 0.000000000000000000e+00 8.191000000000000000e+03 0.000000000000000000e+00 2.757299900054931641e+00
1.200000000000000000e+01 3.992544114589691162e-02 4.321341589093208313e-02 0.000000000000000000e+00 0.000000000000000000e+00 8.191000000000000000e+03 0.000000000000000000e+00 2.757299900054931641e+00
1.250000000000000000e+01 4.105946421623229980e-02 4.419921711087226868e-02 0.000000000000000000e+00 0.000000000000000000e+00 8.191000000000000000e+03 0.000000000000000000e+00 2.757299900054931641e+00
1.300000000000000000e+01 4.212715476751327515e-02 4.522105678915977478e-02 0.000000000000000000e+00 0.000000000000000000e+00 8.191000000000000000e+03 0.000000000000000000e+00 2.757299900054931641e+00
1.350000000000000000e+01 4.314126819372177124e-02 4.588602855801582336e-02 0.000000000000000000e+00 0.000000000000000000e+00 8.191000000000000000e+03 0.000000000000000000e+00 2.757299900054931641e+00
1.400000000000000000e+01 4.410541802644729614e-02 4.677323251962661743e-02 0.000000000000000000e+00 0.000000000000000000e+00 8.191000000000000000e+03 0.000000000000000000e+00 2.757299900054931641e+00
1.450000000000000000e+01 4.501074180006980896e-02 4.745242744684219360e-02 0.000000000000000000e+00 0.000000000000000000e+00 8.191000000000000000e+03 0.000000000000000000e+00 2.757299900054931641e+00
1.500000000000000000e+01 4.585281014442443848e-02 4.809442907571792603e-02 0.000000000000000000e+00 0.000000000000000000e+00 8.191000000000000000e+03 0.000000000000000000e+00 2.757299900054931641e+00
