5.000000000000000000e-01 5.512784048914909363e-02 5.512784048914909363e-02 0.000000000000000000e+00 0.000000000000000000e+00 8.191000000000000000e+03 0.000000000000000000e+00 2.757400035858154297e+00
1.000000000000000000e+00 5.501746758818626404e-02 4.935010150074958801e-02 0.000000000000000000e+00 0.000000000000000000e+00 8.191000000000000000e+03 0.000000000000000000e+00 2.756446123123168945e+00
1.500000000000000000e+00 5.436054617166519165e-02 4.496491327881813049e-02 0.000000000000000000e+00 0.000000000000000000e+00 8.191000000000000000e+03 0.000000000000000000e+00 2.756299972534179688e+00
2.000000000000000000e+00 5.259061604738235474e-02 4.175880178809165955e-02 0.000000000000000000e+00 0.000000000000000000e+00 8.191000000000000000e+03 0.000000000000000000e+00 2.756646871566772461e+00
2.500000000000000000e+00 4.965772479772567749e-02 3.952066600322723389e-02 0.000000000000000000e+00 0.000000000000000000e+00 8.191000000000000000e+03 0.000000000000000000e+00 2.756700038909912109e+00
3.000000000000000000e+00 4.618539288640022278e-02 3.776945546269416809e-02 0.000000000000000000e+00 0.000000000000000000e+00 8.191000000000000000e+03 0.000000000000000000e+00 2.756873369216918945e+00
3.500000000000000000e+00 4.291796684265136719e-02 3.647234663367271423e-02 0.000000000000000000e+00 0.000000000000000000e+00 8.191000000000000000e+03 0.000000000000000000e+00 2.756899833679199219e+00
4.000000000000000000e+00 4.025843739509582520e-02 3.548194468021392822e-02 0.000000000000000000e+00 0.000000000000000000e+00 8.191000000000000000e+03 0.000000000000000000e+00 2.756899833679199219e+00
4.500000000000000000e+00 3.825685754418373108e-02 3.479715064167976379e-02 0.000000000000000000e+00 0.000000000000000000e+00 8.191000000000000000e+03 0.000000000000000000e+00 2.756899833679199219e+00
5.000000000000000000e+00 3.679592907428741455e-02 3.424554318189620972e-02 0.000000000000000000e+00 0.000000000000000000e+00 8.191000000000000000e+03 0.000000000000000000e+00 2.756899833679199219e+00
5.500000000000000000e+00 3.573305904865264893e-02 3.383094817399978638e-02 0.000000000000000000e+00 0.000000000000000000e+00 8.191000000000000000e+03 0.000000000000000000e+00 2.756899833679199219e+00
6.000000000000000000e+00 3.495180606842041016e-02 3.351960331201553345e-02 0.000000000000000000e+00 0.000000000000000000e+00 8.191000000000000000e+03 0.000000000000000000e+00 2.756899833679199219e+00
6.500000000000000000e+00 3.436850011348724365e-02 3.327258303761482239e-02 0.000000000000000000e+00 0.000000000000000000e+00 8.191000000000000000e+03 0.000000000000000000e+00 2.756899833679199219e+00
7.000000000000000000e+00 3.392715752124786377e-02 3.310471028089523315e-02 0.000000000000000000e+00 0.000000000000000000e+00 8.191000000000000000e+03 0.000000000000000000e+00 2.756899833679199219e+00
7.500000000000000000e+00 3.359164297580718994e-02 3.297768905758857727e-02 0.000000000000000000e+00 0.000000000000000000e+00 8.191000000000000000e+03 0.000000000000000000e+00 2.756899833679199219e+00
8.000000000000000000e+00 3.333814442157745361e-02 3.288335725665092468e-02 0.000000000000000000e+00 0.000000000000000000e+00 8.191000000000000000e+03 0.000000000000000000e+00 2.756899833679199219e+00
8.500000000000000000e+00 3.314935043454170227e-02 3.282951563596725464e-02 0.000000000000000000e+00 0.000000000000000000e+00 8.191000000000000000e+03 0.000000000000000000e+00 2.756899833679199219e+00
9.000000000000000000e+00 3.301209956407546997e-02 3.282148391008377075e-02 0.000000000000000000e+00 0.000000000000000000e+00 8.191000000000000000e+03 0.000000000000000000e+00 2.756899833679199219e+00
9.500000000000000000e+00 3.291822224855422974e-02 3.284272179007530212e-02 0.000000000000000000e+00 0.000000000000000000e+00 8.191000000000000000e+03 0.000000000000000000e+00 2.756899833679199219e+00
1.000000000000000000e+01 3.286283463239669800e-02 3.284146636724472046e-02 0.000000000000000000e+00 0.000000000000000000e+00 8.191000000000000000e+03 0.000000000000000000e+00 2.756813287734985352e+00
1.050000000000000000e+01 3.283941745758056641e-02 3.288155794143676758e-02 0.000000000000000000e+00 0.000000000000000000e+00 8.191000000000000000e+03 0.000000000000000000e+00 2.756799936294555664e+00
1.100000000000000000e+01 3.283900022506713867e-02 3.291046246886253357e-02 0.000000000000000000e+00 0.000000000000000000e+00 8.191000000000000000e+03 0.000000000000000000e+00 2.756799936294555664e+00
1.150000000000000000e+01 3.285460174083709717e-02 3.298550471663475037e-02 0.000000000000000000e+00 0.000000000000000000e+00 8.191000000000000000e+03 0.000000000000000000e+00 2.756799936294555664e+00
1.200000000000000000e+01 3.288301825523376465e-02 3.300529718399047852e-02 0.000000000000000000e+00 0.000000000000000000e+00 8.191000000000000000e+03 0.000000000000000000e+00 2.756799936294555664e+00
1.250000000000000000e+01 3.292266279458999634e-02 3.313212841749191284e-02 0.000000000000000000e+00 0.000000000000000000e+00 8.191000000000000000e+03 0.000000000000000000e+00 2.756799936294555664e+00
1.300000000000000000e+01 3.297347575426101685e-02 3.318905085325241089e-02 0.000000000000000000e+00 0.000000000000000000e+00 8.191000000000000000e+03 0.000000000000000000e+00 2.756799936294555664e+00
1.350000000000000000e+01 3.303730115294456482e-02 3.332512825727462769e-02 0.000000000000000000e+00 0.000000000000000000e+00 8.191000000000000000e+03 0.000000000000000000e+00 2.756799936294555664e+00
1.400000000000000000e+01 3.311576321721076965e-02 3.343811258673667908e-02 0.000000000000000000e+00 0.000000000000000000e+00 8.191000000000000000e+03 0.000000000000000000e+00 2.756799936294555664e+00
1.450000000000000000e+01 3.320817649364471436e-02 3.351218998432159424e-02 0.000000000000000000e+00 0.000000000000000000e+00 8.191000000000000000e+03 0.000000000000000000e+00 2.756799936294555664e+00
1.500000000000000000e+01 3.331005573272705078e-02 3.365080803632736206e-02 0.000000000000000000e+00 0.000000000000000000e+00 8.191000000000000000e+03 0.000000000000000000e+00 2.756799936294555664e+00
