5.000000000000000000e-01 2.753625740297138691e-04 2.753625740297138691e-04 0.000000000000000000e+00 0.000000000000000000e+00 8.191000000000000000e+03 0.000000000000000000e+00 2.755300045013427734e+00
1.000000000000000000e+00 2.728480321820825338e-04 1.437363971490412951e-04 0.000000000000000000e+00 0.000000000000000000e+00 8.191000000000000000e+03 0.000000000000000000e+00 2.755300045013427734e+00
1.500000000000000000e+00 2.596526755951344967e-04 1.365107600577175617e-04 0.000000000000000000e+00 0.000000000000000000e+00 8.191000000000000000e+03 0.000000000000000000e+00 2.755300045013427734e+00
2.000000000000000000e+00 2.298699546372517943e-04 1.339144655503332615e-04 0.000000000000000000e+00 0.000000000000000000e+00 8.191000000000000000e+03 0.000000000000000000e+00 2.755199909210205078e+00
2.500000000000000000e+00 1.914269087137654424e-04 1.329118094872683287e-04 0.000000000000000000e+00 0.000000000000000000e+00 8.191000000000000000e+03 0.000000000000000000e+00 2.755199909210205078e+00
3.000000000000000000e+00 1.593283232068642974e-04 1.332279935013502836e-04 0.000000000000000000e+00 0.000000000000000000e+00 8.191000000000000000e+03 0.000000000000000000e+00 2.755499839782714844e+00
3.500000000000000000e+00 1.407513918820768595e-04 1.330395461991429329e-04 0.000000000000000000e+00 0.000000000000000000e+00 8.191000000000000000e+03 0.000000000000000000e+00 2.755499839782714844e+00
4.000000000000000000e+00 1.333214022452011704e-04 1.338179863523691893e-04 0.000000000000000000e+00 0.000000000000000000e+00 8.191000000000000000e+03 0.000000000000000000e+00 2.755499839782714844e+00
4.500000000000000000e+00 1.317804271820932627e-04 1.329744409304112196e-04 0.000000000000000000e+00 0.000000000000000000e+00 8.191000000000000000e+03 0.000000000000000000e+00 2.755499839782714844e+00
5.000000000000000000e+00 1.322384341619908810e-04 1.335625420324504375e-04 0.000000000000000000e+00 0.000000000000000000e+00 8.191000000000000000e+03 0.000000000000000000e+00 2.755499839782714844e+00
5.500000000000000000e+00 1.328871585428714752e-04 1.335155102424323559e-04 0.000000000000000000e+00 0.000000000000000000e+00 8.191000000000000000e+03 0.000000000000000000e+00 2.755499839782714844e+00
6.000000000000000000e+00 1.332688698312267661e-04 1.336281420662999153e-04 0.000000000000000000e+00 0.000000000000000000e+00 8.191000000000000000e+03 0.000000000000000000e+00 2.755499839782714844e+00
6.500000000000000000e+00 1.334373810095712543e-04 1.330879167653620243e-04 0.000000000000000000e+00 0.000000000000000000e+00 8.191000000000000000e+03 0.000000000000000000e+00 2.755499839782714844e+00
7.000000000000000000e+00 1.334629196207970381e-04 1.325495541095733643e-04 0.000000000000000000e+00 0.000000000000000000e+00 8.191000000000000000e+03 0.000000000000000000e+00 2.755499839782714844e+00
7.500000000000000000e+00 1.333395193796604872e-04 1.324553741142153740e-04 0.000000000000000000e+00 0.000000000000000000e+00 8.191000000000000000e+03 0.000000000000000000e+00 2.755499839782714844e+00
8.000000000000000000e+00 1.330960949417203665e-04 1.328224898315966129e-04 0.000000000000000000e+00 0.000000000000000000e+00 8.191000000000000000e+03 0.000000000000000000e+00 2.755499839782714844e+00
8.500000000000000000e+00 1.328496146015822887e-04 1.326416968367993832e-04 0.000000000000000000e+00 0.000000000000000000e+00 8.191000000000000000e+03 0.000000000000000000e+00 2.755499839782714844e+00
9.000000000000000000e+00 1.327051431871950626e-04 1.327485661022365093e-04 0.000000000000000000e+00 0.000000000000000000e+00 8.191000000000000000e+03 0.000000000000000000e+00 2.755499839782714844e+00
9.500000000000000000e+00 1.326532801613211632e-04 1.320203009527176619e-04 0.000000000000000000e+00 0.000000000000000000e+00 8.191000000000000000e+03 0.000000000000000000e+00 2.755499839782714844e+00
1.000000000000000000e+01 1.325907505815848708e-04 1.316805719397962093e-04 0.000000000000000000e+00 0.000000000000000000e+00 8.191000000000000000e+03 0.000000000000000000e+00 2.755499839782714844e+00
1.050000000000000000e+01 1.324389304500073195e-04 1.324012700933963060e-04 0.000000000000000000e+00 0.000000000000000000e+00 8.191000000000000000e+03 0.000000000000000000e+00 2.755499839782714844e+00
1.100000000000000000e+01 1.322480675298720598e-04 1.320251612924039364e-04 0.000000000000000000e+00 0.000000000000000000e+00 8.191000000000000000e+03 0.000000000000000000e+00 2.755499839782714844e+00
1.150000000000000000e+01 1.321308664046227932e-04 1.323974283877760172e-04 0.000000000000000000e+00 0.000000000000000000e+00 8.191000000000000000e+03 0.000000000000000000e+00 2.755499839782714844e+00
1.200000000000000000e+01 1.321181771345436573e-04 1.320817391388118267e-04 0.000000000000000000e+00 0.000000000000000000e+00 8.191000000000000000e+03 0.000000000000000000e+00 2.755499839782714844e+00
1.250000000000000000e+01 1.321608870057389140e-04 1.325118064414709806e-04 0.000000000000000000e+00 0.000000000000000000e+00 8.191000000000000000e+03 0.000000000000000000e+00 2.755499839782714844e+00
1.300000000000000000e+01 1.322201424045488238e-04 1.324418699368834496e-04 0.000000000000000000e+00 0.000000000000000000e+00 8.191000000000000000e+03 0.000000000000000000e+00 2.755499839782714844e+00
1.350000000000000000e+01 1.323050091741606593e-04 1.332191459368914366e-04 0.000000000000000000e+00 0.000000000000000000e+00 8.191000000000000000e+03 0.000000000000000000e+00 2.755499839782714844e+00
1.400000000000000000e+01 1.324581971857696772e-04 1.334608823526650667e-04 0.000000000000000000e+00 0.000000000000000000e+00 8.191000000000000000e+03 0.000000000000000000e+00 2.755499839782714844e+00
1.450000000000000000e+01 1.327032805420458317e-04 1.333490363322198391e-04 0.000000000000000000e+00 0.000000000000000000e+00 8.191000000000000000e+03 0.000000000000000000e+00 2.755499839782714844e+00
1.500000000000000000e+01 1.329911028733476996e-04 1.335946144536137581e-04 0.000000000000000000e+00 0.000000000000000000e+00 8.191000000000000000e+03 0.000000000000000000e+00 2.755499839782714844e+00
