2.000000029802322388e-01 1.080129004549235106e-05 0.000000000000000000e+00 1.824824153118242975e-06 3.129243850708007812e-07 0.000000000000000000e+00 7.000000000000000000e+00 8.191000000000000000e+03 0.000000000000000000e+00 0.000000000000000000e+00 2.757299900054931641e+00
4.000000059604644775e-01 1.011133752763271332e-02 0.000000000000000000e+00 3.743526121979812160e-06 9.997349232435226440e-03 0.000000000000000000e+00 7.000000000000000000e+00 8.191000000000000000e+03 0.000000000000000000e+00 0.000000000000000000e+00 2.757299900054931641e+00
6.000000238418579102e-01 2.010959759354591370e-02 0.000000000000000000e+00 6.004119313729461282e-06 1.999438367784023285e-02 0.000000000000000000e+00 7.000000000000000000e+00 8.191000000000000000e+03 0.000000000000000000e+00 0.000000000000000000e+00 2.757299900054931641e+00
8.000000119209289551e-01 2.959328331053256989e-02 0.000000000000000000e+00 8.876042556948959827e-06 3.000391460955142975e-02 0.000000000000000000e+00 7.000000000000000000e+00 6.143000000000000000e+03 0.000000000000000000e+00 0.000000000000000000e+00 2.757299900054931641e+00
1.000000000000000000e+00 4.014884680509567261e-02 0.000000000000000000e+00 1.093002811103360727e-05 4.000094905495643616e-02 0.000000000000000000e+00 7.000000000000000000e+00 7.164000000000000000e+03 0.000000000000000000e+00 0.000000000000000000e+00 2.757299900054931641e+00
1.200000047683715820e+00 5.012541636824607849e-02 0.000000000000000000e+00 1.680565219430718571e-05 4.999798536300659180e-02 0.000000000000000000e+00 8.000000000000000000e+00 8.191000000000000000e+03 0.000000000000000000e+00 0.000000000000000000e+00 2.756399869918823242e+00
1.399999976158142090e+00 6.011923030018806458e-02 0.000000000000000000e+00 2.184255390602629632e-05 5.999501794576644897e-02 0.000000000000000000e+00 8.000000000000000000e+00 8.191000000000000000e+03 0.000000000000000000e+00 0.000000000000000000e+00 2.756399869918823242e+00
1.600000023841857910e+00 7.012462615966796875e-02 0.000000000000000000e+00 2.734590816544368863e-05 7.000455260276794434e-02 0.000000000000000000e+00 8.000000000000000000e+00 8.191000000000000000e+03 0.000000000000000000e+00 0.000000000000000000e+00 2.756399869918823242e+00
1.800000071525573730e+00 8.017458766698837280e-02 0.000000000000000000e+00 3.317319351481273770e-05 8.000158518552780151e-02 0.000000000000000000e+00 8.000000000000000000e+00 8.191000000000000000e+03 0.000000000000000000e+00 0.000000000000000000e+00 2.756399869918823242e+00
2.000000000000000000e+00 9.017792344093322754e-02 0.000000000000000000e+00 3.893629764206707478e-05 8.999861776828765869e-02 0.000000000000000000e+00 8.000000000000000000e+00 8.191000000000000000e+03 0.000000000000000000e+00 0.000000000000000000e+00 2.756399869918823242e+00
2.200000047683715820e+00 1.000935062766075134e-01 0.000000000000000000e+00 4.428971442393958569e-05 9.999565780162811279e-02 0.000000000000000000e+00 8.000000000000000000e+00 8.191000000000000000e+03 0.000000000000000000e+00 0.000000000000000000e+00 2.756399869918823242e+00
2.400000095367431641e+00 1.101915910840034485e-01 0.000000000000000000e+00 4.885399175691418350e-05 1.100051850080490112e-01 0.000000000000000000e+00 8.000000000000000000e+00 8.191000000000000000e+03 0.000000000000000000e+00 0.000000000000000000e+00 2.756399869918823242e+00
2.600000143051147461e+00 1.200855970382690430e-01 0.000000000000000000e+00 5.202587999519892037e-05 1.200022250413894653e-01 0.000000000000000000e+00 8.000000000000000000e+00 8.191000000000000000e+03 0.000000000000000000e+00 0.000000000000000000e+00 2.756399869918823242e+00
2.799999952316284180e+00 1.301269382238388062e-01 0.000000000000000000e+00 5.379570939112454653e-05 1.299992501735687256e-01 0.000000000000000000e+00 8.000000000000000000e+00 8.191000000000000000e+03 0.000000000000000000e+00 0.000000000000000000e+00 2.756399869918823242e+00
3.000000000000000000e+00 1.401741206645965576e-01 0.000000000000000000e+00 5.424060145742259920e-05 1.399962902069091797e-01 0.000000000000000000e+00 8.000000000000000000e+00 8.191000000000000000e+03 0.000000000000000000e+00 0.000000000000000000e+00 2.756399869918823242e+00
3.200000047683715820e+00 1.501739174127578735e-01 0.000000000000000000e+00 5.344110832083970308e-05 1.500058174133300781e-01 0.000000000000000000e+00 8.000000000000000000e+00 8.191000000000000000e+03 0.000000000000000000e+00 0.000000000000000000e+00 2.756399869918823242e+00
3.400000095367431641e+00 1.601137667894363403e-01 0.000000000000000000e+00 5.194643017603084445e-05 1.600028574466705322e-01 0.000000000000000000e+00 8.000000000000000000e+00 8.191000000000000000e+03 0.000000000000000000e+00 0.000000000000000000e+00 2.756399869918823242e+00
3.600000143051147461e+00 1.702104061841964722e-01 0.000000000000000000e+00 5.011898247175849974e-05 1.699998974800109863e-01 0.000000000000000000e+00 8.000000000000000000e+00 8.191000000000000000e+03 0.000000000000000000e+00 0.000000000000000000e+00 2.756399869918823242e+00
3.799999952316284180e+00 1.801775842905044556e-01 0.000000000000000000e+00 4.812541737919673324e-05 1.799969226121902466e-01 0.000000000000000000e+00 8.000000000000000000e+00 8.191000000000000000e+03 0.000000000000000000e+00 0.000000000000000000e+00 2.756399869918823242e+00
4.000000000000000000e+00 1.901415437459945679e-01 0.000000000000000000e+00 4.615520447259768844e-05 1.899939626455307007e-01 0.000000000000000000e+00 8.000000000000000000e+00 8.191000000000000000e+03 0.000000000000000000e+00 0.000000000000000000e+00 2.756399869918823242e+00
4.200000286102294922e+00 2.001586109399795532e-01 0.000000000000000000e+00 4.431193156051449478e-05 2.000034898519515991e-01 0.000000000000000000e+00 8.000000000000000000e+00 8.191000000000000000e+03 0.000000000000000000e+00 0.000000000000000000e+00 2.756399869918823242e+00
4.400000095367431641e+00 2.101528495550155640e-01 0.000000000000000000e+00 4.261433423380367458e-05 2.100005298852920532e-01 0.000000000000000000e+00 8.000000000000000000e+00 8.191000000000000000e+03 0.000000000000000000e+00 0.000000000000000000e+00 2.756399869918823242e+00
4.599999904632568359e+00 2.201185971498489380e-01 0.000000000000000000e+00 4.108739813091233373e-05 2.199975699186325073e-01 0.000000000000000000e+00 8.000000000000000000e+00 8.191000000000000000e+03 0.000000000000000000e+00 0.000000000000000000e+00 2.756399869918823242e+00
4.800000190734863281e+00 2.301437109708786011e-01 0.000000000000000000e+00 3.974836363340727985e-05 2.299945950508117676e-01 0.000000000000000000e+00 8.000000000000000000e+00 8.191000000000000000e+03 0.000000000000000000e+00 0.000000000000000000e+00 2.756399869918823242e+00
5.000000000000000000e+00 2.401908487081527710e-01 0.000000000000000000e+00 3.855138857034035027e-05 2.400041371583938599e-01 0.000000000000000000e+00 8.000000000000000000e+00 8.191000000000000000e+03 0.000000000000000000e+00 0.000000000000000000e+00 2.756399869918823242e+00
5.200000286102294922e+00 2.502095997333526611e-01 0.000000000000000000e+00 3.742714761756360531e-05 2.500011622905731201e-01 0.000000000000000000e+00 8.000000000000000000e+00 8.191000000000000000e+03 0.000000000000000000e+00 0.000000000000000000e+00 2.756399869918823242e+00
5.400000095367431641e+00 2.601976692676544189e-01 0.000000000000000000e+00 3.646035838755778968e-05 2.599982023239135742e-01 0.000000000000000000e+00 8.000000000000000000e+00 8.191000000000000000e+03 0.000000000000000000e+00 0.000000000000000000e+00 2.756399869918823242e+00
5.599999904632568359e+00 2.701160013675689697e-01 0.000000000000000000e+00 3.551354166120290756e-05 2.699952423572540283e-01 0.000000000000000000e+00 8.000000000000000000e+00 8.191000000000000000e+03 0.000000000000000000e+00 0.000000000000000000e+00 2.756399869918823242e+00
5.800000190734863281e+00 2.801409959793090820e-01 0.000000000000000000e+00 3.470613592071458697e-05 2.800047695636749268e-01 0.000000000000000000e+00 8.000000000000000000e+00 8.191000000000000000e+03 0.000000000000000000e+00 0.000000000000000000e+00 2.756399869918823242e+00
6.000000000000000000e+00 2.901292443275451660e-01 0.000000000000000000e+00 3.399642810109071434e-05 2.900017797946929932e-01 0.000000000000000000e+00 8.000000000000000000e+00 8.191000000000000000e+03 0.000000000000000000e+00 0.000000000000000000e+00 2.756399869918823242e+00
6.200000286102294922e+00 3.001304268836975098e-01 0.000000000000000000e+00 3.328464299556799233e-05 2.999988198280334473e-01 0.000000000000000000e+00 8.000000000000000000e+00 8.191000000000000000e+03 0.000000000000000000e+00 0.000000000000000000e+00 2.756399869918823242e+00
6.400000095367431641e+00 2.901186347007751465e-01 0.000000000000000000e+00 3.129655306111089885e-05 2.900017797946929932e-01 0.000000000000000000e+00 8.000000000000000000e+00 8.191000000000000000e+03 0.000000000000000000e+00 0.000000000000000000e+00 2.756399869918823242e+00
6.599999904632568359e+00 2.801705896854400635e-01 0.000000000000000000e+00 2.984186721732839942e-05 2.800047695636749268e-01 0.000000000000000000e+00 8.000000000000000000e+00 8.191000000000000000e+03 0.000000000000000000e+00 0.000000000000000000e+00 2.756399869918823242e+00
6.800000190734863281e+00 2.701362371444702148e-01 0.000000000000000000e+00 2.865170245058834553e-05 2.699952423572540283e-01 0.000000000000000000e+00 8.000000000000000000e+00 8.191000000000000000e+03 0.000000000000000000e+00 0.000000000000000000e+00 2.756399869918823242e+00
7.000000000000000000e+00 2.600869536399841309e-01 0.000000000000000000e+00 2.758369555522222072e-05 2.599982023239135742e-01 0.000000000000000000e+00 8.000000000000000000e+00 8.191000000000000000e+03 0.000000000000000000e+00 0.000000000000000000e+00 2.756399869918823242e+00
7.200000286102294922e+00 2.501463294029235840e-01 0.000000000000000000e+00 2.660606696736067533e-05 2.500011622905731201e-01 0.000000000000000000e+00 8.000000000000000000e+00 8.191000000000000000e+03 0.000000000000000000e+00 0.000000000000000000e+00 2.756099939346313477e+00
7.400000095367431641e+00 2.401448786258697510e-01 0.000000000000000000e+00 2.570439573901239783e-05 2.400041371583938599e-01 0.000000000000000000e+00 8.000000000000000000e+00 8.191000000000000000e+03 0.000000000000000000e+00 0.000000000000000000e+00 2.756099939346313477e+00
7.599999904632568359e+00 2.301286607980728149e-01 0.000000000000000000e+00 2.484021570126060396e-05 2.299945950508117676e-01 0.000000000000000000e+00 8.000000000000000000e+00 8.191000000000000000e+03 0.000000000000000000e+00 0.000000000000000000e+00 2.756099939346313477e+00
7.800000190734863281e+00 2.201907634735107422e-01 0.000000000000000000e+00 2.393960494373459369e-05 2.199975699186325073e-01 0.000000000000000000e+00 8.000000000000000000e+00 8.191000000000000000e+03 0.000000000000000000e+00 0.000000000000000000e+00 2.756099939346313477e+00
8.000000000000000000e+00 2.101392000913619995e-01 0.000000000000000000e+00 2.300822416145820171e-05 2.100005298852920532e-01 0.000000000000000000e+00 8.000000000000000000e+00 8.191000000000000000e+03 0.000000000000000000e+00 0.000000000000000000e+00 2.756099939346313477e+00
8.199999809265136719e+00 2.001628726720809937e-01 0.000000000000000000e+00 2.195167326135560870e-05 2.000034898519515991e-01 0.000000000000000000e+00 8.000000000000000000e+00 8.191000000000000000e+03 0.000000000000000000e+00 0.000000000000000000e+00 2.756099939346313477e+00
8.400000572204589844e+00 1.901674121618270874e-01 0.000000000000000000e+00 2.074649091809988022e-05 1.899939626455307007e-01 0.000000000000000000e+00 8.000000000000000000e+00 8.191000000000000000e+03 0.000000000000000000e+00 0.000000000000000000e+00 2.756099939346313477e+00
8.600000381469726562e+00 1.801942139863967896e-01 0.000000000000000000e+00 1.938103196152951568e-05 1.799969226121902466e-01 0.000000000000000000e+00 8.000000000000000000e+00 8.191000000000000000e+03 0.000000000000000000e+00 0.000000000000000000e+00 2.756099939346313477e+00
8.800000190734863281e+00 1.701468080282211304e-01 0.000000000000000000e+00 1.765333399816881865e-05 1.699998974800109863e-01 0.000000000000000000e+00 8.000000000000000000e+00 8.191000000000000000e+03 0.000000000000000000e+00 0.000000000000000000e+00 2.756099939346313477e+00
9.000000000000000000e+00 1.601818650960922241e-01 0.000000000000000000e+00 1.558608528284821659e-05 1.600028574466705322e-01 0.000000000000000000e+00 8.000000000000000000e+00 8.191000000000000000e+03 0.000000000000000000e+00 0.000000000000000000e+00 2.756099939346313477e+00
9.199999809265136719e+00 1.501633822917938232e-01 0.000000000000000000e+00 1.288219027628656477e-05 1.500058174133300781e-01 0.000000000000000000e+00 8.000000000000000000e+00 8.191000000000000000e+03 0.000000000000000000e+00 0.000000000000000000e+00 2.756399869918823242e+00
9.400000572204589844e+00 1.401356160640716553e-01 0.000000000000000000e+00 9.561846127326134592e-06 1.399962902069091797e-01 0.000000000000000000e+00 8.000000000000000000e+00 8.191000000000000000e+03 0.000000000000000000e+00 0.000000000000000000e+00 2.756399869918823242e+00
9.600000381469726562e+00 1.301120072603225708e-01 0.000000000000000000e+00 5.549048637476516888e-06 1.299992501735687256e-01 0.000000000000000000e+00 8.000000000000000000e+00 8.191000000000000000e+03 0.000000000000000000e+00 0.000000000000000000e+00 2.756399869918823242e+00
9.800000190734863281e+00 1.200764402747154236e-01 0.000000000000000000e+00 7.387649816337216180e-07 1.200022250413894653e-01 0.000000000000000000e+00 7.000000000000000000e+00 8.191000000000000000e+03 0.000000000000000000e+00 0.000000000000000000e+00 2.756399869918823242e+00
1.000000000000000000e+01 1.100510954856872559e-01 0.000000000000000000e+00 -1.093766627491277177e-06 1.100051850080490112e-01 0.000000000000000000e+00 6.000000000000000000e+00 7.164000000000000000e+03 0.000000000000000000e+00 0.000000000000000000e+00 2.756399869918823242e+00
1.019999980926513672e+01 1.001515090465545654e-01 0.000000000000000000e+00 -1.039873313857242465e-05 9.999565780162811279e-02 0.000000000000000000e+00 7.000000000000000000e+00 7.164000000000000000e+03 0.000000000000000000e+00 0.000000000000000000e+00 2.756299972534179688e+00
1.040000057220458984e+01 9.015227109193801880e-02 0.000000000000000000e+00 -1.618503119971137494e-05 8.999861776828765869e-02 0.000000000000000000e+00 8.000000000000000000e+00 8.191000000000000000e+03 0.000000000000000000e+00 0.000000000000000000e+00 2.756299972534179688e+00
1.060000038146972656e+01 8.012877404689788818e-02 0.000000000000000000e+00 -2.188418147852644324e-05 8.000158518552780151e-02 0.000000000000000000e+00 8.000000000000000000e+00 8.191000000000000000e+03 0.000000000000000000e+00 0.000000000000000000e+00 2.756299972534179688e+00
1.080000019073486328e+01 7.017365097999572754e-02 0.000000000000000000e+00 -2.710154876695014536e-05 7.000455260276794434e-02 0.000000000000000000e+00 8.000000000000000000e+00 8.191000000000000000e+03 0.000000000000000000e+00 0.000000000000000000e+00 2.756299972534179688e+00
1.100000000000000000e+01 6.013630703091621399e-02 0.000000000000000000e+00 -3.154246951453387737e-05 5.999501794576644897e-02 0.000000000000000000e+00 8.000000000000000000e+00 8.191000000000000000e+03 0.000000000000000000e+00 0.000000000000000000e+00 2.756299972534179688e+00
1.119999980926513672e+01 5.016073212027549744e-02 0.000000000000000000e+00 -3.466420093900524080e-05 4.999798536300659180e-02 0.000000000000000000e+00 8.000000000000000000e+00 8.191000000000000000e+03 0.000000000000000000e+00 0.000000000000000000e+00 2.755800008773803711e+00
1.140000057220458984e+01 4.012142121791839600e-02 0.000000000000000000e+00 -3.625738827395252883e-05 4.000094905495643616e-02 0.000000000000000000e+00 8.000000000000000000e+00 8.191000000000000000e+03 0.000000000000000000e+00 0.000000000000000000e+00 2.755800008773803711e+00
1.160000038146972656e+01 3.014261461794376373e-02 0.000000000000000000e+00 -3.643630407168529928e-05 3.000391460955142975e-02 0.000000000000000000e+00 8.000000000000000000e+00 8.191000000000000000e+03 0.000000000000000000e+00 0.000000000000000000e+00 2.755800008773803711e+00
1.180000019073486328e+01 2.010867930948734283e-02 0.000000000000000000e+00 -3.540994293871335685e-05 1.999438367784023285e-02 0.000000000000000000e+00 8.000000000000000000e+00 8.191000000000000000e+03 0.000000000000000000e+00 0.000000000000000000e+00 2.755800008773803711e+00
1.200000000000000000e+01 1.014072354882955551e-02 0.000000000000000000e+00 -3.354159707669168711e-05 9.997349232435226440e-03 0.000000000000000000e+00 8.000000000000000000e+00 8.191000000000000000e+03 0.000000000000000000e+00 0.000000000000000000e+00 2.755800008773803711e+00
1.219999980926513672e+01 1.334316621068865061e-04 0.000000000000000000e+00 -3.133603604510426521e-05 3.129243850708007812e-07 0.000000000000000000e+00 8.000000000000000000e+00 8.191000000000000000e+03 0.000000000000000000e+00 0.000000000000000000e+00 2.756199836730957031e+00
1.240000057220458984e+01 -9.901854209601879120e-03 0.000000000000000000e+00 -2.902067535615060478e-05 -9.996719658374786377e-03 0.000000000000000000e+00 8.000000000000000000e+00 8.191000000000000000e+03 0.000000000000000000e+00 0.000000000000000000e+00 2.756199836730957031e+00
1.260000038146972656e+01 -1.990117877721786499e-02 0.000000000000000000e+00 -2.682329250092152506e-05 -1.999375596642494202e-02 0.000000000000000000e+00 8.000000000000000000e+00 8.191000000000000000e+03 0.000000000000000000e+00 0.000000000000000000e+00 2.756199836730957031e+00
1.280000019073486328e+01 -2.952126041054725647e-02 0.000000000000000000e+00 -2.480830517015419900e-05 -3.000328317284584045e-02 0.000000000000000000e+00 8.000000000000000000e+00 6.143000000000000000e+03 0.000000000000000000e+00 0.000000000000000000e+00 2.756199836730957031e+00
1.300000000000000000e+01 -3.984045237302780151e-02 0.000000000000000000e+00 -2.303190194652415812e-05 -4.000032320618629456e-02 0.000000000000000000e+00 8.000000000000000000e+00 8.191000000000000000e+03 0.000000000000000000e+00 0.000000000000000000e+00 2.756199836730957031e+00
1.319999980926513672e+01 -4.985673353075981140e-02 0.000000000000000000e+00 -2.143805977539159358e-05 -4.999735578894615173e-02 0.000000000000000000e+00 8.000000000000000000e+00 8.191000000000000000e+03 0.000000000000000000e+00 0.000000000000000000e+00 2.756399869918823242e+00
1.340000057220458984e+01 -5.989978834986686707e-02 0.000000000000000000e+00 -2.000413041969295591e-05 -5.999438837170600891e-02 0.000000000000000000e+00 8.000000000000000000e+00 8.191000000000000000e+03 0.000000000000000000e+00 0.000000000000000000e+00 2.756399869918823242e+00
1.360000038146972656e+01 -6.991058588027954102e-02 0.000000000000000000e+00 -1.874667395895812660e-05 -7.000392675399780273e-02 0.000000000000000000e+00 8.000000000000000000e+00 8.191000000000000000e+03 0.000000000000000000e+00 0.000000000000000000e+00 2.756399869918823242e+00
1.380000019073486328e+01 -7.989831268787384033e-02 0.000000000000000000e+00 -1.764340777299366891e-05 -8.000095188617706299e-02 0.000000000000000000e+00 8.000000000000000000e+00 8.191000000000000000e+03 0.000000000000000000e+00 0.000000000000000000e+00 2.756399869918823242e+00
1.400000000000000000e+01 -8.988829702138900757e-02 0.000000000000000000e+00 -1.671385325607843697e-05 -8.999799191951751709e-02 0.000000000000000000e+00 8.000000000000000000e+00 8.191000000000000000e+03 0.000000000000000000e+00 0.000000000000000000e+00 2.756399869918823242e+00
1.419999980926513672e+01 -9.987843036651611328e-02 0.000000000000000000e+00 -1.581622200319543481e-05 -9.999501705169677734e-02 0.000000000000000000e+00 8.000000000000000000e+00 8.191000000000000000e+03 0.000000000000000000e+00 0.000000000000000000e+00 2.756199836730957031e+00
1.440000057220458984e+01 -1.098713353276252747e-01 0.000000000000000000e+00 -1.507346223661443219e-05 -1.100045591592788696e-01 0.000000000000000000e+00 8.000000000000000000e+00 8.191000000000000000e+03 0.000000000000000000e+00 0.000000000000000000e+00 2.756199836730957031e+00
1.460000038146972656e+01 -1.198797374963760376e-01 0.000000000000000000e+00 -1.431921100447652861e-05 -1.200015842914581299e-01 0.000000000000000000e+00 8.000000000000000000e+00 8.191000000000000000e+03 0.000000000000000000e+00 0.000000000000000000e+00 2.756199836730957031e+00
1.480000019073486328e+01 -1.299556940793991089e-01 0.000000000000000000e+00 -1.373226314171915874e-05 -1.299986243247985840e-01 0.000000000000000000e+00 8.000000000000000000e+00 8.191000000000000000e+03 0.000000000000000000e+00 0.000000000000000000e+00 2.756199836730957031e+00
1.500000000000000000e+01 -1.398815512657165527e-01 0.000000000000000000e+00 -1.318563954555429518e-05 -1.399956643581390381e-01 0.000000000000000000e+00 8.000000000000000000e+00 8.191000000000000000e+03 0.000000000000000000e+00 0.000000000000000000e+00 2.756199836730957031e+00
1.519999980926513672e+01 -1.499230712652206421e-01 0.000000000000000000e+00 -1.269324093300383538e-05 -1.500051915645599365e-01 0.000000000000000000e+00 8.000000000000000000e+00 8.191000000000000000e+03 0.000000000000000000e+00 0.000000000000000000e+00 2.756199836730957031e+00
1.540000057220458984e+01 -1.598477065563201904e-01 0.000000000000000000e+00 -1.219215846504084766e-05 -1.600022166967391968e-01 0.000000000000000000e+00 8.000000000000000000e+00 8.191000000000000000e+03 0.000000000000000000e+00 0.000000000000000000e+00 2.756199836730957031e+00
1.560000038146972656e+01 -1.698676496744155884e-01 0.000000000000000000e+00 -1.177141257358016446e-05 -1.699992567300796509e-01 0.000000000000000000e+00 8.000000000000000000e+00 8.191000000000000000e+03 0.000000000000000000e+00 0.000000000000000000e+00 2.756199836730957031e+00
1.580000019073486328e+01 -1.798941195011138916e-01 0.000000000000000000e+00 -1.143052941188216209e-05 -1.799962967634201050e-01 0.000000000000000000e+00 8.000000000000000000e+00 8.191000000000000000e+03 0.000000000000000000e+00 0.000000000000000000e+00 2.756199836730957031e+00
1.600000000000000000e+01 -1.899088174104690552e-01 0.000000000000000000e+00 -1.113029884436400607e-05 -1.900058239698410034e-01 0.000000000000000000e+00 8.000000000000000000e+00 8.191000000000000000e+03 0.000000000000000000e+00 0.000000000000000000e+00 2.756199836730957031e+00
1.620000076293945312e+01 -1.999025791883468628e-01 0.000000000000000000e+00 -1.083779443433741108e-05 -2.000028640031814575e-01 0.000000000000000000e+00 8.000000000000000000e+00 8.191000000000000000e+03 0.000000000000000000e+00 0.000000000000000000e+00 2.756199836730957031e+00
1.639999961853027344e+01 -1.899389177560806274e-01 0.000000000000000000e+00 -1.011531639960594475e-05 -1.900058239698410034e-01 0.000000000000000000e+00 8.000000000000000000e+00 8.191000000000000000e+03 0.000000000000000000e+00 1.000000000000000000e+00 2.756199836730957031e+00
1.660000038146972656e+01 -1.798930764198303223e-01 0.000000000000000000e+00 -9.615938324714079499e-06 -1.799962967634201050e-01 0.000000000000000000e+00 8.000000000000000000e+00 8.191000000000000000e+03 0.000000000000000000e+00 1.000000000000000000e+00 2.756199836730957031e+00
1.680000114440917969e+01 -1.698399782180786133e-01 0.000000000000000000e+00 -9.119111382460687310e-06 -1.699992567300796509e-01 0.000000000000000000e+00 8.000000000000000000e+00 8.191000000000000000e+03 0.000000000000000000e+00 1.000000000000000000e+00 2.756199836730957031e+00
1.700000000000000000e+01 -1.598969250917434692e-01 0.000000000000000000e+00 -8.688476555107627064e-06 -1.600022166967391968e-01 0.000000000000000000e+00 8.000000000000000000e+00 8.191000000000000000e+03 0.000000000000000000e+00 1.000000000000000000e+00 2.756199836730957031e+00
1.720000076293945312e+01 -1.499106585979461670e-01 0.000000000000000000e+00 -8.310576049552764744e-06 -1.500051915645599365e-01 0.000000000000000000e+00 8.000000000000000000e+00 8.191000000000000000e+03 0.000000000000000000e+00 1.000000000000000000e+00 2.756099939346313477e+00
1.739999961853027344e+01 -1.398710459470748901e-01 0.000000000000000000e+00 -8.026222531043458730e-06 -1.399956643581390381e-01 0.000000000000000000e+00 8.000000000000000000e+00 8.191000000000000000e+03 0.000000000000000000e+00 1.000000000000000000e+00 2.756099939346313477e+00
1.760000038146972656e+01 -1.299021691083908081e-01 0.000000000000000000e+00 -7.724872375547420233e-06 -1.299986243247985840e-01 0.000000000000000000e+00 7.000000000000000000e+00 8.191000000000000000e+03 0.000000000000000000e+00 1.000000000000000000e+00 2.756099939346313477e+00
1.780000114440917969e+01 -1.199122816324234009e-01 0.000000000000000000e+00 -7.417655979224946350e-06 -1.200015842914581299e-01 0.000000000000000000e+00 7.000000000000000000e+00 8.191000000000000000e+03 0.000000000000000000e+00 1.000000000000000000e+00 2.756099939346313477e+00
1.800000000000000000e+01 -1.099560707807540894e-01 0.000000000000000000e+00 -7.130669473554007709e-06 -1.100045591592788696e-01 0.000000000000000000e+00 7.000000000000000000e+00 8.191000000000000000e+03 0.000000000000000000e+00 1.000000000000000000e+00 2.756099939346313477e+00
1.820000076293945312e+01 -9.991715848445892334e-02 0.000000000000000000e+00 -6.841996309958631173e-06 -9.999501705169677734e-02 0.000000000000000000e+00 7.000000000000000000e+00 8.191000000000000000e+03 0.000000000000000000e+00 1.000000000000000000e+00 2.756099939346313477e+00
1.839999961853027344e+01 -8.984290808439254761e-02 0.000000000000000000e+00 -6.563552233274094760e-06 -8.999799191951751709e-02 0.000000000000000000e+00 7.000000000000000000e+00 8.191000000000000000e+03 0.000000000000000000e+00 1.000000000000000000e+00 2.756099939346313477e+00
1.860000038146972656e+01 -7.990595698356628418e-02 0.000000000000000000e+00 -6.273741291806800291e-06 -8.000095188617706299e-02 0.000000000000000000e+00 7.000000000000000000e+00 8.191000000000000000e+03 0.000000000000000000e+00 1.000000000000000000e+00 2.756099939346313477e+00
1.880000114440917969e+01 -6.988403201103210449e-02 0.000000000000000000e+00 -5.972602139081573114e-06 -7.000392675399780273e-02 0.000000000000000000e+00 7.000000000000000000e+00 8.191000000000000000e+03 0.000000000000000000e+00 1.000000000000000000e+00 2.756099939346313477e+00
1.900000000000000000e+01 -5.989582836627960205e-02 0.000000000000000000e+00 -5.647311354550765827e-06 -5.999438837170600891e-02 0.000000000000000000e+00 7.000000000000000000e+00 8.191000000000000000e+03 0.000000000000000000e+00 1.000000000000000000e+00 2.756099939346313477e+00
1.920000076293945312e+01 -4.987761378288269043e-02 0.000000000000000000e+00 -5.271214831736870110e-06 -4.999735578894615173e-02 0.000000000000000000e+00 7.000000000000000000e+00 8.191000000000000000e+03 0.000000000000000000e+00 1.000000000000000000e+00 2.756199836730957031e+00
1.939999961853027344e+01 -3.988456353545188904e-02 0.000000000000000000e+00 -4.827368229598505422e-06 -4.000032320618629456e-02 0.000000000000000000e+00 7.000000000000000000e+00 8.191000000000000000e+03 0.000000000000000000e+00 1.000000000000000000e+00 2.756199836730957031e+00
1.960000038146972656e+01 -2.984853647649288177e-02 0.000000000000000000e+00 -4.274276761861983687e-06 -3.000328317284584045e-02 0.000000000000000000e+00 7.000000000000000000e+00 8.191000000000000000e+03 0.000000000000000000e+00 1.000000000000000000e+00 2.756199836730957031e+00
1.980000114440917969e+01 -1.984589919447898865e-02 0.000000000000000000e+00 -3.566339501048787497e-06 -1.999375596642494202e-02 0.000000000000000000e+00 7.000000000000000000e+00 8.191000000000000000e+03 0.000000000000000000e+00 1.000000000000000000e+00 2.756199836730957031e+00
2.000000000000000000e+01 -9.852948598563671112e-03 0.000000000000000000e+00 -2.634668135215179063e-06 -9.996719658374786377e-03 0.000000000000000000e+00 7.000000000000000000e+00 8.191000000000000000e+03 0.000000000000000000e+00 1.000000000000000000e+00 2.756199836730957031e+00
2.020000076293945312e+01 1.664859883021563292e-04 0.000000000000000000e+00 -1.393469915456080344e-06 3.129243850708007812e-07 0.000000000000000000e+00 7.000000000000000000e+00 8.191000000000000000e+03 0.000000000000000000e+00 1.000000000000000000e+00 2.756099939346313477e+00
2.039999961853027344e+01 1.014805398881435394e-02 0.000000000000000000e+00 2.734234101353649748e-07 9.997349232435226440e-03 0.000000000000000000e+00 7.000000000000000000e+00 8.191000000000000000e+03 0.000000000000000000e+00 1.000000000000000000e+00 2.756099939346313477e+00
2.060000038146972656e+01 2.016052044928073883e-02 0.000000000000000000e+00 1.093102355298469774e-06 1.999438367784023285e-02 0.000000000000000000e+00 6.000000000000000000e+00 7.164000000000000000e+03 0.000000000000000000e+00 1.000000000000000000e+00 2.756099939346313477e+00
2.080000114440917969e+01 2.964523434638977051e-02 0.000000000000000000e+00 5.359609986044233665e-06 3.000391460955142975e-02 0.000000000000000000e+00 7.000000000000000000e+00 6.143000000000000000e+03 0.000000000000000000e+00 1.000000000000000000e+00 2.756099939346313477e+00
2.100000000000000000e+01 4.008703678846359253e-02 0.000000000000000000e+00 8.984507985587697476e-06 4.000094905495643616e-02 0.000000000000000000e+00 7.000000000000000000e+00 8.191000000000000000e+03 0.000000000000000000e+00 1.000000000000000000e+00 2.756099939346313477e+00
2.120000076293945312e+01 5.014219507575035095e-02 0.000000000000000000e+00 1.339861682936316356e-05 4.999798536300659180e-02 0.000000000000000000e+00 8.000000000000000000e+00 8.191000000000000000e+03 0.000000000000000000e+00 1.000000000000000000e+00 2.756299972534179688e+00
2.139999961853027344e+01 6.012938544154167175e-02 0.000000000000000000e+00 1.847567727963905782e-05 5.999501794576644897e-02 0.000000000000000000e+00 8.000000000000000000e+00 8.191000000000000000e+03 0.000000000000000000e+00 1.000000000000000000e+00 2.756299972534179688e+00
2.160000038146972656e+01 7.014949619770050049e-02 0.000000000000000000e+00 2.409129956504330039e-05 7.000455260276794434e-02 0.000000000000000000e+00 8.000000000000000000e+00 8.191000000000000000e+03 0.000000000000000000e+00 1.000000000000000000e+00 2.756299972534179688e+00
2.180000114440917969e+01 8.017675578594207764e-02 0.000000000000000000e+00 2.984994898724835366e-05 8.000158518552780151e-02 0.000000000000000000e+00 8.000000000000000000e+00 8.191000000000000000e+03 0.000000000000000000e+00 1.000000000000000000e+00 2.756299972534179688e+00
2.200000000000000000e+01 9.016913920640945435e-02 0.000000000000000000e+00 3.555723378667607903e-05 8.999861776828765869e-02 0.000000000000000000e+00 8.000000000000000000e+00 8.191000000000000000e+03 0.000000000000000000e+00 1.000000000000000000e+00 2.756299972534179688e+00
2.220000076293945312e+01 1.001271381974220276e-01 0.000000000000000000e+00 4.086058470420539379e-05 9.999565780162811279e-02 0.000000000000000000e+00 8.000000000000000000e+00 8.191000000000000000e+03 0.000000000000000000e+00 1.000000000000000000e+00 2.756099939346313477e+00
2.239999961853027344e+01 1.101202890276908875e-01 0.000000000000000000e+00 4.551761594484560192e-05 1.100051850080490112e-01 0.000000000000000000e+00 8.000000000000000000e+00 8.191000000000000000e+03 0.000000000000000000e+00 1.000000000000000000e+00 2.756099939346313477e+00
2.260000038146972656e+01 1.200640648603439331e-01 0.000000000000000000e+00 4.887848626822233200e-05 1.200022250413894653e-01 0.000000000000000000e+00 8.000000000000000000e+00 8.191000000000000000e+03 0.000000000000000000e+00 1.000000000000000000e+00 2.756099939346313477e+00
2.280000114440917969e+01 1.301491558551788330e-01 0.000000000000000000e+00 5.079638867755420506e-05 1.299992501735687256e-01 0.000000000000000000e+00 8.000000000000000000e+00 8.191000000000000000e+03 0.000000000000000000e+00 1.000000000000000000e+00 2.756099939346313477e+00
2.300000000000000000e+01 1.401567757129669189e-01 0.000000000000000000e+00 5.119054549140855670e-05 1.399962902069091797e-01 0.000000000000000000e+00 8.000000000000000000e+00 8.191000000000000000e+03 0.000000000000000000e+00 1.000000000000000000e+00 2.756099939346313477e+00
2.320000076293945312e+01 1.501449048519134521e-01 0.000000000000000000e+00 5.043786222813650966e-05 1.500058174133300781e-01 0.000000000000000000e+00 8.000000000000000000e+00 8.191000000000000000e+03 0.000000000000000000e+00 1.000000000000000000e+00 2.756099939346313477e+00
2.339999961853027344e+01 1.601631790399551392e-01 0.000000000000000000e+00 4.896933387499302626e-05 1.600028574466705322e-01 0.000000000000000000e+00 8.000000000000000000e+00 8.191000000000000000e+03 0.000000000000000000e+00 1.000000000000000000e+00 2.756099939346313477e+00
2.360000038146972656e+01 1.701479554176330566e-01 0.000000000000000000e+00 4.709622589871287346e-05 1.699998974800109863e-01 0.000000000000000000e+00 8.000000000000000000e+00 8.191000000000000000e+03 0.000000000000000000e+00 1.000000000000000000e+00 2.756099939346313477e+00
2.380000114440917969e+01 1.801867336034774780e-01 0.000000000000000000e+00 4.510171493166126311e-05 1.799969226121902466e-01 0.000000000000000000e+00 8.000000000000000000e+00 8.191000000000000000e+03 0.000000000000000000e+00 1.000000000000000000e+00 2.756099939346313477e+00
2.400000000000000000e+01 1.901124268770217896e-01 0.000000000000000000e+00 4.312195233069360256e-05 1.899939626455307007e-01 0.000000000000000000e+00 8.000000000000000000e+00 8.191000000000000000e+03 0.000000000000000000e+00 1.000000000000000000e+00 2.756099939346313477e+00
2.420000076293945312e+01 2.001846134662628174e-01 0.000000000000000000e+00 4.129654917051084340e-05 2.000034898519515991e-01 0.000000000000000000e+00 8.000000000000000000e+00 8.191000000000000000e+03 0.000000000000000000e+00 1.000000000000000000e+00 2.756099939346313477e+00
2.439999961853027344e+01 2.101519256830215454e-01 0.000000000000000000e+00 3.962196933571249247e-05 2.100005298852920532e-01 0.000000000000000000e+00 8.000000000000000000e+00 8.191000000000000000e+03 0.000000000000000000e+00 1.000000000000000000e+00 2.756099939346313477e+00
2.460000038146972656e+01 2.202226072549819946e-01 0.000000000000000000e+00 3.818294135271571577e-05 2.199975699186325073e-01 0.000000000000000000e+00 8.000000000000000000e+00 8.191000000000000000e+03 0.000000000000000000e+00 1.000000000000000000e+00 2.756099939346313477e+00
2.480000114440917969e+01 2.301405817270278931e-01 0.000000000000000000e+00 3.683235627249814570e-05 2.299945950508117676e-01 0.000000000000000000e+00 8.000000000000000000e+00 8.191000000000000000e+03 0.000000000000000000e+00 1.000000000000000000e+00 2.756099939346313477e+00
2.500000000000000000e+01 2.401898503303527832e-01 0.000000000000000000e+00 3.564117650967091322e-05 2.400041371583938599e-01 0.000000000000000000e+00 8.000000000000000000e+00 8.191000000000000000e+03 0.000000000000000000e+00 1.000000000000000000e+00 2.756099939346313477e+00
2.520000076293945312e+01 2.501312792301177979e-01 0.000000000000000000e+00 3.458749051787890494e-05 2.500011622905731201e-01 0.000000000000000000e+00 8.000000000000000000e+00 8.191000000000000000e+03 0.000000000000000000e+00 1.000000000000000000e+00 2.756199836730957031e+00
2.539999961853027344e+01 2.601308822631835938e-01 0.000000000000000000e+00 3.358863614266738296e-05 2.599982023239135742e-01 0.000000000000000000e+00 8.000000000000000000e+00 8.191000000000000000e+03 0.000000000000000000e+00 1.000000000000000000e+00 2.756199836730957031e+00
2.560000038146972656e+01 2.701139748096466064e-01 0.000000000000000000e+00 3.276360439485870302e-05 2.699952423572540283e-01 0.000000000000000000e+00 8.000000000000000000e+00 8.191000000000000000e+03 0.000000000000000000e+00 1.000000000000000000e+00 2.756199836730957031e+00
2.580000114440917969e+01 2.801181674003601074e-01 0.000000000000000000e+00 3.195140379830263555e-05 2.800047695636749268e-01 0.000000000000000000e+00 8.000000000000000000e+00 8.191000000000000000e+03 0.000000000000000000e+00 1.000000000000000000e+00 2.756199836730957031e+00
2.600000000000000000e+01 2.901809811592102051e-01 0.000000000000000000e+00 3.124747672700323164e-05 2.900017797946929932e-01 0.000000000000000000e+00 8.000000000000000000e+00 8.191000000000000000e+03 0.000000000000000000e+00 1.000000000000000000e+00 2.756199836730957031e+00
2.620000076293945312e+01 3.002017140388488770e-01 0.000000000000000000e+00 3.059604932786896825e-05 2.999988198280334473e-01 0.000000000000000000e+00 8.000000000000000000e+00 8.191000000000000000e+03 0.000000000000000000e+00 1.000000000000000000e+00 2.756199836730957031e+00
2.639999961853027344e+01 2.901045382022857666e-01 0.000000000000000000e+00 2.864342786779161543e-05 2.900017797946929932e-01 0.000000000000000000e+00 8.000000000000000000e+00 8.191000000000000000e+03 0.000000000000000000e+00 1.000000000000000000e+00 2.756199836730957031e+00
2.660000038146972656e+01 2.801044881343841553e-01 0.000000000000000000e+00 2.732354005274828523e-05 2.800047695636749268e-01 0.000000000000000000e+00 8.000000000000000000e+00 8.191000000000000000e+03 0.000000000000000000e+00 1.000000000000000000e+00 2.756199836730957031e+00
2.680000114440917969e+01 2.701158225536346436e-01 0.000000000000000000e+00 2.619135739223565906e-05 2.699952423572540283e-01 0.000000000000000000e+00 8.000000000000000000e+00 8.191000000000000000e+03 0.000000000000000000e+00 1.000000000000000000e+00 2.756199836730957031e+00
2.700000000000000000e+01 2.601698935031890869e-01 0.000000000000000000e+00 2.522748582123313099e-05 2.599982023239135742e-01 0.000000000000000000e+00 8.000000000000000000e+00 8.191000000000000000e+03 0.000000000000000000e+00 1.000000000000000000e+00 2.756199836730957031e+00
2.720000076293945312e+01 2.501351237297058105e-01 0.000000000000000000e+00 2.430416134302504361e-05 2.500011622905731201e-01 0.000000000000000000e+00 8.000000000000000000e+00 8.191000000000000000e+03 0.000000000000000000e+00 1.000000000000000000e+00 2.755899906158447266e+00
2.739999961853027344e+01 2.401277720928192139e-01 0.000000000000000000e+00 2.342409243283327669e-05 2.400041371583938599e-01 0.000000000000000000e+00 8.000000000000000000e+00 8.191000000000000000e+03 0.000000000000000000e+00 1.000000000000000000e+00 2.755899906158447266e+00
2.760000038146972656e+01 2.301306128501892090e-01 0.000000000000000000e+00 2.256211519124917686e-05 2.299945950508117676e-01 0.000000000000000000e+00 8.000000000000000000e+00 8.191000000000000000e+03 0.000000000000000000e+00 1.000000000000000000e+00 2.755899906158447266e+00
2.780000114440917969e+01 2.201252877712249756e-01 0.000000000000000000e+00 2.172334825445432216e-05 2.199975699186325073e-01 0.000000000000000000e+00 8.000000000000000000e+00 8.191000000000000000e+03 0.000000000000000000e+00 1.000000000000000000e+00 2.755899906158447266e+00
2.800000000000000000e+01 2.101164013147354126e-01 0.000000000000000000e+00 2.082198443531524390e-05 2.100005298852920532e-01 0.000000000000000000e+00 8.000000000000000000e+00 8.191000000000000000e+03 0.000000000000000000e+00 1.000000000000000000e+00 2.755899906158447266e+00
2.820000076293945312e+01 2.001270204782485962e-01 0.000000000000000000e+00 1.978161344595719129e-05 2.000034898519515991e-01 0.000000000000000000e+00 8.000000000000000000e+00 8.191000000000000000e+03 0.000000000000000000e+00 1.000000000000000000e+00 2.755899906158447266e+00
2.839999961853027344e+01 1.901655346155166626e-01 0.000000000000000000e+00 1.864217301772441715e-05 1.899939626455307007e-01 0.000000000000000000e+00 8.000000000000000000e+00 8.191000000000000000e+03 0.000000000000000000e+00 1.000000000000000000e+00 2.755899906158447266e+00
2.860000038146972656e+01 1.801365315914154053e-01 0.000000000000000000e+00 1.726190566841978580e-05 1.799969226121902466e-01 0.000000000000000000e+00 8.000000000000000000e+00 8.191000000000000000e+03 0.000000000000000000e+00 1.000000000000000000e+00 2.755899906158447266e+00
2.880000114440917969e+01 1.702004522085189819e-01 0.000000000000000000e+00 1.555362177896313369e-05 1.699998974800109863e-01 0.000000000000000000e+00 8.000000000000000000e+00 8.191000000000000000e+03 0.000000000000000000e+00 1.000000000000000000e+00 2.755899906158447266e+00
2.900000000000000000e+01 1.602069139480590820e-01 0.000000000000000000e+00 1.343493931926786900e-05 1.600028574466705322e-01 0.000000000000000000e+00 8.000000000000000000e+00 8.191000000000000000e+03 0.000000000000000000e+00 1.000000000000000000e+00 2.755899906158447266e+00
2.920000076293945312e+01 1.501162201166152954e-01 0.000000000000000000e+00 1.066463300958275795e-05 1.500058174133300781e-01 0.000000000000000000e+00 8.000000000000000000e+00 8.191000000000000000e+03 0.000000000000000000e+00 1.000000000000000000e+00 2.756099939346313477e+00
2.939999961853027344e+01 1.400469094514846802e-01 0.000000000000000000e+00 7.314994945772923529e-06 1.399962902069091797e-01 0.000000000000000000e+00 8.000000000000000000e+00 8.191000000000000000e+03 0.000000000000000000e+00 1.000000000000000000e+00 2.756099939346313477e+00
2.960000038146972656e+01 1.300580948591232300e-01 0.000000000000000000e+00 3.218314532205113210e-06 1.299992501735687256e-01 0.000000000000000000e+00 7.000000000000000000e+00 8.191000000000000000e+03 0.000000000000000000e+00 1.000000000000000000e+00 2.756099939346313477e+00
2.980000114440917969e+01 1.201493069529533386e-01 0.000000000000000000e+00 -1.608568027222645469e-06 1.200022250413894653e-01 0.000000000000000000e+00 7.000000000000000000e+00 8.191000000000000000e+03 0.000000000000000000e+00 1.000000000000000000e+00 2.756099939346313477e+00
3.000000000000000000e+01 1.100818365812301636e-01 0.000000000000000000e+00 -7.065203590173041448e-06 1.100051850080490112e-01 0.000000000000000000e+00 7.000000000000000000e+00 8.191000000000000000e+03 0.000000000000000000e+00 1.000000000000000000e+00 2.756099939346313477e+00
3.020000076293945312e+01 1.001265868544578552e-01 0.000000000000000000e+00 -1.093666924134595320e-05 9.999565780162811279e-02 0.000000000000000000e+00 7.000000000000000000e+00 7.164000000000000000e+03 0.000000000000000000e+00 1.000000000000000000e+00 2.756099939346313477e+00
3.039999961853027344e+01 9.011286497116088867e-02 0.000000000000000000e+00 -1.855170921771787107e-05 8.999861776828765869e-02 0.000000000000000000e+00 8.000000000000000000e+00 8.191000000000000000e+03 0.000000000000000000e+00 1.000000000000000000e+00 2.756099939346313477e+00
3.060000038146972656e+01 8.012852817773818970e-02 0.000000000000000000e+00 -2.429622145427856594e-05 8.000158518552780151e-02 0.000000000000000000e+00 8.000000000000000000e+00 8.191000000000000000e+03 0.000000000000000000e+00 1.000000000000000000e+00 2.756099939346313477e+00
3.080000114440917969e+01 7.010334730148315430e-02 0.000000000000000000e+00 -2.954441879410296679e-05 7.000455260276794434e-02 0.000000000000000000e+00 8.000000000000000000e+00 8.191000000000000000e+03 0.000000000000000000e+00 1.000000000000000000e+00 2.756099939346313477e+00
3.100000000000000000e+01 6.015063822269439697e-02 0.000000000000000000e+00 -3.385131640243344009e-05 5.999501794576644897e-02 0.000000000000000000e+00 8.000000000000000000e+00 8.191000000000000000e+03 0.000000000000000000e+00 1.000000000000000000e+00 2.756099939346313477e+00
3.120000076293945312e+01 5.016101524233818054e-02 0.000000000000000000e+00 -3.680256486404687166e-05 4.999798536300659180e-02 0.000000000000000000e+00 8.000000000000000000e+00 8.191000000000000000e+03 0.000000000000000000e+00 1.000000000000000000e+00 2.755699872970581055e+00
3.139999961853027344e+01 4.013273119926452637e-02 0.000000000000000000e+00 -3.824622763204388320e-05 4.000094905495643616e-02 0.000000000000000000e+00 8.000000000000000000e+00 8.191000000000000000e+03 0.000000000000000000e+00 1.000000000000000000e+00 2.755699872970581055e+00
3.160000038146972656e+01 3.006389550864696503e-02 0.000000000000000000e+00 -3.825531166512519121e-05 3.000391460955142975e-02 0.000000000000000000e+00 8.000000000000000000e+00 8.191000000000000000e+03 0.000000000000000000e+00 1.000000000000000000e+00 2.755699872970581055e+00
3.180000114440917969e+01 2.014864236116409302e-02 0.000000000000000000e+00 -3.706079223775304854e-05 1.999438367784023285e-02 0.000000000000000000e+00 8.000000000000000000e+00 8.191000000000000000e+03 0.000000000000000000e+00 1.000000000000000000e+00 2.755699872970581055e+00
3.200000000000000000e+01 1.012486033141613007e-02 0.000000000000000000e+00 -3.511093018460087478e-05 9.997349232435226440e-03 0.000000000000000000e+00 8.000000000000000000e+00 8.191000000000000000e+03 0.000000000000000000e+00 1.000000000000000000e+00 2.755699872970581055e+00
3.220000076293945312e+01 1.451691787224262953e-04 0.000000000000000000e+00 -3.283544720034115016e-05 3.129243850708007812e-07 0.000000000000000000e+00 8.000000000000000000e+00 8.191000000000000000e+03 0.000000000000000000e+00 1.000000000000000000e+00 2.756000041961669922e+00
3.240000152587890625e+01 -9.877696633338928223e-03 0.000000000000000000e+00 -3.053583350265398622e-05 -9.996719658374786377e-03 0.000000000000000000e+00 8.000000000000000000e+00 8.191000000000000000e+03 0.000000000000000000e+00 1.000000000000000000e+00 2.756000041961669922e+00
3.260000228881835938e+01 -1.991657353937625885e-02 0.000000000000000000e+00 -2.830355515470728278e-05 -1.999375596642494202e-02 0.000000000000000000e+00 8.000000000000000000e+00 8.191000000000000000e+03 0.000000000000000000e+00 1.000000000000000000e+00 2.756000041961669922e+00
3.279999923706054688e+01 -2.963458187878131866e-02 0.000000000000000000e+00 -2.630776361911557615e-05 -3.000328317284584045e-02 0.000000000000000000e+00 8.000000000000000000e+00 6.143000000000000000e+03 0.000000000000000000e+00 1.000000000000000000e+00 2.756000041961669922e+00
3.300000000000000000e+01 -3.993613272905349731e-02 0.000000000000000000e+00 -2.449646490276791155e-05 -4.000032320618629456e-02 0.000000000000000000e+00 8.000000000000000000e+00 8.191000000000000000e+03 0.000000000000000000e+00 1.000000000000000000e+00 2.756000041961669922e+00
3.320000076293945312e+01 -4.985121637582778931e-02 0.000000000000000000e+00 -2.287014103785622865e-05 -4.999735578894615173e-02 0.000000000000000000e+00 8.000000000000000000e+00 8.191000000000000000e+03 0.000000000000000000e+00 1.000000000000000000e+00 2.756199836730957031e+00
3.340000152587890625e+01 -5.990212410688400269e-02 0.000000000000000000e+00 -2.146461338270455599e-05 -5.999438837170600891e-02 0.000000000000000000e+00 8.000000000000000000e+00 8.191000000000000000e+03 0.000000000000000000e+00 1.000000000000000000e+00 2.756199836730957031e+00
3.360000228881835938e+01 -6.986188143491744995e-02 0.000000000000000000e+00 -2.020919964706990868e-05 -7.000392675399780273e-02 0.000000000000000000e+00 8.000000000000000000e+00 8.191000000000000000e+03 0.000000000000000000e+00 1.000000000000000000e+00 2.756199836730957031e+00
3.379999923706054688e+01 -7.996288686990737915e-02 0.000000000000000000e+00 -1.914007589221000671e-05 -8.000095188617706299e-02 0.000000000000000000e+00 8.000000000000000000e+00 8.191000000000000000e+03 0.000000000000000000e+00 1.000000000000000000e+00 2.756199836730957031e+00
3.400000000000000000e+01 -8.989523351192474365e-02 0.000000000000000000e+00 -1.811478250601794571e-05 -8.999799191951751709e-02 0.000000000000000000e+00 8.000000000000000000e+00 8.191000000000000000e+03 0.000000000000000000e+00 1.000000000000000000e+00 2.756199836730957031e+00
3.420000076293945312e+01 -9.992203116416931152e-02 0.000000000000000000e+00 -1.727545168250799179e-05 -9.999501705169677734e-02 0.000000000000000000e+00 8.000000000000000000e+00 8.191000000000000000e+03 0.000000000000000000e+00 1.000000000000000000e+00 2.756000041961669922e+00
3.440000152587890625e+01 -1.099011301994323730e-01 0.000000000000000000e+00 -1.647239150770474225e-05 -1.100045591592788696e-01 0.000000000000000000e+00 8.000000000000000000e+00 8.191000000000000000e+03 0.000000000000000000e+00 1.000000000000000000e+00 2.756000041961669922e+00
3.460000228881835938e+01 -1.199409738183021545e-01 0.000000000000000000e+00 -1.577745933900587261e-05 -1.200015842914581299e-01 0.000000000000000000e+00 8.000000000000000000e+00 8.191000000000000000e+03 0.000000000000000000e+00 1.000000000000000000e+00 2.756000041961669922e+00
3.479999923706054688e+01 -1.298888325691223145e-01 0.000000000000000000e+00 -1.511880964244483039e-05 -1.299986243247985840e-01 0.000000000000000000e+00 8.000000000000000000e+00 8.191000000000000000e+03 0.000000000000000000e+00 1.000000000000000000e+00 2.756000041961669922e+00
3.500000000000000000e+01 -1.398766785860061646e-01 0.000000000000000000e+00 -1.456539575883653015e-05 -1.399956643581390381e-01 0.000000000000000000e+00 8.000000000000000000e+00 8.191000000000000000e+03 0.000000000000000000e+00 1.000000000000000000e+00 2.756000041961669922e+00
3.520000076293945312e+01 -1.498663425445556641e-01 0.000000000000000000e+00 -1.408499883837066591e-05 -1.500051915645599365e-01 0.000000000000000000e+00 8.000000000000000000e+00 8.191000000000000000e+03 0.000000000000000000e+00 1.000000000000000000e+00 2.756000041961669922e+00
3.540000152587890625e+01 -1.599351614713668823e-01 0.000000000000000000e+00 -1.359526322630699724e-05 -1.600022166967391968e-01 0.000000000000000000e+00 8.000000000000000000e+00 8.191000000000000000e+03 0.000000000000000000e+00 1.000000000000000000e+00 2.756000041961669922e+00
3.560000228881835938e+01 -1.698945909738540649e-01 0.000000000000000000e+00 -1.316826455877162516e-05 -1.699992567300796509e-01 0.000000000000000000e+00 8.000000000000000000e+00 8.191000000000000000e+03 0.000000000000000000e+00 1.000000000000000000e+00 2.756000041961669922e+00
3.579999923706054688e+01 -1.798936575651168823e-01 0.000000000000000000e+00 -1.279161551792640239e-05 -1.799962967634201050e-01 0.000000000000000000e+00 8.000000000000000000e+00 8.191000000000000000e+03 0.000000000000000000e+00 1.000000000000000000e+00 2.756000041961669922e+00
3.600000000000000000e+01 -1.898925751447677612e-01 0.000000000000000000e+00 -1.249167235073400661e-05 -1.900058239698410034e-01 0.000000000000000000e+00 8.000000000000000000e+00 8.191000000000000000e+03 0.000000000000000000e+00 1.000000000000000000e+00 2.756000041961669922e+00
3.620000076293945312e+01 -1.998811811208724976e-01 0.000000000000000000e+00 -1.213718132930807769e-05 -2.000028640031814575e-01 0.000000000000000000e+00 8.000000000000000000e+00 8.191000000000000000e+03 0.000000000000000000e+00 1.000000000000000000e+00 2.755899906158447266e+00
3.640000152587890625e+01 -1.898549646139144897e-01 0.000000000000000000e+00 -1.141664870374370366e-05 -1.900058239698410034e-01 0.000000000000000000e+00 8.000000000000000000e+00 8.191000000000000000e+03 0.000000000000000000e+00 2.000000000000000000e+00 2.755899906158447266e+00
3.660000228881835938e+01 -1.798559725284576416e-01 0.000000000000000000e+00 -1.087295368051854894e-05 -1.799962967634201050e-01 0.000000000000000000e+00 8.000000000000000000e+00 8.191000000000000000e+03 0.000000000000000000e+00 2.000000000000000000e+00 2.755899906158447266e+00
3.679999923706054688e+01 -1.699041277170181274e-01 0.000000000000000000e+00 -1.039811286318581551e-05 -1.699992567300796509e-01 0.000000000000000000e+00 8.000000000000000000e+00 8.191000000000000000e+03 0.000000000000000000e+00 2.000000000000000000e+00 2.755899906158447266e+00
3.700000000000000000e+01 -1.598381251096725464e-01 0.000000000000000000e+00 -9.998437235481105745e-06 -1.600022166967391968e-01 0.000000000000000000e+00 8.000000000000000000e+00 8.191000000000000000e+03 0.000000000000000000e+00 2.000000000000000000e+00 2.755899906158447266e+00
3.720000076293945312e+01 -1.499012112617492676e-01 0.000000000000000000e+00 -9.604225851944647729e-06 -1.500051915645599365e-01 0.000000000000000000e+00 8.000000000000000000e+00 8.191000000000000000e+03 0.000000000000000000e+00 2.000000000000000000e+00 2.755899906158447266e+00
3.740000152587890625e+01 -1.398833096027374268e-01 0.000000000000000000e+00 -9.204916750604752451e-06 -1.399956643581390381e-01 0.000000000000000000e+00 8.000000000000000000e+00 8.191000000000000000e+03 0.000000000000000000e+00 2.000000000000000000e+00 2.755899906158447266e+00
3.760000228881835938e+01 -1.299341022968292236e-01 0.000000000000000000e+00 -8.897024599718861282e-06 -1.299986243247985840e-01 0.000000000000000000e+00 8.000000000000000000e+00 8.191000000000000000e+03 0.000000000000000000e+00 2.000000000000000000e+00 2.755899906158447266e+00
3.779999923706054688e+01 -1.199049949645996094e-01 0.000000000000000000e+00 -8.583174349041655660e-06 -1.200015842914581299e-01 0.000000000000000000e+00 8.000000000000000000e+00 8.191000000000000000e+03 0.000000000000000000e+00 2.000000000000000000e+00 2.755899906158447266e+00
3.800000000000000000e+01 -1.098895370960235596e-01 0.000000000000000000e+00 -8.270709258795250207e-06 -1.100045591592788696e-01 0.000000000000000000e+00 8.000000000000000000e+00 8.191000000000000000e+03 0.000000000000000000e+00 2.000000000000000000e+00 2.755899906158447266e+00
3.820000076293945312e+01 -9.988638758659362793e-02 0.000000000000000000e+00 -7.984355761436745524e-06 -9.999501705169677734e-02 0.000000000000000000e+00 8.000000000000000000e+00 8.191000000000000000e+03 0.000000000000000000e+00 2.000000000000000000e+00 2.755899906158447266e+00
3.840000152587890625e+01 -8.986287564039230347e-02 0.000000000000000000e+00 -7.726696821919176728e-06 -8.999799191951751709e-02 0.000000000000000000e+00 7.000000000000000000e+00 8.191000000000000000e+03 0.000000000000000000e+00 2.000000000000000000e+00 2.755899906158447266e+00
3.860000228881835938e+01 -7.989718765020370483e-02 0.000000000000000000e+00 -7.433720838889712468e-06 -8.000095188617706299e-02 0.000000000000000000e+00 7.000000000000000000e+00 8.191000000000000000e+03 0.000000000000000000e+00 2.000000000000000000e+00 2.755899906158447266e+00
3.879999923706054688e+01 -6.986898928880691528e-02 0.000000000000000000e+00 -7.125302090571494773e-06 -7.000392675399780273e-02 0.000000000000000000e+00 7.000000000000000000e+00 8.191000000000000000e+03 0.000000000000000000e+00 2.000000000000000000e+00 2.755899906158447266e+00
3.900000000000000000e+01 -5.987644568085670471e-02 0.000000000000000000e+00 -6.792618478357326239e-06 -5.999438837170600891e-02 0.000000000000000000e+00 7.000000000000000000e+00 8.191000000000000000e+03 0.000000000000000000e+00 2.000000000000000000e+00 2.755899906158447266e+00
3.920000076293945312e+01 -4.984936490654945374e-02 0.000000000000000000e+00 -6.428443157346919179e-06 -4.999735578894615173e-02 0.000000000000000000e+00 7.000000000000000000e+00 8.191000000000000000e+03 0.000000000000000000e+00 2.000000000000000000e+00 2.755899906158447266e+00
3.940000152587890625e+01 -3.987653926014900208e-02 0.000000000000000000e+00 -5.994401362841017544e-06 -4.000032320618629456e-02 0.000000000000000000e+00 7.000000000000000000e+00 8.191000000000000000e+03 0.000000000000000000e+00 2.000000000000000000e+00 2.755899906158447266e+00
3.960000228881835938e+01 -2.991645969450473785e-02 0.000000000000000000e+00 -5.466384664032375440e-06 -3.000328317284584045e-02 0.000000000000000000e+00 7.000000000000000000e+00 8.191000000000000000e+03 0.000000000000000000e+00 2.000000000000000000e+00 2.755899906158447266e+00
3.979999923706054688e+01 -1.983865536749362946e-02 0.000000000000000000e+00 -4.798896952706854790e-06 -1.999375596642494202e-02 0.000000000000000000e+00 7.000000000000000000e+00 8.191000000000000000e+03 0.000000000000000000e+00 2.000000000000000000e+00 2.755899906158447266e+00
4.000000000000000000e+01 -9.884560480713844299e-03 0.000000000000000000e+00 -3.927955731342080981e-06 -9.996719658374786377e-03 0.000000000000000000e+00 7.000000000000000000e+00 8.191000000000000000e+03 0.000000000000000000e+00 2.000000000000000000e+00 2.755899906158447266e+00
4.020000076293945312e+01 1.441495842300355434e-04 0.000000000000000000e+00 -2.774095491986372508e-06 3.129243850708007812e-07 0.000000000000000000e+00 7.000000000000000000e+00 8.191000000000000000e+03 0.000000000000000000e+00 2.000000000000000000e+00 2.755899906158447266e+00
4.040000152587890625e+01 1.014188677072525024e-02 0.000000000000000000e+00 -1.223833464791823644e-06 9.997349232435226440e-03 0.000000000000000000e+00 7.000000000000000000e+00 8.191000000000000000e+03 0.000000000000000000e+00 2.000000000000000000e+00 2.755899906158447266e+00
4.060000228881835938e+01 2.013944275677204132e-02 0.000000000000000000e+00 8.304833158945257310e-07 1.999438367784023285e-02 0.000000000000000000e+00 7.000000000000000000e+00 8.191000000000000000e+03 0.000000000000000000e+00 2.000000000000000000e+00 2.755899906158447266e+00
4.079999923706054688e+01 2.966935373842716217e-02 0.000000000000000000e+00 3.511269824230112135e-06 3.000391460955142975e-02 0.000000000000000000e+00 7.000000000000000000e+00 6.143000000000000000e+03 0.000000000000000000e+00 2.000000000000000000e+00 2.755899906158447266e+00
4.100000000000000000e+01 4.018465057015419006e-02 0.000000000000000000e+00 6.927642971277236938e-06 4.000094905495643616e-02 0.000000000000000000e+00 7.000000000000000000e+00 8.191000000000000000e+03 0.000000000000000000e+00 2.000000000000000000e+00 2.755899906158447266e+00
4.120000076293945312e+01 5.019382014870643616e-02 0.000000000000000000e+00 1.084730865841265768e-05 4.999798536300659180e-02 0.000000000000000000e+00 7.000000000000000000e+00 7.164000000000000000e+03 0.000000000000000000e+00 2.000000000000000000e+00 2.756099939346313477e+00
4.140000152587890625e+01 6.015087291598320007e-02 0.000000000000000000e+00 1.599966708454303443e-05 5.999501794576644897e-02 0.000000000000000000e+00 8.000000000000000000e+00 8.191000000000000000e+03 0.000000000000000000e+00 2.000000000000000000e+00 2.756099939346313477e+00
4.160000228881835938e+01 7.014722377061843872e-02 0.000000000000000000e+00 2.149378087779041380e-05 7.000455260276794434e-02 0.000000000000000000e+00 8.000000000000000000e+00 8.191000000000000000e+03 0.000000000000000000e+00 2.000000000000000000e+00 2.756099939346313477e+00
4.179999923706054688e+01 8.011087030172348022e-02 0.000000000000000000e+00 2.724661499087233096e-05 8.000158518552780151e-02 0.000000000000000000e+00 8.000000000000000000e+00 8.191000000000000000e+03 0.000000000000000000e+00 2.000000000000000000e+00 2.756099939346313477e+00
4.200000000000000000e+01 9.016264975070953369e-02 0.000000000000000000e+00 3.301154720247723162e-05 8.999861776828765869e-02 0.000000000000000000e+00 8.000000000000000000e+00 8.191000000000000000e+03 0.000000000000000000e+00 2.000000000000000000e+00 2.756099939346313477e+00
4.220000076293945312e+01 1.001797243952751160e-01 0.000000000000000000e+00 3.842608930426649749e-05 9.999565780162811279e-02 0.000000000000000000e+00 8.000000000000000000e+00 8.191000000000000000e+03 0.000000000000000000e+00 2.000000000000000000e+00 2.755499839782714844e+00
4.240000152587890625e+01 1.100963428616523743e-01 0.000000000000000000e+00 4.319839717936702073e-05 1.100051850080490112e-01 0.000000000000000000e+00 8.000000000000000000e+00 8.191000000000000000e+03 0.000000000000000000e+00 2.000000000000000000e+00 2.755499839782714844e+00
4.260000228881835938e+01 1.201509162783622742e-01 0.000000000000000000e+00 4.706549225375056267e-05 1.200022250413894653e-01 0.000000000000000000e+00 8.000000000000000000e+00 8.191000000000000000e+03 0.000000000000000000e+00 2.000000000000000000e+00 2.755499839782714844e+00
4.279999923706054688e+01 1.301531344652175903e-01 0.000000000000000000e+00 4.953307143296115100e-05 1.299992501735687256e-01 0.000000000000000000e+00 8.000000000000000000e+00 8.191000000000000000e+03 0.000000000000000000e+00 2.000000000000000000e+00 2.755499839782714844e+00
4.300000000000000000e+01 1.401428878307342529e-01 0.000000000000000000e+00 5.045858051744289696e-05 1.399962902069091797e-01 0.000000000000000000e+00 8.000000000000000000e+00 8.191000000000000000e+03 0.000000000000000000e+00 2.000000000000000000e+00 2.755499839782714844e+00
4.320000076293945312e+01 1.501459330320358276e-01 0.000000000000000000e+00 5.009353481000289321e-05 1.500058174133300781e-01 0.000000000000000000e+00 8.000000000000000000e+00 8.191000000000000000e+03 0.000000000000000000e+00 2.000000000000000000e+00 2.755899906158447266e+00
4.340000152587890625e+01 1.601293832063674927e-01 0.000000000000000000e+00 4.879639891441911459e-05 1.600028574466705322e-01 0.000000000000000000e+00 8.000000000000000000e+00 8.191000000000000000e+03 0.000000000000000000e+00 2.000000000000000000e+00 2.755899906158447266e+00
4.360000228881835938e+01 1.701587587594985962e-01 0.000000000000000000e+00 4.700854697148315609e-05 1.699998974800109863e-01 0.000000000000000000e+00 8.000000000000000000e+00 8.191000000000000000e+03 0.000000000000000000e+00 2.000000000000000000e+00 2.755899906158447266e+00
4.379999923706054688e+01 1.801435500383377075e-01 0.000000000000000000e+00 4.498623820836655796e-05 1.799969226121902466e-01 0.000000000000000000e+00 8.000000000000000000e+00 8.191000000000000000e+03 0.000000000000000000e+00 2.000000000000000000e+00 2.755899906158447266e+00
4.400000000000000000e+01 1.901393830776214600e-01 0.000000000000000000e+00 4.302375600673258305e-05 1.899939626455307007e-01 0.000000000000000000e+00 8.000000000000000000e+00 8.191000000000000000e+03 0.000000000000000000e+00 2.000000000000000000e+00 2.755899906158447266e+00
4.420000076293945312e+01 2.001617103815078735e-01 0.000000000000000000e+00 4.114781768294051290e-05 2.000034898519515991e-01 0.000000000000000000e+00 8.000000000000000000e+00 8.191000000000000000e+03 0.000000000000000000e+00 2.000000000000000000e+00 2.756000041961669922e+00
4.440000152587890625e+01 2.101400345563888550e-01 0.000000000000000000e+00 3.941811883123591542e-05 2.100005298852920532e-01 0.000000000000000000e+00 8.000000000000000000e+00 8.191000000000000000e+03 0.000000000000000000e+00 2.000000000000000000e+00 2.756000041961669922e+00
4.460000228881835938e+01 2.201987057924270630e-01 0.000000000000000000e+00 3.786823435802944005e-05 2.199975699186325073e-01 0.000000000000000000e+00 8.000000000000000000e+00 8.191000000000000000e+03 0.000000000000000000e+00 2.000000000000000000e+00 2.756000041961669922e+00
4.479999923706054688e+01 2.301677316427230835e-01 0.000000000000000000e+00 3.645847027655690908e-05 2.299945950508117676e-01 0.000000000000000000e+00 8.000000000000000000e+00 8.191000000000000000e+03 0.000000000000000000e+00 2.000000000000000000e+00 2.756000041961669922e+00
4.500000000000000000e+01 2.402397096157073975e-01 0.000000000000000000e+00 3.528935485519468784e-05 2.400041371583938599e-01 0.000000000000000000e+00 8.000000000000000000e+00 8.191000000000000000e+03 0.000000000000000000e+00 2.000000000000000000e+00 2.756000041961669922e+00
4.520000076293945312e+01 2.501483857631683350e-01 0.000000000000000000e+00 3.412475052755326033e-05 2.500011622905731201e-01 0.000000000000000000e+00 8.000000000000000000e+00 8.191000000000000000e+03 0.000000000000000000e+00 2.000000000000000000e+00 2.755899906158447266e+00
4.540000152587890625e+01 2.601951956748962402e-01 0.000000000000000000e+00 3.316892252769321203e-05 2.599982023239135742e-01 0.000000000000000000e+00 8.000000000000000000e+00 8.191000000000000000e+03 0.000000000000000000e+00 2.000000000000000000e+00 2.755899906158447266e+00
4.560000228881835938e+01 2.701369225978851318e-01 0.000000000000000000e+00 3.224538158974610269e-05 2.699952423572540283e-01 0.000000000000000000e+00 8.000000000000000000e+00 8.191000000000000000e+03 0.000000000000000000e+00 2.000000000000000000e+00 2.755899906158447266e+00
4.579999923706054688e+01 2.801661491394042969e-01 0.000000000000000000e+00 3.143733192700892687e-05 2.800047695636749268e-01 0.000000000000000000e+00 8.000000000000000000e+00 8.191000000000000000e+03 0.000000000000000000e+00 2.000000000000000000e+00 2.755899906158447266e+00
4.600000000000000000e+01 2.901016771793365479e-01 0.000000000000000000e+00 3.070143065997399390e-05 2.900017797946929932e-01 0.000000000000000000e+00 8.000000000000000000e+00 8.191000000000000000e+03 0.000000000000000000e+00 2.000000000000000000e+00 2.755899906158447266e+00
4.620000076293945312e+01 3.001379072666168213e-01 0.000000000000000000e+00 3.000602919200900942e-05 2.999988198280334473e-01 0.000000000000000000e+00 8.000000000000000000e+00 8.191000000000000000e+03 0.000000000000000000e+00 2.000000000000000000e+00 2.756000041961669922e+00
4.640000152587890625e+01 2.901046574115753174e-01 0.000000000000000000e+00 2.810451951518189162e-05 2.900017797946929932e-01 0.000000000000000000e+00 8.000000000000000000e+00 8.191000000000000000e+03 0.000000000000000000e+00 2.000000000000000000e+00 2.756000041961669922e+00
4.660000228881835938e+01 2.801762819290161133e-01 0.000000000000000000e+00 2.671145193744450808e-05 2.800047695636749268e-01 0.000000000000000000e+00 8.000000000000000000e+00 8.191000000000000000e+03 0.000000000000000000e+00 2.000000000000000000e+00 2.756000041961669922e+00
4.679999923706054688e+01 2.701860368251800537e-01 0.000000000000000000e+00 2.561571272963192314e-05 2.699952423572540283e-01 0.000000000000000000e+00 8.000000000000000000e+00 8.191000000000000000e+03 0.000000000000000000e+00 2.000000000000000000e+00 2.756000041961669922e+00
4.700000000000000000e+01 2.601609826087951660e-01 0.000000000000000000e+00 2.460797804815229028e-05 2.599982023239135742e-01 0.000000000000000000e+00 8.000000000000000000e+00 8.191000000000000000e+03 0.000000000000000000e+00 2.000000000000000000e+00 2.756000041961669922e+00
4.720000076293945312e+01 2.501069903373718262e-01 0.000000000000000000e+00 2.369766662013716996e-05 2.500011622905731201e-01 0.000000000000000000e+00 8.000000000000000000e+00 8.191000000000000000e+03 0.000000000000000000e+00 2.000000000000000000e+00 2.755699872970581055e+00
4.740000152587890625e+01 2.401471734046936035e-01 0.000000000000000000e+00 2.281176239193882793e-05 2.400041371583938599e-01 0.000000000000000000e+00 8.000000000000000000e+00 8.191000000000000000e+03 0.000000000000000000e+00 2.000000000000000000e+00 2.755699872970581055e+00
4.760000228881835938e+01 2.301792651414871216e-01 0.000000000000000000e+00 2.196647437813226134e-05 2.299945950508117676e-01 0.000000000000000000e+00 8.000000000000000000e+00 8.191000000000000000e+03 0.000000000000000000e+00 2.000000000000000000e+00 2.755699872970581055e+00
4.779999923706054688e+01 2.201569974422454834e-01 0.000000000000000000e+00 2.107841282850131392e-05 2.199975699186325073e-01 0.000000000000000000e+00 8.000000000000000000e+00 8.191000000000000000e+03 0.000000000000000000e+00 2.000000000000000000e+00 2.755699872970581055e+00
4.800000000000000000e+01 2.101293504238128662e-01 0.000000000000000000e+00 2.013146513490937650e-05 2.100005298852920532e-01 0.000000000000000000e+00 8.000000000000000000e+00 8.191000000000000000e+03 0.000000000000000000e+00 2.000000000000000000e+00 2.755699872970581055e+00
4.820000076293945312e+01 2.002172023057937622e-01 0.000000000000000000e+00 1.907780642795842141e-05 2.000034898519515991e-01 0.000000000000000000e+00 8.000000000000000000e+00 8.191000000000000000e+03 0.000000000000000000e+00 2.000000000000000000e+00 2.755699872970581055e+00
4.840000152587890625e+01 1.901452541351318359e-01 0.000000000000000000e+00 1.783867992344312370e-05 1.899939626455307007e-01 0.000000000000000000e+00 8.000000000000000000e+00 8.191000000000000000e+03 0.000000000000000000e+00 2.000000000000000000e+00 2.755699872970581055e+00
4.860000228881835938e+01 1.800798326730728149e-01 0.000000000000000000e+00 1.639048787183128297e-05 1.799969226121902466e-01 0.000000000000000000e+00 8.000000000000000000e+00 8.191000000000000000e+03 0.000000000000000000e+00 2.000000000000000000e+00 2.755699872970581055e+00
4.879999923706054688e+01 1.702149361371994019e-01 0.000000000000000000e+00 1.456143218092620373e-05 1.699998974800109863e-01 0.000000000000000000e+00 8.000000000000000000e+00 8.191000000000000000e+03 0.000000000000000000e+00 2.000000000000000000e+00 2.755699872970581055e+00
4.900000000000000000e+01 1.601063311100006104e-01 0.000000000000000000e+00 1.227270604431396350e-05 1.600028574466705322e-01 0.000000000000000000e+00 8.000000000000000000e+00 8.191000000000000000e+03 0.000000000000000000e+00 2.000000000000000000e+00 2.755699872970581055e+00
4.920000076293945312e+01 1.501315683126449585e-01 0.000000000000000000e+00 9.390315426571760327e-06 1.500058174133300781e-01 0.000000000000000000e+00 8.000000000000000000e+00 8.191000000000000000e+03 0.000000000000000000e+00 2.000000000000000000e+00 2.755899906158447266e+00
4.940000152587890625e+01 1.401176750659942627e-01 0.000000000000000000e+00 5.881873221369460225e-06 1.399962902069091797e-01 0.000000000000000000e+00 8.000000000000000000e+00 8.191000000000000000e+03 0.000000000000000000e+00 2.000000000000000000e+00 2.755899906158447266e+00
4.960000228881835938e+01 1.301320493221282959e-01 0.000000000000000000e+00 1.539563641017593909e-06 1.299992501735687256e-01 0.000000000000000000e+00 7.000000000000000000e+00 8.191000000000000000e+03 0.000000000000000000e+00 2.000000000000000000e+00 2.755899906158447266e+00
4.979999923706054688e+01 1.201291456818580627e-01 0.000000000000000000e+00 -3.457726734268362634e-06 1.200022250413894653e-01 0.000000000000000000e+00 7.000000000000000000e+00 8.191000000000000000e+03 0.000000000000000000e+00 2.000000000000000000e+00 2.755899906158447266e+00
5.000000000000000000e+01 1.101562157273292542e-01 0.000000000000000000e+00 -8.967752364696934819e-06 1.100051850080490112e-01 0.000000000000000000e+00 7.000000000000000000e+00 8.191000000000000000e+03 0.000000000000000000e+00 2.000000000000000000e+00 2.755899906158447266e+00
5.020000076293945312e+01 1.001575812697410583e-01 0.000000000000000000e+00 -1.466693811380537227e-05 9.999565780162811279e-02 0.000000000000000000e+00 8.000000000000000000e+00 8.191000000000000000e+03 0.000000000000000000e+00 2.000000000000000000e+00 2.755899906158447266e+00
5.040000152587890625e+01 9.015268087387084961e-02 0.000000000000000000e+00 -2.056097582681104541e-05 8.999861776828765869e-02 0.000000000000000000e+00 8.000000000000000000e+00 8.191000000000000000e+03 0.000000000000000000e+00 2.000000000000000000e+00 2.755899906158447266e+00
5.060000228881835938e+01 8.015571534633636475e-02 0.000000000000000000e+00 -2.619072256493382156e-05 8.000158518552780151e-02 0.000000000000000000e+00 8.000000000000000000e+00 8.191000000000000000e+03 0.000000000000000000e+00 2.000000000000000000e+00 2.755899906158447266e+00
5.079999923706054688e+01 7.019501179456710815e-02 0.000000000000000000e+00 -3.127938543912023306e-05 7.000455260276794434e-02 0.000000000000000000e+00 8.000000000000000000e+00 8.191000000000000000e+03 0.000000000000000000e+00 2.000000000000000000e+00 2.755899906158447266e+00
5.100000000000000000e+01 6.014435365796089172e-02 0.000000000000000000e+00 -3.526227737893350422e-05 5.999501794576644897e-02 0.000000000000000000e+00 8.000000000000000000e+00 8.191000000000000000e+03 0.000000000000000000e+00 2.000000000000000000e+00 2.755899906158447266e+00
5.120000076293945312e+01 5.010866746306419373e-02 0.000000000000000000e+00 -3.787319656112231314e-05 4.999798536300659180e-02 0.000000000000000000e+00 8.000000000000000000e+00 8.191000000000000000e+03 0.000000000000000000e+00 2.000000000000000000e+00 2.755800008773803711e+00
5.140000152587890625e+01 4.010545462369918823e-02 0.000000000000000000e+00 -3.896589259966276586e-05 4.000094905495643616e-02 0.000000000000000000e+00 8.000000000000000000e+00 8.191000000000000000e+03 0.000000000000000000e+00 2.000000000000000000e+00 2.755800008773803711e+00
5.160000228881835938e+01 3.018375299870967865e-02 0.000000000000000000e+00 -3.866224869852885604e-05 3.000391460955142975e-02 0.000000000000000000e+00 8.000000000000000000e+00 8.191000000000000000e+03 0.000000000000000000e+00 2.000000000000000000e+00 2.755800008773803711e+00
5.179999923706054688e+01 2.012578397989273071e-02 0.000000000000000000e+00 -3.727682633325457573e-05 1.999438367784023285e-02 0.000000000000000000e+00 8.000000000000000000e+00 8.191000000000000000e+03 0.000000000000000000e+00 2.000000000000000000e+00 2.755800008773803711e+00
5.200000000000000000e+01 1.016737986356019974e-02 0.000000000000000000e+00 -3.526791260810568929e-05 9.997349232435226440e-03 0.000000000000000000e+00 8.000000000000000000e+00 8.191000000000000000e+03 0.000000000000000000e+00 2.000000000000000000e+00 2.755800008773803711e+00
5.220000076293945312e+01 1.017842732835561037e-04 0.000000000000000000e+00 -3.299765739939175546e-05 3.129243850708007812e-07 0.000000000000000000e+00 8.000000000000000000e+00 8.191000000000000000e+03 0.000000000000000000e+00 2.000000000000000000e+00 2.755800008773803711e+00
5.240000152587890625e+01 -9.823707863688468933e-03 0.000000000000000000e+00 -3.062893665628507733e-05 -9.996719658374786377e-03 0.000000000000000000e+00 8.000000000000000000e+00 8.191000000000000000e+03 0.000000000000000000e+00 2.000000000000000000e+00 2.755800008773803711e+00
5.260000228881835938e+01 -1.990836672484874725e-02 0.000000000000000000e+00 -2.850913188012782484e-05 -1.999375596642494202e-02 0.000000000000000000e+00 8.000000000000000000e+00 8.191000000000000000e+03 0.000000000000000000e+00 2.000000000000000000e+00 2.755800008773803711e+00
5.279999923706054688e+01 -2.968567423522472382e-02 0.000000000000000000e+00 -2.654696800163947046e-05 -3.000328317284584045e-02 0.000000000000000000e+00 8.000000000000000000e+00 6.143000000000000000e+03 0.000000000000000000e+00 2.000000000000000000e+00 2.755800008773803711e+00
5.300000000000000000e+01 -3.992236405611038208e-02 0.000000000000000000e+00 -2.477864654792938381e-05 -4.000032320618629456e-02 0.000000000000000000e+00 8.000000000000000000e+00 8.191000000000000000e+03 0.000000000000000000e+00 2.000000000000000000e+00 2.755800008773803711e+00
5.320000076293945312e+01 -4.985050857067108154e-02 0.000000000000000000e+00 -2.314175435458309948e-05 -4.999735578894615173e-02 0.000000000000000000e+00 8.000000000000000000e+00 8.191000000000000000e+03 0.000000000000000000e+00 2.000000000000000000e+00 2.756000041961669922e+00
5.340000152587890625e+01 -5.988844111561775208e-02 0.000000000000000000e+00 -2.177330134145449847e-05 -5.999438837170600891e-02 0.000000000000000000e+00 8.000000000000000000e+00 8.191000000000000000e+03 0.000000000000000000e+00 2.000000000000000000e+00 2.756000041961669922e+00
5.360000228881835938e+01 -6.986762583255767822e-02 0.000000000000000000e+00 -2.052607851510401815e-05 -7.000392675399780273e-02 0.000000000000000000e+00 8.000000000000000000e+00 8.191000000000000000e+03 0.000000000000000000e+00 2.000000000000000000e+00 2.756000041961669922e+00
5.379999923706054688e+01 -7.987637072801589966e-02 0.000000000000000000e+00 -1.950090154423378408e-05 -8.000095188617706299e-02 0.000000000000000000e+00 8.000000000000000000e+00 8.191000000000000000e+03 0.000000000000000000e+00 2.000000000000000000e+00 2.756000041961669922e+00
5.400000000000000000e+01 -8.989151567220687866e-02 0.000000000000000000e+00 -1.853744106483645737e-05 -8.999799191951751709e-02 0.000000000000000000e+00 8.000000000000000000e+00 8.191000000000000000e+03 0.000000000000000000e+00 2.000000000000000000e+00 2.756000041961669922e+00
5.420000076293945312e+01 -9.993790835142135620e-02 0.000000000000000000e+00 -1.770485505403485149e-05 -9.999501705169677734e-02 0.000000000000000000e+00 8.000000000000000000e+00 8.191000000000000000e+03 0.000000000000000000e+00 2.000000000000000000e+00 2.755800008773803711e+00
5.440000152587890625e+01 -1.099038794636726379e-01 0.000000000000000000e+00 -1.692245314188767225e-05 -1.100045591592788696e-01 0.000000000000000000e+00 8.000000000000000000e+00 8.191000000000000000e+03 0.000000000000000000e+00 2.000000000000000000e+00 2.755800008773803711e+00
5.460000228881835938e+01 -1.198866963386535645e-01 0.000000000000000000e+00 -1.624656033527571708e-05 -1.200015842914581299e-01 0.000000000000000000e+00 8.000000000000000000e+00 8.191000000000000000e+03 0.000000000000000000e+00 2.000000000000000000e+00 2.755800008773803711e+00
5.479999923706054688e+01 -1.299004405736923218e-01 0.000000000000000000e+00 -1.559612246637698263e-05 -1.299986243247985840e-01 0.000000000000000000e+00 8.000000000000000000e+00 8.191000000000000000e+03 0.000000000000000000e+00 2.000000000000000000e+00 2.755800008773803711e+00
5.500000000000000000e+01 -1.398445516824722290e-01 0.000000000000000000e+00 -1.504684860265115276e-05 -1.399956643581390381e-01 0.000000000000000000e+00 8.000000000000000000e+00 8.191000000000000000e+03 0.000000000000000000e+00 2.000000000000000000e+00 2.755800008773803711e+00
5.520000076293945312e+01 -1.499111950397491455e-01 0.000000000000000000e+00 -1.455582332710037008e-05 -1.500051915645599365e-01 0.000000000000000000e+00 8.000000000000000000e+00 8.191000000000000000e+03 0.000000000000000000e+00 2.000000000000000000e+00 2.755800008773803711e+00
5.540000152587890625e+01 -1.599210351705551147e-01 0.000000000000000000e+00 -1.410465574736008421e-05 -1.600022166967391968e-01 0.000000000000000000e+00 8.000000000000000000e+00 8.191000000000000000e+03 0.000000000000000000e+00 2.000000000000000000e+00 2.755800008773803711e+00
5.560000228881835938e+01 -1.699005663394927979e-01 0.000000000000000000e+00 -1.367062850476941094e-05 -1.699992567300796509e-01 0.000000000000000000e+00 8.000000000000000000e+00 8.191000000000000000e+03 0.000000000000000000e+00 2.000000000000000000e+00 2.755800008773803711e+00
5.579999923706054688e+01 -1.798457354307174683e-01 0.000000000000000000e+00 -1.328416146861854941e-05 -1.799962967634201050e-01 0.000000000000000000e+00 8.000000000000000000e+00 8.191000000000000000e+03 0.000000000000000000e+00 2.000000000000000000e+00 2.755800008773803711e+00
5.600000000000000000e+01 -1.898929327726364136e-01 0.000000000000000000e+00 -1.295727906835963950e-05 -1.900058239698410034e-01 0.000000000000000000e+00 8.000000000000000000e+00 8.191000000000000000e+03 0.000000000000000000e+00 2.000000000000000000e+00 2.755800008773803711e+00
5.620000076293945312e+01 -1.998701393604278564e-01 0.000000000000000000e+00 -1.260697990801418200e-05 -2.000028640031814575e-01 0.000000000000000000e+00 8.000000000000000000e+00 8.191000000000000000e+03 0.000000000000000000e+00 2.000000000000000000e+00 2.755800008773803711e+00
5.640000152587890625e+01 -1.998261362314224243e-01 0.000000000000000000e+00 -1.214377243741182610e-05 -2.000028640031814575e-01 0.000000000000000000e+00 8.000000000000000000e+00 8.191000000000000000e+03 0.000000000000000000e+00 3.000000000000000000e+00 2.755800008773803711e+00
