5.000000000000000000e-01 -1.332890987396240234e-02 -1.332891080528497696e-02 0.000000000000000000e+00 0.000000000000000000e+00 8.191000000000000000e+03 0.000000000000000000e+00 2.757099866867065430e+00
1.000000000000000000e+00 -1.330265030264854431e-02 -1.195435132831335068e-02 0.000000000000000000e+00 0.000000000000000000e+00 8.191000000000000000e+03 0.000000000000000000e+00 2.757099866867065430e+00
1.500000000000000000e+00 -1.314455922693014145e-02 -1.081658620387315750e-02 0.000000000000000000e+00 0.000000000000000000e+00 8.191000000000000000e+03 0.000000000000000000e+00 2.756999969482421875e+00
2.000000000000000000e+00 -1.271221973001956940e-02 -9.954985231161117554e-03 0.000000000000000000e+00 0.000000000000000000e+00 8.191000000000000000e+03 0.000000000000000000e+00 2.756999969482421875e+00
2.500000000000000000e+00 -1.197928190231323242e-02 -9.184520691633224487e-03 0.000000000000000000e+00 0.000000000000000000e+00 8.191000000000000000e+03 0.000000000000000000e+00 2.756700038909912109e+00
3.000000000000000000e+00 -1.107657607644796371e-02 -8.508287370204925537e-03 0.000000000000000000e+00 0.000000000000000000e+00 8.191000000000000000e+03 0.000000000000000000e+00 2.756700038909912109e+00
3.500000000000000000e+00 -1.016709394752979279e-02 -7.920628413558006287e-03 0.000000000000000000e+00 0.000000000000000000e+00 8.191000000000000000e+03 0.000000000000000000e+00 2.757200002670288086e+00
4.000000000000000000e+00 -9.344062767922878265e-03 -7.389131933450698853e-03 0.000000000000000000e+00 0.000000000000000000e+00 8.191000000000000000e+03 0.000000000000000000e+00 2.757200002670288086e+00
4.500000000000000000e+00 -8.629327639937400818e-03 -6.904097273945808411e-03 0.000000000000000000e+00 0.000000000000000000e+00 8.191000000000000000e+03 0.000000000000000000e+00 2.756899833679199219e+00
5.000000000000000000e+00 -8.009486831724643707e-03 -6.478928495198488235e-03 0.000000000000000000e+00 0.000000000000000000e+00 8.191000000000000000e+03 0.000000000000000000e+00 2.756899833679199219e+00
5.500000000000000000e+00 -7.463435642421245575e-03 -6.054928060621023178e-03 0.000000000000000000e+00 0.000000000000000000e+00 8.191000000000000000e+03 0.000000000000000000e+00 2.757099866867065430e+00
6.000000000000000000e+00 -6.973140407353639603e-03 -5.677588284015655518e-03 0.000000000000000000e+00 0.000000000000000000e+00 8.191000000000000000e+03 0.000000000000000000e+00 2.757099866867065430e+00
6.500000000000000000e+00 -6.525576580315828323e-03 -5.344985052943229675e-03 0.000000000000000000e+00 0.000000000000000000e+00 8.191000000000000000e+03 0.000000000000000000e+00 2.757400035858154297e+00
7.000000000000000000e+00 -6.113440264016389847e-03 -5.007717292755842209e-03 0.000000000000000000e+00 0.000000000000000000e+00 8.191000000000000000e+03 0.000000000000000000e+00 2.757400035858154297e+00
7.500000000000000000e+00 -5.732509773224592209e-03 -4.684203304350376129e-03 0.000000000000000000e+00 0.000000000000000000e+00 8.191000000000000000e+03 0.000000000000000000e+00 2.756899833679199219e+00
8.000000000000000000e+00 -5.378345493227243423e-03 -4.440680611878633499e-03 0.000000000000000000e+00 0.000000000000000000e+00 8.191000000000000000e+03 0.000000000000000000e+00 2.756899833679199219e+00
8.500000000000000000e+00 -5.047840997576713562e-03 -4.124117549508810043e-03 0.000000000000000000e+00 0.000000000000000000e+00 8.191000000000000000e+03 0.000000000000000000e+00 2.757400035858154297e+00
9.000000000000000000e+00 -4.738768097013235092e-03 -3.881237469613552094e-03 0.000000000000000000e+00 0.000000000000000000e+00 8.191000000000000000e+03 0.000000000000000000e+00 2.757400035858154297e+00
9.500000000000000000e+00 -4.448024090379476547e-03 -3.666519885882735252e-03 0.000000000000000000e+00 0.000000000000000000e+00 8.191000000000000000e+03 0.000000000000000000e+00 2.756799936294555664e+00
1.000000000000000000e+01 -4.174964502453804016e-03 -3.435207298025488853e-03 0.000000000000000000e+00 0.000000000000000000e+00 8.191000000000000000e+03 0.000000000000000000e+00 2.756799936294555664e+00
1.050000000000000000e+01 -3.920338116586208344e-03 -3.195832483470439911e-03 0.000000000000000000e+00 0.000000000000000000e+00 8.191000000000000000e+03 0.000000000000000000e+00 2.757299900054931641e+00
1.100000000000000000e+01 -3.680459456518292427e-03 -2.982811769470572472e-03 0.000000000000000000e+00 0.000000000000000000e+00 8.191000000000000000e+03 0.000000000000000000e+00 2.757299900054931641e+00
1.150000000000000000e+01 -3.449156647548079491e-03 -2.766852267086505890e-03 0.000000000000000000e+00 0.000000000000000000e+00 8.191000000000000000e+03 0.000000000000000000e+00 2.756799936294555664e+00
1.200000000000000000e+01 -3.223609877750277519e-03 -2.573093865066766739e-03 0.000000000000000000e+00 0.000000000000000000e+00 8.191000000000000000e+03 0.000000000000000000e+00 2.756799936294555664e+00
1.250000000000000000e+01 -3.004922065883874893e-03 -2.388167427852749825e-03 0.000000000000000000e+00 0.000000000000000000e+00 8.191000000000000000e+03 0.000000000000000000e+00 2.757299900054931641e+00
1.300000000000000000e+01 -2.795666223391890526e-03 -2.219997579231858253e-03 0.000000000000000000e+00 0.000000000000000000e+00 8.191000000000000000e+03 0.000000000000000000e+00 2.757299900054931641e+00
1.350000000000000000e+01 -2.597705228254199028e-03 -2.039489569142460823e-03 0.000000000000000000e+00 0.000000000000000000e+00 8.191000000000000000e+03 0.000000000000000000e+00 2.756799936294555664e+00
1.400000000000000000e+01 -2.410529647022485733e-03 -1.875445479527115822e-03 0.000000000000000000e+00 0.000000000000000000e+00 8.191000000000000000e+03 0.000000000000000000e+00 2.756799936294555664e+00
1.450000000000000000e+01 -2.231633756309747696e-03 -1.710550277493894100e-03 0.000000000000000000e+00 0.000000000000000000e+00 8.191000000000000000e+03 0.000000000000000000e+00 2.757299900054931641e+00
1.500000000000000000e+01 -2.059373306110501289e-03 -1.588354469276964664e-03 0.000000000000000000e+00 0.000000000000000000e+00 8.191000000000000000e+03 0.000000000000000000e+00 2.757299900054931641e+00
