5.000000000000000000e-01 7.854270748794078827e-03 7.854270748794078827e-03 0.000000000000000000e+00 0.000000000000000000e+00 8.191000000000000000e+03 0.000000000000000000e+00 2.757200002670288086e+00
1.000000000000000000e+00 7.927648723125457764e-03 1.169530209153890610e-02 0.000000000000000000e+00 0.000000000000000000e+00 8.191000000000000000e+03 0.000000000000000000e+00 2.757200002670288086e+00
1.500000000000000000e+00 8.378008380532264709e-03 1.532446220517158508e-02 0.000000000000000000e+00 0.000000000000000000e+00 8.191000000000000000e+03 0.000000000000000000e+00 2.757200002670288086e+00
2.000000000000000000e+00 9.653989225625991821e-03 1.894845068454742432e-02 0.000000000000000000e+00 0.000000000000000000e+00 6.143000000000000000e+03 0.000000000000000000e+00 2.757200002670288086e+00
2.500000000000000000e+00 1.194407697767019272e-02 2.226159907877445221e-02 0.000000000000000000e+00 0.000000000000000000e+00 8.191000000000000000e+03 0.000000000000000000e+00 2.757200002670288086e+00
3.000000000000000000e+00 1.500124670565128326e-02 2.553615719079971313e-02 0.000000000000000000e+00 0.000000000000000000e+00 6.143000000000000000e+03 0.000000000000000000e+00 2.757499933242797852e+00
3.500000000000000000e+00 1.840491592884063721e-02 2.877810597419738770e-02 0.000000000000000000e+00 0.000000000000000000e+00 8.191000000000000000e+03 0.000000000000000000e+00 2.757499933242797852e+00
4.000000000000000000e+00 2.184701338410377502e-02 3.178763762116432190e-02 0.000000000000000000e+00 0.000000000000000000e+00 8.191000000000000000e+03 0.000000000000000000e+00 2.757499933242797852e+00
4.500000000000000000e+00 2.519143000245094299e-02 3.477450460195541382e-02 0.000000000000000000e+00 0.000000000000000000e+00 8.191000000000000000e+03 0.000000000000000000e+00 2.757499933242797852e+00
5.000000000000000000e+00 2.840653620660305023e-02 3.772697225213050842e-02 0.000000000000000000e+00 0.000000000000000000e+00 8.191000000000000000e+03 0.000000000000000000e+00 2.757299900054931641e+00
5.500000000000000000e+00 3.150261566042900085e-02 4.045944288372993469e-02 0.000000000000000000e+00 0.000000000000000000e+00 8.191000000000000000e+03 0.000000000000000000e+00 2.757299900054931641e+00
6.000000000000000000e+00 3.449593856930732727e-02 4.318109527230262756e-02 0.000000000000000000e+00 0.000000000000000000e+00 8.191000000000000000e+03 0.000000000000000000e+00 2.757299900054931641e+00
6.500000000000000000e+00 3.739254921674728394e-02 4.579492285847663879e-02 0.000000000000000000e+00 0.000000000000000000e+00 8.191000000000000000e+03 0.000000000000000000e+00 2.757299900054931641e+00
7.000000000000000000e+00 4.019359499216079712e-02 4.829512909054756165e-02 0.000000000000000000e+00 0.000000000000000000e+00 8.191000000000000000e+03 0.000000000000000000e+00 2.757299900054931641e+00
7.500000000000000000e+00 4.290322214365005493e-02 5.084773898124694824e-02 0.000000000000000000e+00 0.000000000000000000e+00 8.191000000000000000e+03 0.000000000000000000e+00 2.757299900054931641e+00
8.000000000000000000e+00 4.552812874317169189e-02 5.309751257300376892e-02 0.000000000000000000e+00 0.000000000000000000e+00 8.191000000000000000e+03 0.000000000000000000e+00 2.757299900054931641e+00
8.500000000000000000e+00 4.807067662477493286e-02 5.543177202343940735e-02 0.000000000000000000e+00 0.000000000000000000e+00 8.191000000000000000e+03 0.000000000000000000e+00 2.757299900054931641e+00
9.000000000000000000e+00 5.052514374256134033e-02 5.751993134617805481e-02 0.000000000000000000e+00 0.000000000000000000e+00 8.191000000000000000e+03 0.000000000000000000e+00 2.757299900054931641e+00
9.500000000000000000e+00 5.288509279489517212e-02 5.965989455580711365e-02 0.000000000000000000e+00 0.000000000000000000e+00 8.191000000000000000e+03 0.000000000000000000e+00 2.757299900054931641e+00
1.000000000000000000e+01 5.515135824680328369e-02 6.168274208903312683e-02 0.000000000000000000e+00 0.000000000000000000e+00 8.191000000000000000e+03 0.000000000000000000e+00 2.757200002670288086e+00
1.050000000000000000e+01 5.733039975166320801e-02 6.353542953729629517e-02 0.000000000000000000e+00 0.000000000000000000e+00 8.191000000000000000e+03 0.000000000000000000e+00 2.757200002670288086e+00
1.100000000000000000e+01 5.942542105913162231e-02 6.542842835187911987e-02 0.000000000000000000e+00 0.000000000000000000e+00 8.191000000000000000e+03 0.000000000000000000e+00 2.757200002670288086e+00
1.150000000000000000e+01 6.143489852547645569e-02 6.714149564504623413e-02 0.000000000000000000e+00 0.000000000000000000e+00 8.191000000000000000e+03 0.000000000000000000e+00 2.757200002670288086e+00
1.200000000000000000e+01 6.335856020450592041e-02 6.880589574575424194e-02 0.000000000000000000e+00 0.000000000000000000e+00 8.191000000000000000e+03 0.000000000000000000e+00 2.757200002670288086e+00
1.250000000000000000e+01 6.519639492034912109e-02 7.037036120891571045e-02 0.000000000000000000e+00 0.000000000000000000e+00 8.191000000000000000e+03 0.000000000000000000e+00 2.757200002670288086e+00
1.300000000000000000e+01 6.694819033145904541e-02 7.192196696996688843e-02 0.000000000000000000e+00 0.000000000000000000e+00 8.191000000000000000e+03 0.000000000000000000e+00 2.757299900054931641e+00
1.350000000000000000e+01 6.861724704504013062e-02 7.330049574375152588e-02 0.000000000000000000e+00 0.000000000000000000e+00 8.191000000000000000e+03 0.000000000000000000e+00 2.757299900054931641e+00
1.400000000000000000e+01 7.020721584558486938e-02 7.467687875032424927e-02 0.000000000000000000e+00 0.000000000000000000e+00 8.191000000000000000e+03 0.000000000000000000e+00 2.757200002670288086e+00
1.450000000000000000e+01 7.171846181154251099e-02 7.593684643507003784e-02 0.000000000000000000e+00 0.000000000000000000e+00 8.191000000000000000e+03 0.000000000000000000e+00 2.757200002670288086e+00
1.500000000000000000e+01 7.315161824226379395e-02 7.717129588127136230e-02 0.000000000000000000e+00 0.000000000000000000e+00 8.191000000000000000e+03 0.000000000000000000e+00 2.757200002670288086e+00
