2.000000029802322388e-01 3.493836557026952505e-04 0.000000000000000000e+00 -4.681527059346990427e-07 3.129243850708007812e-07 0.000000000000000000e+00 7.000000000000000000e+00 8.191000000000000000e+03 0.000000000000000000e+00 0.000000000000000000e+00 2.755399942398071289e+00
4.000000059604644775e-01 1.020620018243789673e-02 0.000000000000000000e+00 -2.618690189137851121e-07 9.997349232435226440e-03 0.000000000000000000e+00 6.000000000000000000e+00 8.191000000000000000e+03 0.000000000000000000e+00 0.000000000000000000e+00 2.755399942398071289e+00
6.000000238418579102e-01 2.016311511397361755e-02 0.000000000000000000e+00 -1.546227537119193585e-07 1.999438367784023285e-02 0.000000000000000000e+00 6.000000000000000000e+00 8.191000000000000000e+03 0.000000000000000000e+00 0.000000000000000000e+00 2.755300045013427734e+00
8.000000119209289551e-01 2.900565229356288910e-02 0.000000000000000000e+00 -8.429692144318323699e-08 3.000391460955142975e-02 0.000000000000000000e+00 6.000000000000000000e+00 6.143000000000000000e+03 0.000000000000000000e+00 0.000000000000000000e+00 2.755300045013427734e+00
1.000000000000000000e+00 4.017192870378494263e-02 0.000000000000000000e+00 -3.478404764223341772e-08 4.000094905495643616e-02 0.000000000000000000e+00 6.000000000000000000e+00 8.191000000000000000e+03 0.000000000000000000e+00 0.000000000000000000e+00 2.755300045013427734e+00
1.200000047683715820e+00 5.002854019403457642e-02 0.000000000000000000e+00 6.582720590841972808e-09 4.999798536300659180e-02 0.000000000000000000e+00 5.000000000000000000e+00 8.191000000000000000e+03 0.000000000000000000e+00 0.000000000000000000e+00 2.755300045013427734e+00
1.399999976158142090e+00 6.031927093863487244e-02 0.000000000000000000e+00 1.093948842623149176e-08 5.999501794576644897e-02 0.000000000000000000e+00 4.000000000000000000e+00 6.908000000000000000e+03 0.000000000000000000e+00 0.000000000000000000e+00 2.755300045013427734e+00
1.600000023841857910e+00 7.013618946075439453e-02 0.000000000000000000e+00 1.093948842623149176e-08 7.000455260276794434e-02 0.000000000000000000e+00 4.000000000000000000e+00 6.908000000000000000e+03 0.000000000000000000e+00 0.000000000000000000e+00 2.754699945449829102e+00
1.800000071525573730e+00 8.020689338445663452e-02 0.000000000000000000e+00 1.093948842623149176e-08 8.000158518552780151e-02 0.000000000000000000e+00 4.000000000000000000e+00 7.164000000000000000e+03 0.000000000000000000e+00 0.000000000000000000e+00 2.754699945449829102e+00
2.000000000000000000e+00 9.010870754718780518e-02 0.000000000000000000e+00 1.038041474998863123e-07 8.999861776828765869e-02 0.000000000000000000e+00 5.000000000000000000e+00 7.164000000000000000e+03 0.000000000000000000e+00 0.000000000000000000e+00 2.754699945449829102e+00
2.200000047683715820e+00 1.001482605934143066e-01 0.000000000000000000e+00 1.193270833255155594e-07 9.999565780162811279e-02 0.000000000000000000e+00 6.000000000000000000e+00 8.191000000000000000e+03 0.000000000000000000e+00 0.000000000000000000e+00 2.754699945449829102e+00
2.400000095367431641e+00 1.101675629615783691e-01 0.000000000000000000e+00 1.366651645184902009e-07 1.100051850080490112e-01 0.000000000000000000e+00 6.000000000000000000e+00 8.191000000000000000e+03 0.000000000000000000e+00 0.000000000000000000e+00 2.754699945449829102e+00
2.600000143051147461e+00 1.201991736888885498e-01 0.000000000000000000e+00 1.529615616391311050e-07 1.200022250413894653e-01 0.000000000000000000e+00 6.000000000000000000e+00 8.191000000000000000e+03 0.000000000000000000e+00 0.000000000000000000e+00 2.754400014877319336e+00
2.799999952316284180e+00 1.301701515913009644e-01 0.000000000000000000e+00 1.696043341326003429e-07 1.299992501735687256e-01 0.000000000000000000e+00 6.000000000000000000e+00 8.191000000000000000e+03 0.000000000000000000e+00 0.000000000000000000e+00 2.754400014877319336e+00
3.000000000000000000e+00 1.400865614414215088e-01 0.000000000000000000e+00 1.860971821088241995e-07 1.399962902069091797e-01 0.000000000000000000e+00 6.000000000000000000e+00 8.191000000000000000e+03 0.000000000000000000e+00 0.000000000000000000e+00 2.754400014877319336e+00
3.200000047683715820e+00 1.501233726739883423e-01 0.000000000000000000e+00 2.024090264285405283e-07 1.500058174133300781e-01 0.000000000000000000e+00 6.000000000000000000e+00 8.191000000000000000e+03 0.000000000000000000e+00 0.000000000000000000e+00 2.754400014877319336e+00
3.400000095367431641e+00 1.602183580398559570e-01 0.000000000000000000e+00 2.216585812675475609e-07 1.600028574466705322e-01 0.000000000000000000e+00 6.000000000000000000e+00 8.191000000000000000e+03 0.000000000000000000e+00 0.000000000000000000e+00 2.754400014877319336e+00
3.600000143051147461e+00 1.701321005821228027e-01 0.000000000000000000e+00 2.396392062564700609e-07 1.699998974800109863e-01 0.000000000000000000e+00 6.000000000000000000e+00 8.191000000000000000e+03 0.000000000000000000e+00 0.000000000000000000e+00 2.754600048065185547e+00
3.799999952316284180e+00 1.800796687602996826e-01 0.000000000000000000e+00 2.589909229300246807e-07 1.799969226121902466e-01 0.000000000000000000e+00 6.000000000000000000e+00 8.191000000000000000e+03 0.000000000000000000e+00 0.000000000000000000e+00 2.754600048065185547e+00
4.000000000000000000e+00 1.899929195642471313e-01 0.000000000000000000e+00 2.808725696468172828e-07 1.899939626455307007e-01 0.000000000000000000e+00 6.000000000000000000e+00 8.191000000000000000e+03 0.000000000000000000e+00 0.000000000000000000e+00 2.754600048065185547e+00
4.200000286102294922e+00 2.001402080059051514e-01 0.000000000000000000e+00 3.034666349321923917e-07 2.000034898519515991e-01 0.000000000000000000e+00 6.000000000000000000e+00 8.191000000000000000e+03 0.000000000000000000e+00 0.000000000000000000e+00 2.754600048065185547e+00
4.400000095367431641e+00 2.101669609546661377e-01 0.000000000000000000e+00 3.260255141412926605e-07 2.100005298852920532e-01 0.000000000000000000e+00 6.000000000000000000e+00 8.191000000000000000e+03 0.000000000000000000e+00 0.000000000000000000e+00 2.754600048065185547e+00
4.599999904632568359e+00 2.201588898897171021e-01 0.000000000000000000e+00 3.518539983815571759e-07 2.199975699186325073e-01 0.000000000000000000e+00 6.000000000000000000e+00 8.191000000000000000e+03 0.000000000000000000e+00 0.000000000000000000e+00 2.754699945449829102e+00
4.800000190734863281e+00 2.302066087722778320e-01 0.000000000000000000e+00 3.797827901053096866e-07 2.299945950508117676e-01 0.000000000000000000e+00 6.000000000000000000e+00 8.191000000000000000e+03 0.000000000000000000e+00 0.000000000000000000e+00 2.754699945449829102e+00
5.000000000000000000e+00 2.401881068944931030e-01 0.000000000000000000e+00 4.099022419268294470e-07 2.400041371583938599e-01 0.000000000000000000e+00 6.000000000000000000e+00 8.191000000000000000e+03 0.000000000000000000e+00 0.000000000000000000e+00 2.754699945449829102e+00
5.200000286102294922e+00 2.502271234989166260e-01 0.000000000000000000e+00 4.402722026952687884e-07 2.500011622905731201e-01 0.000000000000000000e+00 6.000000000000000000e+00 8.191000000000000000e+03 0.000000000000000000e+00 0.000000000000000000e+00 2.754699945449829102e+00
5.400000095367431641e+00 2.599832117557525635e-01 0.000000000000000000e+00 4.755730174110794906e-07 2.599982023239135742e-01 0.000000000000000000e+00 6.000000000000000000e+00 8.191000000000000000e+03 0.000000000000000000e+00 0.000000000000000000e+00 2.754699945449829102e+00
5.599999904632568359e+00 2.702613770961761475e-01 0.000000000000000000e+00 5.136221261636819690e-07 2.699952423572540283e-01 0.000000000000000000e+00 6.000000000000000000e+00 8.191000000000000000e+03 0.000000000000000000e+00 0.000000000000000000e+00 2.754699945449829102e+00
5.800000190734863281e+00 2.801943719387054443e-01 0.000000000000000000e+00 5.530716862267581746e-07 2.800047695636749268e-01 0.000000000000000000e+00 6.000000000000000000e+00 8.191000000000000000e+03 0.000000000000000000e+00 0.000000000000000000e+00 2.754699945449829102e+00
6.000000000000000000e+00 2.902646362781524658e-01 0.000000000000000000e+00 5.953724553364736494e-07 2.900017797946929932e-01 0.000000000000000000e+00 6.000000000000000000e+00 8.191000000000000000e+03 0.000000000000000000e+00 0.000000000000000000e+00 2.754699945449829102e+00
6.200000286102294922e+00 3.001509010791778564e-01 0.000000000000000000e+00 6.460585950662789401e-07 2.999988198280334473e-01 0.000000000000000000e+00 6.000000000000000000e+00 8.191000000000000000e+03 0.000000000000000000e+00 0.000000000000000000e+00 2.754699945449829102e+00
6.400000095367431641e+00 2.901195883750915527e-01 0.000000000000000000e+00 4.063571168444468640e-07 2.900017797946929932e-01 0.000000000000000000e+00 6.000000000000000000e+00 8.191000000000000000e+03 0.000000000000000000e+00 0.000000000000000000e+00 2.754699945449829102e+00
6.599999904632568359e+00 2.801896333694458008e-01 0.000000000000000000e+00 2.729558445935253985e-07 2.800047695636749268e-01 0.000000000000000000e+00 6.000000000000000000e+00 8.191000000000000000e+03 0.000000000000000000e+00 0.000000000000000000e+00 2.754799842834472656e+00
6.800000190734863281e+00 2.701782286167144775e-01 0.000000000000000000e+00 1.815168104712938657e-07 2.699952423572540283e-01 0.000000000000000000e+00 6.000000000000000000e+00 8.191000000000000000e+03 0.000000000000000000e+00 0.000000000000000000e+00 2.754799842834472656e+00
7.000000000000000000e+00 2.602363526821136475e-01 0.000000000000000000e+00 1.145572881000589405e-07 2.599982023239135742e-01 0.000000000000000000e+00 6.000000000000000000e+00 8.191000000000000000e+03 0.000000000000000000e+00 0.000000000000000000e+00 2.754799842834472656e+00
7.200000286102294922e+00 2.502171397209167480e-01 0.000000000000000000e+00 6.284542308776508435e-08 2.500011622905731201e-01 0.000000000000000000e+00 6.000000000000000000e+00 8.191000000000000000e+03 0.000000000000000000e+00 0.000000000000000000e+00 2.754799842834472656e+00
7.400000095367431641e+00 2.403013706207275391e-01 0.000000000000000000e+00 2.240138030629168497e-08 2.400041371583938599e-01 0.000000000000000000e+00 5.000000000000000000e+00 8.191000000000000000e+03 0.000000000000000000e+00 0.000000000000000000e+00 2.754799842834472656e+00
7.599999904632568359e+00 2.301750630140304565e-01 0.000000000000000000e+00 -1.146867223411618397e-08 2.299945950508117676e-01 0.000000000000000000e+00 5.000000000000000000e+00 8.191000000000000000e+03 0.000000000000000000e+00 0.000000000000000000e+00 2.754400014877319336e+00
7.800000190734863281e+00 2.200730144977569580e-01 0.000000000000000000e+00 -3.964965245017992856e-08 2.199975699186325073e-01 0.000000000000000000e+00 5.000000000000000000e+00 8.191000000000000000e+03 0.000000000000000000e+00 0.000000000000000000e+00 2.754400014877319336e+00
8.000000000000000000e+00 2.101996093988418579e-01 0.000000000000000000e+00 -6.412572872704913607e-08 2.100005298852920532e-01 0.000000000000000000e+00 5.000000000000000000e+00 8.191000000000000000e+03 0.000000000000000000e+00 0.000000000000000000e+00 2.754400014877319336e+00
8.199999809265136719e+00 2.002055644989013672e-01 0.000000000000000000e+00 -8.446387766980478773e-08 2.000034898519515991e-01 0.000000000000000000e+00 5.000000000000000000e+00 8.191000000000000000e+03 0.000000000000000000e+00 0.000000000000000000e+00 2.754400014877319336e+00
8.400000572204589844e+00 1.901620030403137207e-01 0.000000000000000000e+00 -1.021674620460544247e-07 1.899939626455307007e-01 0.000000000000000000e+00 5.000000000000000000e+00 7.164000000000000000e+03 0.000000000000000000e+00 0.000000000000000000e+00 2.754400014877319336e+00
8.600000381469726562e+00 1.802240312099456787e-01 0.000000000000000000e+00 -1.198595782625488937e-07 1.799969226121902466e-01 0.000000000000000000e+00 6.000000000000000000e+00 8.191000000000000000e+03 0.000000000000000000e+00 0.000000000000000000e+00 2.754699945449829102e+00
8.800000190734863281e+00 1.701216101646423340e-01 0.000000000000000000e+00 -1.342742450560763245e-07 1.699998974800109863e-01 0.000000000000000000e+00 6.000000000000000000e+00 8.191000000000000000e+03 0.000000000000000000e+00 0.000000000000000000e+00 2.754699945449829102e+00
9.000000000000000000e+00 1.600614637136459351e-01 0.000000000000000000e+00 -1.469631314421349089e-07 1.600028574466705322e-01 0.000000000000000000e+00 6.000000000000000000e+00 8.191000000000000000e+03 0.000000000000000000e+00 0.000000000000000000e+00 2.754699945449829102e+00
9.199999809265136719e+00 1.501832157373428345e-01 0.000000000000000000e+00 -1.588907139193906914e-07 1.500058174133300781e-01 0.000000000000000000e+00 6.000000000000000000e+00 8.191000000000000000e+03 0.000000000000000000e+00 0.000000000000000000e+00 2.754699945449829102e+00
9.400000572204589844e+00 1.400339156389236450e-01 0.000000000000000000e+00 -1.709495620616507949e-07 1.399962902069091797e-01 0.000000000000000000e+00 6.000000000000000000e+00 8.191000000000000000e+03 0.000000000000000000e+00 0.000000000000000000e+00 2.754699945449829102e+00
9.600000381469726562e+00 1.302142739295959473e-01 0.000000000000000000e+00 -1.812297369951920700e-07 1.299992501735687256e-01 0.000000000000000000e+00 6.000000000000000000e+00 8.191000000000000000e+03 0.000000000000000000e+00 0.000000000000000000e+00 2.754600048065185547e+00
9.800000190734863281e+00 1.201656535267829895e-01 0.000000000000000000e+00 -1.922529548892271123e-07 1.200022250413894653e-01 0.000000000000000000e+00 6.000000000000000000e+00 8.191000000000000000e+03 0.000000000000000000e+00 0.000000000000000000e+00 2.754600048065185547e+00
1.000000000000000000e+01 1.101780980825424194e-01 0.000000000000000000e+00 -2.038209316879147082e-07 1.100051850080490112e-01 0.000000000000000000e+00 6.000000000000000000e+00 8.191000000000000000e+03 0.000000000000000000e+00 0.000000000000000000e+00 2.754600048065185547e+00
1.019999980926513672e+01 1.002197116613388062e-01 0.000000000000000000e+00 -2.137948769131980953e-07 9.999565780162811279e-02 0.000000000000000000e+00 6.000000000000000000e+00 8.191000000000000000e+03 0.000000000000000000e+00 0.000000000000000000e+00 2.754600048065185547e+00
1.040000057220458984e+01 9.019194543361663818e-02 0.000000000000000000e+00 -2.251707087452814449e-07 8.999861776828765869e-02 0.000000000000000000e+00 6.000000000000000000e+00 8.191000000000000000e+03 0.000000000000000000e+00 0.000000000000000000e+00 2.754600048065185547e+00
1.060000038146972656e+01 8.028324693441390991e-02 0.000000000000000000e+00 -2.373895000573611469e-07 8.000158518552780151e-02 0.000000000000000000e+00 6.000000000000000000e+00 8.191000000000000000e+03 0.000000000000000000e+00 0.000000000000000000e+00 2.754600048065185547e+00
1.080000019073486328e+01 7.010260224342346191e-02 0.000000000000000000e+00 -2.495437172456149710e-07 7.000455260276794434e-02 0.000000000000000000e+00 6.000000000000000000e+00 8.191000000000000000e+03 0.000000000000000000e+00 0.000000000000000000e+00 2.754600048065185547e+00
1.100000000000000000e+01 6.029012426733970642e-02 0.000000000000000000e+00 -2.631693973853543866e-07 5.999501794576644897e-02 0.000000000000000000e+00 6.000000000000000000e+00 8.191000000000000000e+03 0.000000000000000000e+00 0.000000000000000000e+00 2.754600048065185547e+00
1.119999980926513672e+01 5.014468356966972351e-02 0.000000000000000000e+00 -2.779057410862151301e-07 4.999798536300659180e-02 0.000000000000000000e+00 6.000000000000000000e+00 8.191000000000000000e+03 0.000000000000000000e+00 0.000000000000000000e+00 2.754600048065185547e+00
1.140000057220458984e+01 4.019296169281005859e-02 0.000000000000000000e+00 -2.954742228666873416e-07 4.000094905495643616e-02 0.000000000000000000e+00 6.000000000000000000e+00 8.191000000000000000e+03 0.000000000000000000e+00 0.000000000000000000e+00 2.754600048065185547e+00
1.160000038146972656e+01 3.015060350298881531e-02 0.000000000000000000e+00 -3.158533559144416358e-07 3.000391460955142975e-02 0.000000000000000000e+00 6.000000000000000000e+00 8.191000000000000000e+03 0.000000000000000000e+00 0.000000000000000000e+00 2.754600048065185547e+00
1.180000019073486328e+01 2.018600888550281525e-02 0.000000000000000000e+00 -3.381078670372517081e-07 1.999438367784023285e-02 0.000000000000000000e+00 6.000000000000000000e+00 8.191000000000000000e+03 0.000000000000000000e+00 0.000000000000000000e+00 2.754600048065185547e+00
1.200000000000000000e+01 1.012492366135120392e-02 0.000000000000000000e+00 -3.643035881850664737e-07 9.997349232435226440e-03 0.000000000000000000e+00 6.000000000000000000e+00 8.191000000000000000e+03 0.000000000000000000e+00 0.000000000000000000e+00 2.754600048065185547e+00
1.219999980926513672e+01 2.902329724747687578e-04 0.000000000000000000e+00 -3.944742275052703917e-07 3.129243850708007812e-07 0.000000000000000000e+00 6.000000000000000000e+00 8.191000000000000000e+03 0.000000000000000000e+00 0.000000000000000000e+00 2.754600048065185547e+00
1.240000057220458984e+01 -9.987230412662029266e-03 0.000000000000000000e+00 -4.294884945466037607e-07 -9.996719658374786377e-03 0.000000000000000000e+00 6.000000000000000000e+00 8.191000000000000000e+03 0.000000000000000000e+00 0.000000000000000000e+00 2.754600048065185547e+00
1.260000038146972656e+01 -1.975164376199245453e-02 0.000000000000000000e+00 -4.698006250691832975e-07 -1.999375596642494202e-02 0.000000000000000000e+00 6.000000000000000000e+00 6.143000000000000000e+03 0.000000000000000000e+00 0.000000000000000000e+00 2.754600048065185547e+00
1.280000019073486328e+01 -2.977362461388111115e-02 0.000000000000000000e+00 -5.143839416632545181e-07 -3.000328317284584045e-02 0.000000000000000000e+00 6.000000000000000000e+00 8.191000000000000000e+03 0.000000000000000000e+00 0.000000000000000000e+00 2.754600048065185547e+00
1.300000000000000000e+01 -3.990140929818153381e-02 0.000000000000000000e+00 -5.670693781212321483e-07 -4.000032320618629456e-02 0.000000000000000000e+00 6.000000000000000000e+00 8.191000000000000000e+03 0.000000000000000000e+00 0.000000000000000000e+00 2.754600048065185547e+00
1.319999980926513672e+01 -4.979179799556732178e-02 0.000000000000000000e+00 -6.215722692104463931e-07 -4.999735578894615173e-02 0.000000000000000000e+00 6.000000000000000000e+00 8.191000000000000000e+03 0.000000000000000000e+00 0.000000000000000000e+00 2.754600048065185547e+00
1.340000057220458984e+01 -5.986384302377700806e-02 0.000000000000000000e+00 -6.831737664469983429e-07 -5.999438837170600891e-02 0.000000000000000000e+00 6.000000000000000000e+00 8.191000000000000000e+03 0.000000000000000000e+00 0.000000000000000000e+00 2.754600048065185547e+00
1.360000038146972656e+01 -6.979335844516754150e-02 0.000000000000000000e+00 -7.498919671888870653e-07 -7.000392675399780273e-02 0.000000000000000000e+00 6.000000000000000000e+00 8.191000000000000000e+03 0.000000000000000000e+00 0.000000000000000000e+00 2.754799842834472656e+00
1.380000019073486328e+01 -7.979546487331390381e-02 0.000000000000000000e+00 -8.261673656306811608e-07 -8.000095188617706299e-02 0.000000000000000000e+00 6.000000000000000000e+00 8.191000000000000000e+03 0.000000000000000000e+00 0.000000000000000000e+00 2.754799842834472656e+00
1.400000000000000000e+01 -8.991133421659469604e-02 0.000000000000000000e+00 -9.070440682990010828e-07 -8.999799191951751709e-02 0.000000000000000000e+00 6.000000000000000000e+00 8.191000000000000000e+03 0.000000000000000000e+00 0.000000000000000000e+00 2.754799842834472656e+00
1.419999980926513672e+01 -9.986587613821029663e-02 0.000000000000000000e+00 -9.893528840621002018e-07 -9.999501705169677734e-02 0.000000000000000000e+00 7.000000000000000000e+00 8.191000000000000000e+03 0.000000000000000000e+00 0.000000000000000000e+00 2.754799842834472656e+00
1.440000057220458984e+01 -1.098274365067481995e-01 0.000000000000000000e+00 -1.097675863093172666e-06 -1.100045591592788696e-01 0.000000000000000000e+00 7.000000000000000000e+00 8.191000000000000000e+03 0.000000000000000000e+00 0.000000000000000000e+00 2.754799842834472656e+00
1.460000038146972656e+01 -1.199677065014839172e-01 0.000000000000000000e+00 -1.216095824929652736e-06 -1.200015842914581299e-01 0.000000000000000000e+00 7.000000000000000000e+00 8.191000000000000000e+03 0.000000000000000000e+00 0.000000000000000000e+00 2.754600048065185547e+00
1.480000019073486328e+01 -1.298831850290298462e-01 0.000000000000000000e+00 -1.341972506452293601e-06 -1.299986243247985840e-01 0.000000000000000000e+00 7.000000000000000000e+00 8.191000000000000000e+03 0.000000000000000000e+00 0.000000000000000000e+00 2.754600048065185547e+00
1.500000000000000000e+01 -1.398752331733703613e-01 0.000000000000000000e+00 -1.485927214162074961e-06 -1.399956643581390381e-01 0.000000000000000000e+00 7.000000000000000000e+00 8.191000000000000000e+03 0.000000000000000000e+00 0.000000000000000000e+00 2.754600048065185547e+00
1.519999980926513672e+01 -1.498366892337799072e-01 0.000000000000000000e+00 -1.646360487939091399e-06 -1.500051915645599365e-01 0.000000000000000000e+00 7.000000000000000000e+00 8.191000000000000000e+03 0.000000000000000000e+00 0.000000000000000000e+00 2.754600048065185547e+00
1.540000057220458984e+01 -1.598854213953018188e-01 0.000000000000000000e+00 -1.821410023694625124e-06 -1.600022166967391968e-01 0.000000000000000000e+00 7.000000000000000000e+00 8.191000000000000000e+03 0.000000000000000000e+00 0.000000000000000000e+00 2.754600048065185547e+00
1.560000038146972656e+01 -1.698239296674728394e-01 0.000000000000000000e+00 -2.014822257478954270e-06 -1.699992567300796509e-01 0.000000000000000000e+00 7.000000000000000000e+00 8.191000000000000000e+03 0.000000000000000000e+00 0.000000000000000000e+00 2.754600048065185547e+00
1.580000019073486328e+01 -1.797876060009002686e-01 0.000000000000000000e+00 -2.230668997071916237e-06 -1.799962967634201050e-01 0.000000000000000000e+00 7.000000000000000000e+00 8.191000000000000000e+03 0.000000000000000000e+00 0.000000000000000000e+00 2.754600048065185547e+00
1.600000000000000000e+01 -1.899737566709518433e-01 0.000000000000000000e+00 -2.467162630637176335e-06 -1.900058239698410034e-01 0.000000000000000000e+00 7.000000000000000000e+00 8.191000000000000000e+03 0.000000000000000000e+00 0.000000000000000000e+00 2.754600048065185547e+00
1.620000076293945312e+01 -1.998613774776458740e-01 0.000000000000000000e+00 -2.722802264543133788e-06 -2.000028640031814575e-01 0.000000000000000000e+00 7.000000000000000000e+00 8.191000000000000000e+03 0.000000000000000000e+00 0.000000000000000000e+00 2.754600048065185547e+00
1.639999961853027344e+01 -1.899633109569549561e-01 0.000000000000000000e+00 -2.304326926605426706e-06 -1.900058239698410034e-01 0.000000000000000000e+00 7.000000000000000000e+00 8.191000000000000000e+03 0.000000000000000000e+00 1.000000000000000000e+00 2.754600048065185547e+00
1.660000038146972656e+01 -1.798745542764663696e-01 0.000000000000000000e+00 -1.977220108528854325e-06 -1.799962967634201050e-01 0.000000000000000000e+00 7.000000000000000000e+00 8.191000000000000000e+03 0.000000000000000000e+00 1.000000000000000000e+00 2.754600048065185547e+00
1.680000114440917969e+01 -1.698289513587951660e-01 0.000000000000000000e+00 -1.702481654319853988e-06 -1.699992567300796509e-01 0.000000000000000000e+00 7.000000000000000000e+00 8.191000000000000000e+03 0.000000000000000000e+00 1.000000000000000000e+00 2.754600048065185547e+00
1.700000000000000000e+01 -1.597597002983093262e-01 0.000000000000000000e+00 -1.464611386836622842e-06 -1.600022166967391968e-01 0.000000000000000000e+00 7.000000000000000000e+00 8.191000000000000000e+03 0.000000000000000000e+00 1.000000000000000000e+00 2.754600048065185547e+00
1.720000076293945312e+01 -1.497900187969207764e-01 0.000000000000000000e+00 -1.263706053578061983e-06 -1.500051915645599365e-01 0.000000000000000000e+00 7.000000000000000000e+00 8.191000000000000000e+03 0.000000000000000000e+00 1.000000000000000000e+00 2.754600048065185547e+00
1.739999961853027344e+01 -1.398315727710723877e-01 0.000000000000000000e+00 -1.084914060811570380e-06 -1.399956643581390381e-01 0.000000000000000000e+00 7.000000000000000000e+00 8.191000000000000000e+03 0.000000000000000000e+00 1.000000000000000000e+00 2.754600048065185547e+00
1.760000038146972656e+01 -1.299956142902374268e-01 0.000000000000000000e+00 -9.316692057836917229e-07 -1.299986243247985840e-01 0.000000000000000000e+00 7.000000000000000000e+00 8.191000000000000000e+03 0.000000000000000000e+00 1.000000000000000000e+00 2.754600048065185547e+00
1.780000114440917969e+01 -1.198819354176521301e-01 0.000000000000000000e+00 -7.951666134431434330e-07 -1.200015842914581299e-01 0.000000000000000000e+00 7.000000000000000000e+00 8.191000000000000000e+03 0.000000000000000000e+00 1.000000000000000000e+00 2.754600048065185547e+00
1.800000000000000000e+01 -1.098279133439064026e-01 0.000000000000000000e+00 -6.778969918741495349e-07 -1.100045591592788696e-01 0.000000000000000000e+00 6.000000000000000000e+00 8.191000000000000000e+03 0.000000000000000000e+00 1.000000000000000000e+00 2.754600048065185547e+00
1.820000076293945312e+01 -9.986161440610885620e-02 0.000000000000000000e+00 -5.707103696295234840e-07 -9.999501705169677734e-02 0.000000000000000000e+00 6.000000000000000000e+00 8.191000000000000000e+03 0.000000000000000000e+00 1.000000000000000000e+00 2.754600048065185547e+00
1.839999961853027344e+01 -8.991929143667221069e-02 0.000000000000000000e+00 -4.749752804400486639e-07 -8.999799191951751709e-02 0.000000000000000000e+00 6.000000000000000000e+00 8.191000000000000000e+03 0.000000000000000000e+00 1.000000000000000000e+00 2.754600048065185547e+00
1.860000038146972656e+01 -7.986596971750259399e-02 0.000000000000000000e+00 -3.871914771025330992e-07 -8.000095188617706299e-02 0.000000000000000000e+00 6.000000000000000000e+00 8.191000000000000000e+03 0.000000000000000000e+00 1.000000000000000000e+00 2.754600048065185547e+00
1.880000114440917969e+01 -6.990090757608413696e-02 0.000000000000000000e+00 -3.097997307577315951e-07 -7.000392675399780273e-02 0.000000000000000000e+00 6.000000000000000000e+00 8.191000000000000000e+03 0.000000000000000000e+00 1.000000000000000000e+00 2.754600048065185547e+00
1.900000000000000000e+01 -5.981110408902168274e-02 0.000000000000000000e+00 -2.408160639788547996e-07 -5.999438837170600891e-02 0.000000000000000000e+00 6.000000000000000000e+00 8.191000000000000000e+03 0.000000000000000000e+00 1.000000000000000000e+00 2.754600048065185547e+00
1.920000076293945312e+01 -4.985271394252777100e-02 0.000000000000000000e+00 -1.767248818396183196e-07 -4.999735578894615173e-02 0.000000000000000000e+00 6.000000000000000000e+00 8.191000000000000000e+03 0.000000000000000000e+00 1.000000000000000000e+00 2.754600048065185547e+00
1.939999961853027344e+01 -3.980808705091476440e-02 0.000000000000000000e+00 -1.206607294079731219e-07 -4.000032320618629456e-02 0.000000000000000000e+00 6.000000000000000000e+00 8.191000000000000000e+03 0.000000000000000000e+00 1.000000000000000000e+00 2.754600048065185547e+00
1.960000038146972656e+01 -2.983400784432888031e-02 0.000000000000000000e+00 -7.008623015281045809e-08 -3.000328317284584045e-02 0.000000000000000000e+00 6.000000000000000000e+00 8.191000000000000000e+03 0.000000000000000000e+00 1.000000000000000000e+00 2.754600048065185547e+00
1.980000114440917969e+01 -1.978031173348426819e-02 0.000000000000000000e+00 -2.182281377827166580e-08 -1.999375596642494202e-02 0.000000000000000000e+00 5.000000000000000000e+00 8.191000000000000000e+03 0.000000000000000000e+00 1.000000000000000000e+00 2.754600048065185547e+00
2.000000000000000000e+01 -9.768724441528320312e-03 0.000000000000000000e+00 1.702875351838883944e-08 -9.996719658374786377e-03 0.000000000000000000e+00 5.000000000000000000e+00 8.191000000000000000e+03 0.000000000000000000e+00 1.000000000000000000e+00 2.754600048065185547e+00
2.020000076293945312e+01 1.517998171038925648e-04 0.000000000000000000e+00 5.146991810534018441e-08 3.129243850708007812e-07 0.000000000000000000e+00 5.000000000000000000e+00 8.191000000000000000e+03 0.000000000000000000e+00 1.000000000000000000e+00 2.754600048065185547e+00
2.039999961853027344e+01 1.015422772616147995e-02 0.000000000000000000e+00 8.146514574036700651e-08 9.997349232435226440e-03 0.000000000000000000e+00 5.000000000000000000e+00 8.191000000000000000e+03 0.000000000000000000e+00 1.000000000000000000e+00 2.754600048065185547e+00
2.060000038146972656e+01 2.020650357007980347e-02 0.000000000000000000e+00 1.056782608088724373e-07 1.999438367784023285e-02 0.000000000000000000e+00 5.000000000000000000e+00 5.116000000000000000e+03 0.000000000000000000e+00 1.000000000000000000e+00 2.754600048065185547e+00
2.080000114440917969e+01 3.011624142527580261e-02 0.000000000000000000e+00 1.293242348765488714e-07 3.000391460955142975e-02 0.000000000000000000e+00 6.000000000000000000e+00 8.191000000000000000e+03 0.000000000000000000e+00 1.000000000000000000e+00 2.754600048065185547e+00
2.100000000000000000e+01 4.004678130149841309e-02 0.000000000000000000e+00 1.505363940168535919e-07 4.000094905495643616e-02 0.000000000000000000e+00 6.000000000000000000e+00 8.191000000000000000e+03 0.000000000000000000e+00 1.000000000000000000e+00 2.754600048065185547e+00
2.120000076293945312e+01 5.018966645002365112e-02 0.000000000000000000e+00 1.702179872609121958e-07 4.999798536300659180e-02 0.000000000000000000e+00 6.000000000000000000e+00 8.191000000000000000e+03 0.000000000000000000e+00 1.000000000000000000e+00 2.754600048065185547e+00
2.139999961853027344e+01 6.023822352290153503e-02 0.000000000000000000e+00 1.882297766542251338e-07 5.999501794576644897e-02 0.000000000000000000e+00 6.000000000000000000e+00 8.191000000000000000e+03 0.000000000000000000e+00 1.000000000000000000e+00 2.754600048065185547e+00
2.160000038146972656e+01 7.012216001749038696e-02 0.000000000000000000e+00 2.041139595121421735e-07 7.000455260276794434e-02 0.000000000000000000e+00 6.000000000000000000e+00 8.191000000000000000e+03 0.000000000000000000e+00 1.000000000000000000e+00 2.754499912261962891e+00
2.180000114440917969e+01 8.007503300905227661e-02 0.000000000000000000e+00 2.208404481507386663e-07 8.000158518552780151e-02 0.000000000000000000e+00 6.000000000000000000e+00 8.191000000000000000e+03 0.000000000000000000e+00 1.000000000000000000e+00 2.754499912261962891e+00
2.200000000000000000e+01 9.011746197938919067e-02 0.000000000000000000e+00 2.356383816959350952e-07 8.999861776828765869e-02 0.000000000000000000e+00 6.000000000000000000e+00 8.191000000000000000e+03 0.000000000000000000e+00 1.000000000000000000e+00 2.754499912261962891e+00
2.220000076293945312e+01 1.000294238328933716e-01 0.000000000000000000e+00 2.510136880573554663e-07 9.999565780162811279e-02 0.000000000000000000e+00 6.000000000000000000e+00 8.191000000000000000e+03 0.000000000000000000e+00 1.000000000000000000e+00 2.754499912261962891e+00
2.239999961853027344e+01 1.102394014596939087e-01 0.000000000000000000e+00 2.662120266450074269e-07 1.100051850080490112e-01 0.000000000000000000e+00 6.000000000000000000e+00 8.191000000000000000e+03 0.000000000000000000e+00 1.000000000000000000e+00 2.754499912261962891e+00
2.260000038146972656e+01 1.200752183794975281e-01 0.000000000000000000e+00 2.805758470003638649e-07 1.200022250413894653e-01 0.000000000000000000e+00 6.000000000000000000e+00 8.191000000000000000e+03 0.000000000000000000e+00 1.000000000000000000e+00 2.754600048065185547e+00
2.280000114440917969e+01 1.302415728569030762e-01 0.000000000000000000e+00 2.966937984183459776e-07 1.299992501735687256e-01 0.000000000000000000e+00 6.000000000000000000e+00 8.191000000000000000e+03 0.000000000000000000e+00 1.000000000000000000e+00 2.754600048065185547e+00
2.300000000000000000e+01 1.402586847543716431e-01 0.000000000000000000e+00 3.121163842934038257e-07 1.399962902069091797e-01 0.000000000000000000e+00 6.000000000000000000e+00 8.191000000000000000e+03 0.000000000000000000e+00 1.000000000000000000e+00 2.754600048065185547e+00
2.320000076293945312e+01 1.501568406820297241e-01 0.000000000000000000e+00 3.282324598785635317e-07 1.500058174133300781e-01 0.000000000000000000e+00 6.000000000000000000e+00 8.191000000000000000e+03 0.000000000000000000e+00 1.000000000000000000e+00 2.754600048065185547e+00
2.339999961853027344e+01 1.602483391761779785e-01 0.000000000000000000e+00 3.452629471212276258e-07 1.600028574466705322e-01 0.000000000000000000e+00 6.000000000000000000e+00 8.191000000000000000e+03 0.000000000000000000e+00 1.000000000000000000e+00 2.754600048065185547e+00
2.360000038146972656e+01 1.700930744409561157e-01 0.000000000000000000e+00 3.624778628363856114e-07 1.699998974800109863e-01 0.000000000000000000e+00 6.000000000000000000e+00 8.191000000000000000e+03 0.000000000000000000e+00 1.000000000000000000e+00 2.754699945449829102e+00
2.380000114440917969e+01 1.800564080476760864e-01 0.000000000000000000e+00 3.815107163518405287e-07 1.799969226121902466e-01 0.000000000000000000e+00 6.000000000000000000e+00 8.191000000000000000e+03 0.000000000000000000e+00 1.000000000000000000e+00 2.754699945449829102e+00
2.400000000000000000e+01 1.900338232517242432e-01 0.000000000000000000e+00 4.003837545951682841e-07 1.899939626455307007e-01 0.000000000000000000e+00 6.000000000000000000e+00 8.191000000000000000e+03 0.000000000000000000e+00 1.000000000000000000e+00 2.754699945449829102e+00
2.420000076293945312e+01 2.002692073583602905e-01 0.000000000000000000e+00 4.220374023589101853e-07 2.000034898519515991e-01 0.000000000000000000e+00 6.000000000000000000e+00 8.191000000000000000e+03 0.000000000000000000e+00 1.000000000000000000e+00 2.754699945449829102e+00
2.439999961853027344e+01 2.101036757230758667e-01 0.000000000000000000e+00 4.442854049102606950e-07 2.100005298852920532e-01 0.000000000000000000e+00 6.000000000000000000e+00 8.191000000000000000e+03 0.000000000000000000e+00 1.000000000000000000e+00 2.754699945449829102e+00
2.460000038146972656e+01 2.200678735971450806e-01 0.000000000000000000e+00 4.667237760713760508e-07 2.199975699186325073e-01 0.000000000000000000e+00 6.000000000000000000e+00 8.191000000000000000e+03 0.000000000000000000e+00 1.000000000000000000e+00 2.754699945449829102e+00
2.480000114440917969e+01 2.302397936582565308e-01 0.000000000000000000e+00 4.938714255331433378e-07 2.299945950508117676e-01 0.000000000000000000e+00 6.000000000000000000e+00 8.191000000000000000e+03 0.000000000000000000e+00 1.000000000000000000e+00 2.754699945449829102e+00
2.500000000000000000e+01 2.400997430086135864e-01 0.000000000000000000e+00 5.218565206632774789e-07 2.400041371583938599e-01 0.000000000000000000e+00 6.000000000000000000e+00 8.191000000000000000e+03 0.000000000000000000e+00 1.000000000000000000e+00 2.754699945449829102e+00
2.520000076293945312e+01 2.501463592052459717e-01 0.000000000000000000e+00 5.502714088834181894e-07 2.500011622905731201e-01 0.000000000000000000e+00 6.000000000000000000e+00 8.191000000000000000e+03 0.000000000000000000e+00 1.000000000000000000e+00 2.754699945449829102e+00
2.539999961853027344e+01 2.601137161254882812e-01 0.000000000000000000e+00 5.854702180840831716e-07 2.599982023239135742e-01 0.000000000000000000e+00 6.000000000000000000e+00 8.191000000000000000e+03 0.000000000000000000e+00 1.000000000000000000e+00 2.754699945449829102e+00
2.560000038146972656e+01 2.701627910137176514e-01 0.000000000000000000e+00 6.243222401280945633e-07 2.699952423572540283e-01 0.000000000000000000e+00 6.000000000000000000e+00 8.191000000000000000e+03 0.000000000000000000e+00 1.000000000000000000e+00 2.754699945449829102e+00
2.580000114440917969e+01 2.802534997463226318e-01 0.000000000000000000e+00 6.643774668191326782e-07 2.800047695636749268e-01 0.000000000000000000e+00 6.000000000000000000e+00 8.191000000000000000e+03 0.000000000000000000e+00 1.000000000000000000e+00 2.754699945449829102e+00
2.600000000000000000e+01 2.901858985424041748e-01 0.000000000000000000e+00 7.100268817339383531e-07 2.900017797946929932e-01 0.000000000000000000e+00 6.000000000000000000e+00 8.191000000000000000e+03 0.000000000000000000e+00 1.000000000000000000e+00 2.754699945449829102e+00
2.620000076293945312e+01 3.002572953701019287e-01 0.000000000000000000e+00 7.612694616909720935e-07 2.999988198280334473e-01 0.000000000000000000e+00 6.000000000000000000e+00 8.191000000000000000e+03 0.000000000000000000e+00 1.000000000000000000e+00 2.754699945449829102e+00
2.639999961853027344e+01 2.901222705841064453e-01 0.000000000000000000e+00 4.953615757585794199e-07 2.900017797946929932e-01 0.000000000000000000e+00 6.000000000000000000e+00 8.191000000000000000e+03 0.000000000000000000e+00 1.000000000000000000e+00 2.754699945449829102e+00
2.660000038146972656e+01 2.801769971847534180e-01 0.000000000000000000e+00 3.428876880207099020e-07 2.800047695636749268e-01 0.000000000000000000e+00 6.000000000000000000e+00 8.191000000000000000e+03 0.000000000000000000e+00 1.000000000000000000e+00 2.754799842834472656e+00
2.680000114440917969e+01 2.701044082641601562e-01 0.000000000000000000e+00 2.377657750685102656e-07 2.699952423572540283e-01 0.000000000000000000e+00 6.000000000000000000e+00 8.191000000000000000e+03 0.000000000000000000e+00 1.000000000000000000e+00 2.754799842834472656e+00
2.700000000000000000e+01 2.602554261684417725e-01 0.000000000000000000e+00 1.608863584579012240e-07 2.599982023239135742e-01 0.000000000000000000e+00 6.000000000000000000e+00 8.191000000000000000e+03 0.000000000000000000e+00 1.000000000000000000e+00 2.754799842834472656e+00
2.720000076293945312e+01 2.501182556152343750e-01 0.000000000000000000e+00 1.017888706655867281e-07 2.500011622905731201e-01 0.000000000000000000e+00 6.000000000000000000e+00 8.191000000000000000e+03 0.000000000000000000e+00 1.000000000000000000e+00 2.754799842834472656e+00
2.739999961853027344e+01 2.401228100061416626e-01 0.000000000000000000e+00 5.281215464947308647e-08 2.400041371583938599e-01 0.000000000000000000e+00 6.000000000000000000e+00 8.191000000000000000e+03 0.000000000000000000e+00 1.000000000000000000e+00 2.754799842834472656e+00
2.760000038146972656e+01 2.301063984632492065e-01 0.000000000000000000e+00 1.233124713451161369e-08 2.299945950508117676e-01 0.000000000000000000e+00 5.000000000000000000e+00 8.191000000000000000e+03 0.000000000000000000e+00 1.000000000000000000e+00 2.754499912261962891e+00
2.780000114440917969e+01 2.201343774795532227e-01 0.000000000000000000e+00 -2.076061100808601623e-08 2.199975699186325073e-01 0.000000000000000000e+00 5.000000000000000000e+00 8.191000000000000000e+03 0.000000000000000000e+00 1.000000000000000000e+00 2.754499912261962891e+00
2.800000000000000000e+01 2.102053612470626831e-01 0.000000000000000000e+00 -4.892368821174386539e-08 2.100005298852920532e-01 0.000000000000000000e+00 5.000000000000000000e+00 8.191000000000000000e+03 0.000000000000000000e+00 1.000000000000000000e+00 2.754499912261962891e+00
2.820000076293945312e+01 2.002210170030593872e-01 0.000000000000000000e+00 -7.333804319387127180e-08 2.000034898519515991e-01 0.000000000000000000e+00 5.000000000000000000e+00 8.191000000000000000e+03 0.000000000000000000e+00 1.000000000000000000e+00 2.754499912261962891e+00
2.839999961853027344e+01 1.899959444999694824e-01 0.000000000000000000e+00 -9.504889675326921861e-08 1.899939626455307007e-01 0.000000000000000000e+00 5.000000000000000000e+00 7.164000000000000000e+03 0.000000000000000000e+00 1.000000000000000000e+00 2.754499912261962891e+00
2.860000038146972656e+01 1.802148222923278809e-01 0.000000000000000000e+00 -1.142669034948085027e-07 1.799969226121902466e-01 0.000000000000000000e+00 6.000000000000000000e+00 8.191000000000000000e+03 0.000000000000000000e+00 1.000000000000000000e+00 2.754699945449829102e+00
2.880000114440917969e+01 1.701392531394958496e-01 0.000000000000000000e+00 -1.315712694349713274e-07 1.699998974800109863e-01 0.000000000000000000e+00 6.000000000000000000e+00 8.191000000000000000e+03 0.000000000000000000e+00 1.000000000000000000e+00 2.754699945449829102e+00
2.900000000000000000e+01 1.601823121309280396e-01 0.000000000000000000e+00 -1.479964311101866770e-07 1.600028574466705322e-01 0.000000000000000000e+00 6.000000000000000000e+00 8.191000000000000000e+03 0.000000000000000000e+00 1.000000000000000000e+00 2.754699945449829102e+00
2.920000076293945312e+01 1.501792967319488525e-01 0.000000000000000000e+00 -1.631379262789778295e-07 1.500058174133300781e-01 0.000000000000000000e+00 6.000000000000000000e+00 8.191000000000000000e+03 0.000000000000000000e+00 1.000000000000000000e+00 2.754699945449829102e+00
2.939999961853027344e+01 1.401534825563430786e-01 0.000000000000000000e+00 -1.775951261606678599e-07 1.399962902069091797e-01 0.000000000000000000e+00 6.000000000000000000e+00 8.191000000000000000e+03 0.000000000000000000e+00 1.000000000000000000e+00 2.754699945449829102e+00
2.960000038146972656e+01 1.301921904087066650e-01 0.000000000000000000e+00 -1.905493718368234113e-07 1.299992501735687256e-01 0.000000000000000000e+00 6.000000000000000000e+00 8.191000000000000000e+03 0.000000000000000000e+00 1.000000000000000000e+00 2.754600048065185547e+00
2.980000114440917969e+01 1.200561746954917908e-01 0.000000000000000000e+00 -2.044661897571131703e-07 1.200022250413894653e-01 0.000000000000000000e+00 6.000000000000000000e+00 8.191000000000000000e+03 0.000000000000000000e+00 1.000000000000000000e+00 2.754600048065185547e+00
3.000000000000000000e+01 1.100891903042793274e-01 0.000000000000000000e+00 -2.173646578285115538e-07 1.100051850080490112e-01 0.000000000000000000e+00 6.000000000000000000e+00 8.191000000000000000e+03 0.000000000000000000e+00 1.000000000000000000e+00 2.754600048065185547e+00
3.020000076293945312e+01 1.000231504440307617e-01 0.000000000000000000e+00 -2.312564362227931269e-07 9.999565780162811279e-02 0.000000000000000000e+00 6.000000000000000000e+00 8.191000000000000000e+03 0.000000000000000000e+00 1.000000000000000000e+00 2.754600048065185547e+00
3.039999961853027344e+01 9.021724015474319458e-02 0.000000000000000000e+00 -2.439707031953730620e-07 8.999861776828765869e-02 0.000000000000000000e+00 6.000000000000000000e+00 8.191000000000000000e+03 0.000000000000000000e+00 1.000000000000000000e+00 2.754600048065185547e+00
3.060000038146972656e+01 8.008366823196411133e-02 0.000000000000000000e+00 -2.577837960870965617e-07 8.000158518552780151e-02 0.000000000000000000e+00 6.000000000000000000e+00 8.191000000000000000e+03 0.000000000000000000e+00 1.000000000000000000e+00 2.754600048065185547e+00
3.080000114440917969e+01 7.017812132835388184e-02 0.000000000000000000e+00 -2.736495332555932691e-07 7.000455260276794434e-02 0.000000000000000000e+00 6.000000000000000000e+00 8.191000000000000000e+03 0.000000000000000000e+00 1.000000000000000000e+00 2.754600048065185547e+00
3.100000000000000000e+01 6.012800335884094238e-02 0.000000000000000000e+00 -2.898929380990011850e-07 5.999501794576644897e-02 0.000000000000000000e+00 6.000000000000000000e+00 8.191000000000000000e+03 0.000000000000000000e+00 1.000000000000000000e+00 2.754600048065185547e+00
3.120000076293945312e+01 5.018218234181404114e-02 0.000000000000000000e+00 -3.052290082905528834e-07 4.999798536300659180e-02 0.000000000000000000e+00 6.000000000000000000e+00 8.191000000000000000e+03 0.000000000000000000e+00 1.000000000000000000e+00 2.754600048065185547e+00
3.139999961853027344e+01 4.010913148522377014e-02 0.000000000000000000e+00 -3.250202667004487012e-07 4.000094905495643616e-02 0.000000000000000000e+00 6.000000000000000000e+00 8.191000000000000000e+03 0.000000000000000000e+00 1.000000000000000000e+00 2.754600048065185547e+00
3.160000038146972656e+01 3.022231161594390869e-02 0.000000000000000000e+00 -3.459867912170011550e-07 3.000391460955142975e-02 0.000000000000000000e+00 6.000000000000000000e+00 8.191000000000000000e+03 0.000000000000000000e+00 1.000000000000000000e+00 2.754600048065185547e+00
3.180000114440917969e+01 2.024875022470951080e-02 0.000000000000000000e+00 -3.674525714814080857e-07 1.999438367784023285e-02 0.000000000000000000e+00 6.000000000000000000e+00 8.191000000000000000e+03 0.000000000000000000e+00 1.000000000000000000e+00 2.754600048065185547e+00
3.200000000000000000e+01 1.021630037575960159e-02 0.000000000000000000e+00 -3.944065554151165998e-07 9.997349232435226440e-03 0.000000000000000000e+00 6.000000000000000000e+00 8.191000000000000000e+03 0.000000000000000000e+00 1.000000000000000000e+00 2.754600048065185547e+00
3.220000076293945312e+01 2.350266440771520138e-04 0.000000000000000000e+00 -4.247131926149450010e-07 3.129243850708007812e-07 0.000000000000000000e+00 6.000000000000000000e+00 8.191000000000000000e+03 0.000000000000000000e+00 1.000000000000000000e+00 2.754600048065185547e+00
3.240000152587890625e+01 -9.715323336422443390e-03 0.000000000000000000e+00 -4.569384657315822551e-07 -9.996719658374786377e-03 0.000000000000000000e+00 6.000000000000000000e+00 8.191000000000000000e+03 0.000000000000000000e+00 1.000000000000000000e+00 2.754600048065185547e+00
3.260000228881835938e+01 -1.972385309636592865e-02 0.000000000000000000e+00 -4.936688924317422789e-07 -1.999375596642494202e-02 0.000000000000000000e+00 6.000000000000000000e+00 6.143000000000000000e+03 0.000000000000000000e+00 1.000000000000000000e+00 2.754600048065185547e+00
3.279999923706054688e+01 -2.985637821257114410e-02 0.000000000000000000e+00 -5.336696062840928789e-07 -3.000328317284584045e-02 0.000000000000000000e+00 6.000000000000000000e+00 8.191000000000000000e+03 0.000000000000000000e+00 1.000000000000000000e+00 2.754600048065185547e+00
3.300000000000000000e+01 -3.981032967567443848e-02 0.000000000000000000e+00 -5.803756266686832532e-07 -4.000032320618629456e-02 0.000000000000000000e+00 6.000000000000000000e+00 8.191000000000000000e+03 0.000000000000000000e+00 1.000000000000000000e+00 2.754600048065185547e+00
3.320000076293945312e+01 -4.980815947055816650e-02 0.000000000000000000e+00 -6.284364530984021258e-07 -4.999735578894615173e-02 0.000000000000000000e+00 6.000000000000000000e+00 8.191000000000000000e+03 0.000000000000000000e+00 1.000000000000000000e+00 2.754600048065185547e+00
3.340000152587890625e+01 -5.985274538397789001e-02 0.000000000000000000e+00 -6.799802463319792878e-07 -5.999438837170600891e-02 0.000000000000000000e+00 6.000000000000000000e+00 8.191000000000000000e+03 0.000000000000000000e+00 1.000000000000000000e+00 2.754600048065185547e+00
3.360000228881835938e+01 -6.978877633810043335e-02 0.000000000000000000e+00 -7.373585049208486453e-07 -7.000392675399780273e-02 0.000000000000000000e+00 6.000000000000000000e+00 8.191000000000000000e+03 0.000000000000000000e+00 1.000000000000000000e+00 2.754799842834472656e+00
3.379999923706054688e+01 -7.997431606054306030e-02 0.000000000000000000e+00 -8.002903086890000850e-07 -8.000095188617706299e-02 0.000000000000000000e+00 6.000000000000000000e+00 8.191000000000000000e+03 0.000000000000000000e+00 1.000000000000000000e+00 2.754799842834472656e+00
3.400000000000000000e+01 -8.988949656486511230e-02 0.000000000000000000e+00 -8.686589580975123681e-07 -8.999799191951751709e-02 0.000000000000000000e+00 6.000000000000000000e+00 8.191000000000000000e+03 0.000000000000000000e+00 1.000000000000000000e+00 2.754799842834472656e+00
3.420000076293945312e+01 -9.969124943017959595e-02 0.000000000000000000e+00 -9.450910170016868506e-07 -9.999501705169677734e-02 0.000000000000000000e+00 6.000000000000000000e+00 8.191000000000000000e+03 0.000000000000000000e+00 1.000000000000000000e+00 2.754799842834472656e+00
3.440000152587890625e+01 -1.098413094878196716e-01 0.000000000000000000e+00 -1.027356688609870616e-06 -1.100045591592788696e-01 0.000000000000000000e+00 7.000000000000000000e+00 8.191000000000000000e+03 0.000000000000000000e+00 1.000000000000000000e+00 2.754799842834472656e+00
3.460000228881835938e+01 -1.198979839682579041e-01 0.000000000000000000e+00 -1.123223341892298777e-06 -1.200015842914581299e-01 0.000000000000000000e+00 7.000000000000000000e+00 8.191000000000000000e+03 0.000000000000000000e+00 1.000000000000000000e+00 2.754600048065185547e+00
3.479999923706054688e+01 -1.298557966947555542e-01 0.000000000000000000e+00 -1.233611328643746674e-06 -1.299986243247985840e-01 0.000000000000000000e+00 7.000000000000000000e+00 8.191000000000000000e+03 0.000000000000000000e+00 1.000000000000000000e+00 2.754600048065185547e+00
3.500000000000000000e+01 -1.397544145584106445e-01 0.000000000000000000e+00 -1.354645064566284418e-06 -1.399956643581390381e-01 0.000000000000000000e+00 7.000000000000000000e+00 8.191000000000000000e+03 0.000000000000000000e+00 1.000000000000000000e+00 2.754600048065185547e+00
3.520000076293945312e+01 -1.498025655746459961e-01 0.000000000000000000e+00 -1.497942776040872559e-06 -1.500051915645599365e-01 0.000000000000000000e+00 7.000000000000000000e+00 8.191000000000000000e+03 0.000000000000000000e+00 1.000000000000000000e+00 2.754600048065185547e+00
3.540000152587890625e+01 -1.597696989774703979e-01 0.000000000000000000e+00 -1.649965270189568400e-06 -1.600022166967391968e-01 0.000000000000000000e+00 7.000000000000000000e+00 8.191000000000000000e+03 0.000000000000000000e+00 1.000000000000000000e+00 2.754600048065185547e+00
3.560000228881835938e+01 -1.696886420249938965e-01 0.000000000000000000e+00 -1.816274675547902007e-06 -1.699992567300796509e-01 0.000000000000000000e+00 7.000000000000000000e+00 8.191000000000000000e+03 0.000000000000000000e+00 1.000000000000000000e+00 2.754600048065185547e+00
3.579999923706054688e+01 -1.799141317605972290e-01 0.000000000000000000e+00 -2.007662260439246893e-06 -1.799962967634201050e-01 0.000000000000000000e+00 7.000000000000000000e+00 8.191000000000000000e+03 0.000000000000000000e+00 1.000000000000000000e+00 2.754600048065185547e+00
3.600000000000000000e+01 -1.898208409547805786e-01 0.000000000000000000e+00 -2.219872158093494363e-06 -1.900058239698410034e-01 0.000000000000000000e+00 7.000000000000000000e+00 8.191000000000000000e+03 0.000000000000000000e+00 1.000000000000000000e+00 2.754600048065185547e+00
3.620000076293945312e+01 -1.998698860406875610e-01 0.000000000000000000e+00 -2.450938609399599954e-06 -2.000028640031814575e-01 0.000000000000000000e+00 7.000000000000000000e+00 8.191000000000000000e+03 0.000000000000000000e+00 1.000000000000000000e+00 2.754600048065185547e+00
3.640000152587890625e+01 -1.899322420358657837e-01 0.000000000000000000e+00 -2.075659949696273543e-06 -1.900058239698410034e-01 0.000000000000000000e+00 7.000000000000000000e+00 8.191000000000000000e+03 0.000000000000000000e+00 2.000000000000000000e+00 2.754600048065185547e+00
3.660000228881835938e+01 -1.798036843538284302e-01 0.000000000000000000e+00 -1.784294795470486861e-06 -1.799962967634201050e-01 0.000000000000000000e+00 7.000000000000000000e+00 8.191000000000000000e+03 0.000000000000000000e+00 2.000000000000000000e+00 2.754600048065185547e+00
3.679999923706054688e+01 -1.699025779962539673e-01 0.000000000000000000e+00 -1.537317189104214776e-06 -1.699992567300796509e-01 0.000000000000000000e+00 7.000000000000000000e+00 8.191000000000000000e+03 0.000000000000000000e+00 2.000000000000000000e+00 2.754600048065185547e+00
3.700000000000000000e+01 -1.598369479179382324e-01 0.000000000000000000e+00 -1.325295670540072024e-06 -1.600022166967391968e-01 0.000000000000000000e+00 7.000000000000000000e+00 8.191000000000000000e+03 0.000000000000000000e+00 2.000000000000000000e+00 2.754600048065185547e+00
3.720000076293945312e+01 -1.498385220766067505e-01 0.000000000000000000e+00 -1.142031806011800654e-06 -1.500051915645599365e-01 0.000000000000000000e+00 7.000000000000000000e+00 8.191000000000000000e+03 0.000000000000000000e+00 2.000000000000000000e+00 2.754600048065185547e+00
3.740000152587890625e+01 -1.399832963943481445e-01 0.000000000000000000e+00 -9.818886610446497798e-07 -1.399956643581390381e-01 0.000000000000000000e+00 7.000000000000000000e+00 8.191000000000000000e+03 0.000000000000000000e+00 2.000000000000000000e+00 2.754600048065185547e+00
3.760000228881835938e+01 -1.298583149909973145e-01 0.000000000000000000e+00 -8.421263828495284542e-07 -1.299986243247985840e-01 0.000000000000000000e+00 7.000000000000000000e+00 8.191000000000000000e+03 0.000000000000000000e+00 2.000000000000000000e+00 2.754600048065185547e+00
3.779999923706054688e+01 -1.199154481291770935e-01 0.000000000000000000e+00 -7.178283567554899491e-07 -1.200015842914581299e-01 0.000000000000000000e+00 7.000000000000000000e+00 8.191000000000000000e+03 0.000000000000000000e+00 2.000000000000000000e+00 2.754600048065185547e+00
3.800000000000000000e+01 -1.099318042397499084e-01 0.000000000000000000e+00 -6.097203595345490612e-07 -1.100045591592788696e-01 0.000000000000000000e+00 6.000000000000000000e+00 8.191000000000000000e+03 0.000000000000000000e+00 2.000000000000000000e+00 2.754600048065185547e+00
3.820000076293945312e+01 -9.989136457443237305e-02 0.000000000000000000e+00 -5.115138037581345998e-07 -9.999501705169677734e-02 0.000000000000000000e+00 6.000000000000000000e+00 8.191000000000000000e+03 0.000000000000000000e+00 2.000000000000000000e+00 2.754600048065185547e+00
3.840000152587890625e+01 -8.981452137231826782e-02 0.000000000000000000e+00 -4.232317110108851921e-07 -8.999799191951751709e-02 0.000000000000000000e+00 6.000000000000000000e+00 8.191000000000000000e+03 0.000000000000000000e+00 2.000000000000000000e+00 2.754600048065185547e+00
3.860000228881835938e+01 -7.975843548774719238e-02 0.000000000000000000e+00 -3.434996074247465003e-07 -8.000095188617706299e-02 0.000000000000000000e+00 6.000000000000000000e+00 8.191000000000000000e+03 0.000000000000000000e+00 2.000000000000000000e+00 2.754600048065185547e+00
3.879999923706054688e+01 -6.989452242851257324e-02 0.000000000000000000e+00 -2.729159973569039721e-07 -7.000392675399780273e-02 0.000000000000000000e+00 6.000000000000000000e+00 8.191000000000000000e+03 0.000000000000000000e+00 2.000000000000000000e+00 2.754600048065185547e+00
3.900000000000000000e+01 -5.981665849685668945e-02 0.000000000000000000e+00 -2.087498671698995167e-07 -5.999438837170600891e-02 0.000000000000000000e+00 6.000000000000000000e+00 8.191000000000000000e+03 0.000000000000000000e+00 2.000000000000000000e+00 2.754600048065185547e+00
3.920000076293945312e+01 -4.982931166887283325e-02 0.000000000000000000e+00 -1.504670308349886909e-07 -4.999735578894615173e-02 0.000000000000000000e+00 6.000000000000000000e+00 8.191000000000000000e+03 0.000000000000000000e+00 2.000000000000000000e+00 2.754600048065185547e+00
3.940000152587890625e+01 -3.991836681962013245e-02 0.000000000000000000e+00 -9.807209266909922007e-08 -4.000032320618629456e-02 0.000000000000000000e+00 6.000000000000000000e+00 8.191000000000000000e+03 0.000000000000000000e+00 2.000000000000000000e+00 2.754600048065185547e+00
3.960000228881835938e+01 -2.992005273699760437e-02 0.000000000000000000e+00 -5.124170598946875543e-08 -3.000328317284584045e-02 0.000000000000000000e+00 6.000000000000000000e+00 8.191000000000000000e+03 0.000000000000000000e+00 2.000000000000000000e+00 2.754600048065185547e+00
3.979999923706054688e+01 -1.975591480731964111e-02 0.000000000000000000e+00 -4.465712688528356011e-09 -1.999375596642494202e-02 0.000000000000000000e+00 5.000000000000000000e+00 8.191000000000000000e+03 0.000000000000000000e+00 2.000000000000000000e+00 2.754600048065185547e+00
4.000000000000000000e+01 -9.705496951937675476e-03 0.000000000000000000e+00 1.093948842623149176e-08 -9.996719658374786377e-03 0.000000000000000000e+00 4.000000000000000000e+00 6.908000000000000000e+03 0.000000000000000000e+00 2.000000000000000000e+00 2.754600048065185547e+00
4.020000076293945312e+01 2.090094785671681166e-04 0.000000000000000000e+00 1.093948842623149176e-08 3.129243850708007812e-07 0.000000000000000000e+00 4.000000000000000000e+00 6.908000000000000000e+03 0.000000000000000000e+00 2.000000000000000000e+00 2.754600048065185547e+00
4.040000152587890625e+01 1.015637721866369247e-02 0.000000000000000000e+00 1.093948842623149176e-08 9.997349232435226440e-03 0.000000000000000000e+00 4.000000000000000000e+00 7.164000000000000000e+03 0.000000000000000000e+00 2.000000000000000000e+00 2.754600048065185547e+00
4.060000228881835938e+01 2.004034258425235748e-02 0.000000000000000000e+00 1.091230288352562638e-07 1.999438367784023285e-02 0.000000000000000000e+00 5.000000000000000000e+00 5.116000000000000000e+03 0.000000000000000000e+00 2.000000000000000000e+00 2.754600048065185547e+00
4.079999923706054688e+01 3.021835163235664368e-02 0.000000000000000000e+00 1.379981569016308640e-07 3.000391460955142975e-02 0.000000000000000000e+00 6.000000000000000000e+00 8.191000000000000000e+03 0.000000000000000000e+00 2.000000000000000000e+00 2.754600048065185547e+00
4.100000000000000000e+01 4.019851982593536377e-02 0.000000000000000000e+00 1.582457258564318181e-07 4.000094905495643616e-02 0.000000000000000000e+00 6.000000000000000000e+00 8.191000000000000000e+03 0.000000000000000000e+00 2.000000000000000000e+00 2.754600048065185547e+00
4.120000076293945312e+01 5.013241246342658997e-02 0.000000000000000000e+00 1.781171192760666599e-07 4.999798536300659180e-02 0.000000000000000000e+00 6.000000000000000000e+00 8.191000000000000000e+03 0.000000000000000000e+00 2.000000000000000000e+00 2.754600048065185547e+00
4.140000152587890625e+01 6.011232361197471619e-02 0.000000000000000000e+00 1.951154047219461063e-07 5.999501794576644897e-02 0.000000000000000000e+00 6.000000000000000000e+00 8.191000000000000000e+03 0.000000000000000000e+00 2.000000000000000000e+00 2.754600048065185547e+00
4.160000228881835938e+01 7.021480798721313477e-02 0.000000000000000000e+00 2.124469347108970396e-07 7.000455260276794434e-02 0.000000000000000000e+00 6.000000000000000000e+00 8.191000000000000000e+03 0.000000000000000000e+00 2.000000000000000000e+00 2.754499912261962891e+00
4.179999923706054688e+01 8.023589849472045898e-02 0.000000000000000000e+00 2.287371927423009765e-07 8.000158518552780151e-02 0.000000000000000000e+00 6.000000000000000000e+00 8.191000000000000000e+03 0.000000000000000000e+00 2.000000000000000000e+00 2.754499912261962891e+00
4.200000000000000000e+01 9.007643163204193115e-02 0.000000000000000000e+00 2.445395068662037374e-07 8.999861776828765869e-02 0.000000000000000000e+00 6.000000000000000000e+00 8.191000000000000000e+03 0.000000000000000000e+00 2.000000000000000000e+00 2.754499912261962891e+00
4.220000076293945312e+01 1.002588942646980286e-01 0.000000000000000000e+00 2.608227021028142190e-07 9.999565780162811279e-02 0.000000000000000000e+00 6.000000000000000000e+00 8.191000000000000000e+03 0.000000000000000000e+00 2.000000000000000000e+00 2.754499912261962891e+00
4.240000152587890625e+01 1.102089062333106995e-01 0.000000000000000000e+00 2.757759034466289449e-07 1.100051850080490112e-01 0.000000000000000000e+00 6.000000000000000000e+00 8.191000000000000000e+03 0.000000000000000000e+00 2.000000000000000000e+00 2.754499912261962891e+00
4.260000228881835938e+01 1.200762987136840820e-01 0.000000000000000000e+00 2.913667174198053544e-07 1.200022250413894653e-01 0.000000000000000000e+00 6.000000000000000000e+00 8.191000000000000000e+03 0.000000000000000000e+00 2.000000000000000000e+00 2.754600048065185547e+00
4.279999923706054688e+01 1.301082074642181396e-01 0.000000000000000000e+00 3.077057328937371494e-07 1.299992501735687256e-01 0.000000000000000000e+00 6.000000000000000000e+00 8.191000000000000000e+03 0.000000000000000000e+00 2.000000000000000000e+00 2.754600048065185547e+00
4.300000000000000000e+01 1.401689797639846802e-01 0.000000000000000000e+00 3.233569145777437370e-07 1.399962902069091797e-01 0.000000000000000000e+00 6.000000000000000000e+00 8.191000000000000000e+03 0.000000000000000000e+00 2.000000000000000000e+00 2.754600048065185547e+00
4.320000076293945312e+01 1.502241641283035278e-01 0.000000000000000000e+00 3.414975253690499812e-07 1.500058174133300781e-01 0.000000000000000000e+00 6.000000000000000000e+00 8.191000000000000000e+03 0.000000000000000000e+00 2.000000000000000000e+00 2.754600048065185547e+00
4.340000152587890625e+01 1.601265072822570801e-01 0.000000000000000000e+00 3.591101460642676102e-07 1.600028574466705322e-01 0.000000000000000000e+00 6.000000000000000000e+00 8.191000000000000000e+03 0.000000000000000000e+00 2.000000000000000000e+00 2.754600048065185547e+00
4.360000228881835938e+01 1.701965630054473877e-01 0.000000000000000000e+00 3.769215197735320544e-07 1.699998974800109863e-01 0.000000000000000000e+00 6.000000000000000000e+00 8.191000000000000000e+03 0.000000000000000000e+00 2.000000000000000000e+00 2.754699945449829102e+00
4.379999923706054688e+01 1.802085638046264648e-01 0.000000000000000000e+00 3.963201322676468408e-07 1.799969226121902466e-01 0.000000000000000000e+00 6.000000000000000000e+00 8.191000000000000000e+03 0.000000000000000000e+00 2.000000000000000000e+00 2.754699945449829102e+00
4.400000000000000000e+01 1.901509612798690796e-01 0.000000000000000000e+00 4.171472767211525934e-07 1.899939626455307007e-01 0.000000000000000000e+00 6.000000000000000000e+00 8.191000000000000000e+03 0.000000000000000000e+00 2.000000000000000000e+00 2.754699945449829102e+00
4.420000076293945312e+01 2.001058757305145264e-01 0.000000000000000000e+00 4.394603365653892979e-07 2.000034898519515991e-01 0.000000000000000000e+00 6.000000000000000000e+00 8.191000000000000000e+03 0.000000000000000000e+00 2.000000000000000000e+00 2.754699945449829102e+00
4.440000152587890625e+01 2.100045979022979736e-01 0.000000000000000000e+00 4.603883212439541239e-07 2.100005298852920532e-01 0.000000000000000000e+00 6.000000000000000000e+00 8.191000000000000000e+03 0.000000000000000000e+00 2.000000000000000000e+00 2.754699945449829102e+00
4.460000228881835938e+01 2.201981097459793091e-01 0.000000000000000000e+00 4.853002337767975405e-07 2.199975699186325073e-01 0.000000000000000000e+00 6.000000000000000000e+00 8.191000000000000000e+03 0.000000000000000000e+00 2.000000000000000000e+00 2.754699945449829102e+00
4.479999923706054688e+01 2.302310764789581299e-01 0.000000000000000000e+00 5.127531039761379361e-07 2.299945950508117676e-01 0.000000000000000000e+00 6.000000000000000000e+00 8.191000000000000000e+03 0.000000000000000000e+00 2.000000000000000000e+00 2.754699945449829102e+00
4.500000000000000000e+01 2.402249425649642944e-01 0.000000000000000000e+00 5.417071520241734106e-07 2.400041371583938599e-01 0.000000000000000000e+00 6.000000000000000000e+00 8.191000000000000000e+03 0.000000000000000000e+00 2.000000000000000000e+00 2.754699945449829102e+00
4.520000076293945312e+01 2.502455115318298340e-01 0.000000000000000000e+00 5.720282842958113179e-07 2.500011622905731201e-01 0.000000000000000000e+00 6.000000000000000000e+00 8.191000000000000000e+03 0.000000000000000000e+00 2.000000000000000000e+00 2.754699945449829102e+00
4.540000152587890625e+01 2.602054476737976074e-01 0.000000000000000000e+00 6.076796807974460535e-07 2.599982023239135742e-01 0.000000000000000000e+00 6.000000000000000000e+00 8.191000000000000000e+03 0.000000000000000000e+00 2.000000000000000000e+00 2.754699945449829102e+00
4.560000228881835938e+01 2.702198624610900879e-01 0.000000000000000000e+00 6.466459581133676693e-07 2.699952423572540283e-01 0.000000000000000000e+00 6.000000000000000000e+00 8.191000000000000000e+03 0.000000000000000000e+00 2.000000000000000000e+00 2.754699945449829102e+00
4.579999923706054688e+01 2.802410125732421875e-01 0.000000000000000000e+00 6.893063755342154764e-07 2.800047695636749268e-01 0.000000000000000000e+00 6.000000000000000000e+00 8.191000000000000000e+03 0.000000000000000000e+00 2.000000000000000000e+00 2.754699945449829102e+00
4.600000000000000000e+01 2.900556921958923340e-01 0.000000000000000000e+00 7.380095325970614795e-07 2.900017797946929932e-01 0.000000000000000000e+00 6.000000000000000000e+00 8.191000000000000000e+03 0.000000000000000000e+00 2.000000000000000000e+00 2.754699945449829102e+00
4.620000076293945312e+01 3.002197444438934326e-01 0.000000000000000000e+00 7.917558946246572305e-07 2.999988198280334473e-01 0.000000000000000000e+00 6.000000000000000000e+00 8.191000000000000000e+03 0.000000000000000000e+00 2.000000000000000000e+00 2.754699945449829102e+00
4.640000152587890625e+01 2.902421057224273682e-01 0.000000000000000000e+00 5.183184725865430664e-07 2.900017797946929932e-01 0.000000000000000000e+00 6.000000000000000000e+00 8.191000000000000000e+03 0.000000000000000000e+00 2.000000000000000000e+00 2.754699945449829102e+00
4.660000228881835938e+01 2.801395952701568604e-01 0.000000000000000000e+00 3.622195663410820998e-07 2.800047695636749268e-01 0.000000000000000000e+00 6.000000000000000000e+00 8.191000000000000000e+03 0.000000000000000000e+00 2.000000000000000000e+00 2.754799842834472656e+00
4.679999923706054688e+01 2.702419459819793701e-01 0.000000000000000000e+00 2.538049272970965831e-07 2.699952423572540283e-01 0.000000000000000000e+00 6.000000000000000000e+00 8.191000000000000000e+03 0.000000000000000000e+00 2.000000000000000000e+00 2.754799842834472656e+00
4.700000000000000000e+01 2.602559328079223633e-01 0.000000000000000000e+00 1.744809878800879233e-07 2.599982023239135742e-01 0.000000000000000000e+00 6.000000000000000000e+00 8.191000000000000000e+03 0.000000000000000000e+00 2.000000000000000000e+00 2.754799842834472656e+00
4.720000076293945312e+01 2.501310706138610840e-01 0.000000000000000000e+00 1.116309960025319015e-07 2.500011622905731201e-01 0.000000000000000000e+00 6.000000000000000000e+00 8.191000000000000000e+03 0.000000000000000000e+00 2.000000000000000000e+00 2.754799842834472656e+00
4.740000152587890625e+01 2.402284741401672363e-01 0.000000000000000000e+00 6.091850934808462625e-08 2.400041371583938599e-01 0.000000000000000000e+00 6.000000000000000000e+00 8.191000000000000000e+03 0.000000000000000000e+00 2.000000000000000000e+00 2.754799842834472656e+00
4.760000228881835938e+01 2.301552891731262207e-01 0.000000000000000000e+00 1.904352409098919452e-08 2.299945950508117676e-01 0.000000000000000000e+00 5.000000000000000000e+00 8.191000000000000000e+03 0.000000000000000000e+00 2.000000000000000000e+00 2.754499912261962891e+00
4.779999923706054688e+01 2.202019095420837402e-01 0.000000000000000000e+00 -1.526833237619484862e-08 2.199975699186325073e-01 0.000000000000000000e+00 5.000000000000000000e+00 8.191000000000000000e+03 0.000000000000000000e+00 2.000000000000000000e+00 2.754499912261962891e+00
4.800000000000000000e+01 2.100631743669509888e-01 0.000000000000000000e+00 -4.457895030895997479e-08 2.100005298852920532e-01 0.000000000000000000e+00 5.000000000000000000e+00 8.191000000000000000e+03 0.000000000000000000e+00 2.000000000000000000e+00 2.754499912261962891e+00
4.820000076293945312e+01 2.001168727874755859e-01 0.000000000000000000e+00 -7.073705177162992186e-08 2.000034898519515991e-01 0.000000000000000000e+00 5.000000000000000000e+00 8.191000000000000000e+03 0.000000000000000000e+00 2.000000000000000000e+00 2.754499912261962891e+00
4.840000152587890625e+01 1.900705397129058838e-01 0.000000000000000000e+00 -9.373375320365084917e-08 1.899939626455307007e-01 0.000000000000000000e+00 5.000000000000000000e+00 8.190000000000000000e+03 0.000000000000000000e+00 2.000000000000000000e+00 2.754499912261962891e+00
4.860000228881835938e+01 1.802982240915298462e-01 0.000000000000000000e+00 -1.132638729473001149e-07 1.799969226121902466e-01 0.000000000000000000e+00 6.000000000000000000e+00 8.191000000000000000e+03 0.000000000000000000e+00 2.000000000000000000e+00 2.754699945449829102e+00
4.879999923706054688e+01 1.701289117336273193e-01 0.000000000000000000e+00 -1.313199504693329800e-07 1.699998974800109863e-01 0.000000000000000000e+00 6.000000000000000000e+00 8.191000000000000000e+03 0.000000000000000000e+00 2.000000000000000000e+00 2.754699945449829102e+00
4.900000000000000000e+01 1.600802093744277954e-01 0.000000000000000000e+00 -1.480839415535228909e-07 1.600028574466705322e-01 0.000000000000000000e+00 6.000000000000000000e+00 8.191000000000000000e+03 0.000000000000000000e+00 2.000000000000000000e+00 2.754699945449829102e+00
4.920000076293945312e+01 1.502568870782852173e-01 0.000000000000000000e+00 -1.641726043999369722e-07 1.500058174133300781e-01 0.000000000000000000e+00 6.000000000000000000e+00 8.191000000000000000e+03 0.000000000000000000e+00 2.000000000000000000e+00 2.754699945449829102e+00
4.940000152587890625e+01 1.401268839836120605e-01 0.000000000000000000e+00 -1.792624857444025110e-07 1.399962902069091797e-01 0.000000000000000000e+00 6.000000000000000000e+00 8.191000000000000000e+03 0.000000000000000000e+00 2.000000000000000000e+00 2.754699945449829102e+00
4.960000228881835938e+01 1.302197128534317017e-01 0.000000000000000000e+00 -1.925294128568566521e-07 1.299992501735687256e-01 0.000000000000000000e+00 6.000000000000000000e+00 8.191000000000000000e+03 0.000000000000000000e+00 2.000000000000000000e+00 2.754600048065185547e+00
4.979999923706054688e+01 1.201277747750282288e-01 0.000000000000000000e+00 -2.066387736476826831e-07 1.200022250413894653e-01 0.000000000000000000e+00 6.000000000000000000e+00 8.191000000000000000e+03 0.000000000000000000e+00 2.000000000000000000e+00 2.754600048065185547e+00
5.000000000000000000e+01 1.101134046912193298e-01 0.000000000000000000e+00 -2.204647842063423013e-07 1.100051850080490112e-01 0.000000000000000000e+00 6.000000000000000000e+00 8.191000000000000000e+03 0.000000000000000000e+00 2.000000000000000000e+00 2.754600048065185547e+00
5.020000076293945312e+01 1.001774519681930542e-01 0.000000000000000000e+00 -2.338990725547773764e-07 9.999565780162811279e-02 0.000000000000000000e+00 6.000000000000000000e+00 8.191000000000000000e+03 0.000000000000000000e+00 2.000000000000000000e+00 2.754600048065185547e+00
5.040000152587890625e+01 9.016621112823486328e-02 0.000000000000000000e+00 -2.474210702985146781e-07 8.999861776828765869e-02 0.000000000000000000e+00 6.000000000000000000e+00 8.191000000000000000e+03 0.000000000000000000e+00 2.000000000000000000e+00 2.754600048065185547e+00
5.060000228881835938e+01 8.010611683130264282e-02 0.000000000000000000e+00 -2.619590304675512016e-07 8.000158518552780151e-02 0.000000000000000000e+00 6.000000000000000000e+00 8.191000000000000000e+03 0.000000000000000000e+00 2.000000000000000000e+00 2.754600048065185547e+00
5.079999923706054688e+01 7.011122256517410278e-02 0.000000000000000000e+00 -2.775950065370125230e-07 7.000455260276794434e-02 0.000000000000000000e+00 6.000000000000000000e+00 8.191000000000000000e+03 0.000000000000000000e+00 2.000000000000000000e+00 2.754600048065185547e+00
5.100000000000000000e+01 6.013377010822296143e-02 0.000000000000000000e+00 -2.914528351993794786e-07 5.999501794576644897e-02 0.000000000000000000e+00 6.000000000000000000e+00 8.191000000000000000e+03 0.000000000000000000e+00 2.000000000000000000e+00 2.754600048065185547e+00
5.120000076293945312e+01 5.012806504964828491e-02 0.000000000000000000e+00 -3.089481879214872606e-07 4.999798536300659180e-02 0.000000000000000000e+00 6.000000000000000000e+00 8.191000000000000000e+03 0.000000000000000000e+00 2.000000000000000000e+00 2.754600048065185547e+00
5.140000152587890625e+01 4.017661511898040771e-02 0.000000000000000000e+00 -3.277449707184132421e-07 4.000094905495643616e-02 0.000000000000000000e+00 6.000000000000000000e+00 8.191000000000000000e+03 0.000000000000000000e+00 2.000000000000000000e+00 2.754600048065185547e+00
5.160000228881835938e+01 3.025517053902149200e-02 0.000000000000000000e+00 -3.473436720469180727e-07 3.000391460955142975e-02 0.000000000000000000e+00 6.000000000000000000e+00 8.191000000000000000e+03 0.000000000000000000e+00 2.000000000000000000e+00 2.754600048065185547e+00
5.179999923706054688e+01 2.014712803065776825e-02 0.000000000000000000e+00 -3.700191655298112892e-07 1.999438367784023285e-02 0.000000000000000000e+00 6.000000000000000000e+00 8.191000000000000000e+03 0.000000000000000000e+00 2.000000000000000000e+00 2.754600048065185547e+00
5.200000000000000000e+01 1.014831196516752243e-02 0.000000000000000000e+00 -3.963750998536852421e-07 9.997349232435226440e-03 0.000000000000000000e+00 6.000000000000000000e+00 8.191000000000000000e+03 0.000000000000000000e+00 2.000000000000000000e+00 2.754600048065185547e+00
5.220000076293945312e+01 1.170776959042996168e-04 0.000000000000000000e+00 -4.236358677189855371e-07 3.129243850708007812e-07 0.000000000000000000e+00 6.000000000000000000e+00 8.191000000000000000e+03 0.000000000000000000e+00 2.000000000000000000e+00 2.754600048065185547e+00
5.240000152587890625e+01 -9.755091741681098938e-03 0.000000000000000000e+00 -4.552996983875345904e-07 -9.996719658374786377e-03 0.000000000000000000e+00 6.000000000000000000e+00 8.191000000000000000e+03 0.000000000000000000e+00 2.000000000000000000e+00 2.754600048065185547e+00
5.260000228881835938e+01 -1.981656253337860107e-02 0.000000000000000000e+00 -4.902474870505102444e-07 -1.999375596642494202e-02 0.000000000000000000e+00 6.000000000000000000e+00 6.143000000000000000e+03 0.000000000000000000e+00 2.000000000000000000e+00 2.754600048065185547e+00
5.279999923706054688e+01 -2.984508313238620758e-02 0.000000000000000000e+00 -5.309560151545156259e-07 -3.000328317284584045e-02 0.000000000000000000e+00 6.000000000000000000e+00 8.191000000000000000e+03 0.000000000000000000e+00 2.000000000000000000e+00 2.754600048065185547e+00
5.300000000000000000e+01 -3.987225145101547241e-02 0.000000000000000000e+00 -5.743807491853658576e-07 -4.000032320618629456e-02 0.000000000000000000e+00 6.000000000000000000e+00 8.191000000000000000e+03 0.000000000000000000e+00 2.000000000000000000e+00 2.754600048065185547e+00
5.320000076293945312e+01 -4.980367049574851990e-02 0.000000000000000000e+00 -6.192825594553141855e-07 -4.999735578894615173e-02 0.000000000000000000e+00 6.000000000000000000e+00 8.191000000000000000e+03 0.000000000000000000e+00 2.000000000000000000e+00 2.754600048065185547e+00
5.340000152587890625e+01 -5.991297960281372070e-02 0.000000000000000000e+00 -6.685303333142655902e-07 -5.999438837170600891e-02 0.000000000000000000e+00 6.000000000000000000e+00 8.191000000000000000e+03 0.000000000000000000e+00 2.000000000000000000e+00 2.754600048065185547e+00
5.360000228881835938e+01 -6.994243711233139038e-02 0.000000000000000000e+00 -7.230012784020800609e-07 -7.000392675399780273e-02 0.000000000000000000e+00 6.000000000000000000e+00 8.191000000000000000e+03 0.000000000000000000e+00 2.000000000000000000e+00 2.754799842834472656e+00
5.379999923706054688e+01 -7.980363816022872925e-02 0.000000000000000000e+00 -7.811031537130475044e-07 -8.000095188617706299e-02 0.000000000000000000e+00 6.000000000000000000e+00 8.191000000000000000e+03 0.000000000000000000e+00 2.000000000000000000e+00 2.754799842834472656e+00
5.400000000000000000e+01 -8.984529972076416016e-02 0.000000000000000000e+00 -8.456216846752795391e-07 -8.999799191951751709e-02 0.000000000000000000e+00 6.000000000000000000e+00 8.191000000000000000e+03 0.000000000000000000e+00 2.000000000000000000e+00 2.754799842834472656e+00
5.420000076293945312e+01 -9.990436583757400513e-02 0.000000000000000000e+00 -9.170307180283998605e-07 -9.999501705169677734e-02 0.000000000000000000e+00 6.000000000000000000e+00 8.191000000000000000e+03 0.000000000000000000e+00 2.000000000000000000e+00 2.754799842834472656e+00
5.440000152587890625e+01 -1.097774878144264221e-01 0.000000000000000000e+00 -1.001749183160427492e-06 -1.100045591592788696e-01 0.000000000000000000e+00 7.000000000000000000e+00 8.191000000000000000e+03 0.000000000000000000e+00 2.000000000000000000e+00 2.754799842834472656e+00
5.460000228881835938e+01 -1.197936013340950012e-01 0.000000000000000000e+00 -1.095866764444508590e-06 -1.200015842914581299e-01 0.000000000000000000e+00 7.000000000000000000e+00 8.191000000000000000e+03 0.000000000000000000e+00 2.000000000000000000e+00 2.754600048065185547e+00
5.479999923706054688e+01 -1.299416869878768921e-01 0.000000000000000000e+00 -1.197110805151169188e-06 -1.299986243247985840e-01 0.000000000000000000e+00 7.000000000000000000e+00 8.191000000000000000e+03 0.000000000000000000e+00 2.000000000000000000e+00 2.754600048065185547e+00
5.500000000000000000e+01 -1.398399621248245239e-01 0.000000000000000000e+00 -1.309258550463709980e-06 -1.399956643581390381e-01 0.000000000000000000e+00 7.000000000000000000e+00 8.191000000000000000e+03 0.000000000000000000e+00 2.000000000000000000e+00 2.754600048065185547e+00
5.520000076293945312e+01 -1.499909013509750366e-01 0.000000000000000000e+00 -1.443543851564754732e-06 -1.500051915645599365e-01 0.000000000000000000e+00 7.000000000000000000e+00 8.191000000000000000e+03 0.000000000000000000e+00 2.000000000000000000e+00 2.754600048065185547e+00
5.540000152587890625e+01 -1.599577814340591431e-01 0.000000000000000000e+00 -1.587841893524455372e-06 -1.600022166967391968e-01 0.000000000000000000e+00 7.000000000000000000e+00 8.191000000000000000e+03 0.000000000000000000e+00 2.000000000000000000e+00 2.754600048065185547e+00
5.560000228881835938e+01 -1.698570847511291504e-01 0.000000000000000000e+00 -1.750158730828843545e-06 -1.699992567300796509e-01 0.000000000000000000e+00 7.000000000000000000e+00 8.191000000000000000e+03 0.000000000000000000e+00 2.000000000000000000e+00 2.754600048065185547e+00
5.579999923706054688e+01 -1.798583418130874634e-01 0.000000000000000000e+00 -1.935265345309744589e-06 -1.799962967634201050e-01 0.000000000000000000e+00 7.000000000000000000e+00 8.191000000000000000e+03 0.000000000000000000e+00 2.000000000000000000e+00 2.754600048065185547e+00
5.600000000000000000e+01 -1.898494809865951538e-01 0.000000000000000000e+00 -2.133115685865050182e-06 -1.900058239698410034e-01 0.000000000000000000e+00 7.000000000000000000e+00 8.191000000000000000e+03 0.000000000000000000e+00 2.000000000000000000e+00 2.754600048065185547e+00
5.620000076293945312e+01 -1.999135464429855347e-01 0.000000000000000000e+00 -2.356022150706849061e-06 -2.000028640031814575e-01 0.000000000000000000e+00 7.000000000000000000e+00 8.191000000000000000e+03 0.000000000000000000e+00 2.000000000000000000e+00 2.754600048065185547e+00
5.640000152587890625e+01 -1.999600231647491455e-01 0.000000000000000000e+00 -2.278718056913930923e-06 -2.000028640031814575e-01 0.000000000000000000e+00 7.000000000000000000e+00 8.191000000000000000e+03 0.000000000000000000e+00 3.000000000000000000e+00 2.754600048065185547e+00
