5.000000000000000000e-01 5.076630413532257080e-02 5.076630413532257080e-02 0.000000000000000000e+00 0.000000000000000000e+00 8.191000000000000000e+03 0.000000000000000000e+00 2.757400035858154297e+00
1.000000000000000000e+00 5.069231241941452026e-02 4.689318314194679260e-02 0.000000000000000000e+00 0.000000000000000000e+00 8.191000000000000000e+03 0.000000000000000000e+00 2.757400035858154297e+00
1.500000000000000000e+00 5.025328323245048523e-02 4.402363672852516174e-02 0.000000000000000000e+00 0.000000000000000000e+00 8.191000000000000000e+03 0.000000000000000000e+00 2.756799936294555664e+00
2.000000000000000000e+00 4.907441511750221252e-02 4.190894961357116699e-02 0.000000000000000000e+00 0.000000000000000000e+00 8.191000000000000000e+03 0.000000000000000000e+00 2.756799936294555664e+00
2.500000000000000000e+00 4.712532833218574524e-02 4.030957445502281189e-02 0.000000000000000000e+00 0.000000000000000000e+00 8.191000000000000000e+03 0.000000000000000000e+00 2.756899833679199219e+00
3.000000000000000000e+00 4.481271654367446899e-02 3.902127221226692200e-02 0.000000000000000000e+00 0.000000000000000000e+00 8.191000000000000000e+03 0.000000000000000000e+00 2.756899833679199219e+00
3.500000000000000000e+00 4.261287301778793335e-02 3.806786239147186279e-02 0.000000000000000000e+00 0.000000000000000000e+00 8.191000000000000000e+03 0.000000000000000000e+00 2.756899833679199219e+00
4.000000000000000000e+00 4.078231751918792725e-02 3.724963590502738953e-02 0.000000000000000000e+00 0.000000000000000000e+00 8.191000000000000000e+03 0.000000000000000000e+00 2.756899833679199219e+00
4.500000000000000000e+00 3.935825452208518982e-02 3.669362142682075500e-02 0.000000000000000000e+00 0.000000000000000000e+00 8.191000000000000000e+03 0.000000000000000000e+00 2.756899833679199219e+00
5.000000000000000000e+00 3.827457129955291748e-02 3.623522073030471802e-02 0.000000000000000000e+00 0.000000000000000000e+00 8.191000000000000000e+03 0.000000000000000000e+00 2.756899833679199219e+00
5.500000000000000000e+00 3.744867444038391113e-02 3.578941151499748230e-02 0.000000000000000000e+00 0.000000000000000000e+00 8.191000000000000000e+03 0.000000000000000000e+00 2.756899833679199219e+00
6.000000000000000000e+00 3.680989146232604980e-02 3.552103042602539062e-02 0.000000000000000000e+00 0.000000000000000000e+00 8.191000000000000000e+03 0.000000000000000000e+00 2.756899833679199219e+00
6.500000000000000000e+00 3.630536794662475586e-02 3.528910502791404724e-02 0.000000000000000000e+00 0.000000000000000000e+00 8.191000000000000000e+03 0.000000000000000000e+00 2.756899833679199219e+00
7.000000000000000000e+00 3.590366989374160767e-02 3.510144352912902832e-02 0.000000000000000000e+00 0.000000000000000000e+00 8.191000000000000000e+03 0.000000000000000000e+00 2.756899833679199219e+00
7.500000000000000000e+00 3.558600693941116333e-02 3.492812812328338623e-02 0.000000000000000000e+00 0.000000000000000000e+00 8.191000000000000000e+03 0.000000000000000000e+00 2.756899833679199219e+00
8.000000000000000000e+00 3.533520177006721497e-02 3.484987094998359680e-02 0.000000000000000000e+00 0.000000000000000000e+00 8.191000000000000000e+03 0.000000000000000000e+00 2.756899833679199219e+00
8.500000000000000000e+00 3.513897955417633057e-02 3.485076129436492920e-02 0.000000000000000000e+00 0.000000000000000000e+00 8.191000000000000000e+03 0.000000000000000000e+00 2.756899833679199219e+00
9.000000000000000000e+00 3.499514237046241760e-02 3.482316806912422180e-02 0.000000000000000000e+00 0.000000000000000000e+00 8.191000000000000000e+03 0.000000000000000000e+00 2.756899833679199219e+00
9.500000000000000000e+00 3.490217030048370361e-02 3.477608785033226013e-02 0.000000000000000000e+00 0.000000000000000000e+00 8.191000000000000000e+03 0.000000000000000000e+00 2.756899833679199219e+00
1.000000000000000000e+01 3.484881669282913208e-02 3.482699021697044373e-02 0.000000000000000000e+00 0.000000000000000000e+00 8.191000000000000000e+03 0.000000000000000000e+00 2.756899833679199219e+00
1.050000000000000000e+01 3.482149168848991394e-02 3.484474867582321167e-02 0.000000000000000000e+00 0.000000000000000000e+00 8.191000000000000000e+03 0.000000000000000000e+00 2.756899833679199219e+00
1.100000000000000000e+01 3.481486439704895020e-02 3.491457179188728333e-02 0.000000000000000000e+00 0.000000000000000000e+00 8.191000000000000000e+03 0.000000000000000000e+00 2.756899833679199219e+00
1.150000000000000000e+01 3.482937440276145935e-02 3.499899432063102722e-02 0.000000000000000000e+00 0.000000000000000000e+00 8.191000000000000000e+03 0.000000000000000000e+00 2.756799936294555664e+00
1.200000000000000000e+01 3.486561030149459839e-02 3.507664054632186890e-02 0.000000000000000000e+00 0.000000000000000000e+00 8.191000000000000000e+03 0.000000000000000000e+00 2.756799936294555664e+00
1.250000000000000000e+01 3.492089360952377319e-02 3.512084111571311951e-02 0.000000000000000000e+00 0.000000000000000000e+00 8.191000000000000000e+03 0.000000000000000000e+00 2.756799936294555664e+00
1.300000000000000000e+01 3.498870879411697388e-02 3.526648506522178650e-02 0.000000000000000000e+00 0.000000000000000000e+00 8.191000000000000000e+03 0.000000000000000000e+00 2.756799936294555664e+00
1.350000000000000000e+01 3.506495431065559387e-02 3.535299375653266907e-02 0.000000000000000000e+00 0.000000000000000000e+00 8.191000000000000000e+03 0.000000000000000000e+00 2.756799936294555664e+00
1.400000000000000000e+01 3.515079617500305176e-02 3.546117618680000305e-02 0.000000000000000000e+00 0.000000000000000000e+00 8.191000000000000000e+03 0.000000000000000000e+00 2.756799936294555664e+00
1.450000000000000000e+01 3.524723276495933533e-02 3.561411052942276001e-02 0.000000000000000000e+00 0.000000000000000000e+00 8.191000000000000000e+03 0.000000000000000000e+00 2.756799936294555664e+00
1.500000000000000000e+01 3.535445779561996460e-02 3.576165810227394104e-02 0.000000000000000000e+00 0.000000000000000000e+00 8.191000000000000000e+03 0.000000000000000000e+00 2.756799936294555664e+00
