2.000000029802322388e-01 3.130236000288277864e-04 0.000000000000000000e+00 -1.695717912753025303e-07 3.129243850708007812e-07 0.000000000000000000e+00 6.000000000000000000e+00 8.191000000000000000e+03 0.000000000000000000e+00 0.000000000000000000e+00 2.757200002670288086e+00
4.000000059604644775e-01 1.027224864810705185e-02 0.000000000000000000e+00 -8.623839420351941953e-08 9.997349232435226440e-03 0.000000000000000000e+00 6.000000000000000000e+00 8.191000000000000000e+03 0.000000000000000000e+00 0.000000000000000000e+00 2.757200002670288086e+00
6.000000238418579102e-01 2.031701058149337769e-02 0.000000000000000000e+00 -4.003939935159905872e-08 1.999438367784023285e-02 0.000000000000000000e+00 6.000000000000000000e+00 8.191000000000000000e+03 0.000000000000000000e+00 0.000000000000000000e+00 2.757200002670288086e+00
8.000000119209289551e-01 3.001651540398597717e-02 0.000000000000000000e+00 -2.626989514808997228e-09 3.000391460955142975e-02 0.000000000000000000e+00 5.000000000000000000e+00 6.143000000000000000e+03 0.000000000000000000e+00 0.000000000000000000e+00 2.757200002670288086e+00
1.000000000000000000e+00 4.037344828248023987e-02 0.000000000000000000e+00 1.093948842623149176e-08 4.000094905495643616e-02 0.000000000000000000e+00 4.000000000000000000e+00 6.908000000000000000e+03 0.000000000000000000e+00 0.000000000000000000e+00 2.757200002670288086e+00
1.200000047683715820e+00 5.030667036771774292e-02 0.000000000000000000e+00 1.093948842623149176e-08 4.999798536300659180e-02 0.000000000000000000e+00 4.000000000000000000e+00 6.908000000000000000e+03 0.000000000000000000e+00 0.000000000000000000e+00 2.757200002670288086e+00
1.399999976158142090e+00 6.023809686303138733e-02 0.000000000000000000e+00 1.093948842623149176e-08 5.999501794576644897e-02 0.000000000000000000e+00 4.000000000000000000e+00 7.164000000000000000e+03 0.000000000000000000e+00 0.000000000000000000e+00 2.757200002670288086e+00
1.600000023841857910e+00 7.036511600017547607e-02 0.000000000000000000e+00 1.091829560095902707e-07 7.000455260276794434e-02 0.000000000000000000e+00 5.000000000000000000e+00 7.164000000000000000e+03 0.000000000000000000e+00 0.000000000000000000e+00 2.756779432296752930e+00
1.800000071525573730e+00 8.026992529630661011e-02 0.000000000000000000e+00 1.644279166157502914e-07 8.000158518552780151e-02 0.000000000000000000e+00 6.000000000000000000e+00 8.191000000000000000e+03 0.000000000000000000e+00 0.000000000000000000e+00 2.756500005722045898e+00
2.000000000000000000e+00 9.029760211706161499e-02 0.000000000000000000e+00 2.254054010109030060e-07 8.999861776828765869e-02 0.000000000000000000e+00 6.000000000000000000e+00 8.191000000000000000e+03 0.000000000000000000e+00 0.000000000000000000e+00 2.756500005722045898e+00
2.200000047683715820e+00 1.003339290618896484e-01 0.000000000000000000e+00 3.072574088491819566e-07 9.999565780162811279e-02 0.000000000000000000e+00 6.000000000000000000e+00 8.191000000000000000e+03 0.000000000000000000e+00 0.000000000000000000e+00 2.756500005722045898e+00
2.400000095367431641e+00 1.103554591536521912e-01 0.000000000000000000e+00 4.205470531815080903e-07 1.100051850080490112e-01 0.000000000000000000e+00 6.000000000000000000e+00 8.191000000000000000e+03 0.000000000000000000e+00 0.000000000000000000e+00 2.756500005722045898e+00
2.600000143051147461e+00 1.202656775712966919e-01 0.000000000000000000e+00 5.781344043498393148e-07 1.200022250413894653e-01 0.000000000000000000e+00 6.000000000000000000e+00 8.191000000000000000e+03 0.000000000000000000e+00 0.000000000000000000e+00 2.756139278411865234e+00
2.799999952316284180e+00 1.302989423274993896e-01 0.000000000000000000e+00 7.990816470737627242e-07 1.299992501735687256e-01 0.000000000000000000e+00 6.000000000000000000e+00 8.191000000000000000e+03 0.000000000000000000e+00 0.000000000000000000e+00 2.755899906158447266e+00
3.000000000000000000e+00 1.403096765279769897e-01 0.000000000000000000e+00 1.082562789633811917e-06 1.399962902069091797e-01 0.000000000000000000e+00 6.000000000000000000e+00 7.164000000000000000e+03 0.000000000000000000e+00 0.000000000000000000e+00 2.755899906158447266e+00
3.200000047683715820e+00 1.502940803766250610e-01 0.000000000000000000e+00 1.530276790617790539e-06 1.500058174133300781e-01 0.000000000000000000e+00 7.000000000000000000e+00 8.191000000000000000e+03 0.000000000000000000e+00 0.000000000000000000e+00 2.755899906158447266e+00
3.400000095367431641e+00 1.602951139211654663e-01 0.000000000000000000e+00 2.100035771945840679e-06 1.600028574466705322e-01 0.000000000000000000e+00 7.000000000000000000e+00 8.191000000000000000e+03 0.000000000000000000e+00 0.000000000000000000e+00 2.755899906158447266e+00
3.600000143051147461e+00 1.703031957149505615e-01 0.000000000000000000e+00 2.844179107341915369e-06 1.699998974800109863e-01 0.000000000000000000e+00 7.000000000000000000e+00 8.191000000000000000e+03 0.000000000000000000e+00 0.000000000000000000e+00 2.756200313568115234e+00
3.799999952316284180e+00 1.803184449672698975e-01 0.000000000000000000e+00 3.782408839470008388e-06 1.799969226121902466e-01 0.000000000000000000e+00 7.000000000000000000e+00 8.191000000000000000e+03 0.000000000000000000e+00 0.000000000000000000e+00 2.756399869918823242e+00
4.000000000000000000e+00 1.903700828552246094e-01 0.000000000000000000e+00 4.914174041914520785e-06 1.899939626455307007e-01 0.000000000000000000e+00 7.000000000000000000e+00 8.191000000000000000e+03 0.000000000000000000e+00 0.000000000000000000e+00 2.756399869918823242e+00
4.200000286102294922e+00 2.002754956483840942e-01 0.000000000000000000e+00 6.190682142914738506e-06 2.000034898519515991e-01 0.000000000000000000e+00 7.000000000000000000e+00 8.191000000000000000e+03 0.000000000000000000e+00 0.000000000000000000e+00 2.756399869918823242e+00
4.400000095367431641e+00 2.102944105863571167e-01 0.000000000000000000e+00 7.520479812228586525e-06 2.100005298852920532e-01 0.000000000000000000e+00 7.000000000000000000e+00 8.191000000000000000e+03 0.000000000000000000e+00 0.000000000000000000e+00 2.756399869918823242e+00
4.599999904632568359e+00 2.203392088413238525e-01 0.000000000000000000e+00 8.828434147289954126e-06 2.199975699186325073e-01 0.000000000000000000e+00 7.000000000000000000e+00 8.191000000000000000e+03 0.000000000000000000e+00 0.000000000000000000e+00 2.756399869918823242e+00
4.800000190734863281e+00 2.303470522165298462e-01 0.000000000000000000e+00 9.977780791814438999e-06 2.299945950508117676e-01 0.000000000000000000e+00 7.000000000000000000e+00 8.188000000000000000e+03 0.000000000000000000e+00 0.000000000000000000e+00 2.756399869918823242e+00
5.000000000000000000e+00 2.403638511896133423e-01 0.000000000000000000e+00 1.089848319679731503e-05 2.400041371583938599e-01 0.000000000000000000e+00 8.000000000000000000e+00 8.191000000000000000e+03 0.000000000000000000e+00 0.000000000000000000e+00 2.756399869918823242e+00
5.200000286102294922e+00 2.503480613231658936e-01 0.000000000000000000e+00 1.152294862549751997e-05 2.500011622905731201e-01 0.000000000000000000e+00 8.000000000000000000e+00 8.191000000000000000e+03 0.000000000000000000e+00 0.000000000000000000e+00 2.756399869918823242e+00
5.400000095367431641e+00 2.603302597999572754e-01 0.000000000000000000e+00 1.176728164864471182e-05 2.599982023239135742e-01 0.000000000000000000e+00 8.000000000000000000e+00 8.191000000000000000e+03 0.000000000000000000e+00 0.000000000000000000e+00 2.756399869918823242e+00
5.599999904632568359e+00 2.703166902065277100e-01 0.000000000000000000e+00 1.176589557871920988e-05 2.699952423572540283e-01 0.000000000000000000e+00 8.000000000000000000e+00 8.191000000000000000e+03 0.000000000000000000e+00 0.000000000000000000e+00 2.756460189819335938e+00
5.800000190734863281e+00 2.802516222000122070e-01 0.000000000000000000e+00 1.151576361735351384e-05 2.800047695636749268e-01 0.000000000000000000e+00 8.000000000000000000e+00 8.191000000000000000e+03 0.000000000000000000e+00 0.000000000000000000e+00 2.756500005722045898e+00
6.000000000000000000e+00 2.902757227420806885e-01 0.000000000000000000e+00 1.130996861320454627e-05 2.900017797946929932e-01 0.000000000000000000e+00 8.000000000000000000e+00 8.191000000000000000e+03 0.000000000000000000e+00 0.000000000000000000e+00 2.756500005722045898e+00
6.200000286102294922e+00 3.003222644329071045e-01 0.000000000000000000e+00 1.096161395253147930e-05 2.999988198280334473e-01 0.000000000000000000e+00 8.000000000000000000e+00 8.191000000000000000e+03 0.000000000000000000e+00 0.000000000000000000e+00 2.756500005722045898e+00
6.400000095367431641e+00 2.902690768241882324e-01 0.000000000000000000e+00 9.062126082426402718e-06 2.900017797946929932e-01 0.000000000000000000e+00 8.000000000000000000e+00 8.191000000000000000e+03 0.000000000000000000e+00 0.000000000000000000e+00 2.756500005722045898e+00
6.599999904632568359e+00 2.803713977336883545e-01 0.000000000000000000e+00 7.648319297004491091e-06 2.800047695636749268e-01 0.000000000000000000e+00 8.000000000000000000e+00 8.191000000000000000e+03 0.000000000000000000e+00 0.000000000000000000e+00 2.756500005722045898e+00
6.800000190734863281e+00 2.702970206737518311e-01 0.000000000000000000e+00 6.249613761610817164e-06 2.699952423572540283e-01 0.000000000000000000e+00 7.000000000000000000e+00 8.191000000000000000e+03 0.000000000000000000e+00 0.000000000000000000e+00 2.756500005722045898e+00
7.000000000000000000e+00 2.603171169757843018e-01 0.000000000000000000e+00 4.836530933971516788e-06 2.599982023239135742e-01 0.000000000000000000e+00 7.000000000000000000e+00 8.191000000000000000e+03 0.000000000000000000e+00 0.000000000000000000e+00 2.756500005722045898e+00
7.200000286102294922e+00 2.502548396587371826e-01 0.000000000000000000e+00 3.338670012453803793e-06 2.500011622905731201e-01 0.000000000000000000e+00 7.000000000000000000e+00 8.191000000000000000e+03 0.000000000000000000e+00 0.000000000000000000e+00 2.756500005722045898e+00
7.400000095367431641e+00 2.402809411287307739e-01 0.000000000000000000e+00 1.738608148116327357e-06 2.400041371583938599e-01 0.000000000000000000e+00 7.000000000000000000e+00 8.191000000000000000e+03 0.000000000000000000e+00 0.000000000000000000e+00 2.756500005722045898e+00
7.599999904632568359e+00 2.303472906351089478e-01 0.000000000000000000e+00 1.121463242270692717e-07 2.299945950508117676e-01 0.000000000000000000e+00 7.000000000000000000e+00 8.191000000000000000e+03 0.000000000000000000e+00 0.000000000000000000e+00 2.756319761276245117e+00
7.800000190734863281e+00 2.202592343091964722e-01 0.000000000000000000e+00 -1.093766627491277177e-06 2.199975699186325073e-01 0.000000000000000000e+00 6.000000000000000000e+00 7.164000000000000000e+03 0.000000000000000000e+00 0.000000000000000000e+00 2.756199836730957031e+00
8.000000000000000000e+00 2.102959752082824707e-01 0.000000000000000000e+00 -2.871940296245156787e-06 2.100005298852920532e-01 0.000000000000000000e+00 7.000000000000000000e+00 8.191000000000000000e+03 0.000000000000000000e+00 0.000000000000000000e+00 2.756199836730957031e+00
8.199999809265136719e+00 2.003145962953567505e-01 0.000000000000000000e+00 -4.011668806924717501e-06 2.000034898519515991e-01 0.000000000000000000e+00 7.000000000000000000e+00 8.191000000000000000e+03 0.000000000000000000e+00 0.000000000000000000e+00 2.756199836730957031e+00
8.400000572204589844e+00 1.902633905410766602e-01 0.000000000000000000e+00 -4.815912234334973618e-06 1.899939626455307007e-01 0.000000000000000000e+00 7.000000000000000000e+00 8.191000000000000000e+03 0.000000000000000000e+00 0.000000000000000000e+00 2.756199836730957031e+00
8.600000381469726562e+00 1.802924275398254395e-01 0.000000000000000000e+00 -5.258469172986224294e-06 1.799969226121902466e-01 0.000000000000000000e+00 7.000000000000000000e+00 8.191000000000000000e+03 0.000000000000000000e+00 0.000000000000000000e+00 2.756319999694824219e+00
8.800000190734863281e+00 1.702560782432556152e-01 0.000000000000000000e+00 -5.367696758185047656e-06 1.699998974800109863e-01 0.000000000000000000e+00 7.000000000000000000e+00 8.191000000000000000e+03 0.000000000000000000e+00 0.000000000000000000e+00 2.756399869918823242e+00
9.000000000000000000e+00 1.602717190980911255e-01 0.000000000000000000e+00 -5.251361926639219746e-06 1.600028574466705322e-01 0.000000000000000000e+00 7.000000000000000000e+00 8.191000000000000000e+03 0.000000000000000000e+00 0.000000000000000000e+00 2.756399869918823242e+00
9.199999809265136719e+00 1.503238528966903687e-01 0.000000000000000000e+00 -4.974947387381689623e-06 1.500058174133300781e-01 0.000000000000000000e+00 7.000000000000000000e+00 8.191000000000000000e+03 0.000000000000000000e+00 0.000000000000000000e+00 2.756399869918823242e+00
9.400000572204589844e+00 1.403460204601287842e-01 0.000000000000000000e+00 -4.634301149053499103e-06 1.399962902069091797e-01 0.000000000000000000e+00 7.000000000000000000e+00 8.191000000000000000e+03 0.000000000000000000e+00 0.000000000000000000e+00 2.756399869918823242e+00
9.600000381469726562e+00 1.302656233310699463e-01 0.000000000000000000e+00 -4.268252723704790697e-06 1.299992501735687256e-01 0.000000000000000000e+00 7.000000000000000000e+00 8.191000000000000000e+03 0.000000000000000000e+00 0.000000000000000000e+00 2.756399869918823242e+00
9.800000190734863281e+00 1.203357726335525513e-01 0.000000000000000000e+00 -3.901678155671106651e-06 1.200022250413894653e-01 0.000000000000000000e+00 7.000000000000000000e+00 8.191000000000000000e+03 0.000000000000000000e+00 0.000000000000000000e+00 2.756399869918823242e+00
1.000000000000000000e+01 1.102583780884742737e-01 0.000000000000000000e+00 -3.566486611816799268e-06 1.100051850080490112e-01 0.000000000000000000e+00 7.000000000000000000e+00 8.191000000000000000e+03 0.000000000000000000e+00 0.000000000000000000e+00 2.756399869918823242e+00
1.019999980926513672e+01 1.002971678972244263e-01 0.000000000000000000e+00 -3.269328772148583084e-06 9.999565780162811279e-02 0.000000000000000000e+00 7.000000000000000000e+00 8.191000000000000000e+03 0.000000000000000000e+00 0.000000000000000000e+00 2.756399869918823242e+00
1.040000057220458984e+01 9.031935781240463257e-02 0.000000000000000000e+00 -3.002544190167100169e-06 8.999861776828765869e-02 0.000000000000000000e+00 7.000000000000000000e+00 8.191000000000000000e+03 0.000000000000000000e+00 0.000000000000000000e+00 2.756399869918823242e+00
1.060000038146972656e+01 8.031439036130905151e-02 0.000000000000000000e+00 -2.759481958491960540e-06 8.000158518552780151e-02 0.000000000000000000e+00 7.000000000000000000e+00 8.191000000000000000e+03 0.000000000000000000e+00 0.000000000000000000e+00 2.756339788436889648e+00
1.080000019073486328e+01 7.036193460226058960e-02 0.000000000000000000e+00 -2.555619857957935892e-06 7.000455260276794434e-02 0.000000000000000000e+00 7.000000000000000000e+00 8.191000000000000000e+03 0.000000000000000000e+00 0.000000000000000000e+00 2.756299972534179688e+00
1.100000000000000000e+01 6.028702110052108765e-02 0.000000000000000000e+00 -2.368454033785383217e-06 5.999501794576644897e-02 0.000000000000000000e+00 7.000000000000000000e+00 8.191000000000000000e+03 0.000000000000000000e+00 0.000000000000000000e+00 2.756299972534179688e+00
1.119999980926513672e+01 5.028098821640014648e-02 0.000000000000000000e+00 -2.215379481640411541e-06 4.999798536300659180e-02 0.000000000000000000e+00 7.000000000000000000e+00 8.191000000000000000e+03 0.000000000000000000e+00 0.000000000000000000e+00 2.756299972534179688e+00
1.140000057220458984e+01 4.034951701760292053e-02 0.000000000000000000e+00 -2.077555336654768325e-06 4.000094905495643616e-02 0.000000000000000000e+00 7.000000000000000000e+00 8.191000000000000000e+03 0.000000000000000000e+00 0.000000000000000000e+00 2.756299972534179688e+00
1.160000038146972656e+01 3.027545660734176636e-02 0.000000000000000000e+00 -1.949187890204484574e-06 3.000391460955142975e-02 0.000000000000000000e+00 7.000000000000000000e+00 8.191000000000000000e+03 0.000000000000000000e+00 0.000000000000000000e+00 2.756299972534179688e+00
1.180000019073486328e+01 2.034000493586063385e-02 0.000000000000000000e+00 -1.846891791501548141e-06 1.999438367784023285e-02 0.000000000000000000e+00 7.000000000000000000e+00 8.191000000000000000e+03 0.000000000000000000e+00 0.000000000000000000e+00 2.756299972534179688e+00
1.200000000000000000e+01 1.033955439925193787e-02 0.000000000000000000e+00 -1.760299824127287138e-06 9.997349232435226440e-03 0.000000000000000000e+00 7.000000000000000000e+00 8.191000000000000000e+03 0.000000000000000000e+00 0.000000000000000000e+00 2.756299972534179688e+00
1.219999980926513672e+01 2.185282937716692686e-04 0.000000000000000000e+00 -1.677760224083613139e-06 3.129243850708007812e-07 0.000000000000000000e+00 7.000000000000000000e+00 8.191000000000000000e+03 0.000000000000000000e+00 0.000000000000000000e+00 2.756299972534179688e+00
1.240000057220458984e+01 -9.777188301086425781e-03 0.000000000000000000e+00 -1.610444996913429350e-06 -9.996719658374786377e-03 0.000000000000000000e+00 7.000000000000000000e+00 8.191000000000000000e+03 0.000000000000000000e+00 0.000000000000000000e+00 2.756299972534179688e+00
1.260000038146972656e+01 -1.973120495676994324e-02 0.000000000000000000e+00 -1.558788994771020953e-06 -1.999375596642494202e-02 0.000000000000000000e+00 7.000000000000000000e+00 8.191000000000000000e+03 0.000000000000000000e+00 0.000000000000000000e+00 2.756299972534179688e+00
1.280000019073486328e+01 -2.959077805280685425e-02 0.000000000000000000e+00 -1.515732265033875592e-06 -3.000328317284584045e-02 0.000000000000000000e+00 7.000000000000000000e+00 6.143000000000000000e+03 0.000000000000000000e+00 0.000000000000000000e+00 2.756299972534179688e+00
1.300000000000000000e+01 -3.966786339879035950e-02 0.000000000000000000e+00 -1.485698476244579069e-06 -4.000032320618629456e-02 0.000000000000000000e+00 7.000000000000000000e+00 8.191000000000000000e+03 0.000000000000000000e+00 0.000000000000000000e+00 2.756299972534179688e+00
1.319999980926513672e+01 -4.969762638211250305e-02 0.000000000000000000e+00 -1.475836484132742044e-06 -4.999735578894615173e-02 0.000000000000000000e+00 7.000000000000000000e+00 8.191000000000000000e+03 0.000000000000000000e+00 0.000000000000000000e+00 2.756299972534179688e+00
1.340000057220458984e+01 -5.972293391823768616e-02 0.000000000000000000e+00 -1.478430476709036157e-06 -5.999438837170600891e-02 0.000000000000000000e+00 7.000000000000000000e+00 8.191000000000000000e+03 0.000000000000000000e+00 0.000000000000000000e+00 2.756299972534179688e+00
1.360000038146972656e+01 -6.977930665016174316e-02 0.000000000000000000e+00 -1.494630623710690998e-06 -7.000392675399780273e-02 0.000000000000000000e+00 7.000000000000000000e+00 8.191000000000000000e+03 0.000000000000000000e+00 0.000000000000000000e+00 2.756360054016113281e+00
1.380000019073486328e+01 -7.972241193056106567e-02 0.000000000000000000e+00 -1.537954517516482156e-06 -8.000095188617706299e-02 0.000000000000000000e+00 7.000000000000000000e+00 8.191000000000000000e+03 0.000000000000000000e+00 0.000000000000000000e+00 2.756399869918823242e+00
1.400000000000000000e+01 -8.969627320766448975e-02 0.000000000000000000e+00 -1.605243369340314530e-06 -8.999799191951751709e-02 0.000000000000000000e+00 7.000000000000000000e+00 8.191000000000000000e+03 0.000000000000000000e+00 0.000000000000000000e+00 2.756399869918823242e+00
1.419999980926513672e+01 -9.972982853651046753e-02 0.000000000000000000e+00 -1.704199917185178492e-06 -9.999501705169677734e-02 0.000000000000000000e+00 7.000000000000000000e+00 8.191000000000000000e+03 0.000000000000000000e+00 0.000000000000000000e+00 2.756399869918823242e+00
1.440000057220458984e+01 -1.097469925880432129e-01 0.000000000000000000e+00 -1.829319899115944281e-06 -1.100045591592788696e-01 0.000000000000000000e+00 7.000000000000000000e+00 8.191000000000000000e+03 0.000000000000000000e+00 0.000000000000000000e+00 2.756399869918823242e+00
1.460000038146972656e+01 -1.196983233094215393e-01 0.000000000000000000e+00 -1.991200178963481449e-06 -1.200015842914581299e-01 0.000000000000000000e+00 7.000000000000000000e+00 8.191000000000000000e+03 0.000000000000000000e+00 0.000000000000000000e+00 2.756279706954956055e+00
1.480000019073486328e+01 -1.297435909509658813e-01 0.000000000000000000e+00 -2.185902076234924607e-06 -1.299986243247985840e-01 0.000000000000000000e+00 7.000000000000000000e+00 8.191000000000000000e+03 0.000000000000000000e+00 0.000000000000000000e+00 2.756199836730957031e+00
1.500000000000000000e+01 -1.397219300270080566e-01 0.000000000000000000e+00 -2.421691078779986128e-06 -1.399956643581390381e-01 0.000000000000000000e+00 7.000000000000000000e+00 8.191000000000000000e+03 0.000000000000000000e+00 0.000000000000000000e+00 2.756199836730957031e+00
1.519999980926513672e+01 -1.497196853160858154e-01 0.000000000000000000e+00 -2.694737077035824768e-06 -1.500051915645599365e-01 0.000000000000000000e+00 7.000000000000000000e+00 8.191000000000000000e+03 0.000000000000000000e+00 0.000000000000000000e+00 2.756199836730957031e+00
1.540000057220458984e+01 -1.597146689891815186e-01 0.000000000000000000e+00 -2.999839352924027480e-06 -1.600022166967391968e-01 0.000000000000000000e+00 7.000000000000000000e+00 8.191000000000000000e+03 0.000000000000000000e+00 0.000000000000000000e+00 2.756199836730957031e+00
1.560000038146972656e+01 -1.697022318840026855e-01 0.000000000000000000e+00 -3.331425659780506976e-06 -1.699992567300796509e-01 0.000000000000000000e+00 7.000000000000000000e+00 8.191000000000000000e+03 0.000000000000000000e+00 0.000000000000000000e+00 2.756199836730957031e+00
1.580000019073486328e+01 -1.797261387109756470e-01 0.000000000000000000e+00 -3.666563998194760643e-06 -1.799962967634201050e-01 0.000000000000000000e+00 7.000000000000000000e+00 8.191000000000000000e+03 0.000000000000000000e+00 0.000000000000000000e+00 2.756199836730957031e+00
1.600000000000000000e+01 -1.897683888673782349e-01 0.000000000000000000e+00 -3.988584012404317036e-06 -1.900058239698410034e-01 0.000000000000000000e+00 7.000000000000000000e+00 8.191000000000000000e+03 0.000000000000000000e+00 0.000000000000000000e+00 2.756199836730957031e+00
1.620000076293945312e+01 -1.997551172971725464e-01 0.000000000000000000e+00 -4.277489551895996556e-06 -2.000028640031814575e-01 0.000000000000000000e+00 7.000000000000000000e+00 8.191000000000000000e+03 0.000000000000000000e+00 0.000000000000000000e+00 2.756199836730957031e+00
1.639999961853027344e+01 -1.897346526384353638e-01 0.000000000000000000e+00 -3.366111513969372027e-06 -1.900058239698410034e-01 0.000000000000000000e+00 7.000000000000000000e+00 8.191000000000000000e+03 0.000000000000000000e+00 1.000000000000000000e+00 2.756199836730957031e+00
1.660000038146972656e+01 -1.796464622020721436e-01 0.000000000000000000e+00 -2.744305447777151130e-06 -1.799962967634201050e-01 0.000000000000000000e+00 7.000000000000000000e+00 8.191000000000000000e+03 0.000000000000000000e+00 1.000000000000000000e+00 2.756199836730957031e+00
1.680000114440917969e+01 -1.697283238172531128e-01 0.000000000000000000e+00 -2.305591124240891077e-06 -1.699992567300796509e-01 0.000000000000000000e+00 7.000000000000000000e+00 8.191000000000000000e+03 0.000000000000000000e+00 1.000000000000000000e+00 2.756199836730957031e+00
1.700000000000000000e+01 -1.597383916378021240e-01 0.000000000000000000e+00 -1.951011881828890182e-06 -1.600022166967391968e-01 0.000000000000000000e+00 7.000000000000000000e+00 8.191000000000000000e+03 0.000000000000000000e+00 1.000000000000000000e+00 2.756199836730957031e+00
1.720000076293945312e+01 -1.496678590774536133e-01 0.000000000000000000e+00 -1.667593323873006739e-06 -1.500051915645599365e-01 0.000000000000000000e+00 7.000000000000000000e+00 8.191000000000000000e+03 0.000000000000000000e+00 1.000000000000000000e+00 2.756199836730957031e+00
1.739999961853027344e+01 -1.396856009960174561e-01 0.000000000000000000e+00 -1.447743443350191228e-06 -1.399956643581390381e-01 0.000000000000000000e+00 7.000000000000000000e+00 8.191000000000000000e+03 0.000000000000000000e+00 1.000000000000000000e+00 2.756199836730957031e+00
1.760000038146972656e+01 -1.297237277030944824e-01 0.000000000000000000e+00 -1.253399432243895717e-06 -1.299986243247985840e-01 0.000000000000000000e+00 7.000000000000000000e+00 8.191000000000000000e+03 0.000000000000000000e+00 1.000000000000000000e+00 2.756199836730957031e+00
1.780000114440917969e+01 -1.197038888931274414e-01 0.000000000000000000e+00 -1.097529093385674059e-06 -1.200015842914581299e-01 0.000000000000000000e+00 7.000000000000000000e+00 8.191000000000000000e+03 0.000000000000000000e+00 1.000000000000000000e+00 2.756199836730957031e+00
1.800000000000000000e+01 -1.097313165664672852e-01 0.000000000000000000e+00 -9.698586609374615364e-07 -1.100045591592788696e-01 0.000000000000000000e+00 7.000000000000000000e+00 8.191000000000000000e+03 0.000000000000000000e+00 1.000000000000000000e+00 2.756199836730957031e+00
1.820000076293945312e+01 -9.969393908977508545e-02 0.000000000000000000e+00 -8.480607789351779502e-07 -9.999501705169677734e-02 0.000000000000000000e+00 7.000000000000000000e+00 8.191000000000000000e+03 0.000000000000000000e+00 1.000000000000000000e+00 2.756199836730957031e+00
1.839999961853027344e+01 -8.967021852731704712e-02 0.000000000000000000e+00 -7.608340411024983041e-07 -8.999799191951751709e-02 0.000000000000000000e+00 7.000000000000000000e+00 8.191000000000000000e+03 0.000000000000000000e+00 1.000000000000000000e+00 2.756199836730957031e+00
1.860000038146972656e+01 -7.971873879432678223e-02 0.000000000000000000e+00 -6.800455025768314954e-07 -8.000095188617706299e-02 0.000000000000000000e+00 6.000000000000000000e+00 8.191000000000000000e+03 0.000000000000000000e+00 1.000000000000000000e+00 2.756199836730957031e+00
1.880000114440917969e+01 -6.969606876373291016e-02 0.000000000000000000e+00 -6.115203063927765470e-07 -7.000392675399780273e-02 0.000000000000000000e+00 6.000000000000000000e+00 8.191000000000000000e+03 0.000000000000000000e+00 1.000000000000000000e+00 2.756199836730957031e+00
1.900000000000000000e+01 -5.971248447895050049e-02 0.000000000000000000e+00 -5.533684088732115924e-07 -5.999438837170600891e-02 0.000000000000000000e+00 6.000000000000000000e+00 8.191000000000000000e+03 0.000000000000000000e+00 1.000000000000000000e+00 2.756199836730957031e+00
1.920000076293945312e+01 -4.972279816865921021e-02 0.000000000000000000e+00 -5.022460527470684610e-07 -4.999735578894615173e-02 0.000000000000000000e+00 6.000000000000000000e+00 8.191000000000000000e+03 0.000000000000000000e+00 1.000000000000000000e+00 2.756199836730957031e+00
1.939999961853027344e+01 -3.976373001933097839e-02 0.000000000000000000e+00 -4.587017485846445197e-07 -4.000032320618629456e-02 0.000000000000000000e+00 6.000000000000000000e+00 8.191000000000000000e+03 0.000000000000000000e+00 1.000000000000000000e+00 2.756199836730957031e+00
1.960000038146972656e+01 -2.965478412806987762e-02 0.000000000000000000e+00 -4.204997310353064677e-07 -3.000328317284584045e-02 0.000000000000000000e+00 6.000000000000000000e+00 8.191000000000000000e+03 0.000000000000000000e+00 1.000000000000000000e+00 2.756199836730957031e+00
1.980000114440917969e+01 -1.970398798584938049e-02 0.000000000000000000e+00 -3.857927595163346268e-07 -1.999375596642494202e-02 0.000000000000000000e+00 6.000000000000000000e+00 8.191000000000000000e+03 0.000000000000000000e+00 1.000000000000000000e+00 2.756199836730957031e+00
2.000000000000000000e+01 -9.747206233441829681e-03 0.000000000000000000e+00 -3.559798642527312040e-07 -9.996719658374786377e-03 0.000000000000000000e+00 6.000000000000000000e+00 8.191000000000000000e+03 0.000000000000000000e+00 1.000000000000000000e+00 2.756199836730957031e+00
2.020000076293945312e+01 2.585688780527561903e-04 0.000000000000000000e+00 -3.277982045801763888e-07 3.129243850708007812e-07 0.000000000000000000e+00 6.000000000000000000e+00 8.191000000000000000e+03 0.000000000000000000e+00 1.000000000000000000e+00 2.756199836730957031e+00
2.039999961853027344e+01 1.032805908471345901e-02 0.000000000000000000e+00 -3.016820926404761849e-07 9.997349232435226440e-03 0.000000000000000000e+00 6.000000000000000000e+00 8.191000000000000000e+03 0.000000000000000000e+00 1.000000000000000000e+00 2.756199836730957031e+00
2.060000038146972656e+01 2.036112546920776367e-02 0.000000000000000000e+00 -2.767106366263760719e-07 1.999438367784023285e-02 0.000000000000000000e+00 6.000000000000000000e+00 8.191000000000000000e+03 0.000000000000000000e+00 1.000000000000000000e+00 2.756199836730957031e+00
2.080000114440917969e+01 3.003334254026412964e-02 0.000000000000000000e+00 -2.516407846542279003e-07 3.000391460955142975e-02 0.000000000000000000e+00 6.000000000000000000e+00 6.143000000000000000e+03 0.000000000000000000e+00 1.000000000000000000e+00 2.756199836730957031e+00
2.100000000000000000e+01 4.028576239943504333e-02 0.000000000000000000e+00 -2.263196847707149573e-07 4.000094905495643616e-02 0.000000000000000000e+00 6.000000000000000000e+00 8.191000000000000000e+03 0.000000000000000000e+00 1.000000000000000000e+00 2.756199836730957031e+00
2.120000076293945312e+01 5.032521486282348633e-02 0.000000000000000000e+00 -1.997113798779537319e-07 4.999798536300659180e-02 0.000000000000000000e+00 6.000000000000000000e+00 8.191000000000000000e+03 0.000000000000000000e+00 1.000000000000000000e+00 2.756199836730957031e+00
2.139999961853027344e+01 6.032246723771095276e-02 0.000000000000000000e+00 -1.701774152707002941e-07 5.999501794576644897e-02 0.000000000000000000e+00 6.000000000000000000e+00 8.191000000000000000e+03 0.000000000000000000e+00 1.000000000000000000e+00 2.756199836730957031e+00
2.160000038146972656e+01 7.034091651439666748e-02 0.000000000000000000e+00 -1.352359078055087593e-07 7.000455260276794434e-02 0.000000000000000000e+00 6.000000000000000000e+00 8.191000000000000000e+03 0.000000000000000000e+00 1.000000000000000000e+00 2.756260156631469727e+00
2.180000114440917969e+01 8.032109588384628296e-02 0.000000000000000000e+00 -9.331095895959151676e-08 8.000158518552780151e-02 0.000000000000000000e+00 6.000000000000000000e+00 8.191000000000000000e+03 0.000000000000000000e+00 1.000000000000000000e+00 2.756299972534179688e+00
2.200000000000000000e+01 9.024859219789505005e-02 0.000000000000000000e+00 -3.980991181151694036e-08 8.999861776828765869e-02 0.000000000000000000e+00 6.000000000000000000e+00 8.191000000000000000e+03 0.000000000000000000e+00 1.000000000000000000e+00 2.756299972534179688e+00
2.220000076293945312e+01 1.003525555133819580e-01 0.000000000000000000e+00 2.752965144736663206e-08 9.999565780162811279e-02 0.000000000000000000e+00 5.000000000000000000e+00 8.191000000000000000e+03 0.000000000000000000e+00 1.000000000000000000e+00 2.756299972534179688e+00
2.239999961853027344e+01 1.102881431579589844e-01 0.000000000000000000e+00 1.090023147298779804e-07 1.100051850080490112e-01 0.000000000000000000e+00 5.000000000000000000e+00 7.164000000000000000e+03 0.000000000000000000e+00 1.000000000000000000e+00 2.756299972534179688e+00
2.260000038146972656e+01 1.203326135873794556e-01 0.000000000000000000e+00 2.543980883729091147e-07 1.200022250413894653e-01 0.000000000000000000e+00 6.000000000000000000e+00 8.191000000000000000e+03 0.000000000000000000e+00 1.000000000000000000e+00 2.756179809570312500e+00
2.280000114440917969e+01 1.303098946809768677e-01 0.000000000000000000e+00 4.345986894804809708e-07 1.299992501735687256e-01 0.000000000000000000e+00 6.000000000000000000e+00 8.191000000000000000e+03 0.000000000000000000e+00 1.000000000000000000e+00 2.756099939346313477e+00
2.300000000000000000e+01 1.402864009141921997e-01 0.000000000000000000e+00 6.848984526186541189e-07 1.399962902069091797e-01 0.000000000000000000e+00 6.000000000000000000e+00 8.191000000000000000e+03 0.000000000000000000e+00 1.000000000000000000e+00 2.756099939346313477e+00
2.320000076293945312e+01 1.503282338380813599e-01 0.000000000000000000e+00 1.030241833177569788e-06 1.500058174133300781e-01 0.000000000000000000e+00 6.000000000000000000e+00 7.164000000000000000e+03 0.000000000000000000e+00 1.000000000000000000e+00 2.756099939346313477e+00
2.339999961853027344e+01 1.603295803070068359e-01 0.000000000000000000e+00 1.509357957729662303e-06 1.600028574466705322e-01 0.000000000000000000e+00 7.000000000000000000e+00 8.191000000000000000e+03 0.000000000000000000e+00 1.000000000000000000e+00 2.756099939346313477e+00
2.360000038146972656e+01 1.703396588563919067e-01 0.000000000000000000e+00 2.145375901818624698e-06 1.699998974800109863e-01 0.000000000000000000e+00 7.000000000000000000e+00 8.191000000000000000e+03 0.000000000000000000e+00 1.000000000000000000e+00 2.756099939346313477e+00
2.380000114440917969e+01 1.803698837757110596e-01 0.000000000000000000e+00 2.972864876937819645e-06 1.799969226121902466e-01 0.000000000000000000e+00 7.000000000000000000e+00 8.191000000000000000e+03 0.000000000000000000e+00 1.000000000000000000e+00 2.756099939346313477e+00
2.400000000000000000e+01 1.903254985809326172e-01 0.000000000000000000e+00 3.988216121797449887e-06 1.899939626455307007e-01 0.000000000000000000e+00 7.000000000000000000e+00 8.191000000000000000e+03 0.000000000000000000e+00 1.000000000000000000e+00 2.756099939346313477e+00
2.420000076293945312e+01 2.003239691257476807e-01 0.000000000000000000e+00 5.191794116399250925e-06 2.000034898519515991e-01 0.000000000000000000e+00 7.000000000000000000e+00 8.191000000000000000e+03 0.000000000000000000e+00 1.000000000000000000e+00 2.756099939346313477e+00
2.439999961853027344e+01 2.103123068809509277e-01 0.000000000000000000e+00 6.537947228935081512e-06 2.100005298852920532e-01 0.000000000000000000e+00 7.000000000000000000e+00 8.191000000000000000e+03 0.000000000000000000e+00 1.000000000000000000e+00 2.756099939346313477e+00
2.460000038146972656e+01 2.203220278024673462e-01 0.000000000000000000e+00 7.914220077509526163e-06 2.199975699186325073e-01 0.000000000000000000e+00 7.000000000000000000e+00 8.191000000000000000e+03 0.000000000000000000e+00 1.000000000000000000e+00 2.756099939346313477e+00
2.480000114440917969e+01 2.302825748920440674e-01 0.000000000000000000e+00 9.229337592842057347e-06 2.299945950508117676e-01 0.000000000000000000e+00 7.000000000000000000e+00 8.191000000000000000e+03 0.000000000000000000e+00 1.000000000000000000e+00 2.756099939346313477e+00
2.500000000000000000e+01 2.403464615345001221e-01 0.000000000000000000e+00 1.041114228428341448e-05 2.400041371583938599e-01 0.000000000000000000e+00 8.000000000000000000e+00 8.191000000000000000e+03 0.000000000000000000e+00 1.000000000000000000e+00 2.756099939346313477e+00
2.520000076293945312e+01 2.503082454204559326e-01 0.000000000000000000e+00 1.127151426771888509e-05 2.500011622905731201e-01 0.000000000000000000e+00 8.000000000000000000e+00 8.191000000000000000e+03 0.000000000000000000e+00 1.000000000000000000e+00 2.756099939346313477e+00
2.539999961853027344e+01 2.602957785129547119e-01 0.000000000000000000e+00 1.173812870547408238e-05 2.599982023239135742e-01 0.000000000000000000e+00 8.000000000000000000e+00 8.191000000000000000e+03 0.000000000000000000e+00 1.000000000000000000e+00 2.756099939346313477e+00
2.560000038146972656e+01 2.703372240066528320e-01 0.000000000000000000e+00 1.197015353682218120e-05 2.699952423572540283e-01 0.000000000000000000e+00 8.000000000000000000e+00 8.191000000000000000e+03 0.000000000000000000e+00 1.000000000000000000e+00 2.756160020828247070e+00
2.580000114440917969e+01 2.803127765655517578e-01 0.000000000000000000e+00 1.194663036585552618e-05 2.800047695636749268e-01 0.000000000000000000e+00 8.000000000000000000e+00 8.191000000000000000e+03 0.000000000000000000e+00 1.000000000000000000e+00 2.756199836730957031e+00
2.600000000000000000e+01 2.902862429618835449e-01 0.000000000000000000e+00 1.169193274108693004e-05 2.900017797946929932e-01 0.000000000000000000e+00 8.000000000000000000e+00 8.191000000000000000e+03 0.000000000000000000e+00 1.000000000000000000e+00 2.756199836730957031e+00
2.620000076293945312e+01 3.002690374851226807e-01 0.000000000000000000e+00 1.130092005041660741e-05 2.999988198280334473e-01 0.000000000000000000e+00 8.000000000000000000e+00 8.191000000000000000e+03 0.000000000000000000e+00 1.000000000000000000e+00 2.756199836730957031e+00
2.639999961853027344e+01 2.902706265449523926e-01 0.000000000000000000e+00 9.148277968051843345e-06 2.900017797946929932e-01 0.000000000000000000e+00 8.000000000000000000e+00 8.191000000000000000e+03 0.000000000000000000e+00 1.000000000000000000e+00 2.756199836730957031e+00
2.660000038146972656e+01 2.803330421447753906e-01 0.000000000000000000e+00 7.447602001775521785e-06 2.800047695636749268e-01 0.000000000000000000e+00 8.000000000000000000e+00 8.191000000000000000e+03 0.000000000000000000e+00 1.000000000000000000e+00 2.756199836730957031e+00
2.680000114440917969e+01 2.703005671501159668e-01 0.000000000000000000e+00 5.862281341251218691e-06 2.699952423572540283e-01 0.000000000000000000e+00 7.000000000000000000e+00 8.191000000000000000e+03 0.000000000000000000e+00 1.000000000000000000e+00 2.756199836730957031e+00
2.700000000000000000e+01 2.602357864379882812e-01 0.000000000000000000e+00 4.245046511641703546e-06 2.599982023239135742e-01 0.000000000000000000e+00 7.000000000000000000e+00 8.191000000000000000e+03 0.000000000000000000e+00 1.000000000000000000e+00 2.756199836730957031e+00
2.720000076293945312e+01 2.502997517585754395e-01 0.000000000000000000e+00 2.561014753155177459e-06 2.500011622905731201e-01 0.000000000000000000e+00 7.000000000000000000e+00 8.191000000000000000e+03 0.000000000000000000e+00 1.000000000000000000e+00 2.756199836730957031e+00
2.739999961853027344e+01 2.402955144643783569e-01 0.000000000000000000e+00 8.443511205769027583e-07 2.400041371583938599e-01 0.000000000000000000e+00 7.000000000000000000e+00 8.191000000000000000e+03 0.000000000000000000e+00 1.000000000000000000e+00 2.756199836730957031e+00
2.760000038146972656e+01 2.303064763545989990e-01 0.000000000000000000e+00 -8.379331575270043686e-07 2.299945950508117676e-01 0.000000000000000000e+00 7.000000000000000000e+00 8.191000000000000000e+03 0.000000000000000000e+00 1.000000000000000000e+00 2.756019592285156250e+00
2.780000114440917969e+01 2.202521711587905884e-01 0.000000000000000000e+00 -2.383673290751175955e-06 2.199975699186325073e-01 0.000000000000000000e+00 7.000000000000000000e+00 8.191000000000000000e+03 0.000000000000000000e+00 1.000000000000000000e+00 2.755899906158447266e+00
2.800000000000000000e+01 2.103576362133026123e-01 0.000000000000000000e+00 -3.678078201119205914e-06 2.100005298852920532e-01 0.000000000000000000e+00 7.000000000000000000e+00 8.191000000000000000e+03 0.000000000000000000e+00 1.000000000000000000e+00 2.755899906158447266e+00
2.820000076293945312e+01 2.003383636474609375e-01 0.000000000000000000e+00 -4.642270596377784386e-06 2.000034898519515991e-01 0.000000000000000000e+00 7.000000000000000000e+00 8.191000000000000000e+03 0.000000000000000000e+00 1.000000000000000000e+00 2.755899906158447266e+00
2.839999961853027344e+01 1.903005838394165039e-01 0.000000000000000000e+00 -5.231418981566093862e-06 1.899939626455307007e-01 0.000000000000000000e+00 7.000000000000000000e+00 8.191000000000000000e+03 0.000000000000000000e+00 1.000000000000000000e+00 2.755899906158447266e+00
2.860000038146972656e+01 1.803181171417236328e-01 0.000000000000000000e+00 -5.471193617267999798e-06 1.799969226121902466e-01 0.000000000000000000e+00 7.000000000000000000e+00 8.191000000000000000e+03 0.000000000000000000e+00 1.000000000000000000e+00 2.756080150604248047e+00
2.880000114440917969e+01 1.702968925237655640e-01 0.000000000000000000e+00 -5.434668310044799000e-06 1.699998974800109863e-01 0.000000000000000000e+00 7.000000000000000000e+00 8.191000000000000000e+03 0.000000000000000000e+00 1.000000000000000000e+00 2.756199836730957031e+00
2.900000000000000000e+01 1.603013426065444946e-01 0.000000000000000000e+00 -5.214216798776760697e-06 1.600028574466705322e-01 0.000000000000000000e+00 7.000000000000000000e+00 8.191000000000000000e+03 0.000000000000000000e+00 1.000000000000000000e+00 2.756199836730957031e+00
2.920000076293945312e+01 1.503362804651260376e-01 0.000000000000000000e+00 -4.889975116384448484e-06 1.500058174133300781e-01 0.000000000000000000e+00 7.000000000000000000e+00 8.191000000000000000e+03 0.000000000000000000e+00 1.000000000000000000e+00 2.756199836730957031e+00
2.939999961853027344e+01 1.402780711650848389e-01 0.000000000000000000e+00 -4.522114068095106632e-06 1.399962902069091797e-01 0.000000000000000000e+00 7.000000000000000000e+00 8.191000000000000000e+03 0.000000000000000000e+00 1.000000000000000000e+00 2.756199836730957031e+00
2.960000038146972656e+01 1.302720159292221069e-01 0.000000000000000000e+00 -4.158224328421056271e-06 1.299992501735687256e-01 0.000000000000000000e+00 7.000000000000000000e+00 8.191000000000000000e+03 0.000000000000000000e+00 1.000000000000000000e+00 2.756139755249023438e+00
2.980000114440917969e+01 1.203438416123390198e-01 0.000000000000000000e+00 -3.809567033385974355e-06 1.200022250413894653e-01 0.000000000000000000e+00 7.000000000000000000e+00 8.191000000000000000e+03 0.000000000000000000e+00 1.000000000000000000e+00 2.756099939346313477e+00
3.000000000000000000e+01 1.102574169635772705e-01 0.000000000000000000e+00 -3.493717713354271837e-06 1.100051850080490112e-01 0.000000000000000000e+00 7.000000000000000000e+00 8.191000000000000000e+03 0.000000000000000000e+00 1.000000000000000000e+00 2.756099939346313477e+00
3.020000076293945312e+01 1.002905666828155518e-01 0.000000000000000000e+00 -3.213537638657726347e-06 9.999565780162811279e-02 0.000000000000000000e+00 7.000000000000000000e+00 8.191000000000000000e+03 0.000000000000000000e+00 1.000000000000000000e+00 2.756099939346313477e+00
3.039999961853027344e+01 9.032526612281799316e-02 0.000000000000000000e+00 -2.960981419164454564e-06 8.999861776828765869e-02 0.000000000000000000e+00 7.000000000000000000e+00 8.191000000000000000e+03 0.000000000000000000e+00 1.000000000000000000e+00 2.756099939346313477e+00
3.060000038146972656e+01 8.034820109605789185e-02 0.000000000000000000e+00 -2.741634716585394926e-06 8.000158518552780151e-02 0.000000000000000000e+00 7.000000000000000000e+00 8.191000000000000000e+03 0.000000000000000000e+00 1.000000000000000000e+00 2.756099939346313477e+00
3.080000114440917969e+01 7.032392174005508423e-02 0.000000000000000000e+00 -2.553022113715996966e-06 7.000455260276794434e-02 0.000000000000000000e+00 7.000000000000000000e+00 8.191000000000000000e+03 0.000000000000000000e+00 1.000000000000000000e+00 2.756099939346313477e+00
3.100000000000000000e+01 6.030295416712760925e-02 0.000000000000000000e+00 -2.388903794781072065e-06 5.999501794576644897e-02 0.000000000000000000e+00 7.000000000000000000e+00 8.191000000000000000e+03 0.000000000000000000e+00 1.000000000000000000e+00 2.756099939346313477e+00
3.120000076293945312e+01 5.029425770044326782e-02 0.000000000000000000e+00 -2.239188916064449586e-06 4.999798536300659180e-02 0.000000000000000000e+00 7.000000000000000000e+00 8.191000000000000000e+03 0.000000000000000000e+00 1.000000000000000000e+00 2.756099939346313477e+00
3.139999961853027344e+01 4.031439870595932007e-02 0.000000000000000000e+00 -2.109374236169969663e-06 4.000094905495643616e-02 0.000000000000000000e+00 7.000000000000000000e+00 8.191000000000000000e+03 0.000000000000000000e+00 1.000000000000000000e+00 2.756099939346313477e+00
3.160000038146972656e+01 3.025530464947223663e-02 0.000000000000000000e+00 -2.003408553719054908e-06 3.000391460955142975e-02 0.000000000000000000e+00 7.000000000000000000e+00 8.191000000000000000e+03 0.000000000000000000e+00 1.000000000000000000e+00 2.756099939346313477e+00
3.180000114440917969e+01 2.028730511665344238e-02 0.000000000000000000e+00 -1.901749214994197246e-06 1.999438367784023285e-02 0.000000000000000000e+00 7.000000000000000000e+00 8.191000000000000000e+03 0.000000000000000000e+00 1.000000000000000000e+00 2.756099939346313477e+00
3.200000000000000000e+01 1.032873429358005524e-02 0.000000000000000000e+00 -1.821515979827381670e-06 9.997349232435226440e-03 0.000000000000000000e+00 7.000000000000000000e+00 8.191000000000000000e+03 0.000000000000000000e+00 1.000000000000000000e+00 2.756099939346313477e+00
3.220000076293945312e+01 2.513063373044133186e-04 0.000000000000000000e+00 -1.743706775414466392e-06 3.129243850708007812e-07 0.000000000000000000e+00 7.000000000000000000e+00 8.191000000000000000e+03 0.000000000000000000e+00 1.000000000000000000e+00 2.756099939346313477e+00
3.240000152587890625e+01 -9.722377173602581024e-03 0.000000000000000000e+00 -1.685799929873610381e-06 -9.996719658374786377e-03 0.000000000000000000e+00 7.000000000000000000e+00 8.191000000000000000e+03 0.000000000000000000e+00 1.000000000000000000e+00 2.756099939346313477e+00
3.260000228881835938e+01 -1.974295265972614288e-02 0.000000000000000000e+00 -1.634974296393920667e-06 -1.999375596642494202e-02 0.000000000000000000e+00 7.000000000000000000e+00 8.191000000000000000e+03 0.000000000000000000e+00 1.000000000000000000e+00 2.756039857864379883e+00
3.279999923706054688e+01 -2.965462766587734222e-02 0.000000000000000000e+00 -1.590278202456829604e-06 -3.000328317284584045e-02 0.000000000000000000e+00 7.000000000000000000e+00 6.143000000000000000e+03 0.000000000000000000e+00 1.000000000000000000e+00 2.756000041961669922e+00
3.300000000000000000e+01 -3.971501067280769348e-02 0.000000000000000000e+00 -1.569598339301592205e-06 -4.000032320618629456e-02 0.000000000000000000e+00 7.000000000000000000e+00 8.191000000000000000e+03 0.000000000000000000e+00 1.000000000000000000e+00 2.756000041961669922e+00
3.320000076293945312e+01 -4.970882087945938110e-02 0.000000000000000000e+00 -1.568289121678390075e-06 -4.999735578894615173e-02 0.000000000000000000e+00 7.000000000000000000e+00 8.191000000000000000e+03 0.000000000000000000e+00 1.000000000000000000e+00 2.756000041961669922e+00
3.340000152587890625e+01 -5.973469093441963196e-02 0.000000000000000000e+00 -1.569457594996492844e-06 -5.999438837170600891e-02 0.000000000000000000e+00 7.000000000000000000e+00 8.191000000000000000e+03 0.000000000000000000e+00 1.000000000000000000e+00 2.756000041961669922e+00
3.360000228881835938e+01 -6.974483281373977661e-02 0.000000000000000000e+00 -1.593733600202540401e-06 -7.000392675399780273e-02 0.000000000000000000e+00 7.000000000000000000e+00 8.191000000000000000e+03 0.000000000000000000e+00 1.000000000000000000e+00 2.756119966506958008e+00
3.379999923706054688e+01 -7.975335419178009033e-02 0.000000000000000000e+00 -1.642513552724267356e-06 -8.000095188617706299e-02 0.000000000000000000e+00 7.000000000000000000e+00 8.191000000000000000e+03 0.000000000000000000e+00 1.000000000000000000e+00 2.756199836730957031e+00
3.400000000000000000e+01 -8.974944055080413818e-02 0.000000000000000000e+00 -1.706933403511357028e-06 -8.999799191951751709e-02 0.000000000000000000e+00 7.000000000000000000e+00 8.191000000000000000e+03 0.000000000000000000e+00 1.000000000000000000e+00 2.756199836730957031e+00
3.420000076293945312e+01 -9.968851506710052490e-02 0.000000000000000000e+00 -1.804449652809125837e-06 -9.999501705169677734e-02 0.000000000000000000e+00 7.000000000000000000e+00 8.191000000000000000e+03 0.000000000000000000e+00 1.000000000000000000e+00 2.756199836730957031e+00
3.440000152587890625e+01 -1.097252815961837769e-01 0.000000000000000000e+00 -1.920861905091442168e-06 -1.100045591592788696e-01 0.000000000000000000e+00 7.000000000000000000e+00 8.191000000000000000e+03 0.000000000000000000e+00 1.000000000000000000e+00 2.756199836730957031e+00
3.460000228881835938e+01 -1.197405830025672913e-01 0.000000000000000000e+00 -2.069626589218387380e-06 -1.200015842914581299e-01 0.000000000000000000e+00 7.000000000000000000e+00 8.191000000000000000e+03 0.000000000000000000e+00 1.000000000000000000e+00 2.756079912185668945e+00
3.479999923706054688e+01 -1.296654641628265381e-01 0.000000000000000000e+00 -2.258387439724174328e-06 -1.299986243247985840e-01 0.000000000000000000e+00 7.000000000000000000e+00 8.191000000000000000e+03 0.000000000000000000e+00 1.000000000000000000e+00 2.756000041961669922e+00
3.500000000000000000e+01 -1.397061198949813843e-01 0.000000000000000000e+00 -2.470384742991882376e-06 -1.399956643581390381e-01 0.000000000000000000e+00 7.000000000000000000e+00 8.191000000000000000e+03 0.000000000000000000e+00 1.000000000000000000e+00 2.756000041961669922e+00
3.520000076293945312e+01 -1.497730016708374023e-01 0.000000000000000000e+00 -2.714287120397784747e-06 -1.500051915645599365e-01 0.000000000000000000e+00 7.000000000000000000e+00 8.191000000000000000e+03 0.000000000000000000e+00 1.000000000000000000e+00 2.756000041961669922e+00
3.540000152587890625e+01 -1.596567034721374512e-01 0.000000000000000000e+00 -2.980457111334544607e-06 -1.600022166967391968e-01 0.000000000000000000e+00 7.000000000000000000e+00 8.191000000000000000e+03 0.000000000000000000e+00 1.000000000000000000e+00 2.756000041961669922e+00
3.560000228881835938e+01 -1.697196811437606812e-01 0.000000000000000000e+00 -3.260628773205098696e-06 -1.699992567300796509e-01 0.000000000000000000e+00 7.000000000000000000e+00 8.191000000000000000e+03 0.000000000000000000e+00 1.000000000000000000e+00 2.756000041961669922e+00
3.579999923706054688e+01 -1.797730028629302979e-01 0.000000000000000000e+00 -3.532308483045198955e-06 -1.799962967634201050e-01 0.000000000000000000e+00 7.000000000000000000e+00 8.191000000000000000e+03 0.000000000000000000e+00 1.000000000000000000e+00 2.756000041961669922e+00
3.600000000000000000e+01 -1.898067444562911987e-01 0.000000000000000000e+00 -3.788872845689184032e-06 -1.900058239698410034e-01 0.000000000000000000e+00 7.000000000000000000e+00 8.191000000000000000e+03 0.000000000000000000e+00 1.000000000000000000e+00 2.756000041961669922e+00
3.620000076293945312e+01 -1.997124254703521729e-01 0.000000000000000000e+00 -4.051807991345413029e-06 -2.000028640031814575e-01 0.000000000000000000e+00 7.000000000000000000e+00 8.191000000000000000e+03 0.000000000000000000e+00 1.000000000000000000e+00 2.756000041961669922e+00
3.640000152587890625e+01 -1.897059828042984009e-01 0.000000000000000000e+00 -3.180321755280601792e-06 -1.900058239698410034e-01 0.000000000000000000e+00 7.000000000000000000e+00 8.191000000000000000e+03 0.000000000000000000e+00 2.000000000000000000e+00 2.756000041961669922e+00
3.660000228881835938e+01 -1.797132045030593872e-01 0.000000000000000000e+00 -2.595624209789093584e-06 -1.799962967634201050e-01 0.000000000000000000e+00 7.000000000000000000e+00 8.191000000000000000e+03 0.000000000000000000e+00 2.000000000000000000e+00 2.756000041961669922e+00
3.679999923706054688e+01 -1.697001159191131592e-01 0.000000000000000000e+00 -2.179167040594620630e-06 -1.699992567300796509e-01 0.000000000000000000e+00 7.000000000000000000e+00 8.191000000000000000e+03 0.000000000000000000e+00 2.000000000000000000e+00 2.756000041961669922e+00
3.700000000000000000e+01 -1.596967428922653198e-01 0.000000000000000000e+00 -1.869125412667926867e-06 -1.600022166967391968e-01 0.000000000000000000e+00 7.000000000000000000e+00 8.191000000000000000e+03 0.000000000000000000e+00 2.000000000000000000e+00 2.756000041961669922e+00
3.720000076293945312e+01 -1.496798098087310791e-01 0.000000000000000000e+00 -1.628677523513033520e-06 -1.500051915645599365e-01 0.000000000000000000e+00 7.000000000000000000e+00 8.191000000000000000e+03 0.000000000000000000e+00 2.000000000000000000e+00 2.756000041961669922e+00
3.740000152587890625e+01 -1.397255063056945801e-01 0.000000000000000000e+00 -1.432401518286496866e-06 -1.399956643581390381e-01 0.000000000000000000e+00 7.000000000000000000e+00 8.191000000000000000e+03 0.000000000000000000e+00 2.000000000000000000e+00 2.756000041961669922e+00
3.760000228881835938e+01 -1.297361701726913452e-01 0.000000000000000000e+00 -1.274894771086110268e-06 -1.299986243247985840e-01 0.000000000000000000e+00 7.000000000000000000e+00 8.191000000000000000e+03 0.000000000000000000e+00 2.000000000000000000e+00 2.756000041961669922e+00
3.779999923706054688e+01 -1.196976006031036377e-01 0.000000000000000000e+00 -1.137241611104400363e-06 -1.200015842914581299e-01 0.000000000000000000e+00 7.000000000000000000e+00 8.191000000000000000e+03 0.000000000000000000e+00 2.000000000000000000e+00 2.756000041961669922e+00
3.800000000000000000e+01 -1.097406446933746338e-01 0.000000000000000000e+00 -1.015572934193187393e-06 -1.100045591592788696e-01 0.000000000000000000e+00 7.000000000000000000e+00 8.191000000000000000e+03 0.000000000000000000e+00 2.000000000000000000e+00 2.756000041961669922e+00
3.820000076293945312e+01 -9.977788478136062622e-02 0.000000000000000000e+00 -9.157556064565142151e-07 -9.999501705169677734e-02 0.000000000000000000e+00 7.000000000000000000e+00 8.191000000000000000e+03 0.000000000000000000e+00 2.000000000000000000e+00 2.756000041961669922e+00
3.840000152587890625e+01 -8.970666676759719849e-02 0.000000000000000000e+00 -8.296105988847557455e-07 -8.999799191951751709e-02 0.000000000000000000e+00 7.000000000000000000e+00 8.191000000000000000e+03 0.000000000000000000e+00 2.000000000000000000e+00 2.756000041961669922e+00
3.860000228881835938e+01 -7.969868183135986328e-02 0.000000000000000000e+00 -7.490156690437288489e-07 -8.000095188617706299e-02 0.000000000000000000e+00 7.000000000000000000e+00 8.191000000000000000e+03 0.000000000000000000e+00 2.000000000000000000e+00 2.756000041961669922e+00
3.879999923706054688e+01 -6.967978924512863159e-02 0.000000000000000000e+00 -6.921109161339700222e-07 -7.000392675399780273e-02 0.000000000000000000e+00 6.000000000000000000e+00 8.191000000000000000e+03 0.000000000000000000e+00 2.000000000000000000e+00 2.756000041961669922e+00
3.900000000000000000e+01 -5.968986079096794128e-02 0.000000000000000000e+00 -6.349702061925199814e-07 -5.999438837170600891e-02 0.000000000000000000e+00 6.000000000000000000e+00 8.191000000000000000e+03 0.000000000000000000e+00 2.000000000000000000e+00 2.756000041961669922e+00
3.920000076293945312e+01 -4.971975833177566528e-02 0.000000000000000000e+00 -5.854323603671218734e-07 -4.999735578894615173e-02 0.000000000000000000e+00 6.000000000000000000e+00 8.191000000000000000e+03 0.000000000000000000e+00 2.000000000000000000e+00 2.756000041961669922e+00
3.940000152587890625e+01 -3.975075110793113708e-02 0.000000000000000000e+00 -5.420823754320736043e-07 -4.000032320618629456e-02 0.000000000000000000e+00 6.000000000000000000e+00 8.191000000000000000e+03 0.000000000000000000e+00 2.000000000000000000e+00 2.756000041961669922e+00
3.960000228881835938e+01 -2.971271239221096039e-02 0.000000000000000000e+00 -5.033055572312150616e-07 -3.000328317284584045e-02 0.000000000000000000e+00 6.000000000000000000e+00 8.191000000000000000e+03 0.000000000000000000e+00 2.000000000000000000e+00 2.756000041961669922e+00
3.979999923706054688e+01 -1.974822208285331726e-02 0.000000000000000000e+00 -4.687315993123775115e-07 -1.999375596642494202e-02 0.000000000000000000e+00 6.000000000000000000e+00 8.191000000000000000e+03 0.000000000000000000e+00 2.000000000000000000e+00 2.756000041961669922e+00
4.000000000000000000e+01 -9.718643501400947571e-03 0.000000000000000000e+00 -4.377204447791882558e-07 -9.996719658374786377e-03 0.000000000000000000e+00 6.000000000000000000e+00 8.191000000000000000e+03 0.000000000000000000e+00 2.000000000000000000e+00 2.756000041961669922e+00
4.020000076293945312e+01 3.325940633658319712e-04 0.000000000000000000e+00 -4.094483756489353254e-07 3.129243850708007812e-07 0.000000000000000000e+00 6.000000000000000000e+00 8.191000000000000000e+03 0.000000000000000000e+00 2.000000000000000000e+00 2.756000041961669922e+00
4.040000152587890625e+01 1.033539138734340668e-02 0.000000000000000000e+00 -3.825505245913518593e-07 9.997349232435226440e-03 0.000000000000000000e+00 6.000000000000000000e+00 8.191000000000000000e+03 0.000000000000000000e+00 2.000000000000000000e+00 2.756000041961669922e+00
4.060000228881835938e+01 2.031916752457618713e-02 0.000000000000000000e+00 -3.568756596905586775e-07 1.999438367784023285e-02 0.000000000000000000e+00 6.000000000000000000e+00 8.191000000000000000e+03 0.000000000000000000e+00 2.000000000000000000e+00 2.755939722061157227e+00
4.079999923706054688e+01 3.003133460879325867e-02 0.000000000000000000e+00 -3.319811128221772378e-07 3.000391460955142975e-02 0.000000000000000000e+00 6.000000000000000000e+00 6.143000000000000000e+03 0.000000000000000000e+00 2.000000000000000000e+00 2.755899906158447266e+00
4.100000000000000000e+01 4.028242453932762146e-02 0.000000000000000000e+00 -3.068657861149404198e-07 4.000094905495643616e-02 0.000000000000000000e+00 6.000000000000000000e+00 8.191000000000000000e+03 0.000000000000000000e+00 2.000000000000000000e+00 2.755899906158447266e+00
4.120000076293945312e+01 5.032433196902275085e-02 0.000000000000000000e+00 -2.803030554332508473e-07 4.999798536300659180e-02 0.000000000000000000e+00 6.000000000000000000e+00 8.191000000000000000e+03 0.000000000000000000e+00 2.000000000000000000e+00 2.755899906158447266e+00
4.140000152587890625e+01 6.022489443421363831e-02 0.000000000000000000e+00 -2.516323434065270703e-07 5.999501794576644897e-02 0.000000000000000000e+00 6.000000000000000000e+00 8.191000000000000000e+03 0.000000000000000000e+00 2.000000000000000000e+00 2.755899906158447266e+00
4.160000228881835938e+01 7.030738890171051025e-02 0.000000000000000000e+00 -2.184529961368752993e-07 7.000455260276794434e-02 0.000000000000000000e+00 6.000000000000000000e+00 8.191000000000000000e+03 0.000000000000000000e+00 2.000000000000000000e+00 2.756020069122314453e+00
4.179999923706054688e+01 8.028320968151092529e-02 0.000000000000000000e+00 -1.803931013455439825e-07 8.000158518552780151e-02 0.000000000000000000e+00 6.000000000000000000e+00 8.191000000000000000e+03 0.000000000000000000e+00 2.000000000000000000e+00 2.756099939346313477e+00
4.200000000000000000e+01 9.031599014997482300e-02 0.000000000000000000e+00 -1.317133921929780627e-07 8.999861776828765869e-02 0.000000000000000000e+00 6.000000000000000000e+00 8.191000000000000000e+03 0.000000000000000000e+00 2.000000000000000000e+00 2.756099939346313477e+00
4.220000076293945312e+01 1.003035083413124084e-01 0.000000000000000000e+00 -7.015059111381560797e-08 9.999565780162811279e-02 0.000000000000000000e+00 6.000000000000000000e+00 8.191000000000000000e+03 0.000000000000000000e+00 2.000000000000000000e+00 2.756099939346313477e+00
4.240000152587890625e+01 1.102869510650634766e-01 0.000000000000000000e+00 1.430597418305978863e-08 1.100051850080490112e-01 0.000000000000000000e+00 5.000000000000000000e+00 8.191000000000000000e+03 0.000000000000000000e+00 2.000000000000000000e+00 2.756099939346313477e+00
4.260000228881835938e+01 1.203709468245506287e-01 0.000000000000000000e+00 1.090063648234718130e-07 1.200022250413894653e-01 0.000000000000000000e+00 5.000000000000000000e+00 7.164000000000000000e+03 0.000000000000000000e+00 2.000000000000000000e+00 2.756039857864379883e+00
4.279999923706054688e+01 1.303333938121795654e-01 0.000000000000000000e+00 2.766498710116138682e-07 1.299992501735687256e-01 0.000000000000000000e+00 6.000000000000000000e+00 8.191000000000000000e+03 0.000000000000000000e+00 2.000000000000000000e+00 2.756000041961669922e+00
4.300000000000000000e+01 1.403461694717407227e-01 0.000000000000000000e+00 4.913920861326914746e-07 1.399962902069091797e-01 0.000000000000000000e+00 6.000000000000000000e+00 8.191000000000000000e+03 0.000000000000000000e+00 2.000000000000000000e+00 2.756000041961669922e+00
4.320000076293945312e+01 1.503667980432510376e-01 0.000000000000000000e+00 7.887507535997428931e-07 1.500058174133300781e-01 0.000000000000000000e+00 6.000000000000000000e+00 8.191000000000000000e+03 0.000000000000000000e+00 2.000000000000000000e+00 2.756000041961669922e+00
4.340000152587890625e+01 1.602827012538909912e-01 0.000000000000000000e+00 1.093088485504267737e-06 1.600028574466705322e-01 0.000000000000000000e+00 6.000000000000000000e+00 7.164000000000000000e+03 0.000000000000000000e+00 2.000000000000000000e+00 2.756000041961669922e+00
4.360000228881835938e+01 1.703165769577026367e-01 0.000000000000000000e+00 1.760096552061440889e-06 1.699998974800109863e-01 0.000000000000000000e+00 7.000000000000000000e+00 8.191000000000000000e+03 0.000000000000000000e+00 2.000000000000000000e+00 2.755699634552001953e+00
4.379999923706054688e+01 1.803237646818161011e-01 0.000000000000000000e+00 2.490068254701327533e-06 1.799969226121902466e-01 0.000000000000000000e+00 7.000000000000000000e+00 8.191000000000000000e+03 0.000000000000000000e+00 2.000000000000000000e+00 2.755499839782714844e+00
4.400000000000000000e+01 1.903070211410522461e-01 0.000000000000000000e+00 3.430558990658028051e-06 1.899939626455307007e-01 0.000000000000000000e+00 7.000000000000000000e+00 8.191000000000000000e+03 0.000000000000000000e+00 2.000000000000000000e+00 2.755499839782714844e+00
4.420000076293945312e+01 2.003346383571624756e-01 0.000000000000000000e+00 4.567622909235069528e-06 2.000034898519515991e-01 0.000000000000000000e+00 7.000000000000000000e+00 8.191000000000000000e+03 0.000000000000000000e+00 2.000000000000000000e+00 2.755499839782714844e+00
4.440000152587890625e+01 2.103698253631591797e-01 0.000000000000000000e+00 5.870069799129851162e-06 2.100005298852920532e-01 0.000000000000000000e+00 7.000000000000000000e+00 8.191000000000000000e+03 0.000000000000000000e+00 2.000000000000000000e+00 2.755499839782714844e+00
4.460000228881835938e+01 2.202966213226318359e-01 0.000000000000000000e+00 7.274246399902040139e-06 2.199975699186325073e-01 0.000000000000000000e+00 7.000000000000000000e+00 8.191000000000000000e+03 0.000000000000000000e+00 2.000000000000000000e+00 2.755740404129028320e+00
4.479999923706054688e+01 2.303012013435363770e-01 0.000000000000000000e+00 8.676525794726330787e-06 2.299945950508117676e-01 0.000000000000000000e+00 7.000000000000000000e+00 8.191000000000000000e+03 0.000000000000000000e+00 2.000000000000000000e+00 2.755899906158447266e+00
4.500000000000000000e+01 2.403622716665267944e-01 0.000000000000000000e+00 9.966785910364706069e-06 2.400041371583938599e-01 0.000000000000000000e+00 7.000000000000000000e+00 8.188000000000000000e+03 0.000000000000000000e+00 2.000000000000000000e+00 2.755899906158447266e+00
4.520000076293945312e+01 2.503387331962585449e-01 0.000000000000000000e+00 1.105027695302851498e-05 2.500011622905731201e-01 0.000000000000000000e+00 8.000000000000000000e+00 8.191000000000000000e+03 0.000000000000000000e+00 2.000000000000000000e+00 2.755899906158447266e+00
4.540000152587890625e+01 2.603325545787811279e-01 0.000000000000000000e+00 1.178284219349734485e-05 2.599982023239135742e-01 0.000000000000000000e+00 8.000000000000000000e+00 8.191000000000000000e+03 0.000000000000000000e+00 2.000000000000000000e+00 2.755899906158447266e+00
4.560000228881835938e+01 2.703005075454711914e-01 0.000000000000000000e+00 1.216013697558082640e-05 2.699952423572540283e-01 0.000000000000000000e+00 8.000000000000000000e+00 8.191000000000000000e+03 0.000000000000000000e+00 2.000000000000000000e+00 2.755959987640380859e+00
4.579999923706054688e+01 2.802784144878387451e-01 0.000000000000000000e+00 1.226886251970427111e-05 2.800047695636749268e-01 0.000000000000000000e+00 8.000000000000000000e+00 8.191000000000000000e+03 0.000000000000000000e+00 2.000000000000000000e+00 2.756000041961669922e+00
4.600000000000000000e+01 2.903327941894531250e-01 0.000000000000000000e+00 1.207195418828632683e-05 2.900017797946929932e-01 0.000000000000000000e+00 8.000000000000000000e+00 8.191000000000000000e+03 0.000000000000000000e+00 2.000000000000000000e+00 2.756000041961669922e+00
4.620000076293945312e+01 3.003536462783813477e-01 0.000000000000000000e+00 1.179667833639541641e-05 2.999988198280334473e-01 0.000000000000000000e+00 8.000000000000000000e+00 8.191000000000000000e+03 0.000000000000000000e+00 2.000000000000000000e+00 2.756000041961669922e+00
4.640000152587890625e+01 2.903008162975311279e-01 0.000000000000000000e+00 9.332399713457562029e-06 2.900017797946929932e-01 0.000000000000000000e+00 8.000000000000000000e+00 8.191000000000000000e+03 0.000000000000000000e+00 2.000000000000000000e+00 2.756000041961669922e+00
4.660000228881835938e+01 2.803716957569122314e-01 0.000000000000000000e+00 7.474312496924540028e-06 2.800047695636749268e-01 0.000000000000000000e+00 8.000000000000000000e+00 8.191000000000000000e+03 0.000000000000000000e+00 2.000000000000000000e+00 2.756000041961669922e+00
4.679999923706054688e+01 2.702573537826538086e-01 0.000000000000000000e+00 5.603973477263934910e-06 2.699952423572540283e-01 0.000000000000000000e+00 7.000000000000000000e+00 8.191000000000000000e+03 0.000000000000000000e+00 2.000000000000000000e+00 2.756000041961669922e+00
4.700000000000000000e+01 2.603068649768829346e-01 0.000000000000000000e+00 3.827671662293141708e-06 2.599982023239135742e-01 0.000000000000000000e+00 7.000000000000000000e+00 8.191000000000000000e+03 0.000000000000000000e+00 2.000000000000000000e+00 2.756000041961669922e+00
4.720000076293945312e+01 2.502815723419189453e-01 0.000000000000000000e+00 2.015563040913548321e-06 2.500011622905731201e-01 0.000000000000000000e+00 7.000000000000000000e+00 8.191000000000000000e+03 0.000000000000000000e+00 2.000000000000000000e+00 2.756000041961669922e+00
4.740000152587890625e+01 2.403024435043334961e-01 0.000000000000000000e+00 2.165209878057794413e-07 2.400041371583938599e-01 0.000000000000000000e+00 7.000000000000000000e+00 8.191000000000000000e+03 0.000000000000000000e+00 2.000000000000000000e+00 2.756000041961669922e+00
4.760000228881835938e+01 2.302983552217483521e-01 0.000000000000000000e+00 -1.093766627491277177e-06 2.299945950508117676e-01 0.000000000000000000e+00 6.000000000000000000e+00 7.164000000000000000e+03 0.000000000000000000e+00 2.000000000000000000e+00 2.755819559097290039e+00
4.779999923706054688e+01 2.203200459480285645e-01 0.000000000000000000e+00 -2.965890416817273945e-06 2.199975699186325073e-01 0.000000000000000000e+00 7.000000000000000000e+00 8.191000000000000000e+03 0.000000000000000000e+00 2.000000000000000000e+00 2.755699872970581055e+00
4.800000000000000000e+01 2.103056460618972778e-01 0.000000000000000000e+00 -4.151702796661993489e-06 2.100005298852920532e-01 0.000000000000000000e+00 7.000000000000000000e+00 8.191000000000000000e+03 0.000000000000000000e+00 2.000000000000000000e+00 2.755699872970581055e+00
4.820000076293945312e+01 2.002680897712707520e-01 0.000000000000000000e+00 -4.956499196850927547e-06 2.000034898519515991e-01 0.000000000000000000e+00 7.000000000000000000e+00 8.191000000000000000e+03 0.000000000000000000e+00 2.000000000000000000e+00 2.755699872970581055e+00
4.840000152587890625e+01 1.902409195899963379e-01 0.000000000000000000e+00 -5.400653208198491484e-06 1.899939626455307007e-01 0.000000000000000000e+00 7.000000000000000000e+00 8.191000000000000000e+03 0.000000000000000000e+00 2.000000000000000000e+00 2.755699872970581055e+00
4.860000228881835938e+01 1.803248524665832520e-01 0.000000000000000000e+00 -5.505999070010147989e-06 1.799969226121902466e-01 0.000000000000000000e+00 7.000000000000000000e+00 8.191000000000000000e+03 0.000000000000000000e+00 2.000000000000000000e+00 2.755639791488647461e+00
4.879999923706054688e+01 1.703017503023147583e-01 0.000000000000000000e+00 -5.372879058995749801e-06 1.699998974800109863e-01 0.000000000000000000e+00 7.000000000000000000e+00 8.191000000000000000e+03 0.000000000000000000e+00 2.000000000000000000e+00 2.755599975585937500e+00
4.900000000000000000e+01 1.602840125560760498e-01 0.000000000000000000e+00 -5.088927537144627422e-06 1.600028574466705322e-01 0.000000000000000000e+00 7.000000000000000000e+00 8.191000000000000000e+03 0.000000000000000000e+00 2.000000000000000000e+00 2.755599975585937500e+00
4.920000076293945312e+01 1.503460854291915894e-01 0.000000000000000000e+00 -4.742598321172408760e-06 1.500058174133300781e-01 0.000000000000000000e+00 7.000000000000000000e+00 8.191000000000000000e+03 0.000000000000000000e+00 2.000000000000000000e+00 2.755599975585937500e+00
4.940000152587890625e+01 1.402928829193115234e-01 0.000000000000000000e+00 -4.379443453217390925e-06 1.399962902069091797e-01 0.000000000000000000e+00 7.000000000000000000e+00 8.191000000000000000e+03 0.000000000000000000e+00 2.000000000000000000e+00 2.755599975585937500e+00
4.960000228881835938e+01 1.303507983684539795e-01 0.000000000000000000e+00 -4.016409548057708889e-06 1.299992501735687256e-01 0.000000000000000000e+00 7.000000000000000000e+00 8.191000000000000000e+03 0.000000000000000000e+00 2.000000000000000000e+00 2.755840301513671875e+00
4.979999923706054688e+01 1.202568784356117249e-01 0.000000000000000000e+00 -3.685227966343518347e-06 1.200022250413894653e-01 0.000000000000000000e+00 7.000000000000000000e+00 8.191000000000000000e+03 0.000000000000000000e+00 2.000000000000000000e+00 2.756000041961669922e+00
5.000000000000000000e+01 1.103411242365837097e-01 0.000000000000000000e+00 -3.382578825039672665e-06 1.100051850080490112e-01 0.000000000000000000e+00 7.000000000000000000e+00 8.191000000000000000e+03 0.000000000000000000e+00 2.000000000000000000e+00 2.756000041961669922e+00
5.020000076293945312e+01 1.002672314643859863e-01 0.000000000000000000e+00 -3.116910193057265133e-06 9.999565780162811279e-02 0.000000000000000000e+00 7.000000000000000000e+00 8.191000000000000000e+03 0.000000000000000000e+00 2.000000000000000000e+00 2.756000041961669922e+00
5.040000152587890625e+01 9.029458463191986084e-02 0.000000000000000000e+00 -2.880437023122794926e-06 8.999861776828765869e-02 0.000000000000000000e+00 7.000000000000000000e+00 8.191000000000000000e+03 0.000000000000000000e+00 2.000000000000000000e+00 2.756000041961669922e+00
5.060000228881835938e+01 8.032493293285369873e-02 0.000000000000000000e+00 -2.682545073184883222e-06 8.000158518552780151e-02 0.000000000000000000e+00 7.000000000000000000e+00 8.191000000000000000e+03 0.000000000000000000e+00 2.000000000000000000e+00 2.755939722061157227e+00
5.079999923706054688e+01 7.026209682226181030e-02 0.000000000000000000e+00 -2.500850314390845597e-06 7.000455260276794434e-02 0.000000000000000000e+00 7.000000000000000000e+00 8.191000000000000000e+03 0.000000000000000000e+00 2.000000000000000000e+00 2.755899906158447266e+00
5.100000000000000000e+01 6.033644452691078186e-02 0.000000000000000000e+00 -2.342575044167460874e-06 5.999501794576644897e-02 0.000000000000000000e+00 7.000000000000000000e+00 8.191000000000000000e+03 0.000000000000000000e+00 2.000000000000000000e+00 2.755899906158447266e+00
5.120000076293945312e+01 5.033530667424201965e-02 0.000000000000000000e+00 -2.205841383329243399e-06 4.999798536300659180e-02 0.000000000000000000e+00 7.000000000000000000e+00 8.191000000000000000e+03 0.000000000000000000e+00 2.000000000000000000e+00 2.755899906158447266e+00
5.140000152587890625e+01 4.029032588005065918e-02 0.000000000000000000e+00 -2.082493438138044439e-06 4.000094905495643616e-02 0.000000000000000000e+00 7.000000000000000000e+00 8.191000000000000000e+03 0.000000000000000000e+00 2.000000000000000000e+00 2.755899906158447266e+00
5.160000228881835938e+01 3.032658249139785767e-02 0.000000000000000000e+00 -1.978272166525130160e-06 3.000391460955142975e-02 0.000000000000000000e+00 7.000000000000000000e+00 8.191000000000000000e+03 0.000000000000000000e+00 2.000000000000000000e+00 2.755839824676513672e+00
5.179999923706054688e+01 2.033027820289134979e-02 0.000000000000000000e+00 -1.892303089334745891e-06 1.999438367784023285e-02 0.000000000000000000e+00 7.000000000000000000e+00 8.191000000000000000e+03 0.000000000000000000e+00 2.000000000000000000e+00 2.755800008773803711e+00
5.200000000000000000e+01 1.023031864315271378e-02 0.000000000000000000e+00 -1.806725776987150311e-06 9.997349232435226440e-03 0.000000000000000000e+00 7.000000000000000000e+00 8.191000000000000000e+03 0.000000000000000000e+00 2.000000000000000000e+00 2.755800008773803711e+00
5.220000076293945312e+01 3.043177130166441202e-04 0.000000000000000000e+00 -1.743619122862583026e-06 3.129243850708007812e-07 0.000000000000000000e+00 7.000000000000000000e+00 8.191000000000000000e+03 0.000000000000000000e+00 2.000000000000000000e+00 2.755800008773803711e+00
5.240000152587890625e+01 -9.709018282592296600e-03 0.000000000000000000e+00 -1.686325958871748298e-06 -9.996719658374786377e-03 0.000000000000000000e+00 7.000000000000000000e+00 8.191000000000000000e+03 0.000000000000000000e+00 2.000000000000000000e+00 2.755800008773803711e+00
5.260000228881835938e+01 -1.971767656505107880e-02 0.000000000000000000e+00 -1.634498971725406591e-06 -1.999375596642494202e-02 0.000000000000000000e+00 7.000000000000000000e+00 8.191000000000000000e+03 0.000000000000000000e+00 2.000000000000000000e+00 2.755860090255737305e+00
5.279999923706054688e+01 -2.964151464402675629e-02 0.000000000000000000e+00 -1.601698158992803656e-06 -3.000328317284584045e-02 0.000000000000000000e+00 7.000000000000000000e+00 6.143000000000000000e+03 0.000000000000000000e+00 2.000000000000000000e+00 2.755899906158447266e+00
5.300000000000000000e+01 -3.969157487154006958e-02 0.000000000000000000e+00 -1.583207449584733695e-06 -4.000032320618629456e-02 0.000000000000000000e+00 7.000000000000000000e+00 8.191000000000000000e+03 0.000000000000000000e+00 2.000000000000000000e+00 2.755899906158447266e+00
5.320000076293945312e+01 -4.968422278761863708e-02 0.000000000000000000e+00 -1.577132252350565977e-06 -4.999735578894615173e-02 0.000000000000000000e+00 7.000000000000000000e+00 8.191000000000000000e+03 0.000000000000000000e+00 2.000000000000000000e+00 2.755899906158447266e+00
5.340000152587890625e+01 -5.968460068106651306e-02 0.000000000000000000e+00 -1.588556983733724337e-06 -5.999438837170600891e-02 0.000000000000000000e+00 7.000000000000000000e+00 8.191000000000000000e+03 0.000000000000000000e+00 2.000000000000000000e+00 2.755899906158447266e+00
5.360000228881835938e+01 -6.968805193901062012e-02 0.000000000000000000e+00 -1.609712853678502142e-06 -7.000392675399780273e-02 0.000000000000000000e+00 7.000000000000000000e+00 8.191000000000000000e+03 0.000000000000000000e+00 2.000000000000000000e+00 2.755959987640380859e+00
5.379999923706054688e+01 -7.972545921802520752e-02 0.000000000000000000e+00 -1.652759806347603444e-06 -8.000095188617706299e-02 0.000000000000000000e+00 7.000000000000000000e+00 8.191000000000000000e+03 0.000000000000000000e+00 2.000000000000000000e+00 2.756000041961669922e+00
5.400000000000000000e+01 -8.973993360996246338e-02 0.000000000000000000e+00 -1.722287493066687603e-06 -8.999799191951751709e-02 0.000000000000000000e+00 7.000000000000000000e+00 8.191000000000000000e+03 0.000000000000000000e+00 2.000000000000000000e+00 2.756000041961669922e+00
5.420000076293945312e+01 -9.966967999935150146e-02 0.000000000000000000e+00 -1.811861352507548872e-06 -9.999501705169677734e-02 0.000000000000000000e+00 7.000000000000000000e+00 8.191000000000000000e+03 0.000000000000000000e+00 2.000000000000000000e+00 2.756000041961669922e+00
5.440000152587890625e+01 -1.097445711493492126e-01 0.000000000000000000e+00 -1.929851578097441234e-06 -1.100045591592788696e-01 0.000000000000000000e+00 7.000000000000000000e+00 8.191000000000000000e+03 0.000000000000000000e+00 2.000000000000000000e+00 2.756000041961669922e+00
5.460000228881835938e+01 -1.197586357593536377e-01 0.000000000000000000e+00 -2.072934421448735520e-06 -1.200015842914581299e-01 0.000000000000000000e+00 7.000000000000000000e+00 8.191000000000000000e+03 0.000000000000000000e+00 2.000000000000000000e+00 2.755879878997802734e+00
5.479999923706054688e+01 -1.297636479139328003e-01 0.000000000000000000e+00 -2.247331394755747169e-06 -1.299986243247985840e-01 0.000000000000000000e+00 7.000000000000000000e+00 8.191000000000000000e+03 0.000000000000000000e+00 2.000000000000000000e+00 2.755800008773803711e+00
5.500000000000000000e+01 -1.397517323493957520e-01 0.000000000000000000e+00 -2.447587803544593044e-06 -1.399956643581390381e-01 0.000000000000000000e+00 7.000000000000000000e+00 8.191000000000000000e+03 0.000000000000000000e+00 2.000000000000000000e+00 2.755800008773803711e+00
5.520000076293945312e+01 -1.497979164123535156e-01 0.000000000000000000e+00 -2.657619688761769794e-06 -1.500051915645599365e-01 0.000000000000000000e+00 7.000000000000000000e+00 8.191000000000000000e+03 0.000000000000000000e+00 2.000000000000000000e+00 2.755800008773803711e+00
5.540000152587890625e+01 -1.597984135150909424e-01 0.000000000000000000e+00 -2.894106501116766594e-06 -1.600022166967391968e-01 0.000000000000000000e+00 7.000000000000000000e+00 8.191000000000000000e+03 0.000000000000000000e+00 2.000000000000000000e+00 2.755800008773803711e+00
5.560000228881835938e+01 -1.697097122669219971e-01 0.000000000000000000e+00 -3.129409378743730485e-06 -1.699992567300796509e-01 0.000000000000000000e+00 7.000000000000000000e+00 8.191000000000000000e+03 0.000000000000000000e+00 2.000000000000000000e+00 2.755800008773803711e+00
5.579999923706054688e+01 -1.797613352537155151e-01 0.000000000000000000e+00 -3.360659093232243322e-06 -1.799962967634201050e-01 0.000000000000000000e+00 7.000000000000000000e+00 8.191000000000000000e+03 0.000000000000000000e+00 2.000000000000000000e+00 2.755800008773803711e+00
5.600000000000000000e+01 -1.896894425153732300e-01 0.000000000000000000e+00 -3.596239366743247956e-06 -1.900058239698410034e-01 0.000000000000000000e+00 7.000000000000000000e+00 8.191000000000000000e+03 0.000000000000000000e+00 2.000000000000000000e+00 2.755800008773803711e+00
5.620000076293945312e+01 -1.997373849153518677e-01 0.000000000000000000e+00 -3.838906195596791804e-06 -2.000028640031814575e-01 0.000000000000000000e+00 7.000000000000000000e+00 8.191000000000000000e+03 0.000000000000000000e+00 2.000000000000000000e+00 2.755800008773803711e+00
5.640000152587890625e+01 -1.897210478782653809e-01 0.000000000000000000e+00 -3.009203510373481549e-06 -1.900058239698410034e-01 0.000000000000000000e+00 7.000000000000000000e+00 8.191000000000000000e+03 0.000000000000000000e+00 3.000000000000000000e+00 2.755800008773803711e+00
5.660000228881835938e+01 -1.797016859054565430e-01 0.000000000000000000e+00 -2.462577867845539004e-06 -1.799962967634201050e-01 0.000000000000000000e+00 7.000000000000000000e+00 8.191000000000000000e+03 0.000000000000000000e+00 3.000000000000000000e+00 2.755800008773803711e+00
5.679999923706054688e+01 -1.697161346673965454e-01 0.000000000000000000e+00 -2.066695060420897789e-06 -1.699992567300796509e-01 0.000000000000000000e+00 7.000000000000000000e+00 8.191000000000000000e+03 0.000000000000000000e+00 3.000000000000000000e+00 2.755800008773803711e+00
5.700000000000000000e+01 -1.597198396921157837e-01 0.000000000000000000e+00 -1.775945179360860493e-06 -1.600022166967391968e-01 0.000000000000000000e+00 7.000000000000000000e+00 8.191000000000000000e+03 0.000000000000000000e+00 3.000000000000000000e+00 2.755800008773803711e+00
5.720000076293945312e+01 -1.496993899345397949e-01 0.000000000000000000e+00 -1.550376396153296810e-06 -1.500051915645599365e-01 0.000000000000000000e+00 7.000000000000000000e+00 8.191000000000000000e+03 0.000000000000000000e+00 3.000000000000000000e+00 2.755800008773803711e+00
5.740000152587890625e+01 -1.397197395563125610e-01 0.000000000000000000e+00 -1.373652594338636845e-06 -1.399956643581390381e-01 0.000000000000000000e+00 7.000000000000000000e+00 8.191000000000000000e+03 0.000000000000000000e+00 3.000000000000000000e+00 2.755800008773803711e+00
5.760000228881835938e+01 -1.297522783279418945e-01 0.000000000000000000e+00 -1.230515977113100234e-06 -1.299986243247985840e-01 0.000000000000000000e+00 7.000000000000000000e+00 8.191000000000000000e+03 0.000000000000000000e+00 3.000000000000000000e+00 2.755800008773803711e+00
5.779999923706054688e+01 -1.197591722011566162e-01 0.000000000000000000e+00 -1.114942961066844873e-06 -1.200015842914581299e-01 0.000000000000000000e+00 7.000000000000000000e+00 8.191000000000000000e+03 0.000000000000000000e+00 3.000000000000000000e+00 2.755800008773803711e+00
5.800000000000000000e+01 -1.097531393170356750e-01 0.000000000000000000e+00 -1.007943978947878350e-06 -1.100045591592788696e-01 0.000000000000000000e+00 7.000000000000000000e+00 8.191000000000000000e+03 0.000000000000000000e+00 3.000000000000000000e+00 2.755800008773803711e+00
5.820000076293945312e+01 -9.972780197858810425e-02 0.000000000000000000e+00 -9.182055009659961797e-07 -9.999501705169677734e-02 0.000000000000000000e+00 7.000000000000000000e+00 8.191000000000000000e+03 0.000000000000000000e+00 3.000000000000000000e+00 2.755800008773803711e+00
5.840000152587890625e+01 -8.975822478532791138e-02 0.000000000000000000e+00 -8.393113830607035197e-07 -8.999799191951751709e-02 0.000000000000000000e+00 7.000000000000000000e+00 8.191000000000000000e+03 0.000000000000000000e+00 3.000000000000000000e+00 2.755800008773803711e+00
5.860000228881835938e+01 -7.972506433725357056e-02 0.000000000000000000e+00 -7.749035262349934783e-07 -8.000095188617706299e-02 0.000000000000000000e+00 7.000000000000000000e+00 8.191000000000000000e+03 0.000000000000000000e+00 3.000000000000000000e+00 2.755800008773803711e+00
5.879999923706054688e+01 -6.973300129175186157e-02 0.000000000000000000e+00 -7.128321044547192287e-07 -7.000392675399780273e-02 0.000000000000000000e+00 6.000000000000000000e+00 8.191000000000000000e+03 0.000000000000000000e+00 3.000000000000000000e+00 2.755800008773803711e+00
5.900000000000000000e+01 -5.970289185643196106e-02 0.000000000000000000e+00 -6.585638629985623993e-07 -5.999438837170600891e-02 0.000000000000000000e+00 6.000000000000000000e+00 8.191000000000000000e+03 0.000000000000000000e+00 3.000000000000000000e+00 2.755800008773803711e+00
5.920000076293945312e+01 -4.975557327270507812e-02 0.000000000000000000e+00 -6.114120765232655685e-07 -4.999735578894615173e-02 0.000000000000000000e+00 6.000000000000000000e+00 8.191000000000000000e+03 0.000000000000000000e+00 3.000000000000000000e+00 2.755800008773803711e+00
5.940000152587890625e+01 -3.972302749752998352e-02 0.000000000000000000e+00 -5.692431841453071684e-07 -4.000032320618629456e-02 0.000000000000000000e+00 6.000000000000000000e+00 8.191000000000000000e+03 0.000000000000000000e+00 3.000000000000000000e+00 2.755800008773803711e+00
5.960000228881835938e+01 -2.964861690998077393e-02 0.000000000000000000e+00 -5.320311515788489487e-07 -3.000328317284584045e-02 0.000000000000000000e+00 6.000000000000000000e+00 8.191000000000000000e+03 0.000000000000000000e+00 3.000000000000000000e+00 2.755800008773803711e+00
5.979999923706054688e+01 -1.979058049619197845e-02 0.000000000000000000e+00 -4.978285801371384878e-07 -1.999375596642494202e-02 0.000000000000000000e+00 6.000000000000000000e+00 8.191000000000000000e+03 0.000000000000000000e+00 3.000000000000000000e+00 2.755800008773803711e+00
6.000000000000000000e+01 -9.749006479978561401e-03 0.000000000000000000e+00 -4.665376707180257654e-07 -9.996719658374786377e-03 0.000000000000000000e+00 6.000000000000000000e+00 8.191000000000000000e+03 0.000000000000000000e+00 3.000000000000000000e+00 2.755800008773803711e+00
6.020000076293945312e+01 2.825622505042701960e-04 0.000000000000000000e+00 -4.384866372220130870e-07 3.129243850708007812e-07 0.000000000000000000e+00 6.000000000000000000e+00 8.191000000000000000e+03 0.000000000000000000e+00 3.000000000000000000e+00 2.755800008773803711e+00
