5.000000000000000000e-01 1.703909225761890411e-02 1.703909225761890411e-02 0.000000000000000000e+00 0.000000000000000000e+00 8.191000000000000000e+03 0.000000000000000000e+00 2.756399869918823242e+00
1.000000000000000000e+00 1.705136336386203766e-02 1.768148317933082581e-02 0.000000000000000000e+00 0.000000000000000000e+00 8.191000000000000000e+03 0.000000000000000000e+00 2.756500005722045898e+00
1.500000000000000000e+00 1.713145896792411804e-02 1.853848248720169067e-02 0.000000000000000000e+00 0.000000000000000000e+00 8.191000000000000000e+03 0.000000000000000000e+00 2.756500005722045898e+00
2.000000000000000000e+00 1.737506687641143799e-02 1.942724920809268951e-02 0.000000000000000000e+00 0.000000000000000000e+00 6.143000000000000000e+03 0.000000000000000000e+00 2.756099939346313477e+00
2.500000000000000000e+00 1.784833520650863647e-02 2.035314962267875671e-02 0.000000000000000000e+00 0.000000000000000000e+00 8.191000000000000000e+03 0.000000000000000000e+00 2.756099939346313477e+00
3.000000000000000000e+00 1.853803917765617371e-02 2.141039073467254639e-02 0.000000000000000000e+00 0.000000000000000000e+00 6.143000000000000000e+03 0.000000000000000000e+00 2.756399869918823242e+00
3.500000000000000000e+00 1.938419789075851440e-02 2.247396856546401978e-02 0.000000000000000000e+00 0.000000000000000000e+00 8.191000000000000000e+03 0.000000000000000000e+00 2.756399869918823242e+00
4.000000000000000000e+00 2.033158950507640839e-02 2.353634499013423920e-02 0.000000000000000000e+00 0.000000000000000000e+00 6.143000000000000000e+03 0.000000000000000000e+00 2.756500005722045898e+00
4.500000000000000000e+00 2.134077623486518860e-02 2.452542819082736969e-02 0.000000000000000000e+00 0.000000000000000000e+00 8.191000000000000000e+03 0.000000000000000000e+00 2.756500005722045898e+00
5.000000000000000000e+00 2.237761393189430237e-02 2.550841681659221649e-02 0.000000000000000000e+00 0.000000000000000000e+00 8.191000000000000000e+03 0.000000000000000000e+00 2.756500005722045898e+00
5.500000000000000000e+00 2.341308817267417908e-02 2.651119045913219452e-02 0.000000000000000000e+00 0.000000000000000000e+00 8.191000000000000000e+03 0.000000000000000000e+00 2.756500005722045898e+00
6.000000000000000000e+00 2.443158999085426331e-02 2.745170705020427704e-02 0.000000000000000000e+00 0.000000000000000000e+00 8.191000000000000000e+03 0.000000000000000000e+00 2.756299972534179688e+00
6.500000000000000000e+00 2.542993985116481781e-02 2.839243412017822266e-02 0.000000000000000000e+00 0.000000000000000000e+00 8.191000000000000000e+03 0.000000000000000000e+00 2.756299972534179688e+00
7.000000000000000000e+00 2.640945278108119965e-02 2.936895564198493958e-02 0.000000000000000000e+00 0.000000000000000000e+00 8.191000000000000000e+03 0.000000000000000000e+00 2.756299972534179688e+00
7.500000000000000000e+00 2.737199142575263977e-02 3.018407523632049561e-02 0.000000000000000000e+00 0.000000000000000000e+00 8.191000000000000000e+03 0.000000000000000000e+00 2.756299972534179688e+00
8.000000000000000000e+00 2.831379137933254242e-02 3.098908066749572754e-02 0.000000000000000000e+00 0.000000000000000000e+00 8.191000000000000000e+03 0.000000000000000000e+00 2.756299972534179688e+00
8.500000000000000000e+00 2.922303229570388794e-02 3.182036429643630981e-02 0.000000000000000000e+00 0.000000000000000000e+00 8.191000000000000000e+03 0.000000000000000000e+00 2.756299972534179688e+00
9.000000000000000000e+00 3.009444288909435272e-02 3.269622474908828735e-02 0.000000000000000000e+00 0.000000000000000000e+00 8.191000000000000000e+03 0.000000000000000000e+00 2.756299972534179688e+00
9.500000000000000000e+00 3.093923814594745636e-02 3.346488252282142639e-02 0.000000000000000000e+00 0.000000000000000000e+00 8.191000000000000000e+03 0.000000000000000000e+00 2.756299972534179688e+00
1.000000000000000000e+01 3.176929801702499390e-02 3.417420387268066406e-02 0.000000000000000000e+00 0.000000000000000000e+00 8.191000000000000000e+03 0.000000000000000000e+00 2.756199836730957031e+00
1.050000000000000000e+01 3.258335217833518982e-02 3.504500910639762878e-02 0.000000000000000000e+00 0.000000000000000000e+00 8.191000000000000000e+03 0.000000000000000000e+00 2.756199836730957031e+00
1.100000000000000000e+01 3.337715938687324524e-02 3.564886003732681274e-02 0.000000000000000000e+00 0.000000000000000000e+00 8.191000000000000000e+03 0.000000000000000000e+00 2.756299972534179688e+00
1.150000000000000000e+01 3.414801135659217834e-02 3.631696477532386780e-02 0.000000000000000000e+00 0.000000000000000000e+00 8.191000000000000000e+03 0.000000000000000000e+00 2.756299972534179688e+00
1.200000000000000000e+01 3.488712385296821594e-02 3.695344552397727966e-02 0.000000000000000000e+00 0.000000000000000000e+00 8.191000000000000000e+03 0.000000000000000000e+00 2.756299972534179688e+00
1.250000000000000000e+01 3.558764606714248657e-02 3.758325427770614624e-02 0.000000000000000000e+00 0.000000000000000000e+00 8.191000000000000000e+03 0.000000000000000000e+00 2.756299972534179688e+00
1.300000000000000000e+01 3.625492751598358154e-02 3.821165487170219421e-02 0.000000000000000000e+00 0.000000000000000000e+00 8.191000000000000000e+03 0.000000000000000000e+00 2.756199836730957031e+00
1.350000000000000000e+01 3.689882159233093262e-02 3.874756395816802979e-02 0.000000000000000000e+00 0.000000000000000000e+00 8.191000000000000000e+03 0.000000000000000000e+00 2.756199836730957031e+00
1.400000000000000000e+01 3.752280026674270630e-02 3.932132944464683533e-02 0.000000000000000000e+00 0.000000000000000000e+00 8.191000000000000000e+03 0.000000000000000000e+00 2.756299972534179688e+00
1.450000000000000000e+01 3.812555968761444092e-02 3.990821540355682373e-02 0.000000000000000000e+00 0.000000000000000000e+00 8.191000000000000000e+03 0.000000000000000000e+00 2.756299972534179688e+00
1.500000000000000000e+01 3.870860487222671509e-02 4.037668555974960327e-02 0.000000000000000000e+00 0.000000000000000000e+00 8.191000000000000000e+03 0.000000000000000000e+00 2.756199836730957031e+00
