5.000000000000000000e-01 -1.305571556091308594e+01 -1.305571556091308594e+01 0.000000000000000000e+00 0.000000000000000000e+00 8.175000000000000000e+03 0.000000000000000000e+00 2.756700038909912109e+00
1.000000000000000000e+00 -1.305579757690429688e+01 -1.306002616882324219e+01 0.000000000000000000e+00 0.000000000000000000e+00 8.175000000000000000e+03 0.000000000000000000e+00 2.756700038909912109e+00
1.500000000000000000e+00 -1.305635452270507812e+01 -1.306670188903808594e+01 0.000000000000000000e+00 0.000000000000000000e+00 8.175000000000000000e+03 0.000000000000000000e+00 2.756630420684814453e+00
2.000000000000000000e+00 -1.305803680419921875e+01 -1.307040882110595703e+01 0.000000000000000000e+00 0.000000000000000000e+00 8.175000000000000000e+03 0.000000000000000000e+00 2.756199836730957031e+00
2.500000000000000000e+00 -1.306092834472656250e+01 -1.306273460388183594e+01 0.000000000000000000e+00 0.000000000000000000e+00 8.175000000000000000e+03 0.000000000000000000e+00 2.756199836730957031e+00
3.000000000000000000e+00 -1.306334877014160156e+01 -1.303894901275634766e+01 0.000000000000000000e+00 0.000000000000000000e+00 8.175000000000000000e+03 0.000000000000000000e+00 2.756199836730957031e+00
3.500000000000000000e+00 -1.306162071228027344e+01 -1.300099658966064453e+01 0.000000000000000000e+00 0.000000000000000000e+00 8.175000000000000000e+03 0.000000000000000000e+00 2.756199836730957031e+00
4.000000000000000000e+00 -1.305131721496582031e+01 -1.294899368286132812e+01 0.000000000000000000e+00 0.000000000000000000e+00 8.175000000000000000e+03 0.000000000000000000e+00 2.756199836730957031e+00
4.500000000000000000e+00 -1.302905941009521484e+01 -1.288734531402587891e+01 0.000000000000000000e+00 0.000000000000000000e+00 8.175000000000000000e+03 0.000000000000000000e+00 2.756199836730957031e+00
5.000000000000000000e+00 -1.299357414245605469e+01 -1.281981372833251953e+01 0.000000000000000000e+00 0.000000000000000000e+00 8.175000000000000000e+03 0.000000000000000000e+00 2.756199836730957031e+00
5.500000000000000000e+00 -1.294579029083251953e+01 -1.275195407867431641e+01 0.000000000000000000e+00 0.000000000000000000e+00 8.175000000000000000e+03 0.000000000000000000e+00 2.756213903427124023e+00
6.000000000000000000e+00 -1.288838195800781250e+01 -1.268570995330810547e+01 0.000000000000000000e+00 0.000000000000000000e+00 8.175000000000000000e+03 0.000000000000000000e+00 2.756299972534179688e+00
6.500000000000000000e+00 -1.282491970062255859e+01 -1.262048625946044922e+01 0.000000000000000000e+00 0.000000000000000000e+00 8.175000000000000000e+03 0.000000000000000000e+00 2.756327867507934570e+00
7.000000000000000000e+00 -1.275882148742675781e+01 -1.255825328826904297e+01 0.000000000000000000e+00 0.000000000000000000e+00 8.175000000000000000e+03 0.000000000000000000e+00 2.756500005722045898e+00
7.500000000000000000e+00 -1.269256973266601562e+01 -1.249648094177246094e+01 0.000000000000000000e+00 0.000000000000000000e+00 8.175000000000000000e+03 0.000000000000000000e+00 2.756541728973388672e+00
8.000000000000000000e+00 -1.262756347656250000e+01 -1.243869018554687500e+01 0.000000000000000000e+00 0.000000000000000000e+00 8.175000000000000000e+03 0.000000000000000000e+00 2.756799936294555664e+00
8.500000000000000000e+00 -1.256444358825683594e+01 -1.238278388977050781e+01 0.000000000000000000e+00 0.000000000000000000e+00 8.191000000000000000e+03 0.000000000000000000e+00 2.756827831268310547e+00
9.000000000000000000e+00 -1.250351238250732422e+01 -1.232811832427978516e+01 0.000000000000000000e+00 0.000000000000000000e+00 8.191000000000000000e+03 0.000000000000000000e+00 2.756999969482421875e+00
9.500000000000000000e+00 -1.244485664367675781e+01 -1.227631187438964844e+01 0.000000000000000000e+00 0.000000000000000000e+00 8.191000000000000000e+03 0.000000000000000000e+00 2.756999969482421875e+00
1.000000000000000000e+01 -1.238840198516845703e+01 -1.222586059570312500e+01 0.000000000000000000e+00 0.000000000000000000e+00 8.191000000000000000e+03 0.000000000000000000e+00 2.756999969482421875e+00
1.050000000000000000e+01 -1.233408546447753906e+01 -1.218035697937011719e+01 0.000000000000000000e+00 0.000000000000000000e+00 8.191000000000000000e+03 0.000000000000000000e+00 2.756999969482421875e+00
1.100000000000000000e+01 -1.228200054168701172e+01 -1.213413906097412109e+01 0.000000000000000000e+00 0.000000000000000000e+00 8.191000000000000000e+03 0.000000000000000000e+00 2.756999969482421875e+00
1.150000000000000000e+01 -1.223230361938476562e+01 -1.209401321411132812e+01 0.000000000000000000e+00 0.000000000000000000e+00 8.191000000000000000e+03 0.000000000000000000e+00 2.756999969482421875e+00
1.200000000000000000e+01 -1.218510055541992188e+01 -1.205305099487304688e+01 0.000000000000000000e+00 0.000000000000000000e+00 8.191000000000000000e+03 0.000000000000000000e+00 2.756999969482421875e+00
1.250000000000000000e+01 -1.214011764526367188e+01 -1.200074672698974609e+01 0.000000000000000000e+00 0.000000000000000000e+00 8.191000000000000000e+03 0.000000000000000000e+00 2.756999969482421875e+00
1.300000000000000000e+01 -1.209495735168457031e+01 -1.189315223693847656e+01 0.000000000000000000e+00 0.000000000000000000e+00 8.191000000000000000e+03 0.000000000000000000e+00 2.756999969482421875e+00
1.350000000000000000e+01 -1.204445648193359375e+01 -1.185901260375976562e+01 0.000000000000000000e+00 0.000000000000000000e+00 8.191000000000000000e+03 0.000000000000000000e+00 2.756999969482421875e+00
1.400000000000000000e+01 -1.198644065856933594e+01 -1.182517433166503906e+01 0.000000000000000000e+00 0.000000000000000000e+00 8.191000000000000000e+03 0.000000000000000000e+00 2.756999969482421875e+00
1.450000000000000000e+01 -1.192687320709228516e+01 -1.179131603240966797e+01 0.000000000000000000e+00 0.000000000000000000e+00 8.191000000000000000e+03 0.000000000000000000e+00 2.756999969482421875e+00
1.500000000000000000e+01 -1.187403297424316406e+01 -1.175846767425537109e+01 0.000000000000000000e+00 0.000000000000000000e+00 8.191000000000000000e+03 0.000000000000000000e+00 2.756999969482421875e+00
