5.000000000000000000e-01 6.050325930118560791e-02 6.050325930118560791e-02 0.000000000000000000e+00 0.000000000000000000e+00 8.191000000000000000e+03 0.000000000000000000e+00 2.757699966430664062e+00
1.000000000000000000e+00 6.044868007302284241e-02 5.764611065387725830e-02 0.000000000000000000e+00 0.000000000000000000e+00 8.191000000000000000e+03 0.000000000000000000e+00 2.757220745086669922e+00
1.500000000000000000e+00 6.012614816427230835e-02 5.559917166829109192e-02 0.000000000000000000e+00 0.000000000000000000e+00 8.191000000000000000e+03 0.000000000000000000e+00 2.756599903106689453e+00
2.000000000000000000e+00 5.926088243722915649e-02 5.390471220016479492e-02 0.000000000000000000e+00 0.000000000000000000e+00 8.191000000000000000e+03 0.000000000000000000e+00 2.756774187088012695e+00
2.500000000000000000e+00 5.782382935285568237e-02 5.265676602721214294e-02 0.000000000000000000e+00 0.000000000000000000e+00 8.191000000000000000e+03 0.000000000000000000e+00 2.756999969482421875e+00
3.000000000000000000e+00 5.610111728310585022e-02 5.171983689069747925e-02 0.000000000000000000e+00 0.000000000000000000e+00 8.191000000000000000e+03 0.000000000000000000e+00 2.757086992263793945e+00
3.500000000000000000e+00 5.444151163101196289e-02 5.094384029507637024e-02 0.000000000000000000e+00 0.000000000000000000e+00 8.191000000000000000e+03 0.000000000000000000e+00 2.757200002670288086e+00
4.000000000000000000e+00 5.304704606533050537e-02 5.037319660186767578e-02 0.000000000000000000e+00 0.000000000000000000e+00 8.191000000000000000e+03 0.000000000000000000e+00 2.757200002670288086e+00
4.500000000000000000e+00 5.195907130837440491e-02 4.996945708990097046e-02 0.000000000000000000e+00 0.000000000000000000e+00 8.191000000000000000e+03 0.000000000000000000e+00 2.757200002670288086e+00
5.000000000000000000e+00 5.113812536001205444e-02 4.971108585596084595e-02 0.000000000000000000e+00 0.000000000000000000e+00 8.191000000000000000e+03 0.000000000000000000e+00 2.757156372070312500e+00
5.500000000000000000e+00 5.053135752677917480e-02 4.952479526400566101e-02 0.000000000000000000e+00 0.000000000000000000e+00 8.191000000000000000e+03 0.000000000000000000e+00 2.757099866867065430e+00
6.000000000000000000e+00 5.009401962161064148e-02 4.939847066998481750e-02 0.000000000000000000e+00 0.000000000000000000e+00 8.191000000000000000e+03 0.000000000000000000e+00 2.757099866867065430e+00
6.500000000000000000e+00 4.978979006409645081e-02 4.944302886724472046e-02 0.000000000000000000e+00 0.000000000000000000e+00 8.191000000000000000e+03 0.000000000000000000e+00 2.757099866867065430e+00
7.000000000000000000e+00 4.959371685981750488e-02 4.947909340262413025e-02 0.000000000000000000e+00 0.000000000000000000e+00 8.191000000000000000e+03 0.000000000000000000e+00 2.757099866867065430e+00
7.500000000000000000e+00 4.949083179235458374e-02 4.956584051251411438e-02 0.000000000000000000e+00 0.000000000000000000e+00 8.191000000000000000e+03 0.000000000000000000e+00 2.757099866867065430e+00
8.000000000000000000e+00 4.946632683277130127e-02 4.970247298479080200e-02 0.000000000000000000e+00 0.000000000000000000e+00 8.191000000000000000e+03 0.000000000000000000e+00 2.757099866867065430e+00
8.500000000000000000e+00 4.950358346104621887e-02 4.987645894289016724e-02 0.000000000000000000e+00 0.000000000000000000e+00 8.191000000000000000e+03 0.000000000000000000e+00 2.757099866867065430e+00
9.000000000000000000e+00 4.959050938487052917e-02 5.009257420897483826e-02 0.000000000000000000e+00 0.000000000000000000e+00 8.191000000000000000e+03 0.000000000000000000e+00 2.757143497467041016e+00
9.500000000000000000e+00 4.971975088119506836e-02 5.027305334806442261e-02 0.000000000000000000e+00 0.000000000000000000e+00 8.191000000000000000e+03 0.000000000000000000e+00 2.757200002670288086e+00
1.000000000000000000e+01 4.988257214426994324e-02 5.047633498907089233e-02 0.000000000000000000e+00 0.000000000000000000e+00 8.191000000000000000e+03 0.000000000000000000e+00 2.757156372070312500e+00
1.050000000000000000e+01 5.006958544254302979e-02 5.082455277442932129e-02 0.000000000000000000e+00 0.000000000000000000e+00 8.191000000000000000e+03 0.000000000000000000e+00 2.757099866867065430e+00
1.100000000000000000e+01 5.028100311756134033e-02 5.113661661744117737e-02 0.000000000000000000e+00 0.000000000000000000e+00 8.191000000000000000e+03 0.000000000000000000e+00 2.757099866867065430e+00
1.150000000000000000e+01 5.052512884140014648e-02 5.142199620604515076e-02 0.000000000000000000e+00 0.000000000000000000e+00 8.191000000000000000e+03 0.000000000000000000e+00 2.757099866867065430e+00
1.200000000000000000e+01 5.080170184373855591e-02 5.173343792557716370e-02 0.000000000000000000e+00 0.000000000000000000e+00 8.191000000000000000e+03 0.000000000000000000e+00 2.757099866867065430e+00
1.250000000000000000e+01 5.109884589910507202e-02 5.207285657525062561e-02 0.000000000000000000e+00 0.000000000000000000e+00 8.191000000000000000e+03 0.000000000000000000e+00 2.757099866867065430e+00
1.300000000000000000e+01 5.140740424394607544e-02 5.243415758013725281e-02 0.000000000000000000e+00 0.000000000000000000e+00 8.191000000000000000e+03 0.000000000000000000e+00 2.757099866867065430e+00
1.350000000000000000e+01 5.172627791762351990e-02 5.273051187396049500e-02 0.000000000000000000e+00 0.000000000000000000e+00 8.191000000000000000e+03 0.000000000000000000e+00 2.757099866867065430e+00
1.400000000000000000e+01 5.205432325601577759e-02 5.309002846479415894e-02 0.000000000000000000e+00 0.000000000000000000e+00 8.191000000000000000e+03 0.000000000000000000e+00 2.757099866867065430e+00
1.450000000000000000e+01 5.238759145140647888e-02 5.344298109412193298e-02 0.000000000000000000e+00 0.000000000000000000e+00 8.191000000000000000e+03 0.000000000000000000e+00 2.757099866867065430e+00
1.500000000000000000e+01 5.272652581334114075e-02 5.388284474611282349e-02 0.000000000000000000e+00 0.000000000000000000e+00 8.191000000000000000e+03 0.000000000000000000e+00 2.757056474685668945e+00
