5.000000000000000000e-01 -2.733908221125602722e-02 -2.733908221125602722e-02 0.000000000000000000e+00 0.000000000000000000e+00 8.191000000000000000e+03 0.000000000000000000e+00 2.756700038909912109e+00
1.000000000000000000e+00 -2.730056270956993103e-02 -2.532269433140754700e-02 0.000000000000000000e+00 0.000000000000000000e+00 8.191000000000000000e+03 0.000000000000000000e+00 2.756317377090454102e+00
1.500000000000000000e+00 -2.706553414463996887e-02 -2.349034138023853302e-02 0.000000000000000000e+00 0.000000000000000000e+00 8.191000000000000000e+03 0.000000000000000000e+00 2.756099939346313477e+00
2.000000000000000000e+00 -2.640796080231666565e-02 -2.185181155800819397e-02 0.000000000000000000e+00 0.000000000000000000e+00 6.143000000000000000e+03 0.000000000000000000e+00 2.756355047225952148e+00
2.500000000000000000e+00 -2.525364980101585388e-02 -2.040890045464038849e-02 0.000000000000000000e+00 0.000000000000000000e+00 8.191000000000000000e+03 0.000000000000000000e+00 2.756500005722045898e+00
3.000000000000000000e+00 -2.376575767993927002e-02 -1.917105540633201599e-02 0.000000000000000000e+00 0.000000000000000000e+00 6.143000000000000000e+03 0.000000000000000000e+00 2.756691217422485352e+00
3.500000000000000000e+00 -2.219296433031558990e-02 -1.806185953319072723e-02 0.000000000000000000e+00 0.000000000000000000e+00 8.191000000000000000e+03 0.000000000000000000e+00 2.756799936294555664e+00
4.000000000000000000e+00 -2.071259915828704834e-02 -1.708449609577655792e-02 0.000000000000000000e+00 0.000000000000000000e+00 8.191000000000000000e+03 0.000000000000000000e+00 2.756863594055175781e+00
4.500000000000000000e+00 -1.939514093101024628e-02 -1.617055200040340424e-02 0.000000000000000000e+00 0.000000000000000000e+00 8.191000000000000000e+03 0.000000000000000000e+00 2.756899833679199219e+00
5.000000000000000000e+00 -1.823999360203742981e-02 -1.538450736552476883e-02 0.000000000000000000e+00 0.000000000000000000e+00 8.191000000000000000e+03 0.000000000000000000e+00 2.756836175918579102e+00
5.500000000000000000e+00 -1.722203940153121948e-02 -1.471570972353219986e-02 0.000000000000000000e+00 0.000000000000000000e+00 8.191000000000000000e+03 0.000000000000000000e+00 2.756799936294555664e+00
6.000000000000000000e+00 -1.632017269730567932e-02 -1.408392097800970078e-02 0.000000000000000000e+00 0.000000000000000000e+00 8.191000000000000000e+03 0.000000000000000000e+00 2.756799936294555664e+00
6.500000000000000000e+00 -1.551809906959533691e-02 -1.337618753314018250e-02 0.000000000000000000e+00 0.000000000000000000e+00 8.191000000000000000e+03 0.000000000000000000e+00 2.756799936294555664e+00
7.000000000000000000e+00 -1.479158736765384674e-02 -1.276423968374729156e-02 0.000000000000000000e+00 0.000000000000000000e+00 8.191000000000000000e+03 0.000000000000000000e+00 2.756863594055175781e+00
7.500000000000000000e+00 -1.411366276443004608e-02 -1.228035427629947662e-02 0.000000000000000000e+00 0.000000000000000000e+00 8.191000000000000000e+03 0.000000000000000000e+00 2.756899833679199219e+00
8.000000000000000000e+00 -1.347405277192592621e-02 -1.174108497798442841e-02 0.000000000000000000e+00 0.000000000000000000e+00 8.191000000000000000e+03 0.000000000000000000e+00 2.756836175918579102e+00
8.500000000000000000e+00 -1.287775766104459763e-02 -1.129908207803964615e-02 0.000000000000000000e+00 0.000000000000000000e+00 8.191000000000000000e+03 0.000000000000000000e+00 2.756799936294555664e+00
9.000000000000000000e+00 -1.232677418738603592e-02 -1.080697029829025269e-02 0.000000000000000000e+00 0.000000000000000000e+00 8.191000000000000000e+03 0.000000000000000000e+00 2.756799936294555664e+00
9.500000000000000000e+00 -1.181359402835369110e-02 -1.035776734352111816e-02 0.000000000000000000e+00 0.000000000000000000e+00 8.191000000000000000e+03 0.000000000000000000e+00 2.756799936294555664e+00
1.000000000000000000e+01 -1.132802944630384445e-02 -9.981947019696235657e-03 0.000000000000000000e+00 0.000000000000000000e+00 8.191000000000000000e+03 0.000000000000000000e+00 2.756799936294555664e+00
1.050000000000000000e+01 -1.086535118520259857e-02 -9.554654359817504883e-03 0.000000000000000000e+00 0.000000000000000000e+00 8.191000000000000000e+03 0.000000000000000000e+00 2.756799936294555664e+00
1.100000000000000000e+01 -1.042601652443408966e-02 -9.210746735334396362e-03 0.000000000000000000e+00 0.000000000000000000e+00 8.191000000000000000e+03 0.000000000000000000e+00 2.756799936294555664e+00
1.150000000000000000e+01 -1.000796910375356674e-02 -8.732900023460388184e-03 0.000000000000000000e+00 0.000000000000000000e+00 8.191000000000000000e+03 0.000000000000000000e+00 2.756799936294555664e+00
1.200000000000000000e+01 -9.604245424270629883e-03 -8.462018333375453949e-03 0.000000000000000000e+00 0.000000000000000000e+00 8.191000000000000000e+03 0.000000000000000000e+00 2.756799936294555664e+00
1.250000000000000000e+01 -9.211506694555282593e-03 -8.103610016405582428e-03 0.000000000000000000e+00 0.000000000000000000e+00 8.191000000000000000e+03 0.000000000000000000e+00 2.756799936294555664e+00
1.300000000000000000e+01 -8.833732455968856812e-03 -7.722742855548858643e-03 0.000000000000000000e+00 0.000000000000000000e+00 8.191000000000000000e+03 0.000000000000000000e+00 2.756799936294555664e+00
1.350000000000000000e+01 -8.470145985484123230e-03 -7.338730152696371078e-03 0.000000000000000000e+00 0.000000000000000000e+00 8.191000000000000000e+03 0.000000000000000000e+00 2.756799936294555664e+00
1.400000000000000000e+01 -8.112206123769283295e-03 -7.081706542521715164e-03 0.000000000000000000e+00 0.000000000000000000e+00 8.191000000000000000e+03 0.000000000000000000e+00 2.756799936294555664e+00
1.450000000000000000e+01 -7.760027423501014709e-03 -6.821216084063053131e-03 0.000000000000000000e+00 0.000000000000000000e+00 8.191000000000000000e+03 0.000000000000000000e+00 2.756799936294555664e+00
1.500000000000000000e+01 -7.425699848681688309e-03 -6.500982213765382767e-03 0.000000000000000000e+00 0.000000000000000000e+00 8.191000000000000000e+03 0.000000000000000000e+00 2.756799936294555664e+00
