2.000000029802322388e-01 3.581968485377728939e-05 0.000000000000000000e+00 -1.160862339588675241e-07 3.129243850708007812e-07 0.000000000000000000e+00 6.000000000000000000e+00 8.191000000000000000e+03 0.000000000000000000e+00 0.000000000000000000e+00 2.757099866867065430e+00
4.000000059604644775e-01 9.962228126823902130e-03 0.000000000000000000e+00 -5.935656943734102242e-08 9.997349232435226440e-03 0.000000000000000000e+00 6.000000000000000000e+00 8.191000000000000000e+03 0.000000000000000000e+00 0.000000000000000000e+00 2.757099866867065430e+00
6.000000238418579102e-01 2.000041678547859192e-02 0.000000000000000000e+00 -2.715726132862528175e-08 1.999438367784023285e-02 0.000000000000000000e+00 5.000000000000000000e+00 8.191000000000000000e+03 0.000000000000000000e+00 0.000000000000000000e+00 2.757099866867065430e+00
8.000000119209289551e-01 2.983956038951873779e-02 0.000000000000000000e+00 -3.133905801533387603e-09 3.000391460955142975e-02 0.000000000000000000e+00 5.000000000000000000e+00 6.143000000000000000e+03 0.000000000000000000e+00 0.000000000000000000e+00 2.757099866867065430e+00
1.000000000000000000e+00 4.010649770498275757e-02 0.000000000000000000e+00 1.093948842623149176e-08 4.000094905495643616e-02 0.000000000000000000e+00 4.000000000000000000e+00 6.908000000000000000e+03 0.000000000000000000e+00 0.000000000000000000e+00 2.757099866867065430e+00
1.200000047683715820e+00 5.003404989838600159e-02 0.000000000000000000e+00 1.093948842623149176e-08 4.999798536300659180e-02 0.000000000000000000e+00 4.000000000000000000e+00 6.908000000000000000e+03 0.000000000000000000e+00 0.000000000000000000e+00 2.757099866867065430e+00
1.399999976158142090e+00 6.002089008688926697e-02 0.000000000000000000e+00 1.093948842623149176e-08 5.999501794576644897e-02 0.000000000000000000e+00 4.000000000000000000e+00 7.164000000000000000e+03 0.000000000000000000e+00 0.000000000000000000e+00 2.757099866867065430e+00
1.600000023841857910e+00 7.002777606248855591e-02 0.000000000000000000e+00 8.882643953711522045e-08 7.000455260276794434e-02 0.000000000000000000e+00 5.000000000000000000e+00 8.191000000000000000e+03 0.000000000000000000e+00 0.000000000000000000e+00 2.757099866867065430e+00
1.800000071525573730e+00 8.002280443906784058e-02 0.000000000000000000e+00 1.194709824403616949e-07 8.000158518552780151e-02 0.000000000000000000e+00 6.000000000000000000e+00 8.191000000000000000e+03 0.000000000000000000e+00 0.000000000000000000e+00 2.756700038909912109e+00
2.000000000000000000e+00 9.004630893468856812e-02 0.000000000000000000e+00 1.638328939179700683e-07 8.999861776828765869e-02 0.000000000000000000e+00 6.000000000000000000e+00 8.191000000000000000e+03 0.000000000000000000e+00 0.000000000000000000e+00 2.756700038909912109e+00
2.200000047683715820e+00 1.000401154160499573e-01 0.000000000000000000e+00 2.233087172953673871e-07 9.999565780162811279e-02 0.000000000000000000e+00 6.000000000000000000e+00 8.191000000000000000e+03 0.000000000000000000e+00 0.000000000000000000e+00 2.756700038909912109e+00
2.400000095367431641e+00 1.099869310855865479e-01 0.000000000000000000e+00 3.046448000532109290e-07 1.100051850080490112e-01 0.000000000000000000e+00 6.000000000000000000e+00 8.191000000000000000e+03 0.000000000000000000e+00 0.000000000000000000e+00 2.756700038909912109e+00
2.600000143051147461e+00 1.200573816895484924e-01 0.000000000000000000e+00 4.182676320851896890e-07 1.200022250413894653e-01 0.000000000000000000e+00 6.000000000000000000e+00 8.191000000000000000e+03 0.000000000000000000e+00 0.000000000000000000e+00 2.756700038909912109e+00
2.799999952316284180e+00 1.300341039896011353e-01 0.000000000000000000e+00 5.768299615738214925e-07 1.299992501735687256e-01 0.000000000000000000e+00 6.000000000000000000e+00 8.191000000000000000e+03 0.000000000000000000e+00 0.000000000000000000e+00 2.756399869918823242e+00
3.000000000000000000e+00 1.399901360273361206e-01 0.000000000000000000e+00 7.962851213960675523e-07 1.399962902069091797e-01 0.000000000000000000e+00 6.000000000000000000e+00 8.191000000000000000e+03 0.000000000000000000e+00 0.000000000000000000e+00 2.756399869918823242e+00
3.200000047683715820e+00 1.500149518251419067e-01 0.000000000000000000e+00 1.081843493011547253e-06 1.500058174133300781e-01 0.000000000000000000e+00 6.000000000000000000e+00 7.164000000000000000e+03 0.000000000000000000e+00 0.000000000000000000e+00 2.756399869918823242e+00
3.400000095367431641e+00 1.600437313318252563e-01 0.000000000000000000e+00 1.510634547230438329e-06 1.600028574466705322e-01 0.000000000000000000e+00 7.000000000000000000e+00 8.191000000000000000e+03 0.000000000000000000e+00 0.000000000000000000e+00 2.756399869918823242e+00
3.600000143051147461e+00 1.700249761343002319e-01 0.000000000000000000e+00 2.044445636784075759e-06 1.699998974800109863e-01 0.000000000000000000e+00 7.000000000000000000e+00 8.191000000000000000e+03 0.000000000000000000e+00 0.000000000000000000e+00 2.756399869918823242e+00
3.799999952316284180e+00 1.800155788660049438e-01 0.000000000000000000e+00 2.714944002946140245e-06 1.799969226121902466e-01 0.000000000000000000e+00 7.000000000000000000e+00 8.191000000000000000e+03 0.000000000000000000e+00 0.000000000000000000e+00 2.756500005722045898e+00
4.000000000000000000e+00 1.900370419025421143e-01 0.000000000000000000e+00 3.514774789437069558e-06 1.899939626455307007e-01 0.000000000000000000e+00 7.000000000000000000e+00 8.191000000000000000e+03 0.000000000000000000e+00 0.000000000000000000e+00 2.756500005722045898e+00
4.200000286102294922e+00 2.000202089548110962e-01 0.000000000000000000e+00 4.414228897076100111e-06 2.000034898519515991e-01 0.000000000000000000e+00 7.000000000000000000e+00 8.191000000000000000e+03 0.000000000000000000e+00 0.000000000000000000e+00 2.756500005722045898e+00
4.400000095367431641e+00 2.100488990545272827e-01 0.000000000000000000e+00 5.347023488866398111e-06 2.100005298852920532e-01 0.000000000000000000e+00 7.000000000000000000e+00 8.191000000000000000e+03 0.000000000000000000e+00 0.000000000000000000e+00 2.756500005722045898e+00
4.599999904632568359e+00 2.200234383344650269e-01 0.000000000000000000e+00 6.223222044354770333e-06 2.199975699186325073e-01 0.000000000000000000e+00 7.000000000000000000e+00 8.191000000000000000e+03 0.000000000000000000e+00 0.000000000000000000e+00 2.756500005722045898e+00
4.800000190734863281e+00 2.300159484148025513e-01 0.000000000000000000e+00 6.969565220060758293e-06 2.299945950508117676e-01 0.000000000000000000e+00 7.000000000000000000e+00 8.191000000000000000e+03 0.000000000000000000e+00 0.000000000000000000e+00 2.756399869918823242e+00
5.000000000000000000e+00 2.400576770305633545e-01 0.000000000000000000e+00 7.521644420194206759e-06 2.400041371583938599e-01 0.000000000000000000e+00 7.000000000000000000e+00 8.191000000000000000e+03 0.000000000000000000e+00 0.000000000000000000e+00 2.756399869918823242e+00
5.200000286102294922e+00 2.500207722187042236e-01 0.000000000000000000e+00 7.837964403734076768e-06 2.500011622905731201e-01 0.000000000000000000e+00 7.000000000000000000e+00 8.191000000000000000e+03 0.000000000000000000e+00 0.000000000000000000e+00 2.756399869918823242e+00
5.400000095367431641e+00 2.600387334823608398e-01 0.000000000000000000e+00 7.955272849358152598e-06 2.599982023239135742e-01 0.000000000000000000e+00 7.000000000000000000e+00 8.191000000000000000e+03 0.000000000000000000e+00 0.000000000000000000e+00 2.756399869918823242e+00
5.599999904632568359e+00 2.700173258781433105e-01 0.000000000000000000e+00 7.919596100691705942e-06 2.699952423572540283e-01 0.000000000000000000e+00 7.000000000000000000e+00 8.191000000000000000e+03 0.000000000000000000e+00 0.000000000000000000e+00 2.756399869918823242e+00
5.800000190734863281e+00 2.800464034080505371e-01 0.000000000000000000e+00 7.782971806591376662e-06 2.800047695636749268e-01 0.000000000000000000e+00 7.000000000000000000e+00 8.191000000000000000e+03 0.000000000000000000e+00 0.000000000000000000e+00 2.756500005722045898e+00
6.000000000000000000e+00 2.900528907775878906e-01 0.000000000000000000e+00 7.577254564239410684e-06 2.900017797946929932e-01 0.000000000000000000e+00 7.000000000000000000e+00 8.191000000000000000e+03 0.000000000000000000e+00 0.000000000000000000e+00 2.756500005722045898e+00
6.200000286102294922e+00 2.999994456768035889e-01 0.000000000000000000e+00 7.365211786236613989e-06 2.999988198280334473e-01 0.000000000000000000e+00 7.000000000000000000e+00 8.191000000000000000e+03 0.000000000000000000e+00 0.000000000000000000e+00 2.756500005722045898e+00
6.400000095367431641e+00 2.900310754776000977e-01 0.000000000000000000e+00 6.129083885753061622e-06 2.900017797946929932e-01 0.000000000000000000e+00 7.000000000000000000e+00 8.191000000000000000e+03 0.000000000000000000e+00 0.000000000000000000e+00 2.756500005722045898e+00
6.599999904632568359e+00 2.800655066967010498e-01 0.000000000000000000e+00 5.198844974074745551e-06 2.800047695636749268e-01 0.000000000000000000e+00 7.000000000000000000e+00 8.191000000000000000e+03 0.000000000000000000e+00 0.000000000000000000e+00 2.756500005722045898e+00
6.800000190734863281e+00 2.700364589691162109e-01 0.000000000000000000e+00 4.306628852646099404e-06 2.699952423572540283e-01 0.000000000000000000e+00 7.000000000000000000e+00 8.191000000000000000e+03 0.000000000000000000e+00 0.000000000000000000e+00 2.756299972534179688e+00
7.000000000000000000e+00 2.600646317005157471e-01 0.000000000000000000e+00 3.389125367903034203e-06 2.599982023239135742e-01 0.000000000000000000e+00 7.000000000000000000e+00 8.191000000000000000e+03 0.000000000000000000e+00 0.000000000000000000e+00 2.756299972534179688e+00
7.200000286102294922e+00 2.499422132968902588e-01 0.000000000000000000e+00 2.407847432550624944e-06 2.500011622905731201e-01 0.000000000000000000e+00 7.000000000000000000e+00 8.191000000000000000e+03 0.000000000000000000e+00 0.000000000000000000e+00 2.756299972534179688e+00
7.400000095367431641e+00 2.399659156799316406e-01 0.000000000000000000e+00 1.338535184913780540e-06 2.400041371583938599e-01 0.000000000000000000e+00 7.000000000000000000e+00 8.191000000000000000e+03 0.000000000000000000e+00 0.000000000000000000e+00 2.756299972534179688e+00
7.599999904632568359e+00 2.300202846527099609e-01 0.000000000000000000e+00 2.280131070619972888e-07 2.299945950508117676e-01 0.000000000000000000e+00 7.000000000000000000e+00 8.191000000000000000e+03 0.000000000000000000e+00 0.000000000000000000e+00 2.756299972534179688e+00
7.800000190734863281e+00 2.200265973806381226e-01 0.000000000000000000e+00 -8.635958010927424766e-07 2.199975699186325073e-01 0.000000000000000000e+00 6.000000000000000000e+00 8.190000000000000000e+03 0.000000000000000000e+00 0.000000000000000000e+00 2.756199836730957031e+00
8.000000000000000000e+00 2.100032418966293335e-01 0.000000000000000000e+00 -1.093766627491277177e-06 2.100005298852920532e-01 0.000000000000000000e+00 6.000000000000000000e+00 7.164000000000000000e+03 0.000000000000000000e+00 0.000000000000000000e+00 2.756199836730957031e+00
8.199999809265136719e+00 1.999752521514892578e-01 0.000000000000000000e+00 -2.640471848280867562e-06 2.000034898519515991e-01 0.000000000000000000e+00 7.000000000000000000e+00 8.191000000000000000e+03 0.000000000000000000e+00 0.000000000000000000e+00 2.756199836730957031e+00
8.400000572204589844e+00 1.900285631418228149e-01 0.000000000000000000e+00 -3.221002998543553986e-06 1.899939626455307007e-01 0.000000000000000000e+00 7.000000000000000000e+00 8.191000000000000000e+03 0.000000000000000000e+00 0.000000000000000000e+00 2.756199836730957031e+00
8.600000381469726562e+00 1.800144612789154053e-01 0.000000000000000000e+00 -3.533662948029814288e-06 1.799969226121902466e-01 0.000000000000000000e+00 7.000000000000000000e+00 8.191000000000000000e+03 0.000000000000000000e+00 0.000000000000000000e+00 2.756199836730957031e+00
8.800000190734863281e+00 1.699997037649154663e-01 0.000000000000000000e+00 -3.630796072684461251e-06 1.699998974800109863e-01 0.000000000000000000e+00 7.000000000000000000e+00 8.191000000000000000e+03 0.000000000000000000e+00 0.000000000000000000e+00 2.756199836730957031e+00
9.000000000000000000e+00 1.600002050399780273e-01 0.000000000000000000e+00 -3.565357928891899064e-06 1.600028574466705322e-01 0.000000000000000000e+00 7.000000000000000000e+00 8.191000000000000000e+03 0.000000000000000000e+00 0.000000000000000000e+00 2.756199836730957031e+00
9.199999809265136719e+00 1.501151174306869507e-01 0.000000000000000000e+00 -3.397312866582069546e-06 1.500058174133300781e-01 0.000000000000000000e+00 7.000000000000000000e+00 8.191000000000000000e+03 0.000000000000000000e+00 0.000000000000000000e+00 2.756199836730957031e+00
9.400000572204589844e+00 1.400079727172851562e-01 0.000000000000000000e+00 -3.170131094520911574e-06 1.399962902069091797e-01 0.000000000000000000e+00 7.000000000000000000e+00 8.191000000000000000e+03 0.000000000000000000e+00 0.000000000000000000e+00 2.756199836730957031e+00
9.600000381469726562e+00 1.300118118524551392e-01 0.000000000000000000e+00 -2.926440629380522296e-06 1.299992501735687256e-01 0.000000000000000000e+00 7.000000000000000000e+00 8.191000000000000000e+03 0.000000000000000000e+00 0.000000000000000000e+00 2.756199836730957031e+00
9.800000190734863281e+00 1.200528964400291443e-01 0.000000000000000000e+00 -2.691097961360355839e-06 1.200022250413894653e-01 0.000000000000000000e+00 7.000000000000000000e+00 8.191000000000000000e+03 0.000000000000000000e+00 0.000000000000000000e+00 2.756399869918823242e+00
1.000000000000000000e+01 1.100213229656219482e-01 0.000000000000000000e+00 -2.468006641720421612e-06 1.100051850080490112e-01 0.000000000000000000e+00 7.000000000000000000e+00 8.191000000000000000e+03 0.000000000000000000e+00 0.000000000000000000e+00 2.756399869918823242e+00
1.019999980926513672e+01 1.000456213951110840e-01 0.000000000000000000e+00 -2.256632342323428020e-06 9.999565780162811279e-02 0.000000000000000000e+00 7.000000000000000000e+00 8.191000000000000000e+03 0.000000000000000000e+00 0.000000000000000000e+00 2.756399869918823242e+00
1.040000057220458984e+01 9.000147134065628052e-02 0.000000000000000000e+00 -2.075681095448089764e-06 8.999861776828765869e-02 0.000000000000000000e+00 7.000000000000000000e+00 8.191000000000000000e+03 0.000000000000000000e+00 0.000000000000000000e+00 2.756399869918823242e+00
1.060000038146972656e+01 8.006902784109115601e-02 0.000000000000000000e+00 -1.908397507577319629e-06 8.000158518552780151e-02 0.000000000000000000e+00 7.000000000000000000e+00 8.191000000000000000e+03 0.000000000000000000e+00 0.000000000000000000e+00 2.756399869918823242e+00
1.080000019073486328e+01 7.001626491546630859e-02 0.000000000000000000e+00 -1.774536485754651949e-06 7.000455260276794434e-02 0.000000000000000000e+00 7.000000000000000000e+00 8.191000000000000000e+03 0.000000000000000000e+00 0.000000000000000000e+00 2.756299972534179688e+00
1.100000000000000000e+01 6.003496050834655762e-02 0.000000000000000000e+00 -1.644426106395258103e-06 5.999501794576644897e-02 0.000000000000000000e+00 7.000000000000000000e+00 8.191000000000000000e+03 0.000000000000000000e+00 0.000000000000000000e+00 2.756299972534179688e+00
1.119999980926513672e+01 5.002552643418312073e-02 0.000000000000000000e+00 -1.537684852337406483e-06 4.999798536300659180e-02 0.000000000000000000e+00 7.000000000000000000e+00 8.191000000000000000e+03 0.000000000000000000e+00 0.000000000000000000e+00 2.756299972534179688e+00
1.140000057220458984e+01 3.996790945529937744e-02 0.000000000000000000e+00 -1.440928258489293512e-06 4.000094905495643616e-02 0.000000000000000000e+00 7.000000000000000000e+00 8.191000000000000000e+03 0.000000000000000000e+00 0.000000000000000000e+00 2.756299972534179688e+00
1.160000038146972656e+01 2.999473549425601959e-02 0.000000000000000000e+00 -1.357937208013026975e-06 3.000391460955142975e-02 0.000000000000000000e+00 7.000000000000000000e+00 8.191000000000000000e+03 0.000000000000000000e+00 0.000000000000000000e+00 2.756299972534179688e+00
1.180000019073486328e+01 2.003820985555648804e-02 0.000000000000000000e+00 -1.281293521060433704e-06 1.999438367784023285e-02 0.000000000000000000e+00 7.000000000000000000e+00 8.191000000000000000e+03 0.000000000000000000e+00 0.000000000000000000e+00 2.756299972534179688e+00
1.200000000000000000e+01 1.001973077654838562e-02 0.000000000000000000e+00 -1.219219370796054136e-06 9.997349232435226440e-03 0.000000000000000000e+00 7.000000000000000000e+00 8.191000000000000000e+03 0.000000000000000000e+00 0.000000000000000000e+00 2.756299972534179688e+00
1.219999980926513672e+01 9.864597814157605171e-07 0.000000000000000000e+00 -1.165040202977252193e-06 3.129243850708007812e-07 0.000000000000000000e+00 7.000000000000000000e+00 8.191000000000000000e+03 0.000000000000000000e+00 0.000000000000000000e+00 2.756299972534179688e+00
1.240000057220458984e+01 -9.971705265343189240e-03 0.000000000000000000e+00 -1.111442998080747202e-06 -9.996719658374786377e-03 0.000000000000000000e+00 7.000000000000000000e+00 8.191000000000000000e+03 0.000000000000000000e+00 0.000000000000000000e+00 2.756299972534179688e+00
1.260000038146972656e+01 -2.004785090684890747e-02 0.000000000000000000e+00 -1.072651798494916875e-06 -1.999375596642494202e-02 0.000000000000000000e+00 7.000000000000000000e+00 8.191000000000000000e+03 0.000000000000000000e+00 0.000000000000000000e+00 2.756299972534179688e+00
1.280000019073486328e+01 -2.988622337579727173e-02 0.000000000000000000e+00 -1.034082401929481421e-06 -3.000328317284584045e-02 0.000000000000000000e+00 7.000000000000000000e+00 6.143000000000000000e+03 0.000000000000000000e+00 0.000000000000000000e+00 2.756299972534179688e+00
1.300000000000000000e+01 -3.998268768191337585e-02 0.000000000000000000e+00 -1.007034825306618586e-06 -4.000032320618629456e-02 0.000000000000000000e+00 7.000000000000000000e+00 8.191000000000000000e+03 0.000000000000000000e+00 0.000000000000000000e+00 2.756299972534179688e+00
1.319999980926513672e+01 -5.005656927824020386e-02 0.000000000000000000e+00 -9.939798246705322526e-07 -4.999735578894615173e-02 0.000000000000000000e+00 7.000000000000000000e+00 8.191000000000000000e+03 0.000000000000000000e+00 0.000000000000000000e+00 2.756299972534179688e+00
1.340000057220458984e+01 -5.994409695267677307e-02 0.000000000000000000e+00 -9.769753432919969782e-07 -5.999438837170600891e-02 0.000000000000000000e+00 7.000000000000000000e+00 8.191000000000000000e+03 0.000000000000000000e+00 0.000000000000000000e+00 2.756299972534179688e+00
1.360000038146972656e+01 -6.999754160642623901e-02 0.000000000000000000e+00 -9.795771802600938827e-07 -7.000392675399780273e-02 0.000000000000000000e+00 7.000000000000000000e+00 8.191000000000000000e+03 0.000000000000000000e+00 0.000000000000000000e+00 2.756299972534179688e+00
1.380000019073486328e+01 -8.002266287803649902e-02 0.000000000000000000e+00 -9.874719353319960646e-07 -8.000095188617706299e-02 0.000000000000000000e+00 7.000000000000000000e+00 8.191000000000000000e+03 0.000000000000000000e+00 0.000000000000000000e+00 2.756399869918823242e+00
1.400000000000000000e+01 -9.004364162683486938e-02 0.000000000000000000e+00 -1.011951667351240758e-06 -8.999799191951751709e-02 0.000000000000000000e+00 7.000000000000000000e+00 8.191000000000000000e+03 0.000000000000000000e+00 0.000000000000000000e+00 2.756399869918823242e+00
1.419999980926513672e+01 -1.000164523720741272e-01 0.000000000000000000e+00 -1.048590775099000894e-06 -9.999501705169677734e-02 0.000000000000000000e+00 7.000000000000000000e+00 8.191000000000000000e+03 0.000000000000000000e+00 0.000000000000000000e+00 2.756399869918823242e+00
1.440000057220458984e+01 -1.100408509373664856e-01 0.000000000000000000e+00 -1.100446979762637056e-06 -1.100045591592788696e-01 0.000000000000000000e+00 7.000000000000000000e+00 8.191000000000000000e+03 0.000000000000000000e+00 0.000000000000000000e+00 2.756399869918823242e+00
1.460000038146972656e+01 -1.199552789330482483e-01 0.000000000000000000e+00 -1.177383865069714375e-06 -1.200015842914581299e-01 0.000000000000000000e+00 7.000000000000000000e+00 8.191000000000000000e+03 0.000000000000000000e+00 0.000000000000000000e+00 2.756399869918823242e+00
1.480000019073486328e+01 -1.300308555364608765e-01 0.000000000000000000e+00 -1.274605210710433312e-06 -1.299986243247985840e-01 0.000000000000000000e+00 7.000000000000000000e+00 8.191000000000000000e+03 0.000000000000000000e+00 0.000000000000000000e+00 2.756299972534179688e+00
1.500000000000000000e+01 -1.400213539600372314e-01 0.000000000000000000e+00 -1.399680172653461341e-06 -1.399956643581390381e-01 0.000000000000000000e+00 7.000000000000000000e+00 8.191000000000000000e+03 0.000000000000000000e+00 0.000000000000000000e+00 2.756299972534179688e+00
1.519999980926513672e+01 -1.499626487493515015e-01 0.000000000000000000e+00 -1.549961666569288354e-06 -1.500051915645599365e-01 0.000000000000000000e+00 7.000000000000000000e+00 8.191000000000000000e+03 0.000000000000000000e+00 0.000000000000000000e+00 2.756299972534179688e+00
1.540000057220458984e+01 -1.600675731897354126e-01 0.000000000000000000e+00 -1.738343257784435991e-06 -1.600022166967391968e-01 0.000000000000000000e+00 7.000000000000000000e+00 8.191000000000000000e+03 0.000000000000000000e+00 0.000000000000000000e+00 2.756299972534179688e+00
1.560000038146972656e+01 -1.700297296047210693e-01 0.000000000000000000e+00 -1.947041937455651350e-06 -1.699992567300796509e-01 0.000000000000000000e+00 7.000000000000000000e+00 8.191000000000000000e+03 0.000000000000000000e+00 0.000000000000000000e+00 2.756299972534179688e+00
1.580000019073486328e+01 -1.800168007612228394e-01 0.000000000000000000e+00 -2.188031658079125918e-06 -1.799962967634201050e-01 0.000000000000000000e+00 7.000000000000000000e+00 8.191000000000000000e+03 0.000000000000000000e+00 0.000000000000000000e+00 2.756199836730957031e+00
1.600000000000000000e+01 -1.900293827056884766e-01 0.000000000000000000e+00 -2.455805088175111450e-06 -1.900058239698410034e-01 0.000000000000000000e+00 7.000000000000000000e+00 8.191000000000000000e+03 0.000000000000000000e+00 0.000000000000000000e+00 2.756199836730957031e+00
1.620000076293945312e+01 -2.000129222869873047e-01 0.000000000000000000e+00 -2.738755711106932722e-06 -2.000028640031814575e-01 0.000000000000000000e+00 7.000000000000000000e+00 8.191000000000000000e+03 0.000000000000000000e+00 0.000000000000000000e+00 2.756199836730957031e+00
1.639999961853027344e+01 -1.900185197591781616e-01 0.000000000000000000e+00 -2.186490746680647135e-06 -1.900058239698410034e-01 0.000000000000000000e+00 7.000000000000000000e+00 8.191000000000000000e+03 0.000000000000000000e+00 1.000000000000000000e+00 2.756199836730957031e+00
1.660000038146972656e+01 -1.800176799297332764e-01 0.000000000000000000e+00 -1.772944983713387046e-06 -1.799962967634201050e-01 0.000000000000000000e+00 7.000000000000000000e+00 8.191000000000000000e+03 0.000000000000000000e+00 1.000000000000000000e+00 2.756199836730957031e+00
1.680000114440917969e+01 -1.700137555599212646e-01 0.000000000000000000e+00 -1.470439769946096931e-06 -1.699992567300796509e-01 0.000000000000000000e+00 7.000000000000000000e+00 8.191000000000000000e+03 0.000000000000000000e+00 1.000000000000000000e+00 2.756199836730957031e+00
1.700000000000000000e+01 -1.599560827016830444e-01 0.000000000000000000e+00 -1.239797256857855245e-06 -1.600022166967391968e-01 0.000000000000000000e+00 7.000000000000000000e+00 8.191000000000000000e+03 0.000000000000000000e+00 1.000000000000000000e+00 2.756199836730957031e+00
1.720000076293945312e+01 -1.500091850757598877e-01 0.000000000000000000e+00 -1.041177370098012034e-06 -1.500051915645599365e-01 0.000000000000000000e+00 7.000000000000000000e+00 8.191000000000000000e+03 0.000000000000000000e+00 1.000000000000000000e+00 2.756199836730957031e+00
1.739999961853027344e+01 -1.400355249643325806e-01 0.000000000000000000e+00 -8.952061989475623704e-07 -1.399956643581390381e-01 0.000000000000000000e+00 7.000000000000000000e+00 8.191000000000000000e+03 0.000000000000000000e+00 1.000000000000000000e+00 2.756199836730957031e+00
1.760000038146972656e+01 -1.299934983253479004e-01 0.000000000000000000e+00 -7.654381874999671709e-07 -1.299986243247985840e-01 0.000000000000000000e+00 7.000000000000000000e+00 8.191000000000000000e+03 0.000000000000000000e+00 1.000000000000000000e+00 2.756199836730957031e+00
1.780000114440917969e+01 -1.200278177857398987e-01 0.000000000000000000e+00 -6.799640459576039575e-07 -1.200015842914581299e-01 0.000000000000000000e+00 6.000000000000000000e+00 8.191000000000000000e+03 0.000000000000000000e+00 1.000000000000000000e+00 2.756199836730957031e+00
1.800000000000000000e+01 -1.100153550505638123e-01 0.000000000000000000e+00 -5.986233873045421205e-07 -1.100045591592788696e-01 0.000000000000000000e+00 6.000000000000000000e+00 8.191000000000000000e+03 0.000000000000000000e+00 1.000000000000000000e+00 2.756199836730957031e+00
1.820000076293945312e+01 -9.997234493494033813e-02 0.000000000000000000e+00 -5.305241757014300674e-07 -9.999501705169677734e-02 0.000000000000000000e+00 6.000000000000000000e+00 8.191000000000000000e+03 0.000000000000000000e+00 1.000000000000000000e+00 2.756199836730957031e+00
1.839999961853027344e+01 -8.999130129814147949e-02 0.000000000000000000e+00 -4.742464057017059531e-07 -8.999799191951751709e-02 0.000000000000000000e+00 6.000000000000000000e+00 8.191000000000000000e+03 0.000000000000000000e+00 1.000000000000000000e+00 2.756199836730957031e+00
1.860000038146972656e+01 -8.000897616147994995e-02 0.000000000000000000e+00 -4.267583051387191517e-07 -8.000095188617706299e-02 0.000000000000000000e+00 6.000000000000000000e+00 8.191000000000000000e+03 0.000000000000000000e+00 1.000000000000000000e+00 2.756199836730957031e+00
1.880000114440917969e+01 -7.001055032014846802e-02 0.000000000000000000e+00 -3.868462670197914122e-07 -7.000392675399780273e-02 0.000000000000000000e+00 6.000000000000000000e+00 8.191000000000000000e+03 0.000000000000000000e+00 1.000000000000000000e+00 2.756199836730957031e+00
1.900000000000000000e+01 -5.997888371348381042e-02 0.000000000000000000e+00 -3.525604199694498675e-07 -5.999438837170600891e-02 0.000000000000000000e+00 6.000000000000000000e+00 8.191000000000000000e+03 0.000000000000000000e+00 1.000000000000000000e+00 2.756199836730957031e+00
1.920000076293945312e+01 -5.003569275140762329e-02 0.000000000000000000e+00 -3.233724328310927376e-07 -4.999735578894615173e-02 0.000000000000000000e+00 6.000000000000000000e+00 8.191000000000000000e+03 0.000000000000000000e+00 1.000000000000000000e+00 2.756199836730957031e+00
1.939999961853027344e+01 -4.006705433130264282e-02 0.000000000000000000e+00 -2.974805681787984213e-07 -4.000032320618629456e-02 0.000000000000000000e+00 6.000000000000000000e+00 8.191000000000000000e+03 0.000000000000000000e+00 1.000000000000000000e+00 2.756199836730957031e+00
1.960000038146972656e+01 -3.000575676560401917e-02 0.000000000000000000e+00 -2.743630034274247009e-07 -3.000328317284584045e-02 0.000000000000000000e+00 6.000000000000000000e+00 8.191000000000000000e+03 0.000000000000000000e+00 1.000000000000000000e+00 2.756199836730957031e+00
1.980000114440917969e+01 -1.999150216579437256e-02 0.000000000000000000e+00 -2.536947363296349067e-07 -1.999375596642494202e-02 0.000000000000000000e+00 6.000000000000000000e+00 8.191000000000000000e+03 0.000000000000000000e+00 1.000000000000000000e+00 2.756199836730957031e+00
2.000000000000000000e+01 -1.000695955008268356e-02 0.000000000000000000e+00 -2.349610355167897069e-07 -9.996719658374786377e-03 0.000000000000000000e+00 6.000000000000000000e+00 8.191000000000000000e+03 0.000000000000000000e+00 1.000000000000000000e+00 2.756199836730957031e+00
2.020000076293945312e+01 4.091142909601330757e-05 0.000000000000000000e+00 -2.168377335465265787e-07 3.129243850708007812e-07 0.000000000000000000e+00 6.000000000000000000e+00 8.191000000000000000e+03 0.000000000000000000e+00 1.000000000000000000e+00 2.756199836730957031e+00
2.039999961853027344e+01 1.000181678682565689e-02 0.000000000000000000e+00 -2.003988015530921984e-07 9.997349232435226440e-03 0.000000000000000000e+00 6.000000000000000000e+00 8.191000000000000000e+03 0.000000000000000000e+00 1.000000000000000000e+00 2.756199836730957031e+00
2.060000038146972656e+01 2.004964277148246765e-02 0.000000000000000000e+00 -1.839505614498193609e-07 1.999438367784023285e-02 0.000000000000000000e+00 6.000000000000000000e+00 8.191000000000000000e+03 0.000000000000000000e+00 1.000000000000000000e+00 2.756199836730957031e+00
2.080000114440917969e+01 2.978361397981643677e-02 0.000000000000000000e+00 -1.677820051781964139e-07 3.000391460955142975e-02 0.000000000000000000e+00 6.000000000000000000e+00 6.143000000000000000e+03 0.000000000000000000e+00 1.000000000000000000e+00 2.756199836730957031e+00
2.100000000000000000e+01 4.001603648066520691e-02 0.000000000000000000e+00 -1.498328856541775167e-07 4.000094905495643616e-02 0.000000000000000000e+00 6.000000000000000000e+00 8.191000000000000000e+03 0.000000000000000000e+00 1.000000000000000000e+00 2.756199836730957031e+00
2.120000076293945312e+01 5.001501739025115967e-02 0.000000000000000000e+00 -1.315399487111790222e-07 4.999798536300659180e-02 0.000000000000000000e+00 6.000000000000000000e+00 8.191000000000000000e+03 0.000000000000000000e+00 1.000000000000000000e+00 2.756199836730957031e+00
2.139999961853027344e+01 6.008034944534301758e-02 0.000000000000000000e+00 -1.100550690580348601e-07 5.999501794576644897e-02 0.000000000000000000e+00 6.000000000000000000e+00 8.191000000000000000e+03 0.000000000000000000e+00 1.000000000000000000e+00 2.756199836730957031e+00
2.160000038146972656e+01 7.001943886280059814e-02 0.000000000000000000e+00 -8.411038265876413789e-08 7.000455260276794434e-02 0.000000000000000000e+00 6.000000000000000000e+00 8.191000000000000000e+03 0.000000000000000000e+00 1.000000000000000000e+00 2.756199836730957031e+00
2.180000114440917969e+01 8.000959455966949463e-02 0.000000000000000000e+00 -5.433864913584329770e-08 8.000158518552780151e-02 0.000000000000000000e+00 6.000000000000000000e+00 8.191000000000000000e+03 0.000000000000000000e+00 1.000000000000000000e+00 2.756399869918823242e+00
2.200000000000000000e+01 9.002679586410522461e-02 0.000000000000000000e+00 -1.079816858151616543e-08 8.999861776828765869e-02 0.000000000000000000e+00 5.000000000000000000e+00 8.191000000000000000e+03 0.000000000000000000e+00 1.000000000000000000e+00 2.756399869918823242e+00
2.220000076293945312e+01 1.000751331448554993e-01 0.000000000000000000e+00 4.027424438390880823e-08 9.999565780162811279e-02 0.000000000000000000e+00 5.000000000000000000e+00 8.191000000000000000e+03 0.000000000000000000e+00 1.000000000000000000e+00 2.756399869918823242e+00
2.239999961853027344e+01 1.100697070360183716e-01 0.000000000000000000e+00 1.065031796088078409e-07 1.100051850080490112e-01 0.000000000000000000e+00 5.000000000000000000e+00 7.164000000000000000e+03 0.000000000000000000e+00 1.000000000000000000e+00 2.756399869918823242e+00
2.260000038146972656e+01 1.200016736984252930e-01 0.000000000000000000e+00 2.042350502051704098e-07 1.200022250413894653e-01 0.000000000000000000e+00 6.000000000000000000e+00 8.191000000000000000e+03 0.000000000000000000e+00 1.000000000000000000e+00 2.756399869918823242e+00
2.280000114440917969e+01 1.299996674060821533e-01 0.000000000000000000e+00 3.376612482952623395e-07 1.299992501735687256e-01 0.000000000000000000e+00 6.000000000000000000e+00 8.191000000000000000e+03 0.000000000000000000e+00 1.000000000000000000e+00 2.756199836730957031e+00
2.300000000000000000e+01 1.400408446788787842e-01 0.000000000000000000e+00 5.239656388766888995e-07 1.399962902069091797e-01 0.000000000000000000e+00 6.000000000000000000e+00 8.191000000000000000e+03 0.000000000000000000e+00 1.000000000000000000e+00 2.756199836730957031e+00
2.320000076293945312e+01 1.500379592180252075e-01 0.000000000000000000e+00 7.808603186276741326e-07 1.500058174133300781e-01 0.000000000000000000e+00 6.000000000000000000e+00 8.191000000000000000e+03 0.000000000000000000e+00 1.000000000000000000e+00 2.756199836730957031e+00
2.339999961853027344e+01 1.600172370672225952e-01 0.000000000000000000e+00 1.089329884962353390e-06 1.600028574466705322e-01 0.000000000000000000e+00 6.000000000000000000e+00 7.164000000000000000e+03 0.000000000000000000e+00 1.000000000000000000e+00 2.756199836730957031e+00
2.360000038146972656e+01 1.700133085250854492e-01 0.000000000000000000e+00 1.603765440449933521e-06 1.699998974800109863e-01 0.000000000000000000e+00 7.000000000000000000e+00 8.191000000000000000e+03 0.000000000000000000e+00 1.000000000000000000e+00 2.756199836730957031e+00
2.380000114440917969e+01 1.799729168415069580e-01 0.000000000000000000e+00 2.210574621130945161e-06 1.799969226121902466e-01 0.000000000000000000e+00 7.000000000000000000e+00 8.191000000000000000e+03 0.000000000000000000e+00 1.000000000000000000e+00 2.756199836730957031e+00
2.400000000000000000e+01 1.900416612625122070e-01 0.000000000000000000e+00 2.959236780952778645e-06 1.899939626455307007e-01 0.000000000000000000e+00 7.000000000000000000e+00 8.191000000000000000e+03 0.000000000000000000e+00 1.000000000000000000e+00 2.756199836730957031e+00
2.420000076293945312e+01 2.000704705715179443e-01 0.000000000000000000e+00 3.840485078399069607e-06 2.000034898519515991e-01 0.000000000000000000e+00 7.000000000000000000e+00 8.191000000000000000e+03 0.000000000000000000e+00 1.000000000000000000e+00 2.756199836730957031e+00
2.439999961853027344e+01 2.100708037614822388e-01 0.000000000000000000e+00 4.790444108948577195e-06 2.100005298852920532e-01 0.000000000000000000e+00 7.000000000000000000e+00 8.191000000000000000e+03 0.000000000000000000e+00 1.000000000000000000e+00 2.756199836730957031e+00
2.460000038146972656e+01 2.200218886137008667e-01 0.000000000000000000e+00 5.752018296334426850e-06 2.199975699186325073e-01 0.000000000000000000e+00 7.000000000000000000e+00 8.191000000000000000e+03 0.000000000000000000e+00 1.000000000000000000e+00 2.756199836730957031e+00
2.480000114440917969e+01 2.300232052803039551e-01 0.000000000000000000e+00 6.627350558119360358e-06 2.299945950508117676e-01 0.000000000000000000e+00 7.000000000000000000e+00 8.191000000000000000e+03 0.000000000000000000e+00 1.000000000000000000e+00 2.756199836730957031e+00
2.500000000000000000e+01 2.400583922863006592e-01 0.000000000000000000e+00 7.340835509239695966e-06 2.400041371583938599e-01 0.000000000000000000e+00 7.000000000000000000e+00 8.191000000000000000e+03 0.000000000000000000e+00 1.000000000000000000e+00 2.756199836730957031e+00
2.520000076293945312e+01 2.500883936882019043e-01 0.000000000000000000e+00 7.836321856302674860e-06 2.500011622905731201e-01 0.000000000000000000e+00 7.000000000000000000e+00 8.191000000000000000e+03 0.000000000000000000e+00 1.000000000000000000e+00 2.756199836730957031e+00
2.539999961853027344e+01 2.600231766700744629e-01 0.000000000000000000e+00 8.090986739262007177e-06 2.599982023239135742e-01 0.000000000000000000e+00 7.000000000000000000e+00 8.191000000000000000e+03 0.000000000000000000e+00 1.000000000000000000e+00 2.756199836730957031e+00
2.560000038146972656e+01 2.700228393077850342e-01 0.000000000000000000e+00 8.149237146426457912e-06 2.699952423572540283e-01 0.000000000000000000e+00 7.000000000000000000e+00 8.191000000000000000e+03 0.000000000000000000e+00 1.000000000000000000e+00 2.756199836730957031e+00
2.580000114440917969e+01 2.800416648387908936e-01 0.000000000000000000e+00 8.054176760197151452e-06 2.800047695636749268e-01 0.000000000000000000e+00 7.000000000000000000e+00 8.191000000000000000e+03 0.000000000000000000e+00 1.000000000000000000e+00 2.756299972534179688e+00
2.600000000000000000e+01 2.899775803089141846e-01 0.000000000000000000e+00 7.880243174440693110e-06 2.900017797946929932e-01 0.000000000000000000e+00 7.000000000000000000e+00 8.191000000000000000e+03 0.000000000000000000e+00 1.000000000000000000e+00 2.756299972534179688e+00
2.620000076293945312e+01 2.999801933765411377e-01 0.000000000000000000e+00 7.650844963791314512e-06 2.999988198280334473e-01 0.000000000000000000e+00 7.000000000000000000e+00 8.191000000000000000e+03 0.000000000000000000e+00 1.000000000000000000e+00 2.756299972534179688e+00
2.639999961853027344e+01 2.900011539459228516e-01 0.000000000000000000e+00 6.238818514248123392e-06 2.900017797946929932e-01 0.000000000000000000e+00 7.000000000000000000e+00 8.191000000000000000e+03 0.000000000000000000e+00 1.000000000000000000e+00 2.756299972534179688e+00
2.660000038146972656e+01 2.800136506557464600e-01 0.000000000000000000e+00 5.155736289452761412e-06 2.800047695636749268e-01 0.000000000000000000e+00 7.000000000000000000e+00 8.191000000000000000e+03 0.000000000000000000e+00 1.000000000000000000e+00 2.756299972534179688e+00
2.680000114440917969e+01 2.700435519218444824e-01 0.000000000000000000e+00 4.129766693949932232e-06 2.699952423572540283e-01 0.000000000000000000e+00 7.000000000000000000e+00 8.191000000000000000e+03 0.000000000000000000e+00 1.000000000000000000e+00 2.756000041961669922e+00
2.700000000000000000e+01 2.600911855697631836e-01 0.000000000000000000e+00 3.069789499932085164e-06 2.599982023239135742e-01 0.000000000000000000e+00 7.000000000000000000e+00 8.191000000000000000e+03 0.000000000000000000e+00 1.000000000000000000e+00 2.756000041961669922e+00
2.720000076293945312e+01 2.500000894069671631e-01 0.000000000000000000e+00 1.956907453859457746e-06 2.500011622905731201e-01 0.000000000000000000e+00 7.000000000000000000e+00 8.191000000000000000e+03 0.000000000000000000e+00 1.000000000000000000e+00 2.756000041961669922e+00
2.739999961853027344e+01 2.400439977645874023e-01 0.000000000000000000e+00 7.817729397174844053e-07 2.400041371583938599e-01 0.000000000000000000e+00 7.000000000000000000e+00 8.191000000000000000e+03 0.000000000000000000e+00 1.000000000000000000e+00 2.756000041961669922e+00
2.760000038146972656e+01 2.299870997667312622e-01 0.000000000000000000e+00 -3.966522115206316812e-07 2.299945950508117676e-01 0.000000000000000000e+00 6.000000000000000000e+00 8.191000000000000000e+03 0.000000000000000000e+00 1.000000000000000000e+00 2.756000041961669922e+00
2.780000114440917969e+01 2.200022488832473755e-01 0.000000000000000000e+00 -1.093766627491277177e-06 2.199975699186325073e-01 0.000000000000000000e+00 6.000000000000000000e+00 7.164000000000000000e+03 0.000000000000000000e+00 1.000000000000000000e+00 2.756000041961669922e+00
2.800000000000000000e+01 2.100415080785751343e-01 0.000000000000000000e+00 -2.413909669485292397e-06 2.100005298852920532e-01 0.000000000000000000e+00 7.000000000000000000e+00 8.191000000000000000e+03 0.000000000000000000e+00 1.000000000000000000e+00 2.756000041961669922e+00
2.820000076293945312e+01 2.000861912965774536e-01 0.000000000000000000e+00 -3.111947080469690263e-06 2.000034898519515991e-01 0.000000000000000000e+00 7.000000000000000000e+00 8.191000000000000000e+03 0.000000000000000000e+00 1.000000000000000000e+00 2.756000041961669922e+00
2.839999961853027344e+01 1.900222897529602051e-01 0.000000000000000000e+00 -3.558719981811009347e-06 1.899939626455307007e-01 0.000000000000000000e+00 7.000000000000000000e+00 8.191000000000000000e+03 0.000000000000000000e+00 1.000000000000000000e+00 2.756000041961669922e+00
2.860000038146972656e+01 1.800794005393981934e-01 0.000000000000000000e+00 -3.753005330509040505e-06 1.799969226121902466e-01 0.000000000000000000e+00 7.000000000000000000e+00 8.191000000000000000e+03 0.000000000000000000e+00 1.000000000000000000e+00 2.756000041961669922e+00
2.880000114440917969e+01 1.700413376092910767e-01 0.000000000000000000e+00 -3.753743612833204679e-06 1.699998974800109863e-01 0.000000000000000000e+00 7.000000000000000000e+00 8.191000000000000000e+03 0.000000000000000000e+00 1.000000000000000000e+00 2.755899906158447266e+00
2.900000000000000000e+01 1.600124239921569824e-01 0.000000000000000000e+00 -3.615160721892607398e-06 1.600028574466705322e-01 0.000000000000000000e+00 7.000000000000000000e+00 8.191000000000000000e+03 0.000000000000000000e+00 1.000000000000000000e+00 2.755899906158447266e+00
2.920000076293945312e+01 1.500439345836639404e-01 0.000000000000000000e+00 -3.407941903788014315e-06 1.500058174133300781e-01 0.000000000000000000e+00 7.000000000000000000e+00 8.191000000000000000e+03 0.000000000000000000e+00 1.000000000000000000e+00 2.755899906158447266e+00
2.939999961853027344e+01 1.400114595890045166e-01 0.000000000000000000e+00 -3.167964223393937573e-06 1.399962902069091797e-01 0.000000000000000000e+00 7.000000000000000000e+00 8.191000000000000000e+03 0.000000000000000000e+00 1.000000000000000000e+00 2.755899906158447266e+00
2.960000038146972656e+01 1.300580650568008423e-01 0.000000000000000000e+00 -2.915868662967113778e-06 1.299992501735687256e-01 0.000000000000000000e+00 7.000000000000000000e+00 8.191000000000000000e+03 0.000000000000000000e+00 1.000000000000000000e+00 2.755899906158447266e+00
2.980000114440917969e+01 1.200775206089019775e-01 0.000000000000000000e+00 -2.680880925254314207e-06 1.200022250413894653e-01 0.000000000000000000e+00 7.000000000000000000e+00 8.191000000000000000e+03 0.000000000000000000e+00 1.000000000000000000e+00 2.756099939346313477e+00
3.000000000000000000e+01 1.100908070802688599e-01 0.000000000000000000e+00 -2.466298155923141167e-06 1.100051850080490112e-01 0.000000000000000000e+00 7.000000000000000000e+00 8.191000000000000000e+03 0.000000000000000000e+00 1.000000000000000000e+00 2.756099939346313477e+00
3.020000076293945312e+01 1.000442728400230408e-01 0.000000000000000000e+00 -2.267765466967830434e-06 9.999565780162811279e-02 0.000000000000000000e+00 7.000000000000000000e+00 8.191000000000000000e+03 0.000000000000000000e+00 1.000000000000000000e+00 2.756099939346313477e+00
3.039999961853027344e+01 9.002607315778732300e-02 0.000000000000000000e+00 -2.093109287670813501e-06 8.999861776828765869e-02 0.000000000000000000e+00 7.000000000000000000e+00 8.191000000000000000e+03 0.000000000000000000e+00 1.000000000000000000e+00 2.756099939346313477e+00
3.060000038146972656e+01 8.003512024879455566e-02 0.000000000000000000e+00 -1.939552703333902173e-06 8.000158518552780151e-02 0.000000000000000000e+00 7.000000000000000000e+00 8.191000000000000000e+03 0.000000000000000000e+00 1.000000000000000000e+00 2.756099939346313477e+00
3.080000114440917969e+01 7.004150003194808960e-02 0.000000000000000000e+00 -1.804515250114491209e-06 7.000455260276794434e-02 0.000000000000000000e+00 7.000000000000000000e+00 8.191000000000000000e+03 0.000000000000000000e+00 1.000000000000000000e+00 2.756099939346313477e+00
3.100000000000000000e+01 6.003852561116218567e-02 0.000000000000000000e+00 -1.687895633040170651e-06 5.999501794576644897e-02 0.000000000000000000e+00 7.000000000000000000e+00 8.191000000000000000e+03 0.000000000000000000e+00 1.000000000000000000e+00 2.756099939346313477e+00
3.120000076293945312e+01 5.004033073782920837e-02 0.000000000000000000e+00 -1.588042209732520860e-06 4.999798536300659180e-02 0.000000000000000000e+00 7.000000000000000000e+00 8.191000000000000000e+03 0.000000000000000000e+00 1.000000000000000000e+00 2.756099939346313477e+00
3.139999961853027344e+01 4.003571346402168274e-02 0.000000000000000000e+00 -1.496896402386482805e-06 4.000094905495643616e-02 0.000000000000000000e+00 7.000000000000000000e+00 8.191000000000000000e+03 0.000000000000000000e+00 1.000000000000000000e+00 2.756099939346313477e+00
3.160000038146972656e+01 3.003510087728500366e-02 0.000000000000000000e+00 -1.418278202436340507e-06 3.000391460955142975e-02 0.000000000000000000e+00 7.000000000000000000e+00 8.191000000000000000e+03 0.000000000000000000e+00 1.000000000000000000e+00 2.756099939346313477e+00
3.180000114440917969e+01 2.001255750656127930e-02 0.000000000000000000e+00 -1.344384941148746293e-06 1.999438367784023285e-02 0.000000000000000000e+00 7.000000000000000000e+00 8.191000000000000000e+03 0.000000000000000000e+00 1.000000000000000000e+00 2.756099939346313477e+00
3.200000000000000000e+01 1.005494315177202225e-02 0.000000000000000000e+00 -1.286569727199093904e-06 9.997349232435226440e-03 0.000000000000000000e+00 7.000000000000000000e+00 8.191000000000000000e+03 0.000000000000000000e+00 1.000000000000000000e+00 2.756099939346313477e+00
3.220000076293945312e+01 4.830042598769068718e-05 0.000000000000000000e+00 -1.231202531926101074e-06 3.129243850708007812e-07 0.000000000000000000e+00 7.000000000000000000e+00 8.191000000000000000e+03 0.000000000000000000e+00 1.000000000000000000e+00 2.756099939346313477e+00
3.240000152587890625e+01 -9.987725876271724701e-03 0.000000000000000000e+00 -1.183574227070494089e-06 -9.996719658374786377e-03 0.000000000000000000e+00 7.000000000000000000e+00 8.191000000000000000e+03 0.000000000000000000e+00 1.000000000000000000e+00 2.756099939346313477e+00
3.260000228881835938e+01 -1.999116688966751099e-02 0.000000000000000000e+00 -1.143443569162627682e-06 -1.999375596642494202e-02 0.000000000000000000e+00 7.000000000000000000e+00 8.191000000000000000e+03 0.000000000000000000e+00 1.000000000000000000e+00 2.756099939346313477e+00
3.279999923706054688e+01 -2.987629547715187073e-02 0.000000000000000000e+00 -1.108394826587755233e-06 -3.000328317284584045e-02 0.000000000000000000e+00 7.000000000000000000e+00 6.143000000000000000e+03 0.000000000000000000e+00 1.000000000000000000e+00 2.756099939346313477e+00
3.300000000000000000e+01 -3.997288644313812256e-02 0.000000000000000000e+00 -1.090815317184024025e-06 -4.000032320618629456e-02 0.000000000000000000e+00 7.000000000000000000e+00 8.191000000000000000e+03 0.000000000000000000e+00 1.000000000000000000e+00 2.756099939346313477e+00
3.320000076293945312e+01 -4.998547211289405823e-02 0.000000000000000000e+00 -1.068113419933069963e-06 -4.999735578894615173e-02 0.000000000000000000e+00 7.000000000000000000e+00 8.191000000000000000e+03 0.000000000000000000e+00 1.000000000000000000e+00 2.756099939346313477e+00
3.340000152587890625e+01 -5.999754741787910461e-02 0.000000000000000000e+00 -1.059163082572922576e-06 -5.999438837170600891e-02 0.000000000000000000e+00 7.000000000000000000e+00 8.191000000000000000e+03 0.000000000000000000e+00 1.000000000000000000e+00 2.756099939346313477e+00
3.360000228881835938e+01 -6.995557993650436401e-02 0.000000000000000000e+00 -1.063759555108845234e-06 -7.000392675399780273e-02 0.000000000000000000e+00 7.000000000000000000e+00 8.191000000000000000e+03 0.000000000000000000e+00 1.000000000000000000e+00 2.756099939346313477e+00
3.379999923706054688e+01 -8.003305643796920776e-02 0.000000000000000000e+00 -1.075659952221030835e-06 -8.000095188617706299e-02 0.000000000000000000e+00 7.000000000000000000e+00 8.191000000000000000e+03 0.000000000000000000e+00 1.000000000000000000e+00 2.756199836730957031e+00
3.400000000000000000e+01 -9.000103920698165894e-02 0.000000000000000000e+00 -1.102761530091811437e-06 -8.999799191951751709e-02 0.000000000000000000e+00 7.000000000000000000e+00 8.191000000000000000e+03 0.000000000000000000e+00 1.000000000000000000e+00 2.756199836730957031e+00
3.420000076293945312e+01 -9.994584321975708008e-02 0.000000000000000000e+00 -1.136057903750042897e-06 -9.999501705169677734e-02 0.000000000000000000e+00 7.000000000000000000e+00 8.191000000000000000e+03 0.000000000000000000e+00 1.000000000000000000e+00 2.756199836730957031e+00
3.440000152587890625e+01 -1.100176721811294556e-01 0.000000000000000000e+00 -1.191810724776587449e-06 -1.100045591592788696e-01 0.000000000000000000e+00 7.000000000000000000e+00 8.191000000000000000e+03 0.000000000000000000e+00 1.000000000000000000e+00 2.756199836730957031e+00
3.460000228881835938e+01 -1.200039386749267578e-01 0.000000000000000000e+00 -1.266456138182547875e-06 -1.200015842914581299e-01 0.000000000000000000e+00 7.000000000000000000e+00 8.191000000000000000e+03 0.000000000000000000e+00 1.000000000000000000e+00 2.756199836730957031e+00
3.479999923706054688e+01 -1.300178766250610352e-01 0.000000000000000000e+00 -1.363687943012337200e-06 -1.299986243247985840e-01 0.000000000000000000e+00 7.000000000000000000e+00 8.191000000000000000e+03 0.000000000000000000e+00 1.000000000000000000e+00 2.756000041961669922e+00
3.500000000000000000e+01 -1.399959772825241089e-01 0.000000000000000000e+00 -1.475746898904617410e-06 -1.399956643581390381e-01 0.000000000000000000e+00 7.000000000000000000e+00 8.191000000000000000e+03 0.000000000000000000e+00 1.000000000000000000e+00 2.756000041961669922e+00
3.520000076293945312e+01 -1.499681621789932251e-01 0.000000000000000000e+00 -1.627391611691564322e-06 -1.500051915645599365e-01 0.000000000000000000e+00 7.000000000000000000e+00 8.191000000000000000e+03 0.000000000000000000e+00 1.000000000000000000e+00 2.756000041961669922e+00
3.540000152587890625e+01 -1.600018590688705444e-01 0.000000000000000000e+00 -1.803201257644104771e-06 -1.600022166967391968e-01 0.000000000000000000e+00 7.000000000000000000e+00 8.191000000000000000e+03 0.000000000000000000e+00 1.000000000000000000e+00 2.756000041961669922e+00
3.560000228881835938e+01 -1.699230670928955078e-01 0.000000000000000000e+00 -1.999818778131157160e-06 -1.699992567300796509e-01 0.000000000000000000e+00 7.000000000000000000e+00 8.191000000000000000e+03 0.000000000000000000e+00 1.000000000000000000e+00 2.756000041961669922e+00
3.579999923706054688e+01 -1.799649447202682495e-01 0.000000000000000000e+00 -2.230135123681975529e-06 -1.799962967634201050e-01 0.000000000000000000e+00 7.000000000000000000e+00 8.191000000000000000e+03 0.000000000000000000e+00 1.000000000000000000e+00 2.756000041961669922e+00
3.600000000000000000e+01 -1.900313198566436768e-01 0.000000000000000000e+00 -2.475710516591789201e-06 -1.900058239698410034e-01 0.000000000000000000e+00 7.000000000000000000e+00 8.191000000000000000e+03 0.000000000000000000e+00 1.000000000000000000e+00 2.756000041961669922e+00
3.620000076293945312e+01 -2.000039219856262207e-01 0.000000000000000000e+00 -2.743615141298505478e-06 -2.000028640031814575e-01 0.000000000000000000e+00 7.000000000000000000e+00 8.191000000000000000e+03 0.000000000000000000e+00 1.000000000000000000e+00 2.756000041961669922e+00
3.640000152587890625e+01 -1.899555772542953491e-01 0.000000000000000000e+00 -2.191482735725003295e-06 -1.900058239698410034e-01 0.000000000000000000e+00 7.000000000000000000e+00 8.191000000000000000e+03 0.000000000000000000e+00 2.000000000000000000e+00 2.756000041961669922e+00
3.660000228881835938e+01 -1.799519658088684082e-01 0.000000000000000000e+00 -1.797227014321833849e-06 -1.799962967634201050e-01 0.000000000000000000e+00 7.000000000000000000e+00 8.191000000000000000e+03 0.000000000000000000e+00 2.000000000000000000e+00 2.756000041961669922e+00
3.679999923706054688e+01 -1.699868142604827881e-01 0.000000000000000000e+00 -1.501504812040366232e-06 -1.699992567300796509e-01 0.000000000000000000e+00 7.000000000000000000e+00 8.191000000000000000e+03 0.000000000000000000e+00 2.000000000000000000e+00 2.756000041961669922e+00
3.700000000000000000e+01 -1.600375920534133911e-01 0.000000000000000000e+00 -1.275777549381018616e-06 -1.600022166967391968e-01 0.000000000000000000e+00 7.000000000000000000e+00 8.191000000000000000e+03 0.000000000000000000e+00 2.000000000000000000e+00 2.756000041961669922e+00
3.720000076293945312e+01 -1.500627547502517700e-01 0.000000000000000000e+00 -1.096509777198662050e-06 -1.500051915645599365e-01 0.000000000000000000e+00 7.000000000000000000e+00 8.191000000000000000e+03 0.000000000000000000e+00 2.000000000000000000e+00 2.756000041961669922e+00
3.740000152587890625e+01 -1.399739235639572144e-01 0.000000000000000000e+00 -9.597011967343860306e-07 -1.399956643581390381e-01 0.000000000000000000e+00 7.000000000000000000e+00 8.191000000000000000e+03 0.000000000000000000e+00 2.000000000000000000e+00 2.756000041961669922e+00
3.760000228881835938e+01 -1.300073415040969849e-01 0.000000000000000000e+00 -8.331360845659219194e-07 -1.299986243247985840e-01 0.000000000000000000e+00 7.000000000000000000e+00 8.191000000000000000e+03 0.000000000000000000e+00 2.000000000000000000e+00 2.756000041961669922e+00
3.779999923706054688e+01 -1.200280338525772095e-01 0.000000000000000000e+00 -7.343820698224590160e-07 -1.200015842914581299e-01 0.000000000000000000e+00 7.000000000000000000e+00 8.191000000000000000e+03 0.000000000000000000e+00 2.000000000000000000e+00 2.756000041961669922e+00
3.800000000000000000e+01 -1.100169643759727478e-01 0.000000000000000000e+00 -6.629411473113577813e-07 -1.100045591592788696e-01 0.000000000000000000e+00 6.000000000000000000e+00 8.191000000000000000e+03 0.000000000000000000e+00 2.000000000000000000e+00 2.756000041961669922e+00
3.820000076293945312e+01 -9.994349628686904907e-02 0.000000000000000000e+00 -5.953193067398387939e-07 -9.999501705169677734e-02 0.000000000000000000e+00 6.000000000000000000e+00 8.191000000000000000e+03 0.000000000000000000e+00 2.000000000000000000e+00 2.756000041961669922e+00
3.840000152587890625e+01 -9.002298116683959961e-02 0.000000000000000000e+00 -5.396769893195596524e-07 -8.999799191951751709e-02 0.000000000000000000e+00 6.000000000000000000e+00 8.191000000000000000e+03 0.000000000000000000e+00 2.000000000000000000e+00 2.756000041961669922e+00
3.860000228881835938e+01 -8.001803606748580933e-02 0.000000000000000000e+00 -4.919655225421593059e-07 -8.000095188617706299e-02 0.000000000000000000e+00 6.000000000000000000e+00 8.191000000000000000e+03 0.000000000000000000e+00 2.000000000000000000e+00 2.756000041961669922e+00
3.879999923706054688e+01 -6.997230648994445801e-02 0.000000000000000000e+00 -4.514486420248431386e-07 -7.000392675399780273e-02 0.000000000000000000e+00 6.000000000000000000e+00 8.191000000000000000e+03 0.000000000000000000e+00 2.000000000000000000e+00 2.756000041961669922e+00
3.900000000000000000e+01 -5.999695137143135071e-02 0.000000000000000000e+00 -4.167680174305132823e-07 -5.999438837170600891e-02 0.000000000000000000e+00 6.000000000000000000e+00 8.191000000000000000e+03 0.000000000000000000e+00 2.000000000000000000e+00 2.756000041961669922e+00
3.920000076293945312e+01 -4.995778203010559082e-02 0.000000000000000000e+00 -3.862409414523426676e-07 -4.999735578894615173e-02 0.000000000000000000e+00 6.000000000000000000e+00 8.191000000000000000e+03 0.000000000000000000e+00 2.000000000000000000e+00 2.756000041961669922e+00
3.940000152587890625e+01 -4.002690315246582031e-02 0.000000000000000000e+00 -3.596337023736850824e-07 -4.000032320618629456e-02 0.000000000000000000e+00 6.000000000000000000e+00 8.191000000000000000e+03 0.000000000000000000e+00 2.000000000000000000e+00 2.756000041961669922e+00
3.960000228881835938e+01 -2.996880933642387390e-02 0.000000000000000000e+00 -3.349264545704500051e-07 -3.000328317284584045e-02 0.000000000000000000e+00 6.000000000000000000e+00 8.191000000000000000e+03 0.000000000000000000e+00 2.000000000000000000e+00 2.756000041961669922e+00
3.979999923706054688e+01 -1.996077224612236023e-02 0.000000000000000000e+00 -3.129073888885613997e-07 -1.999375596642494202e-02 0.000000000000000000e+00 6.000000000000000000e+00 8.191000000000000000e+03 0.000000000000000000e+00 2.000000000000000000e+00 2.755899906158447266e+00
4.000000000000000000e+01 -9.988443925976753235e-03 0.000000000000000000e+00 -2.935751410859666066e-07 -9.996719658374786377e-03 0.000000000000000000e+00 6.000000000000000000e+00 8.191000000000000000e+03 0.000000000000000000e+00 2.000000000000000000e+00 2.755899906158447266e+00
4.020000076293945312e+01 7.614478818140923977e-05 0.000000000000000000e+00 -2.761344148893840611e-07 3.129243850708007812e-07 0.000000000000000000e+00 6.000000000000000000e+00 8.191000000000000000e+03 0.000000000000000000e+00 2.000000000000000000e+00 2.755899906158447266e+00
4.040000152587890625e+01 1.003064028918743134e-02 0.000000000000000000e+00 -2.586717471331212437e-07 9.997349232435226440e-03 0.000000000000000000e+00 6.000000000000000000e+00 8.191000000000000000e+03 0.000000000000000000e+00 2.000000000000000000e+00 2.755899906158447266e+00
4.060000228881835938e+01 2.007987909018993378e-02 0.000000000000000000e+00 -2.412535309304075781e-07 1.999438367784023285e-02 0.000000000000000000e+00 6.000000000000000000e+00 8.191000000000000000e+03 0.000000000000000000e+00 2.000000000000000000e+00 2.755899906158447266e+00
4.079999923706054688e+01 2.985698357224464417e-02 0.000000000000000000e+00 -2.245373167397701764e-07 3.000391460955142975e-02 0.000000000000000000e+00 6.000000000000000000e+00 6.143000000000000000e+03 0.000000000000000000e+00 2.000000000000000000e+00 2.756000041961669922e+00
4.100000000000000000e+01 4.003639146685600281e-02 0.000000000000000000e+00 -2.071887053034515702e-07 4.000094905495643616e-02 0.000000000000000000e+00 6.000000000000000000e+00 8.191000000000000000e+03 0.000000000000000000e+00 2.000000000000000000e+00 2.756000041961669922e+00
4.120000076293945312e+01 4.998692870140075684e-02 0.000000000000000000e+00 -1.884360756321257213e-07 4.999798536300659180e-02 0.000000000000000000e+00 6.000000000000000000e+00 8.191000000000000000e+03 0.000000000000000000e+00 2.000000000000000000e+00 2.756000041961669922e+00
4.140000152587890625e+01 6.003936380147933960e-02 0.000000000000000000e+00 -1.680792109937101486e-07 5.999501794576644897e-02 0.000000000000000000e+00 6.000000000000000000e+00 8.191000000000000000e+03 0.000000000000000000e+00 2.000000000000000000e+00 2.756000041961669922e+00
4.160000228881835938e+01 7.010173052549362183e-02 0.000000000000000000e+00 -1.448673856430104934e-07 7.000455260276794434e-02 0.000000000000000000e+00 6.000000000000000000e+00 8.191000000000000000e+03 0.000000000000000000e+00 2.000000000000000000e+00 2.756000041961669922e+00
4.179999923706054688e+01 8.002419024705886841e-02 0.000000000000000000e+00 -1.156063191842804372e-07 8.000158518552780151e-02 0.000000000000000000e+00 6.000000000000000000e+00 8.191000000000000000e+03 0.000000000000000000e+00 2.000000000000000000e+00 2.756099939346313477e+00
4.200000000000000000e+01 9.000468999147415161e-02 0.000000000000000000e+00 -8.065290302283756319e-08 8.999861776828765869e-02 0.000000000000000000e+00 6.000000000000000000e+00 8.191000000000000000e+03 0.000000000000000000e+00 2.000000000000000000e+00 2.756099939346313477e+00
4.220000076293945312e+01 9.997880458831787109e-02 0.000000000000000000e+00 -3.247807356387966138e-08 9.999565780162811279e-02 0.000000000000000000e+00 5.000000000000000000e+00 8.191000000000000000e+03 0.000000000000000000e+00 2.000000000000000000e+00 2.756099939346313477e+00
4.240000152587890625e+01 1.100158318877220154e-01 0.000000000000000000e+00 2.722304159874511242e-08 1.100051850080490112e-01 0.000000000000000000e+00 5.000000000000000000e+00 8.191000000000000000e+03 0.000000000000000000e+00 2.000000000000000000e+00 2.756099939346313477e+00
4.260000228881835938e+01 1.200662776827812195e-01 0.000000000000000000e+00 1.054949834156104771e-07 1.200022250413894653e-01 0.000000000000000000e+00 5.000000000000000000e+00 7.164000000000000000e+03 0.000000000000000000e+00 2.000000000000000000e+00 2.756099939346313477e+00
4.279999923706054688e+01 1.300956457853317261e-01 0.000000000000000000e+00 2.198946162934589665e-07 1.299992501735687256e-01 0.000000000000000000e+00 6.000000000000000000e+00 8.191000000000000000e+03 0.000000000000000000e+00 2.000000000000000000e+00 2.755899906158447266e+00
4.300000000000000000e+01 1.400412619113922119e-01 0.000000000000000000e+00 3.774550805246690288e-07 1.399962902069091797e-01 0.000000000000000000e+00 6.000000000000000000e+00 8.191000000000000000e+03 0.000000000000000000e+00 2.000000000000000000e+00 2.755899906158447266e+00
4.320000076293945312e+01 1.500585377216339111e-01 0.000000000000000000e+00 5.943675773778522853e-07 1.500058174133300781e-01 0.000000000000000000e+00 6.000000000000000000e+00 8.191000000000000000e+03 0.000000000000000000e+00 2.000000000000000000e+00 2.755899906158447266e+00
4.340000152587890625e+01 1.600369662046432495e-01 0.000000000000000000e+00 8.951557788350328337e-07 1.600028574466705322e-01 0.000000000000000000e+00 6.000000000000000000e+00 8.191000000000000000e+03 0.000000000000000000e+00 2.000000000000000000e+00 2.755899906158447266e+00
4.360000228881835938e+01 1.700697690248489380e-01 0.000000000000000000e+00 1.300598796660779044e-06 1.699998974800109863e-01 0.000000000000000000e+00 7.000000000000000000e+00 8.191000000000000000e+03 0.000000000000000000e+00 2.000000000000000000e+00 2.755899906158447266e+00
4.379999923706054688e+01 1.800273656845092773e-01 0.000000000000000000e+00 1.839271476455905940e-06 1.799969226121902466e-01 0.000000000000000000e+00 7.000000000000000000e+00 8.191000000000000000e+03 0.000000000000000000e+00 2.000000000000000000e+00 2.755899906158447266e+00
4.400000000000000000e+01 1.899932622909545898e-01 0.000000000000000000e+00 2.525408262954442762e-06 1.899939626455307007e-01 0.000000000000000000e+00 7.000000000000000000e+00 8.191000000000000000e+03 0.000000000000000000e+00 2.000000000000000000e+00 2.755899906158447266e+00
4.420000076293945312e+01 2.000363469123840332e-01 0.000000000000000000e+00 3.354896989549160935e-06 2.000034898519515991e-01 0.000000000000000000e+00 7.000000000000000000e+00 8.191000000000000000e+03 0.000000000000000000e+00 2.000000000000000000e+00 2.755899906158447266e+00
4.440000152587890625e+01 2.100706547498703003e-01 0.000000000000000000e+00 4.296932729630498216e-06 2.100005298852920532e-01 0.000000000000000000e+00 7.000000000000000000e+00 8.191000000000000000e+03 0.000000000000000000e+00 2.000000000000000000e+00 2.755899906158447266e+00
4.460000228881835938e+01 2.200130224227905273e-01 0.000000000000000000e+00 5.302233603288186714e-06 2.199975699186325073e-01 0.000000000000000000e+00 7.000000000000000000e+00 8.191000000000000000e+03 0.000000000000000000e+00 2.000000000000000000e+00 2.755899906158447266e+00
4.479999923706054688e+01 2.300385385751724243e-01 0.000000000000000000e+00 6.272254267969401553e-06 2.299945950508117676e-01 0.000000000000000000e+00 7.000000000000000000e+00 8.191000000000000000e+03 0.000000000000000000e+00 2.000000000000000000e+00 2.756000041961669922e+00
4.500000000000000000e+01 2.400385141372680664e-01 0.000000000000000000e+00 7.136600743251619861e-06 2.400041371583938599e-01 0.000000000000000000e+00 7.000000000000000000e+00 8.191000000000000000e+03 0.000000000000000000e+00 2.000000000000000000e+00 2.756000041961669922e+00
4.520000076293945312e+01 2.499896734952926636e-01 0.000000000000000000e+00 7.790995368850417435e-06 2.500011622905731201e-01 0.000000000000000000e+00 7.000000000000000000e+00 8.191000000000000000e+03 0.000000000000000000e+00 2.000000000000000000e+00 2.756000041961669922e+00
4.540000152587890625e+01 2.600035667419433594e-01 0.000000000000000000e+00 8.214581612264737487e-06 2.599982023239135742e-01 0.000000000000000000e+00 7.000000000000000000e+00 8.191000000000000000e+03 0.000000000000000000e+00 2.000000000000000000e+00 2.756000041961669922e+00
4.560000228881835938e+01 2.700821459293365479e-01 0.000000000000000000e+00 8.406012966588605195e-06 2.699952423572540283e-01 0.000000000000000000e+00 7.000000000000000000e+00 8.191000000000000000e+03 0.000000000000000000e+00 2.000000000000000000e+00 2.756000041961669922e+00
4.579999923706054688e+01 2.800508737564086914e-01 0.000000000000000000e+00 8.392658855882473290e-06 2.800047695636749268e-01 0.000000000000000000e+00 7.000000000000000000e+00 8.191000000000000000e+03 0.000000000000000000e+00 2.000000000000000000e+00 2.756099939346313477e+00
4.600000000000000000e+01 2.900471389293670654e-01 0.000000000000000000e+00 8.257965419034007937e-06 2.900017797946929932e-01 0.000000000000000000e+00 7.000000000000000000e+00 8.191000000000000000e+03 0.000000000000000000e+00 2.000000000000000000e+00 2.756099939346313477e+00
4.620000076293945312e+01 3.001282215118408203e-01 0.000000000000000000e+00 8.038004125410225242e-06 2.999988198280334473e-01 0.000000000000000000e+00 7.000000000000000000e+00 8.191000000000000000e+03 0.000000000000000000e+00 2.000000000000000000e+00 2.756099939346313477e+00
4.640000152587890625e+01 2.900456190109252930e-01 0.000000000000000000e+00 6.408838544302852824e-06 2.900017797946929932e-01 0.000000000000000000e+00 7.000000000000000000e+00 8.191000000000000000e+03 0.000000000000000000e+00 2.000000000000000000e+00 2.756099939346313477e+00
4.660000228881835938e+01 2.800768315792083740e-01 0.000000000000000000e+00 5.158781277714297175e-06 2.800047695636749268e-01 0.000000000000000000e+00 7.000000000000000000e+00 8.191000000000000000e+03 0.000000000000000000e+00 2.000000000000000000e+00 2.756099939346313477e+00
4.679999923706054688e+01 2.700240910053253174e-01 0.000000000000000000e+00 3.974422270403010771e-06 2.699952423572540283e-01 0.000000000000000000e+00 7.000000000000000000e+00 8.191000000000000000e+03 0.000000000000000000e+00 2.000000000000000000e+00 2.755800008773803711e+00
4.700000000000000000e+01 2.600338160991668701e-01 0.000000000000000000e+00 2.776691417238907889e-06 2.599982023239135742e-01 0.000000000000000000e+00 7.000000000000000000e+00 8.191000000000000000e+03 0.000000000000000000e+00 2.000000000000000000e+00 2.755800008773803711e+00
4.720000076293945312e+01 2.500515580177307129e-01 0.000000000000000000e+00 1.523768332845065743e-06 2.500011622905731201e-01 0.000000000000000000e+00 7.000000000000000000e+00 8.191000000000000000e+03 0.000000000000000000e+00 2.000000000000000000e+00 2.755800008773803711e+00
4.740000152587890625e+01 2.399702072143554688e-01 0.000000000000000000e+00 2.680320960735116387e-07 2.400041371583938599e-01 0.000000000000000000e+00 7.000000000000000000e+00 8.191000000000000000e+03 0.000000000000000000e+00 2.000000000000000000e+00 2.755800008773803711e+00
4.760000228881835938e+01 2.300446778535842896e-01 0.000000000000000000e+00 -9.378856589137285482e-07 2.299945950508117676e-01 0.000000000000000000e+00 6.000000000000000000e+00 7.164000000000000000e+03 0.000000000000000000e+00 2.000000000000000000e+00 2.755800008773803711e+00
4.779999923706054688e+01 2.199919074773788452e-01 0.000000000000000000e+00 -1.996215814870083705e-06 2.199975699186325073e-01 0.000000000000000000e+00 7.000000000000000000e+00 8.191000000000000000e+03 0.000000000000000000e+00 2.000000000000000000e+00 2.755800008773803711e+00
4.800000000000000000e+01 2.099986821413040161e-01 0.000000000000000000e+00 -2.838191448972793296e-06 2.100005298852920532e-01 0.000000000000000000e+00 7.000000000000000000e+00 8.191000000000000000e+03 0.000000000000000000e+00 2.000000000000000000e+00 2.755800008773803711e+00
4.820000076293945312e+01 2.000449597835540771e-01 0.000000000000000000e+00 -3.415769924686173908e-06 2.000034898519515991e-01 0.000000000000000000e+00 7.000000000000000000e+00 8.191000000000000000e+03 0.000000000000000000e+00 2.000000000000000000e+00 2.755800008773803711e+00
4.840000152587890625e+01 1.900082379579544067e-01 0.000000000000000000e+00 -3.732794311872567050e-06 1.899939626455307007e-01 0.000000000000000000e+00 7.000000000000000000e+00 8.191000000000000000e+03 0.000000000000000000e+00 2.000000000000000000e+00 2.755800008773803711e+00
4.860000228881835938e+01 1.799523830413818359e-01 0.000000000000000000e+00 -3.814603815044392832e-06 1.799969226121902466e-01 0.000000000000000000e+00 7.000000000000000000e+00 8.191000000000000000e+03 0.000000000000000000e+00 2.000000000000000000e+00 2.755800008773803711e+00
4.879999923706054688e+01 1.700787544250488281e-01 0.000000000000000000e+00 -3.736211510840803385e-06 1.699998974800109863e-01 0.000000000000000000e+00 7.000000000000000000e+00 8.191000000000000000e+03 0.000000000000000000e+00 2.000000000000000000e+00 2.756000041961669922e+00
4.900000000000000000e+01 1.600463390350341797e-01 0.000000000000000000e+00 -3.551152531144907698e-06 1.600028574466705322e-01 0.000000000000000000e+00 7.000000000000000000e+00 8.191000000000000000e+03 0.000000000000000000e+00 2.000000000000000000e+00 2.756000041961669922e+00
4.920000076293945312e+01 1.500032544136047363e-01 0.000000000000000000e+00 -3.310532747491379268e-06 1.500058174133300781e-01 0.000000000000000000e+00 7.000000000000000000e+00 8.191000000000000000e+03 0.000000000000000000e+00 2.000000000000000000e+00 2.756000041961669922e+00
4.940000152587890625e+01 1.400308907032012939e-01 0.000000000000000000e+00 -3.059922164538875222e-06 1.399962902069091797e-01 0.000000000000000000e+00 7.000000000000000000e+00 8.191000000000000000e+03 0.000000000000000000e+00 2.000000000000000000e+00 2.756000041961669922e+00
4.960000228881835938e+01 1.300210803747177124e-01 0.000000000000000000e+00 -2.822021770043647848e-06 1.299992501735687256e-01 0.000000000000000000e+00 7.000000000000000000e+00 8.191000000000000000e+03 0.000000000000000000e+00 2.000000000000000000e+00 2.756000041961669922e+00
4.979999923706054688e+01 1.200407743453979492e-01 0.000000000000000000e+00 -2.590412350400583819e-06 1.200022250413894653e-01 0.000000000000000000e+00 7.000000000000000000e+00 8.191000000000000000e+03 0.000000000000000000e+00 2.000000000000000000e+00 2.755899906158447266e+00
5.000000000000000000e+01 1.100469455122947693e-01 0.000000000000000000e+00 -2.387390850344672799e-06 1.100051850080490112e-01 0.000000000000000000e+00 7.000000000000000000e+00 8.191000000000000000e+03 0.000000000000000000e+00 2.000000000000000000e+00 2.755899906158447266e+00
5.020000076293945312e+01 1.000340878963470459e-01 0.000000000000000000e+00 -2.200479912062291987e-06 9.999565780162811279e-02 0.000000000000000000e+00 7.000000000000000000e+00 8.191000000000000000e+03 0.000000000000000000e+00 2.000000000000000000e+00 2.755899906158447266e+00
5.040000152587890625e+01 9.003369510173797607e-02 0.000000000000000000e+00 -2.037819058386958204e-06 8.999861776828765869e-02 0.000000000000000000e+00 7.000000000000000000e+00 8.191000000000000000e+03 0.000000000000000000e+00 2.000000000000000000e+00 2.755899906158447266e+00
5.060000228881835938e+01 8.006183803081512451e-02 0.000000000000000000e+00 -1.898127834465412889e-06 8.000158518552780151e-02 0.000000000000000000e+00 7.000000000000000000e+00 8.191000000000000000e+03 0.000000000000000000e+00 2.000000000000000000e+00 2.755899906158447266e+00
5.079999923706054688e+01 7.007180899381637573e-02 0.000000000000000000e+00 -1.770967742231732700e-06 7.000455260276794434e-02 0.000000000000000000e+00 7.000000000000000000e+00 8.191000000000000000e+03 0.000000000000000000e+00 2.000000000000000000e+00 2.755899906158447266e+00
5.100000000000000000e+01 6.002224236726760864e-02 0.000000000000000000e+00 -1.658967676121392287e-06 5.999501794576644897e-02 0.000000000000000000e+00 7.000000000000000000e+00 8.191000000000000000e+03 0.000000000000000000e+00 2.000000000000000000e+00 2.755899906158447266e+00
5.120000076293945312e+01 5.002266168594360352e-02 0.000000000000000000e+00 -1.566112359796534292e-06 4.999798536300659180e-02 0.000000000000000000e+00 7.000000000000000000e+00 8.191000000000000000e+03 0.000000000000000000e+00 2.000000000000000000e+00 2.755899906158447266e+00
5.140000152587890625e+01 4.007496684789657593e-02 0.000000000000000000e+00 -1.484332869949867018e-06 4.000094905495643616e-02 0.000000000000000000e+00 7.000000000000000000e+00 8.191000000000000000e+03 0.000000000000000000e+00 2.000000000000000000e+00 2.755899906158447266e+00
5.160000228881835938e+01 2.999807894229888916e-02 0.000000000000000000e+00 -1.407785134688310791e-06 3.000391460955142975e-02 0.000000000000000000e+00 7.000000000000000000e+00 8.191000000000000000e+03 0.000000000000000000e+00 2.000000000000000000e+00 2.755899906158447266e+00
5.179999923706054688e+01 2.002048864960670471e-02 0.000000000000000000e+00 -1.336722448286309373e-06 1.999438367784023285e-02 0.000000000000000000e+00 7.000000000000000000e+00 8.191000000000000000e+03 0.000000000000000000e+00 2.000000000000000000e+00 2.755899906158447266e+00
5.200000000000000000e+01 9.969651699066162109e-03 0.000000000000000000e+00 -1.278855279451818205e-06 9.997349232435226440e-03 0.000000000000000000e+00 7.000000000000000000e+00 8.191000000000000000e+03 0.000000000000000000e+00 2.000000000000000000e+00 2.755899906158447266e+00
5.220000076293945312e+01 2.018181839957833290e-05 0.000000000000000000e+00 -1.228364453709218651e-06 3.129243850708007812e-07 0.000000000000000000e+00 7.000000000000000000e+00 8.191000000000000000e+03 0.000000000000000000e+00 2.000000000000000000e+00 2.755899906158447266e+00
5.240000152587890625e+01 -1.002901978790760040e-02 0.000000000000000000e+00 -1.182841742775053717e-06 -9.996719658374786377e-03 0.000000000000000000e+00 7.000000000000000000e+00 8.191000000000000000e+03 0.000000000000000000e+00 2.000000000000000000e+00 2.755899906158447266e+00
5.260000228881835938e+01 -1.998227089643478394e-02 0.000000000000000000e+00 -1.148403043771395460e-06 -1.999375596642494202e-02 0.000000000000000000e+00 7.000000000000000000e+00 8.191000000000000000e+03 0.000000000000000000e+00 2.000000000000000000e+00 2.755899906158447266e+00
5.279999923706054688e+01 -2.988833934068679810e-02 0.000000000000000000e+00 -1.117049464482988697e-06 -3.000328317284584045e-02 0.000000000000000000e+00 7.000000000000000000e+00 6.143000000000000000e+03 0.000000000000000000e+00 2.000000000000000000e+00 2.755899906158447266e+00
5.300000000000000000e+01 -3.997276350855827332e-02 0.000000000000000000e+00 -1.093363493964716326e-06 -4.000032320618629456e-02 0.000000000000000000e+00 7.000000000000000000e+00 8.191000000000000000e+03 0.000000000000000000e+00 2.000000000000000000e+00 2.755899906158447266e+00
5.320000076293945312e+01 -4.999557510018348694e-02 0.000000000000000000e+00 -1.086040242626040708e-06 -4.999735578894615173e-02 0.000000000000000000e+00 7.000000000000000000e+00 8.191000000000000000e+03 0.000000000000000000e+00 2.000000000000000000e+00 2.755899906158447266e+00
5.340000152587890625e+01 -5.996648967266082764e-02 0.000000000000000000e+00 -1.081103278011141811e-06 -5.999438837170600891e-02 0.000000000000000000e+00 7.000000000000000000e+00 8.191000000000000000e+03 0.000000000000000000e+00 2.000000000000000000e+00 2.755899906158447266e+00
5.360000228881835938e+01 -7.001797109842300415e-02 0.000000000000000000e+00 -1.082316430256469175e-06 -7.000392675399780273e-02 0.000000000000000000e+00 7.000000000000000000e+00 8.191000000000000000e+03 0.000000000000000000e+00 2.000000000000000000e+00 2.755899906158447266e+00
5.379999923706054688e+01 -8.002124726772308350e-02 0.000000000000000000e+00 -1.099134237847465556e-06 -8.000095188617706299e-02 0.000000000000000000e+00 7.000000000000000000e+00 8.191000000000000000e+03 0.000000000000000000e+00 2.000000000000000000e+00 2.756099939346313477e+00
5.400000000000000000e+01 -8.994870632886886597e-02 0.000000000000000000e+00 -1.122955382015788928e-06 -8.999799191951751709e-02 0.000000000000000000e+00 7.000000000000000000e+00 8.191000000000000000e+03 0.000000000000000000e+00 2.000000000000000000e+00 2.756099939346313477e+00
5.420000076293945312e+01 -1.000188440084457397e-01 0.000000000000000000e+00 -1.165110916190315038e-06 -9.999501705169677734e-02 0.000000000000000000e+00 7.000000000000000000e+00 8.191000000000000000e+03 0.000000000000000000e+00 2.000000000000000000e+00 2.756099939346313477e+00
5.440000152587890625e+01 -1.100457161664962769e-01 0.000000000000000000e+00 -1.218571810568391811e-06 -1.100045591592788696e-01 0.000000000000000000e+00 7.000000000000000000e+00 8.191000000000000000e+03 0.000000000000000000e+00 2.000000000000000000e+00 2.756099939346313477e+00
5.460000228881835938e+01 -1.199841722846031189e-01 0.000000000000000000e+00 -1.295057472816552036e-06 -1.200015842914581299e-01 0.000000000000000000e+00 7.000000000000000000e+00 8.191000000000000000e+03 0.000000000000000000e+00 2.000000000000000000e+00 2.756099939346313477e+00
5.479999923706054688e+01 -1.300068348646163940e-01 0.000000000000000000e+00 -1.394705009261087980e-06 -1.299986243247985840e-01 0.000000000000000000e+00 7.000000000000000000e+00 8.191000000000000000e+03 0.000000000000000000e+00 2.000000000000000000e+00 2.755800008773803711e+00
5.500000000000000000e+01 -1.399815231561660767e-01 0.000000000000000000e+00 -1.506550347585289273e-06 -1.399956643581390381e-01 0.000000000000000000e+00 7.000000000000000000e+00 8.191000000000000000e+03 0.000000000000000000e+00 2.000000000000000000e+00 2.755800008773803711e+00
5.520000076293945312e+01 -1.500142663717269897e-01 0.000000000000000000e+00 -1.653037656978995074e-06 -1.500051915645599365e-01 0.000000000000000000e+00 7.000000000000000000e+00 8.191000000000000000e+03 0.000000000000000000e+00 2.000000000000000000e+00 2.755800008773803711e+00
5.540000152587890625e+01 -1.600401699542999268e-01 0.000000000000000000e+00 -1.814262532207067125e-06 -1.600022166967391968e-01 0.000000000000000000e+00 7.000000000000000000e+00 8.191000000000000000e+03 0.000000000000000000e+00 2.000000000000000000e+00 2.755800008773803711e+00
5.560000228881835938e+01 -1.700030118227005005e-01 0.000000000000000000e+00 -2.008022647714824416e-06 -1.699992567300796509e-01 0.000000000000000000e+00 7.000000000000000000e+00 8.191000000000000000e+03 0.000000000000000000e+00 2.000000000000000000e+00 2.755800008773803711e+00
5.579999923706054688e+01 -1.799920201301574707e-01 0.000000000000000000e+00 -2.220525630036718212e-06 -1.799962967634201050e-01 0.000000000000000000e+00 7.000000000000000000e+00 8.191000000000000000e+03 0.000000000000000000e+00 2.000000000000000000e+00 2.755800008773803711e+00
5.600000000000000000e+01 -1.899939626455307007e-01 0.000000000000000000e+00 -2.452607077430002391e-06 -1.900058239698410034e-01 0.000000000000000000e+00 7.000000000000000000e+00 8.191000000000000000e+03 0.000000000000000000e+00 2.000000000000000000e+00 2.755800008773803711e+00
5.620000076293945312e+01 -2.000308632850646973e-01 0.000000000000000000e+00 -2.695776629479951225e-06 -2.000028640031814575e-01 0.000000000000000000e+00 7.000000000000000000e+00 8.191000000000000000e+03 0.000000000000000000e+00 2.000000000000000000e+00 2.755800008773803711e+00
5.640000152587890625e+01 -1.900259256362915039e-01 0.000000000000000000e+00 -2.149379497495829128e-06 -1.900058239698410034e-01 0.000000000000000000e+00 7.000000000000000000e+00 8.191000000000000000e+03 0.000000000000000000e+00 3.000000000000000000e+00 2.755800008773803711e+00
5.660000228881835938e+01 -1.799754053354263306e-01 0.000000000000000000e+00 -1.776941644493490458e-06 -1.799962967634201050e-01 0.000000000000000000e+00 7.000000000000000000e+00 8.191000000000000000e+03 0.000000000000000000e+00 3.000000000000000000e+00 2.755800008773803711e+00
5.679999923706054688e+01 -1.700219064950942993e-01 0.000000000000000000e+00 -1.487091026319831144e-06 -1.699992567300796509e-01 0.000000000000000000e+00 7.000000000000000000e+00 8.191000000000000000e+03 0.000000000000000000e+00 3.000000000000000000e+00 2.755800008773803711e+00
5.700000000000000000e+01 -1.600399017333984375e-01 0.000000000000000000e+00 -1.271957444259896874e-06 -1.600022166967391968e-01 0.000000000000000000e+00 7.000000000000000000e+00 8.191000000000000000e+03 0.000000000000000000e+00 3.000000000000000000e+00 2.755800008773803711e+00
5.720000076293945312e+01 -1.500368118286132812e-01 0.000000000000000000e+00 -1.103884301301150117e-06 -1.500051915645599365e-01 0.000000000000000000e+00 7.000000000000000000e+00 8.191000000000000000e+03 0.000000000000000000e+00 3.000000000000000000e+00 2.755800008773803711e+00
5.740000152587890625e+01 -1.399985551834106445e-01 0.000000000000000000e+00 -9.624702670407714322e-07 -1.399956643581390381e-01 0.000000000000000000e+00 7.000000000000000000e+00 8.191000000000000000e+03 0.000000000000000000e+00 3.000000000000000000e+00 2.755800008773803711e+00
5.760000228881835938e+01 -1.299242228269577026e-01 0.000000000000000000e+00 -8.447467507721739821e-07 -1.299986243247985840e-01 0.000000000000000000e+00 7.000000000000000000e+00 8.191000000000000000e+03 0.000000000000000000e+00 3.000000000000000000e+00 2.755800008773803711e+00
5.779999923706054688e+01 -1.200013235211372375e-01 0.000000000000000000e+00 -7.526781473643495701e-07 -1.200015842914581299e-01 0.000000000000000000e+00 7.000000000000000000e+00 8.191000000000000000e+03 0.000000000000000000e+00 3.000000000000000000e+00 2.755800008773803711e+00
5.800000000000000000e+01 -1.100238710641860962e-01 0.000000000000000000e+00 -6.777711973882105667e-07 -1.100045591592788696e-01 0.000000000000000000e+00 6.000000000000000000e+00 8.191000000000000000e+03 0.000000000000000000e+00 3.000000000000000000e+00 2.755800008773803711e+00
5.820000076293945312e+01 -9.994335472583770752e-02 0.000000000000000000e+00 -6.129944267740938812e-07 -9.999501705169677734e-02 0.000000000000000000e+00 6.000000000000000000e+00 8.191000000000000000e+03 0.000000000000000000e+00 3.000000000000000000e+00 2.755800008773803711e+00
5.840000152587890625e+01 -9.002505242824554443e-02 0.000000000000000000e+00 -5.571834549300547224e-07 -8.999799191951751709e-02 0.000000000000000000e+00 6.000000000000000000e+00 8.191000000000000000e+03 0.000000000000000000e+00 3.000000000000000000e+00 2.755800008773803711e+00
5.860000228881835938e+01 -8.001349121332168579e-02 0.000000000000000000e+00 -5.110432539368048310e-07 -8.000095188617706299e-02 0.000000000000000000e+00 6.000000000000000000e+00 8.191000000000000000e+03 0.000000000000000000e+00 3.000000000000000000e+00 2.755800008773803711e+00
5.879999923706054688e+01 -6.998912990093231201e-02 0.000000000000000000e+00 -4.707144967142085079e-07 -7.000392675399780273e-02 0.000000000000000000e+00 6.000000000000000000e+00 8.191000000000000000e+03 0.000000000000000000e+00 3.000000000000000000e+00 2.755800008773803711e+00
5.900000000000000000e+01 -5.997752025723457336e-02 0.000000000000000000e+00 -4.356915042080800049e-07 -5.999438837170600891e-02 0.000000000000000000e+00 6.000000000000000000e+00 8.191000000000000000e+03 0.000000000000000000e+00 3.000000000000000000e+00 2.755800008773803711e+00
5.920000076293945312e+01 -4.997984692454338074e-02 0.000000000000000000e+00 -4.050641848607483553e-07 -4.999735578894615173e-02 0.000000000000000000e+00 6.000000000000000000e+00 8.191000000000000000e+03 0.000000000000000000e+00 3.000000000000000000e+00 2.755800008773803711e+00
5.940000152587890625e+01 -3.995524719357490540e-02 0.000000000000000000e+00 -3.786912543546350207e-07 -4.000032320618629456e-02 0.000000000000000000e+00 6.000000000000000000e+00 8.191000000000000000e+03 0.000000000000000000e+00 3.000000000000000000e+00 2.755800008773803711e+00
5.960000228881835938e+01 -2.998470701277256012e-02 0.000000000000000000e+00 -3.552658824901300250e-07 -3.000328317284584045e-02 0.000000000000000000e+00 6.000000000000000000e+00 8.191000000000000000e+03 0.000000000000000000e+00 3.000000000000000000e+00 2.755800008773803711e+00
5.979999923706054688e+01 -1.997256651520729065e-02 0.000000000000000000e+00 -3.331759614866314223e-07 -1.999375596642494202e-02 0.000000000000000000e+00 6.000000000000000000e+00 8.191000000000000000e+03 0.000000000000000000e+00 3.000000000000000000e+00 2.755800008773803711e+00
6.000000000000000000e+01 -1.004206202924251556e-02 0.000000000000000000e+00 -3.134547057470626896e-07 -9.996719658374786377e-03 0.000000000000000000e+00 6.000000000000000000e+00 8.191000000000000000e+03 0.000000000000000000e+00 3.000000000000000000e+00 2.755800008773803711e+00
6.020000076293945312e+01 3.503743209876120090e-05 0.000000000000000000e+00 -2.954210742700524861e-07 3.129243850708007812e-07 0.000000000000000000e+00 6.000000000000000000e+00 8.191000000000000000e+03 0.000000000000000000e+00 3.000000000000000000e+00 2.755800008773803711e+00
