5.000000000000000000e-01 -2.659580111503601074e-02 -2.659580297768115997e-02 0.000000000000000000e+00 0.000000000000000000e+00 8.191000000000000000e+03 0.000000000000000000e+00 2.757299900054931641e+00
1.000000000000000000e+00 -2.658506110310554504e-02 -2.603361941874027252e-02 0.000000000000000000e+00 0.000000000000000000e+00 8.191000000000000000e+03 0.000000000000000000e+00 2.757400035858154297e+00
1.500000000000000000e+00 -2.652209997177124023e-02 -2.565694041550159454e-02 0.000000000000000000e+00 0.000000000000000000e+00 8.191000000000000000e+03 0.000000000000000000e+00 2.757400035858154297e+00
2.000000000000000000e+00 -2.635192871093750000e-02 -2.519245259463787079e-02 0.000000000000000000e+00 0.000000000000000000e+00 8.191000000000000000e+03 0.000000000000000000e+00 2.757299900054931641e+00
2.500000000000000000e+00 -2.605908364057540894e-02 -2.479856461286544800e-02 0.000000000000000000e+00 0.000000000000000000e+00 8.191000000000000000e+03 0.000000000000000000e+00 2.757299900054931641e+00
3.000000000000000000e+00 -2.568034641444683075e-02 -2.443578466773033142e-02 0.000000000000000000e+00 0.000000000000000000e+00 8.191000000000000000e+03 0.000000000000000000e+00 2.757499933242797852e+00
3.500000000000000000e+00 -2.526937052607536316e-02 -2.410325035452842712e-02 0.000000000000000000e+00 0.000000000000000000e+00 6.143000000000000000e+03 0.000000000000000000e+00 2.757499933242797852e+00
4.000000000000000000e+00 -2.486592158675193787e-02 -2.375253103673458099e-02 0.000000000000000000e+00 0.000000000000000000e+00 8.191000000000000000e+03 0.000000000000000000e+00 2.757499933242797852e+00
4.500000000000000000e+00 -2.448727563023567200e-02 -2.347960323095321655e-02 0.000000000000000000e+00 0.000000000000000000e+00 6.143000000000000000e+03 0.000000000000000000e+00 2.757499933242797852e+00
5.000000000000000000e+00 -2.413564734160900116e-02 -2.317641489207744598e-02 0.000000000000000000e+00 0.000000000000000000e+00 8.191000000000000000e+03 0.000000000000000000e+00 2.757499933242797852e+00
5.500000000000000000e+00 -2.380958572030067444e-02 -2.296296879649162292e-02 0.000000000000000000e+00 0.000000000000000000e+00 6.143000000000000000e+03 0.000000000000000000e+00 2.757499933242797852e+00
6.000000000000000000e+00 -2.350932545959949493e-02 -2.273635007441043854e-02 0.000000000000000000e+00 0.000000000000000000e+00 8.191000000000000000e+03 0.000000000000000000e+00 2.757499933242797852e+00
6.500000000000000000e+00 -2.323650568723678589e-02 -2.254511788487434387e-02 0.000000000000000000e+00 0.000000000000000000e+00 8.191000000000000000e+03 0.000000000000000000e+00 2.757499933242797852e+00
7.000000000000000000e+00 -2.299130707979202271e-02 -2.237218245863914490e-02 0.000000000000000000e+00 0.000000000000000000e+00 8.191000000000000000e+03 0.000000000000000000e+00 2.757499933242797852e+00
7.500000000000000000e+00 -2.277101948857307434e-02 -2.218480221927165985e-02 0.000000000000000000e+00 0.000000000000000000e+00 8.191000000000000000e+03 0.000000000000000000e+00 2.757499933242797852e+00
8.000000000000000000e+00 -2.257116511464118958e-02 -2.205193042755126953e-02 0.000000000000000000e+00 0.000000000000000000e+00 8.191000000000000000e+03 0.000000000000000000e+00 2.757599830627441406e+00
8.500000000000000000e+00 -2.238720655441284180e-02 -2.186289057135581970e-02 0.000000000000000000e+00 0.000000000000000000e+00 8.191000000000000000e+03 0.000000000000000000e+00 2.757599830627441406e+00
9.000000000000000000e+00 -2.221494354307651520e-02 -2.173037081956863403e-02 0.000000000000000000e+00 0.000000000000000000e+00 8.191000000000000000e+03 0.000000000000000000e+00 2.757599830627441406e+00
9.500000000000000000e+00 -2.205075509846210480e-02 -2.158065885305404663e-02 0.000000000000000000e+00 0.000000000000000000e+00 8.191000000000000000e+03 0.000000000000000000e+00 2.757599830627441406e+00
1.000000000000000000e+01 -2.189394645392894745e-02 -2.148919925093650818e-02 0.000000000000000000e+00 0.000000000000000000e+00 8.191000000000000000e+03 0.000000000000000000e+00 2.757599830627441406e+00
1.050000000000000000e+01 -2.174727246165275574e-02 -2.135351672768592834e-02 0.000000000000000000e+00 0.000000000000000000e+00 8.191000000000000000e+03 0.000000000000000000e+00 2.757599830627441406e+00
1.100000000000000000e+01 -2.161313779652118683e-02 -2.127245813608169556e-02 0.000000000000000000e+00 0.000000000000000000e+00 8.191000000000000000e+03 0.000000000000000000e+00 2.757599830627441406e+00
1.150000000000000000e+01 -2.149126306176185608e-02 -2.116873487830162048e-02 0.000000000000000000e+00 0.000000000000000000e+00 8.191000000000000000e+03 0.000000000000000000e+00 2.757599830627441406e+00
1.200000000000000000e+01 -2.137888967990875244e-02 -2.102216891944408417e-02 0.000000000000000000e+00 0.000000000000000000e+00 8.191000000000000000e+03 0.000000000000000000e+00 2.757599830627441406e+00
1.250000000000000000e+01 -2.127136290073394775e-02 -2.098372764885425568e-02 0.000000000000000000e+00 0.000000000000000000e+00 8.191000000000000000e+03 0.000000000000000000e+00 2.757599830627441406e+00
1.300000000000000000e+01 -2.116732299327850342e-02 -2.091166749596595764e-02 0.000000000000000000e+00 0.000000000000000000e+00 8.191000000000000000e+03 0.000000000000000000e+00 2.757599830627441406e+00
1.350000000000000000e+01 -2.107149735093116760e-02 -2.082338929176330566e-02 0.000000000000000000e+00 0.000000000000000000e+00 8.191000000000000000e+03 0.000000000000000000e+00 2.757599830627441406e+00
1.400000000000000000e+01 -2.098655328154563904e-02 -2.075399272143840790e-02 0.000000000000000000e+00 0.000000000000000000e+00 8.191000000000000000e+03 0.000000000000000000e+00 2.757599830627441406e+00
1.450000000000000000e+01 -2.090864628553390503e-02 -2.067629434168338776e-02 0.000000000000000000e+00 0.000000000000000000e+00 8.191000000000000000e+03 0.000000000000000000e+00 2.757599830627441406e+00
1.500000000000000000e+01 -2.083236724138259888e-02 -2.056279033422470093e-02 0.000000000000000000e+00 0.000000000000000000e+00 8.191000000000000000e+03 0.000000000000000000e+00 2.757599830627441406e+00
