5.000000000000000000e-01 7.547361403703689575e-02 7.547361403703689575e-02 0.000000000000000000e+00 0.000000000000000000e+00 8.191000000000000000e+03 0.000000000000000000e+00 2.756999969482421875e+00
1.000000000000000000e+00 7.538921386003494263e-02 7.105596363544464111e-02 0.000000000000000000e+00 0.000000000000000000e+00 8.191000000000000000e+03 0.000000000000000000e+00 2.756169557571411133e+00
1.500000000000000000e+00 7.488442212343215942e-02 6.757159531116485596e-02 0.000000000000000000e+00 0.000000000000000000e+00 8.191000000000000000e+03 0.000000000000000000e+00 2.755899906158447266e+00
2.000000000000000000e+00 7.351422309875488281e-02 6.491757929325103760e-02 0.000000000000000000e+00 0.000000000000000000e+00 8.191000000000000000e+03 0.000000000000000000e+00 2.756201982498168945e+00
2.500000000000000000e+00 7.121453434228897095e-02 6.278085708618164062e-02 0.000000000000000000e+00 0.000000000000000000e+00 8.191000000000000000e+03 0.000000000000000000e+00 2.756299972534179688e+00
3.000000000000000000e+00 6.843265891075134277e-02 6.125663593411445618e-02 0.000000000000000000e+00 0.000000000000000000e+00 8.191000000000000000e+03 0.000000000000000000e+00 2.756450891494750977e+00
3.500000000000000000e+00 6.573090702295303345e-02 5.997033417224884033e-02 0.000000000000000000e+00 0.000000000000000000e+00 8.191000000000000000e+03 0.000000000000000000e+00 2.756500005722045898e+00
4.000000000000000000e+00 6.344658881425857544e-02 5.914748832583427429e-02 0.000000000000000000e+00 0.000000000000000000e+00 8.191000000000000000e+03 0.000000000000000000e+00 2.756500005722045898e+00
4.500000000000000000e+00 6.166518107056617737e-02 5.849166959524154663e-02 0.000000000000000000e+00 0.000000000000000000e+00 8.191000000000000000e+03 0.000000000000000000e+00 2.756500005722045898e+00
5.000000000000000000e+00 6.033345311880111694e-02 5.794641375541687012e-02 0.000000000000000000e+00 0.000000000000000000e+00 8.191000000000000000e+03 0.000000000000000000e+00 2.756500005722045898e+00
5.500000000000000000e+00 5.935472249984741211e-02 5.769173055887222290e-02 0.000000000000000000e+00 0.000000000000000000e+00 8.191000000000000000e+03 0.000000000000000000e+00 2.756500005722045898e+00
6.000000000000000000e+00 5.864113941788673401e-02 5.751782283186912537e-02 0.000000000000000000e+00 0.000000000000000000e+00 8.191000000000000000e+03 0.000000000000000000e+00 2.756500005722045898e+00
6.500000000000000000e+00 5.813468247652053833e-02 5.743900686502456665e-02 0.000000000000000000e+00 0.000000000000000000e+00 8.191000000000000000e+03 0.000000000000000000e+00 2.756500005722045898e+00
7.000000000000000000e+00 5.779666453599929810e-02 5.742174014449119568e-02 0.000000000000000000e+00 0.000000000000000000e+00 8.191000000000000000e+03 0.000000000000000000e+00 2.756500005722045898e+00
7.500000000000000000e+00 5.759273469448089600e-02 5.750953406095504761e-02 0.000000000000000000e+00 0.000000000000000000e+00 8.191000000000000000e+03 0.000000000000000000e+00 2.756500005722045898e+00
8.000000000000000000e+00 5.749441683292388916e-02 5.765032395720481873e-02 0.000000000000000000e+00 0.000000000000000000e+00 8.191000000000000000e+03 0.000000000000000000e+00 2.756500005722045898e+00
8.500000000000000000e+00 5.748272687196731567e-02 5.781069397926330566e-02 0.000000000000000000e+00 0.000000000000000000e+00 8.191000000000000000e+03 0.000000000000000000e+00 2.756500005722045898e+00
9.000000000000000000e+00 5.754351988434791565e-02 5.804234370589256287e-02 0.000000000000000000e+00 0.000000000000000000e+00 8.191000000000000000e+03 0.000000000000000000e+00 2.756500005722045898e+00
9.500000000000000000e+00 5.766420811414718628e-02 5.830279737710952759e-02 0.000000000000000000e+00 0.000000000000000000e+00 8.191000000000000000e+03 0.000000000000000000e+00 2.756500005722045898e+00
1.000000000000000000e+01 5.783526226878166199e-02 5.858335271477699280e-02 0.000000000000000000e+00 0.000000000000000000e+00 8.191000000000000000e+03 0.000000000000000000e+00 2.756500005722045898e+00
1.050000000000000000e+01 5.804751813411712646e-02 5.879481881856918335e-02 0.000000000000000000e+00 0.000000000000000000e+00 8.191000000000000000e+03 0.000000000000000000e+00 2.756500005722045898e+00
1.100000000000000000e+01 5.828836560249328613e-02 5.915095657110214233e-02 0.000000000000000000e+00 0.000000000000000000e+00 8.191000000000000000e+03 0.000000000000000000e+00 2.756500005722045898e+00
1.150000000000000000e+01 5.854873359203338623e-02 5.948119983077049255e-02 0.000000000000000000e+00 0.000000000000000000e+00 8.191000000000000000e+03 0.000000000000000000e+00 2.756500005722045898e+00
1.200000000000000000e+01 5.882969871163368225e-02 5.981737375259399414e-02 0.000000000000000000e+00 0.000000000000000000e+00 8.191000000000000000e+03 0.000000000000000000e+00 2.756500005722045898e+00
1.250000000000000000e+01 5.913404002785682678e-02 6.016207858920097351e-02 0.000000000000000000e+00 0.000000000000000000e+00 8.191000000000000000e+03 0.000000000000000000e+00 2.756500005722045898e+00
1.300000000000000000e+01 5.945754051208496094e-02 6.049720197916030884e-02 0.000000000000000000e+00 0.000000000000000000e+00 8.191000000000000000e+03 0.000000000000000000e+00 2.756424427032470703e+00
1.350000000000000000e+01 5.979204177856445312e-02 6.083223968744277954e-02 0.000000000000000000e+00 0.000000000000000000e+00 8.191000000000000000e+03 0.000000000000000000e+00 2.756399869918823242e+00
1.400000000000000000e+01 6.012985855340957642e-02 6.113315001130104065e-02 0.000000000000000000e+00 0.000000000000000000e+00 8.191000000000000000e+03 0.000000000000000000e+00 2.756399869918823242e+00
1.450000000000000000e+01 6.046570092439651489e-02 6.151729822158813477e-02 0.000000000000000000e+00 0.000000000000000000e+00 8.191000000000000000e+03 0.000000000000000000e+00 2.756399869918823242e+00
1.500000000000000000e+01 6.080031022429466248e-02 6.187425553798675537e-02 0.000000000000000000e+00 0.000000000000000000e+00 8.191000000000000000e+03 0.000000000000000000e+00 2.756399869918823242e+00
