5.000000000000000000e-01 -3.209191188216209412e-02 -3.209191188216209412e-02 0.000000000000000000e+00 0.000000000000000000e+00 8.191000000000000000e+03 0.000000000000000000e+00 2.757299900054931641e+00
1.000000000000000000e+00 -3.205766528844833374e-02 -3.029929473996162415e-02 0.000000000000000000e+00 0.000000000000000000e+00 8.191000000000000000e+03 0.000000000000000000e+00 2.757299900054931641e+00
1.500000000000000000e+00 -3.185186535120010376e-02 -2.883497625589370728e-02 0.000000000000000000e+00 0.000000000000000000e+00 8.191000000000000000e+03 0.000000000000000000e+00 2.757299900054931641e+00
2.000000000000000000e+00 -3.128926083445549011e-02 -2.767446823418140411e-02 0.000000000000000000e+00 0.000000000000000000e+00 8.191000000000000000e+03 0.000000000000000000e+00 2.757299900054931641e+00
2.500000000000000000e+00 -3.033110313117504120e-02 -2.651545219123363495e-02 0.000000000000000000e+00 0.000000000000000000e+00 8.191000000000000000e+03 0.000000000000000000e+00 2.757499933242797852e+00
3.000000000000000000e+00 -2.913676016032695770e-02 -2.568169124424457550e-02 0.000000000000000000e+00 0.000000000000000000e+00 8.191000000000000000e+03 0.000000000000000000e+00 2.757499933242797852e+00
3.500000000000000000e+00 -2.791284956037998199e-02 -2.477339841425418854e-02 0.000000000000000000e+00 0.000000000000000000e+00 8.191000000000000000e+03 0.000000000000000000e+00 2.757499933242797852e+00
4.000000000000000000e+00 -2.678654342889785767e-02 -2.403945848345756531e-02 0.000000000000000000e+00 0.000000000000000000e+00 8.191000000000000000e+03 0.000000000000000000e+00 2.757499933242797852e+00
4.500000000000000000e+00 -2.579642832279205322e-02 -2.351532876491546631e-02 0.000000000000000000e+00 0.000000000000000000e+00 6.143000000000000000e+03 0.000000000000000000e+00 2.757499933242797852e+00
5.000000000000000000e+00 -2.494088187813758850e-02 -2.296150475740432739e-02 0.000000000000000000e+00 0.000000000000000000e+00 8.191000000000000000e+03 0.000000000000000000e+00 2.757499933242797852e+00
5.500000000000000000e+00 -2.420993894338607788e-02 -2.248521707952022552e-02 0.000000000000000000e+00 0.000000000000000000e+00 6.143000000000000000e+03 0.000000000000000000e+00 2.757599830627441406e+00
6.000000000000000000e+00 -2.358381077647209167e-02 -2.202265523374080658e-02 0.000000000000000000e+00 0.000000000000000000e+00 8.191000000000000000e+03 0.000000000000000000e+00 2.757599830627441406e+00
6.500000000000000000e+00 -2.303537540137767792e-02 -2.164328098297119141e-02 0.000000000000000000e+00 0.000000000000000000e+00 6.143000000000000000e+03 0.000000000000000000e+00 2.757599830627441406e+00
7.000000000000000000e+00 -2.254243940114974976e-02 -2.120744809508323669e-02 0.000000000000000000e+00 0.000000000000000000e+00 8.191000000000000000e+03 0.000000000000000000e+00 2.757599830627441406e+00
7.500000000000000000e+00 -2.209107019007205963e-02 -2.090591378509998322e-02 0.000000000000000000e+00 0.000000000000000000e+00 6.143000000000000000e+03 0.000000000000000000e+00 2.757599830627441406e+00
8.000000000000000000e+00 -2.167580276727676392e-02 -2.065213955938816071e-02 0.000000000000000000e+00 0.000000000000000000e+00 8.191000000000000000e+03 0.000000000000000000e+00 2.757599830627441406e+00
8.500000000000000000e+00 -2.129973471164703369e-02 -2.033919468522071838e-02 0.000000000000000000e+00 0.000000000000000000e+00 8.191000000000000000e+03 0.000000000000000000e+00 2.757599830627441406e+00
9.000000000000000000e+00 -2.096516638994216919e-02 -2.013406343758106232e-02 0.000000000000000000e+00 0.000000000000000000e+00 8.191000000000000000e+03 0.000000000000000000e+00 2.757599830627441406e+00
9.500000000000000000e+00 -2.066578157246112823e-02 -1.983218267560005188e-02 0.000000000000000000e+00 0.000000000000000000e+00 8.191000000000000000e+03 0.000000000000000000e+00 2.757599830627441406e+00
1.000000000000000000e+01 -2.038993686437606812e-02 -1.959296502172946930e-02 0.000000000000000000e+00 0.000000000000000000e+00 8.191000000000000000e+03 0.000000000000000000e+00 2.757599830627441406e+00
1.050000000000000000e+01 -2.012800239026546478e-02 -1.943338848650455475e-02 0.000000000000000000e+00 0.000000000000000000e+00 8.191000000000000000e+03 0.000000000000000000e+00 2.757599830627441406e+00
1.100000000000000000e+01 -1.987881585955619812e-02 -1.918396726250648499e-02 0.000000000000000000e+00 0.000000000000000000e+00 8.191000000000000000e+03 0.000000000000000000e+00 2.757599830627441406e+00
1.150000000000000000e+01 -1.964589767158031464e-02 -1.901583746075630188e-02 0.000000000000000000e+00 0.000000000000000000e+00 8.191000000000000000e+03 0.000000000000000000e+00 2.757599830627441406e+00
1.200000000000000000e+01 -1.942929439246654510e-02 -1.885297149419784546e-02 0.000000000000000000e+00 0.000000000000000000e+00 8.191000000000000000e+03 0.000000000000000000e+00 2.757599830627441406e+00
1.250000000000000000e+01 -1.922809705138206482e-02 -1.870340667665004730e-02 0.000000000000000000e+00 0.000000000000000000e+00 8.191000000000000000e+03 0.000000000000000000e+00 2.757499933242797852e+00
1.300000000000000000e+01 -1.904403045773506165e-02 -1.859057694673538208e-02 0.000000000000000000e+00 0.000000000000000000e+00 8.191000000000000000e+03 0.000000000000000000e+00 2.757499933242797852e+00
1.350000000000000000e+01 -1.887675561010837555e-02 -1.835227943956851959e-02 0.000000000000000000e+00 0.000000000000000000e+00 8.191000000000000000e+03 0.000000000000000000e+00 2.757499933242797852e+00
1.400000000000000000e+01 -1.871969364583492279e-02 -1.828548870980739594e-02 0.000000000000000000e+00 0.000000000000000000e+00 8.191000000000000000e+03 0.000000000000000000e+00 2.757499933242797852e+00
1.450000000000000000e+01 -1.856634393334388733e-02 -1.811500266194343567e-02 0.000000000000000000e+00 0.000000000000000000e+00 8.191000000000000000e+03 0.000000000000000000e+00 2.757499933242797852e+00
1.500000000000000000e+01 -1.841724291443824768e-02 -1.799941249191761017e-02 0.000000000000000000e+00 0.000000000000000000e+00 8.191000000000000000e+03 0.000000000000000000e+00 2.757499933242797852e+00
