2.000000029802322388e-01 3.397098917048424482e-04 0.000000000000000000e+00 -7.917599305073963478e-07 3.129243850708007812e-07 0.000000000000000000e+00 7.000000000000000000e+00 8.191000000000000000e+03 0.000000000000000000e+00 0.000000000000000000e+00 2.755399942398071289e+00
4.000000059604644775e-01 1.023526303470134735e-02 0.000000000000000000e+00 -4.710191490175930085e-07 9.997349232435226440e-03 0.000000000000000000e+00 6.000000000000000000e+00 8.191000000000000000e+03 0.000000000000000000e+00 0.000000000000000000e+00 2.755399942398071289e+00
6.000000238418579102e-01 2.014651894569396973e-02 0.000000000000000000e+00 -3.025787975730054313e-07 1.999438367784023285e-02 0.000000000000000000e+00 6.000000000000000000e+00 8.191000000000000000e+03 0.000000000000000000e+00 0.000000000000000000e+00 2.755399942398071289e+00
8.000000119209289551e-01 2.929112128913402557e-02 0.000000000000000000e+00 -1.967574405625782674e-07 3.000391460955142975e-02 0.000000000000000000e+00 6.000000000000000000e+00 6.143000000000000000e+03 0.000000000000000000e+00 0.000000000000000000e+00 2.755399942398071289e+00
1.000000000000000000e+00 4.009494185447692871e-02 0.000000000000000000e+00 -1.226201788995240349e-07 4.000094905495643616e-02 0.000000000000000000e+00 6.000000000000000000e+00 8.191000000000000000e+03 0.000000000000000000e+00 0.000000000000000000e+00 2.755399942398071289e+00
1.200000047683715820e+00 5.014249309897422791e-02 0.000000000000000000e+00 -6.646429540069220820e-08 4.999798536300659180e-02 0.000000000000000000e+00 6.000000000000000000e+00 8.191000000000000000e+03 0.000000000000000000e+00 0.000000000000000000e+00 2.755399942398071289e+00
1.399999976158142090e+00 6.011386215686798096e-02 0.000000000000000000e+00 -2.307329260986534791e-08 5.999501794576644897e-02 0.000000000000000000e+00 5.000000000000000000e+00 8.191000000000000000e+03 0.000000000000000000e+00 0.000000000000000000e+00 2.755399942398071289e+00
1.600000023841857910e+00 7.030874490737915039e-02 0.000000000000000000e+00 1.173602726112221717e-08 7.000455260276794434e-02 0.000000000000000000e+00 5.000000000000000000e+00 8.191000000000000000e+03 0.000000000000000000e+00 0.000000000000000000e+00 2.755399942398071289e+00
1.800000071525573730e+00 8.013566583395004272e-02 0.000000000000000000e+00 4.034063039171087439e-08 8.000158518552780151e-02 0.000000000000000000e+00 5.000000000000000000e+00 8.191000000000000000e+03 0.000000000000000000e+00 0.000000000000000000e+00 2.755123853683471680e+00
2.000000000000000000e+00 9.015788882970809937e-02 0.000000000000000000e+00 6.547990949457016541e-08 8.999861776828765869e-02 0.000000000000000000e+00 5.000000000000000000e+00 8.191000000000000000e+03 0.000000000000000000e+00 0.000000000000000000e+00 2.754899978637695312e+00
2.200000047683715820e+00 1.001835763454437256e-01 0.000000000000000000e+00 8.667778672588610789e-08 9.999565780162811279e-02 0.000000000000000000e+00 5.000000000000000000e+00 8.191000000000000000e+03 0.000000000000000000e+00 0.000000000000000000e+00 2.754899978637695312e+00
2.400000095367431641e+00 1.101039350032806396e-01 0.000000000000000000e+00 1.047869631065623253e-07 1.100051850080490112e-01 0.000000000000000000e+00 5.000000000000000000e+00 7.164000000000000000e+03 0.000000000000000000e+00 0.000000000000000000e+00 2.754899978637695312e+00
2.600000143051147461e+00 1.202400699257850647e-01 0.000000000000000000e+00 1.248568395340043935e-07 1.200022250413894653e-01 0.000000000000000000e+00 6.000000000000000000e+00 8.191000000000000000e+03 0.000000000000000000e+00 0.000000000000000000e+00 2.754899978637695312e+00
2.799999952316284180e+00 1.301784664392471313e-01 0.000000000000000000e+00 1.414495045537478290e-07 1.299992501735687256e-01 0.000000000000000000e+00 6.000000000000000000e+00 8.191000000000000000e+03 0.000000000000000000e+00 0.000000000000000000e+00 2.754734039306640625e+00
3.000000000000000000e+00 1.401534825563430786e-01 0.000000000000000000e+00 1.573925203501858050e-07 1.399962902069091797e-01 0.000000000000000000e+00 6.000000000000000000e+00 8.191000000000000000e+03 0.000000000000000000e+00 0.000000000000000000e+00 2.754600048065185547e+00
3.200000047683715820e+00 1.502214819192886353e-01 0.000000000000000000e+00 1.737398491741259932e-07 1.500058174133300781e-01 0.000000000000000000e+00 6.000000000000000000e+00 8.191000000000000000e+03 0.000000000000000000e+00 0.000000000000000000e+00 2.754600048065185547e+00
3.400000095367431641e+00 1.601353436708450317e-01 0.000000000000000000e+00 1.901486825772735756e-07 1.600028574466705322e-01 0.000000000000000000e+00 6.000000000000000000e+00 8.191000000000000000e+03 0.000000000000000000e+00 0.000000000000000000e+00 2.754600048065185547e+00
3.600000143051147461e+00 1.701592355966567993e-01 0.000000000000000000e+00 2.072988678492038161e-07 1.699998974800109863e-01 0.000000000000000000e+00 6.000000000000000000e+00 8.191000000000000000e+03 0.000000000000000000e+00 0.000000000000000000e+00 2.754600048065185547e+00
3.799999952316284180e+00 1.801566183567047119e-01 0.000000000000000000e+00 2.257309574815735687e-07 1.799969226121902466e-01 0.000000000000000000e+00 6.000000000000000000e+00 8.191000000000000000e+03 0.000000000000000000e+00 0.000000000000000000e+00 2.754600048065185547e+00
4.000000000000000000e+00 1.901067644357681274e-01 0.000000000000000000e+00 2.442539539515564684e-07 1.899939626455307007e-01 0.000000000000000000e+00 6.000000000000000000e+00 8.191000000000000000e+03 0.000000000000000000e+00 0.000000000000000000e+00 2.754600048065185547e+00
4.200000286102294922e+00 2.002070099115371704e-01 0.000000000000000000e+00 2.642581762302143034e-07 2.000034898519515991e-01 0.000000000000000000e+00 6.000000000000000000e+00 8.191000000000000000e+03 0.000000000000000000e+00 0.000000000000000000e+00 2.754600048065185547e+00
4.400000095367431641e+00 2.101401388645172119e-01 0.000000000000000000e+00 2.857213701190630672e-07 2.100005298852920532e-01 0.000000000000000000e+00 6.000000000000000000e+00 8.191000000000000000e+03 0.000000000000000000e+00 0.000000000000000000e+00 2.754600048065185547e+00
4.599999904632568359e+00 2.201361209154129028e-01 0.000000000000000000e+00 3.082635089413088281e-07 2.199975699186325073e-01 0.000000000000000000e+00 6.000000000000000000e+00 8.191000000000000000e+03 0.000000000000000000e+00 0.000000000000000000e+00 2.754600048065185547e+00
4.800000190734863281e+00 2.301507294178009033e-01 0.000000000000000000e+00 3.342389334193285322e-07 2.299945950508117676e-01 0.000000000000000000e+00 6.000000000000000000e+00 8.191000000000000000e+03 0.000000000000000000e+00 0.000000000000000000e+00 2.754600048065185547e+00
5.000000000000000000e+00 2.402064055204391479e-01 0.000000000000000000e+00 3.601923026508302428e-07 2.400041371583938599e-01 0.000000000000000000e+00 6.000000000000000000e+00 8.191000000000000000e+03 0.000000000000000000e+00 0.000000000000000000e+00 2.754600048065185547e+00
5.200000286102294922e+00 2.501057982444763184e-01 0.000000000000000000e+00 3.897613680692302296e-07 2.500011622905731201e-01 0.000000000000000000e+00 6.000000000000000000e+00 8.191000000000000000e+03 0.000000000000000000e+00 0.000000000000000000e+00 2.754600048065185547e+00
5.400000095367431641e+00 2.602786719799041748e-01 0.000000000000000000e+00 4.218524338739371160e-07 2.599982023239135742e-01 0.000000000000000000e+00 6.000000000000000000e+00 8.191000000000000000e+03 0.000000000000000000e+00 0.000000000000000000e+00 2.754600048065185547e+00
5.599999904632568359e+00 2.702010273933410645e-01 0.000000000000000000e+00 4.542525857686996460e-07 2.699952423572540283e-01 0.000000000000000000e+00 6.000000000000000000e+00 8.191000000000000000e+03 0.000000000000000000e+00 0.000000000000000000e+00 2.754600048065185547e+00
5.800000190734863281e+00 2.801897227764129639e-01 0.000000000000000000e+00 4.918255740449239966e-07 2.800047695636749268e-01 0.000000000000000000e+00 6.000000000000000000e+00 8.191000000000000000e+03 0.000000000000000000e+00 0.000000000000000000e+00 2.754655122756958008e+00
6.000000000000000000e+00 2.902128398418426514e-01 0.000000000000000000e+00 5.334337629392393865e-07 2.900017797946929932e-01 0.000000000000000000e+00 6.000000000000000000e+00 8.191000000000000000e+03 0.000000000000000000e+00 0.000000000000000000e+00 2.754699945449829102e+00
6.200000286102294922e+00 3.001730442047119141e-01 0.000000000000000000e+00 5.774079454567981884e-07 2.999988198280334473e-01 0.000000000000000000e+00 6.000000000000000000e+00 8.191000000000000000e+03 0.000000000000000000e+00 0.000000000000000000e+00 2.754699945449829102e+00
6.400000095367431641e+00 2.900597751140594482e-01 0.000000000000000000e+00 3.458061428318615071e-07 2.900017797946929932e-01 0.000000000000000000e+00 6.000000000000000000e+00 8.191000000000000000e+03 0.000000000000000000e+00 0.000000000000000000e+00 2.754699945449829102e+00
6.599999904632568359e+00 2.802120745182037354e-01 0.000000000000000000e+00 2.210292251447754097e-07 2.800047695636749268e-01 0.000000000000000000e+00 6.000000000000000000e+00 8.191000000000000000e+03 0.000000000000000000e+00 0.000000000000000000e+00 2.754699945449829102e+00
6.800000190734863281e+00 2.701976597309112549e-01 0.000000000000000000e+00 1.375444895757027552e-07 2.699952423572540283e-01 0.000000000000000000e+00 6.000000000000000000e+00 8.191000000000000000e+03 0.000000000000000000e+00 0.000000000000000000e+00 2.754534006118774414e+00
7.000000000000000000e+00 2.602286636829376221e-01 0.000000000000000000e+00 7.659975409524122369e-08 2.599982023239135742e-01 0.000000000000000000e+00 6.000000000000000000e+00 8.191000000000000000e+03 0.000000000000000000e+00 0.000000000000000000e+00 2.754400014877319336e+00
7.200000286102294922e+00 2.501859664916992188e-01 0.000000000000000000e+00 2.552105726749687165e-08 2.500011622905731201e-01 0.000000000000000000e+00 5.000000000000000000e+00 8.191000000000000000e+03 0.000000000000000000e+00 0.000000000000000000e+00 2.754400014877319336e+00
7.400000095367431641e+00 2.402035444974899292e-01 0.000000000000000000e+00 -1.203922472825524892e-08 2.400041371583938599e-01 0.000000000000000000e+00 5.000000000000000000e+00 8.191000000000000000e+03 0.000000000000000000e+00 0.000000000000000000e+00 2.754400014877319336e+00
7.599999904632568359e+00 2.301037758588790894e-01 0.000000000000000000e+00 -4.242628648398749647e-08 2.299945950508117676e-01 0.000000000000000000e+00 5.000000000000000000e+00 8.191000000000000000e+03 0.000000000000000000e+00 0.000000000000000000e+00 2.754400014877319336e+00
7.800000190734863281e+00 2.201682627201080322e-01 0.000000000000000000e+00 -6.760903659142059041e-08 2.199975699186325073e-01 0.000000000000000000e+00 5.000000000000000000e+00 8.191000000000000000e+03 0.000000000000000000e+00 0.000000000000000000e+00 2.754400014877319336e+00
8.000000000000000000e+00 2.101241797208786011e-01 0.000000000000000000e+00 -8.883387181413127109e-08 2.100005298852920532e-01 0.000000000000000000e+00 5.000000000000000000e+00 8.191000000000000000e+03 0.000000000000000000e+00 0.000000000000000000e+00 2.754400014877319336e+00
8.199999809265136719e+00 2.001262307167053223e-01 0.000000000000000000e+00 -1.041961397163504444e-07 2.000034898519515991e-01 0.000000000000000000e+00 6.000000000000000000e+00 8.191000000000000000e+03 0.000000000000000000e+00 0.000000000000000000e+00 2.754400014877319336e+00
8.400000572204589844e+00 1.902813911437988281e-01 0.000000000000000000e+00 -1.202415944590029540e-07 1.899939626455307007e-01 0.000000000000000000e+00 6.000000000000000000e+00 8.191000000000000000e+03 0.000000000000000000e+00 0.000000000000000000e+00 2.754400014877319336e+00
8.600000381469726562e+00 1.801731735467910767e-01 0.000000000000000000e+00 -1.358527583761315327e-07 1.799969226121902466e-01 0.000000000000000000e+00 6.000000000000000000e+00 8.191000000000000000e+03 0.000000000000000000e+00 0.000000000000000000e+00 2.754400014877319336e+00
8.800000190734863281e+00 1.702073067426681519e-01 0.000000000000000000e+00 -1.491116421448168694e-07 1.699998974800109863e-01 0.000000000000000000e+00 6.000000000000000000e+00 8.191000000000000000e+03 0.000000000000000000e+00 0.000000000000000000e+00 2.754510402679443359e+00
9.000000000000000000e+00 1.602480709552764893e-01 0.000000000000000000e+00 -1.614497620039401227e-07 1.600028574466705322e-01 0.000000000000000000e+00 6.000000000000000000e+00 8.191000000000000000e+03 0.000000000000000000e+00 0.000000000000000000e+00 2.754600048065185547e+00
9.199999809265136719e+00 1.501584202051162720e-01 0.000000000000000000e+00 -1.740688873042017804e-07 1.500058174133300781e-01 0.000000000000000000e+00 6.000000000000000000e+00 8.191000000000000000e+03 0.000000000000000000e+00 0.000000000000000000e+00 2.754600048065185547e+00
9.400000572204589844e+00 1.401511877775192261e-01 0.000000000000000000e+00 -1.858309559565896052e-07 1.399962902069091797e-01 0.000000000000000000e+00 6.000000000000000000e+00 8.191000000000000000e+03 0.000000000000000000e+00 0.000000000000000000e+00 2.754600048065185547e+00
9.600000381469726562e+00 1.301296949386596680e-01 0.000000000000000000e+00 -1.971547334278511698e-07 1.299992501735687256e-01 0.000000000000000000e+00 6.000000000000000000e+00 8.191000000000000000e+03 0.000000000000000000e+00 0.000000000000000000e+00 2.754600048065185547e+00
9.800000190734863281e+00 1.201400905847549438e-01 0.000000000000000000e+00 -2.095012945346752531e-07 1.200022250413894653e-01 0.000000000000000000e+00 6.000000000000000000e+00 8.191000000000000000e+03 0.000000000000000000e+00 0.000000000000000000e+00 2.754600048065185547e+00
1.000000000000000000e+01 1.101972758769989014e-01 0.000000000000000000e+00 -2.220289019305710099e-07 1.100051850080490112e-01 0.000000000000000000e+00 6.000000000000000000e+00 8.191000000000000000e+03 0.000000000000000000e+00 0.000000000000000000e+00 2.754600048065185547e+00
1.019999980926513672e+01 1.001906692981719971e-01 0.000000000000000000e+00 -2.358059134621726116e-07 9.999565780162811279e-02 0.000000000000000000e+00 6.000000000000000000e+00 8.191000000000000000e+03 0.000000000000000000e+00 0.000000000000000000e+00 2.754600048065185547e+00
1.040000057220458984e+01 9.023955464363098145e-02 0.000000000000000000e+00 -2.505860265955561772e-07 8.999861776828765869e-02 0.000000000000000000e+00 6.000000000000000000e+00 8.191000000000000000e+03 0.000000000000000000e+00 0.000000000000000000e+00 2.754600048065185547e+00
1.060000038146972656e+01 8.013967424631118774e-02 0.000000000000000000e+00 -2.673119183782546315e-07 8.000158518552780151e-02 0.000000000000000000e+00 6.000000000000000000e+00 8.191000000000000000e+03 0.000000000000000000e+00 0.000000000000000000e+00 2.754600048065185547e+00
1.080000019073486328e+01 7.005656510591506958e-02 0.000000000000000000e+00 -2.855912555332906777e-07 7.000455260276794434e-02 0.000000000000000000e+00 6.000000000000000000e+00 8.191000000000000000e+03 0.000000000000000000e+00 0.000000000000000000e+00 2.754600048065185547e+00
1.100000000000000000e+01 6.018256768584251404e-02 0.000000000000000000e+00 -3.060262656617851462e-07 5.999501794576644897e-02 0.000000000000000000e+00 6.000000000000000000e+00 8.191000000000000000e+03 0.000000000000000000e+00 0.000000000000000000e+00 2.754600048065185547e+00
1.119999980926513672e+01 5.021204054355621338e-02 0.000000000000000000e+00 -3.307597751245339168e-07 4.999798536300659180e-02 0.000000000000000000e+00 6.000000000000000000e+00 8.191000000000000000e+03 0.000000000000000000e+00 0.000000000000000000e+00 2.754600048065185547e+00
1.140000057220458984e+01 4.011098295450210571e-02 0.000000000000000000e+00 -3.591705137750977883e-07 4.000094905495643616e-02 0.000000000000000000e+00 6.000000000000000000e+00 8.191000000000000000e+03 0.000000000000000000e+00 0.000000000000000000e+00 2.754600048065185547e+00
1.160000038146972656e+01 3.014771454036235809e-02 0.000000000000000000e+00 -3.939238695238600485e-07 3.000391460955142975e-02 0.000000000000000000e+00 6.000000000000000000e+00 8.191000000000000000e+03 0.000000000000000000e+00 0.000000000000000000e+00 2.754600048065185547e+00
1.180000019073486328e+01 2.012975327670574188e-02 0.000000000000000000e+00 -4.352631037818355253e-07 1.999438367784023285e-02 0.000000000000000000e+00 6.000000000000000000e+00 8.191000000000000000e+03 0.000000000000000000e+00 0.000000000000000000e+00 2.754600048065185547e+00
1.200000000000000000e+01 1.015860214829444885e-02 0.000000000000000000e+00 -4.839780558540951461e-07 9.997349232435226440e-03 0.000000000000000000e+00 6.000000000000000000e+00 8.191000000000000000e+03 0.000000000000000000e+00 0.000000000000000000e+00 2.754600048065185547e+00
1.219999980926513672e+01 3.059292794205248356e-05 0.000000000000000000e+00 -5.404716603152337484e-07 3.129243850708007812e-07 0.000000000000000000e+00 6.000000000000000000e+00 8.191000000000000000e+03 0.000000000000000000e+00 0.000000000000000000e+00 2.754600048065185547e+00
1.240000057220458984e+01 -9.863632731139659882e-03 0.000000000000000000e+00 -6.061725343897705898e-07 -9.996719658374786377e-03 0.000000000000000000e+00 6.000000000000000000e+00 8.191000000000000000e+03 0.000000000000000000e+00 0.000000000000000000e+00 2.754600048065185547e+00
1.260000038146972656e+01 -1.981402002274990082e-02 0.000000000000000000e+00 -6.824665774729510304e-07 -1.999375596642494202e-02 0.000000000000000000e+00 6.000000000000000000e+00 6.143000000000000000e+03 0.000000000000000000e+00 0.000000000000000000e+00 2.754600048065185547e+00
1.280000019073486328e+01 -2.987162955105304718e-02 0.000000000000000000e+00 -7.671814046261715703e-07 -3.000328317284584045e-02 0.000000000000000000e+00 6.000000000000000000e+00 8.191000000000000000e+03 0.000000000000000000e+00 0.000000000000000000e+00 2.754600048065185547e+00
1.300000000000000000e+01 -3.990174457430839539e-02 0.000000000000000000e+00 -8.569201668251480442e-07 -4.000032320618629456e-02 0.000000000000000000e+00 6.000000000000000000e+00 8.191000000000000000e+03 0.000000000000000000e+00 0.000000000000000000e+00 2.754600048065185547e+00
1.319999980926513672e+01 -4.993146657943725586e-02 0.000000000000000000e+00 -9.529756539450318087e-07 -4.999735578894615173e-02 0.000000000000000000e+00 6.000000000000000000e+00 8.191000000000000000e+03 0.000000000000000000e+00 0.000000000000000000e+00 2.754600048065185547e+00
1.340000057220458984e+01 -5.973381549119949341e-02 0.000000000000000000e+00 -1.053423488883709069e-06 -5.999438837170600891e-02 0.000000000000000000e+00 7.000000000000000000e+00 8.191000000000000000e+03 0.000000000000000000e+00 0.000000000000000000e+00 2.754600048065185547e+00
1.360000038146972656e+01 -6.989300251007080078e-02 0.000000000000000000e+00 -1.158829149972007144e-06 -7.000392675399780273e-02 0.000000000000000000e+00 7.000000000000000000e+00 8.191000000000000000e+03 0.000000000000000000e+00 0.000000000000000000e+00 2.754600048065185547e+00
1.380000019073486328e+01 -7.983522117137908936e-02 0.000000000000000000e+00 -1.270268057851353660e-06 -8.000095188617706299e-02 0.000000000000000000e+00 7.000000000000000000e+00 8.191000000000000000e+03 0.000000000000000000e+00 0.000000000000000000e+00 2.754600048065185547e+00
1.400000000000000000e+01 -8.989138901233673096e-02 0.000000000000000000e+00 -1.390056695527164266e-06 -8.999799191951751709e-02 0.000000000000000000e+00 7.000000000000000000e+00 8.191000000000000000e+03 0.000000000000000000e+00 0.000000000000000000e+00 2.754600048065185547e+00
1.419999980926513672e+01 -9.993000328540802002e-02 0.000000000000000000e+00 -1.526680080132791772e-06 -9.999501705169677734e-02 0.000000000000000000e+00 7.000000000000000000e+00 8.191000000000000000e+03 0.000000000000000000e+00 0.000000000000000000e+00 2.754600048065185547e+00
1.440000057220458984e+01 -1.097954735159873962e-01 0.000000000000000000e+00 -1.672000280450447462e-06 -1.100045591592788696e-01 0.000000000000000000e+00 7.000000000000000000e+00 8.191000000000000000e+03 0.000000000000000000e+00 0.000000000000000000e+00 2.754600048065185547e+00
1.460000038146972656e+01 -1.199279204010963440e-01 0.000000000000000000e+00 -1.832483462749223690e-06 -1.200015842914581299e-01 0.000000000000000000e+00 7.000000000000000000e+00 8.191000000000000000e+03 0.000000000000000000e+00 0.000000000000000000e+00 2.754600048065185547e+00
1.480000019073486328e+01 -1.299235969781875610e-01 0.000000000000000000e+00 -2.009851868933765218e-06 -1.299986243247985840e-01 0.000000000000000000e+00 7.000000000000000000e+00 8.191000000000000000e+03 0.000000000000000000e+00 0.000000000000000000e+00 2.754600048065185547e+00
1.500000000000000000e+01 -1.398973464965820312e-01 0.000000000000000000e+00 -2.207294528489001095e-06 -1.399956643581390381e-01 0.000000000000000000e+00 7.000000000000000000e+00 8.191000000000000000e+03 0.000000000000000000e+00 0.000000000000000000e+00 2.754600048065185547e+00
1.519999980926513672e+01 -1.498910337686538696e-01 0.000000000000000000e+00 -2.417943051113979891e-06 -1.500051915645599365e-01 0.000000000000000000e+00 7.000000000000000000e+00 8.191000000000000000e+03 0.000000000000000000e+00 0.000000000000000000e+00 2.754600048065185547e+00
1.540000057220458984e+01 -1.598468124866485596e-01 0.000000000000000000e+00 -2.655321850397740491e-06 -1.600022166967391968e-01 0.000000000000000000e+00 7.000000000000000000e+00 8.191000000000000000e+03 0.000000000000000000e+00 0.000000000000000000e+00 2.754600048065185547e+00
1.560000038146972656e+01 -1.698722392320632935e-01 0.000000000000000000e+00 -2.903842187151894905e-06 -1.699992567300796509e-01 0.000000000000000000e+00 7.000000000000000000e+00 8.191000000000000000e+03 0.000000000000000000e+00 0.000000000000000000e+00 2.754600048065185547e+00
1.580000019073486328e+01 -1.798141747713088989e-01 0.000000000000000000e+00 -3.181142574248951860e-06 -1.799962967634201050e-01 0.000000000000000000e+00 7.000000000000000000e+00 8.191000000000000000e+03 0.000000000000000000e+00 0.000000000000000000e+00 2.754544734954833984e+00
1.600000000000000000e+01 -1.898664832115173340e-01 0.000000000000000000e+00 -3.480413170109386556e-06 -1.900058239698410034e-01 0.000000000000000000e+00 7.000000000000000000e+00 8.191000000000000000e+03 0.000000000000000000e+00 0.000000000000000000e+00 2.754499912261962891e+00
1.620000076293945312e+01 -1.999022513628005981e-01 0.000000000000000000e+00 -3.792192273976979777e-06 -2.000028640031814575e-01 0.000000000000000000e+00 7.000000000000000000e+00 8.191000000000000000e+03 0.000000000000000000e+00 0.000000000000000000e+00 2.754499912261962891e+00
1.639999961853027344e+01 -1.898442506790161133e-01 0.000000000000000000e+00 -3.244982735850499012e-06 -1.900058239698410034e-01 0.000000000000000000e+00 7.000000000000000000e+00 8.191000000000000000e+03 0.000000000000000000e+00 1.000000000000000000e+00 2.754499912261962891e+00
1.660000038146972656e+01 -1.798262447118759155e-01 0.000000000000000000e+00 -2.809523039104533382e-06 -1.799962967634201050e-01 0.000000000000000000e+00 7.000000000000000000e+00 8.191000000000000000e+03 0.000000000000000000e+00 1.000000000000000000e+00 2.754499912261962891e+00
1.680000114440917969e+01 -1.698195338249206543e-01 0.000000000000000000e+00 -2.438341198285343125e-06 -1.699992567300796509e-01 0.000000000000000000e+00 7.000000000000000000e+00 8.191000000000000000e+03 0.000000000000000000e+00 1.000000000000000000e+00 2.754555225372314453e+00
1.700000000000000000e+01 -1.598477363586425781e-01 0.000000000000000000e+00 -2.125963874277658761e-06 -1.600022166967391968e-01 0.000000000000000000e+00 7.000000000000000000e+00 8.191000000000000000e+03 0.000000000000000000e+00 1.000000000000000000e+00 2.754600048065185547e+00
1.720000076293945312e+01 -1.499060690402984619e-01 0.000000000000000000e+00 -1.850777039180684369e-06 -1.500051915645599365e-01 0.000000000000000000e+00 7.000000000000000000e+00 8.191000000000000000e+03 0.000000000000000000e+00 1.000000000000000000e+00 2.754600048065185547e+00
1.739999961853027344e+01 -1.399074792861938477e-01 0.000000000000000000e+00 -1.609552782610990107e-06 -1.399956643581390381e-01 0.000000000000000000e+00 7.000000000000000000e+00 8.191000000000000000e+03 0.000000000000000000e+00 1.000000000000000000e+00 2.754600048065185547e+00
1.760000038146972656e+01 -1.297980546951293945e-01 0.000000000000000000e+00 -1.397562982674571685e-06 -1.299986243247985840e-01 0.000000000000000000e+00 7.000000000000000000e+00 8.191000000000000000e+03 0.000000000000000000e+00 1.000000000000000000e+00 2.754600048065185547e+00
1.780000114440917969e+01 -1.198342517018318176e-01 0.000000000000000000e+00 -1.210056666423042770e-06 -1.200015842914581299e-01 0.000000000000000000e+00 7.000000000000000000e+00 8.191000000000000000e+03 0.000000000000000000e+00 1.000000000000000000e+00 2.754600048065185547e+00
1.800000000000000000e+01 -1.098700687289237976e-01 0.000000000000000000e+00 -1.042103690451767761e-06 -1.100045591592788696e-01 0.000000000000000000e+00 7.000000000000000000e+00 8.191000000000000000e+03 0.000000000000000000e+00 1.000000000000000000e+00 2.754600048065185547e+00
1.820000076293945312e+01 -9.990516304969787598e-02 0.000000000000000000e+00 -8.941710802901070565e-07 -9.999501705169677734e-02 0.000000000000000000e+00 7.000000000000000000e+00 8.191000000000000000e+03 0.000000000000000000e+00 1.000000000000000000e+00 2.754600048065185547e+00
1.839999961853027344e+01 -8.989918977022171021e-02 0.000000000000000000e+00 -7.574048481728823390e-07 -8.999799191951751709e-02 0.000000000000000000e+00 7.000000000000000000e+00 8.191000000000000000e+03 0.000000000000000000e+00 1.000000000000000000e+00 2.754600048065185547e+00
1.860000038146972656e+01 -7.983581721782684326e-02 0.000000000000000000e+00 -6.359741746564395726e-07 -8.000095188617706299e-02 0.000000000000000000e+00 6.000000000000000000e+00 8.191000000000000000e+03 0.000000000000000000e+00 1.000000000000000000e+00 2.754600048065185547e+00
1.880000114440917969e+01 -6.980451941490173340e-02 0.000000000000000000e+00 -5.228075110608187970e-07 -7.000392675399780273e-02 0.000000000000000000e+00 6.000000000000000000e+00 8.191000000000000000e+03 0.000000000000000000e+00 1.000000000000000000e+00 2.754544734954833984e+00
1.900000000000000000e+01 -5.976660177111625671e-02 0.000000000000000000e+00 -4.206346773116820259e-07 -5.999438837170600891e-02 0.000000000000000000e+00 6.000000000000000000e+00 8.191000000000000000e+03 0.000000000000000000e+00 1.000000000000000000e+00 2.754499912261962891e+00
1.920000076293945312e+01 -4.991235584020614624e-02 0.000000000000000000e+00 -3.276806808116816683e-07 -4.999735578894615173e-02 0.000000000000000000e+00 6.000000000000000000e+00 8.191000000000000000e+03 0.000000000000000000e+00 1.000000000000000000e+00 2.754499912261962891e+00
1.939999961853027344e+01 -3.976796939969062805e-02 0.000000000000000000e+00 -2.417593520931404782e-07 -4.000032320618629456e-02 0.000000000000000000e+00 6.000000000000000000e+00 8.191000000000000000e+03 0.000000000000000000e+00 1.000000000000000000e+00 2.754499912261962891e+00
1.960000038146972656e+01 -2.991813048720359802e-02 0.000000000000000000e+00 -1.652073535751696909e-07 -3.000328317284584045e-02 0.000000000000000000e+00 6.000000000000000000e+00 8.191000000000000000e+03 0.000000000000000000e+00 1.000000000000000000e+00 2.754499912261962891e+00
1.980000114440917969e+01 -1.980078406631946564e-02 0.000000000000000000e+00 -9.740664097535045585e-08 -1.999375596642494202e-02 0.000000000000000000e+00 6.000000000000000000e+00 8.191000000000000000e+03 0.000000000000000000e+00 1.000000000000000000e+00 2.754555225372314453e+00
2.000000000000000000e+01 -9.815393015742301941e-03 0.000000000000000000e+00 -3.996534303496446228e-08 -9.996719658374786377e-03 0.000000000000000000e+00 6.000000000000000000e+00 8.191000000000000000e+03 0.000000000000000000e+00 1.000000000000000000e+00 2.754600048065185547e+00
2.020000076293945312e+01 1.759226142894476652e-04 0.000000000000000000e+00 1.244308212022815496e-08 3.129243850708007812e-07 0.000000000000000000e+00 5.000000000000000000e+00 8.191000000000000000e+03 0.000000000000000000e+00 1.000000000000000000e+00 2.754600048065185547e+00
2.039999961853027344e+01 1.018234528601169586e-02 0.000000000000000000e+00 5.474511155512118421e-08 9.997349232435226440e-03 0.000000000000000000e+00 5.000000000000000000e+00 8.191000000000000000e+03 0.000000000000000000e+00 1.000000000000000000e+00 2.754600048065185547e+00
2.060000038146972656e+01 2.010056190192699432e-02 0.000000000000000000e+00 9.100948972218247945e-08 1.999438367784023285e-02 0.000000000000000000e+00 5.000000000000000000e+00 6.142000000000000000e+03 0.000000000000000000e+00 1.000000000000000000e+00 2.754600048065185547e+00
2.080000114440917969e+01 3.016503900289535522e-02 0.000000000000000000e+00 1.190853211596731853e-07 3.000391460955142975e-02 0.000000000000000000e+00 6.000000000000000000e+00 8.191000000000000000e+03 0.000000000000000000e+00 1.000000000000000000e+00 2.754544734954833984e+00
2.100000000000000000e+01 4.013187065720558167e-02 0.000000000000000000e+00 1.453489062441803981e-07 4.000094905495643616e-02 0.000000000000000000e+00 6.000000000000000000e+00 8.191000000000000000e+03 0.000000000000000000e+00 1.000000000000000000e+00 2.754499912261962891e+00
2.120000076293945312e+01 5.012760683894157410e-02 0.000000000000000000e+00 1.687577224629421835e-07 4.999798536300659180e-02 0.000000000000000000e+00 6.000000000000000000e+00 8.191000000000000000e+03 0.000000000000000000e+00 1.000000000000000000e+00 2.754499912261962891e+00
2.139999961853027344e+01 6.013914570212364197e-02 0.000000000000000000e+00 1.894672010394060635e-07 5.999501794576644897e-02 0.000000000000000000e+00 6.000000000000000000e+00 8.191000000000000000e+03 0.000000000000000000e+00 1.000000000000000000e+00 2.754499912261962891e+00
2.160000038146972656e+01 7.017431408166885376e-02 0.000000000000000000e+00 2.091879025556409033e-07 7.000455260276794434e-02 0.000000000000000000e+00 6.000000000000000000e+00 8.191000000000000000e+03 0.000000000000000000e+00 1.000000000000000000e+00 2.754499912261962891e+00
2.180000114440917969e+01 8.016132563352584839e-02 0.000000000000000000e+00 2.283454563212217181e-07 8.000158518552780151e-02 0.000000000000000000e+00 6.000000000000000000e+00 8.191000000000000000e+03 0.000000000000000000e+00 1.000000000000000000e+00 2.754499912261962891e+00
2.200000000000000000e+01 9.014871716499328613e-02 0.000000000000000000e+00 2.450198621772869956e-07 8.999861776828765869e-02 0.000000000000000000e+00 6.000000000000000000e+00 8.191000000000000000e+03 0.000000000000000000e+00 1.000000000000000000e+00 2.754499912261962891e+00
2.220000076293945312e+01 1.002018973231315613e-01 0.000000000000000000e+00 2.597889761091209948e-07 9.999565780162811279e-02 0.000000000000000000e+00 6.000000000000000000e+00 8.191000000000000000e+03 0.000000000000000000e+00 1.000000000000000000e+00 2.754499912261962891e+00
2.239999961853027344e+01 1.100753024220466614e-01 0.000000000000000000e+00 2.764743385341716930e-07 1.100051850080490112e-01 0.000000000000000000e+00 6.000000000000000000e+00 8.191000000000000000e+03 0.000000000000000000e+00 1.000000000000000000e+00 2.754499912261962891e+00
2.260000038146972656e+01 1.201219931244850159e-01 0.000000000000000000e+00 2.928351818809460383e-07 1.200022250413894653e-01 0.000000000000000000e+00 6.000000000000000000e+00 8.191000000000000000e+03 0.000000000000000000e+00 1.000000000000000000e+00 2.754499912261962891e+00
2.280000114440917969e+01 1.301842778921127319e-01 0.000000000000000000e+00 3.086101401095220353e-07 1.299992501735687256e-01 0.000000000000000000e+00 6.000000000000000000e+00 8.191000000000000000e+03 0.000000000000000000e+00 1.000000000000000000e+00 2.754555225372314453e+00
2.300000000000000000e+01 1.401689946651458740e-01 0.000000000000000000e+00 3.254587568335409742e-07 1.399962902069091797e-01 0.000000000000000000e+00 6.000000000000000000e+00 8.191000000000000000e+03 0.000000000000000000e+00 1.000000000000000000e+00 2.754600048065185547e+00
2.320000076293945312e+01 1.500943005084991455e-01 0.000000000000000000e+00 3.415950686758151278e-07 1.500058174133300781e-01 0.000000000000000000e+00 6.000000000000000000e+00 8.191000000000000000e+03 0.000000000000000000e+00 1.000000000000000000e+00 2.754600048065185547e+00
2.339999961853027344e+01 1.602092385292053223e-01 0.000000000000000000e+00 3.585136028050328605e-07 1.600028574466705322e-01 0.000000000000000000e+00 6.000000000000000000e+00 8.191000000000000000e+03 0.000000000000000000e+00 1.000000000000000000e+00 2.754600048065185547e+00
2.360000038146972656e+01 1.701176166534423828e-01 0.000000000000000000e+00 3.757332365239562932e-07 1.699998974800109863e-01 0.000000000000000000e+00 6.000000000000000000e+00 8.191000000000000000e+03 0.000000000000000000e+00 1.000000000000000000e+00 2.754600048065185547e+00
2.380000114440917969e+01 1.801604479551315308e-01 0.000000000000000000e+00 3.946657329834124539e-07 1.799969226121902466e-01 0.000000000000000000e+00 6.000000000000000000e+00 8.191000000000000000e+03 0.000000000000000000e+00 1.000000000000000000e+00 2.754600048065185547e+00
2.400000000000000000e+01 1.901590526103973389e-01 0.000000000000000000e+00 4.139605778163968353e-07 1.899939626455307007e-01 0.000000000000000000e+00 6.000000000000000000e+00 8.191000000000000000e+03 0.000000000000000000e+00 1.000000000000000000e+00 2.754600048065185547e+00
2.420000076293945312e+01 2.002343088388442993e-01 0.000000000000000000e+00 4.341515591477218550e-07 2.000034898519515991e-01 0.000000000000000000e+00 6.000000000000000000e+00 8.191000000000000000e+03 0.000000000000000000e+00 1.000000000000000000e+00 2.754600048065185547e+00
2.439999961853027344e+01 2.100968509912490845e-01 0.000000000000000000e+00 4.550437608941138024e-07 2.100005298852920532e-01 0.000000000000000000e+00 6.000000000000000000e+00 8.191000000000000000e+03 0.000000000000000000e+00 1.000000000000000000e+00 2.754600048065185547e+00
2.460000038146972656e+01 2.202907353639602661e-01 0.000000000000000000e+00 4.781100528816750739e-07 2.199975699186325073e-01 0.000000000000000000e+00 6.000000000000000000e+00 8.191000000000000000e+03 0.000000000000000000e+00 1.000000000000000000e+00 2.754600048065185547e+00
2.480000114440917969e+01 2.300811558961868286e-01 0.000000000000000000e+00 5.029424983149510808e-07 2.299945950508117676e-01 0.000000000000000000e+00 6.000000000000000000e+00 8.191000000000000000e+03 0.000000000000000000e+00 1.000000000000000000e+00 2.754600048065185547e+00
2.500000000000000000e+01 2.401100695133209229e-01 0.000000000000000000e+00 5.302748036228877027e-07 2.400041371583938599e-01 0.000000000000000000e+00 6.000000000000000000e+00 8.191000000000000000e+03 0.000000000000000000e+00 1.000000000000000000e+00 2.754600048065185547e+00
2.520000076293945312e+01 2.500978410243988037e-01 0.000000000000000000e+00 5.582820676863775589e-07 2.500011622905731201e-01 0.000000000000000000e+00 6.000000000000000000e+00 8.191000000000000000e+03 0.000000000000000000e+00 1.000000000000000000e+00 2.754600048065185547e+00
2.539999961853027344e+01 2.601511478424072266e-01 0.000000000000000000e+00 5.907780291636299808e-07 2.599982023239135742e-01 0.000000000000000000e+00 6.000000000000000000e+00 8.191000000000000000e+03 0.000000000000000000e+00 1.000000000000000000e+00 2.754600048065185547e+00
2.560000038146972656e+01 2.702060937881469727e-01 0.000000000000000000e+00 6.268961669775308110e-07 2.699952423572540283e-01 0.000000000000000000e+00 6.000000000000000000e+00 8.191000000000000000e+03 0.000000000000000000e+00 1.000000000000000000e+00 2.754600048065185547e+00
2.580000114440917969e+01 2.802222967147827148e-01 0.000000000000000000e+00 6.669170034001581371e-07 2.800047695636749268e-01 0.000000000000000000e+00 6.000000000000000000e+00 8.191000000000000000e+03 0.000000000000000000e+00 1.000000000000000000e+00 2.754655122756958008e+00
2.600000000000000000e+01 2.901862859725952148e-01 0.000000000000000000e+00 7.100424568307062145e-07 2.900017797946929932e-01 0.000000000000000000e+00 6.000000000000000000e+00 8.191000000000000000e+03 0.000000000000000000e+00 1.000000000000000000e+00 2.754699945449829102e+00
2.620000076293945312e+01 3.001537919044494629e-01 0.000000000000000000e+00 7.593602049382752739e-07 2.999988198280334473e-01 0.000000000000000000e+00 6.000000000000000000e+00 8.191000000000000000e+03 0.000000000000000000e+00 1.000000000000000000e+00 2.754699945449829102e+00
2.639999961853027344e+01 2.901449501514434814e-01 0.000000000000000000e+00 4.838313429900154006e-07 2.900017797946929932e-01 0.000000000000000000e+00 6.000000000000000000e+00 8.191000000000000000e+03 0.000000000000000000e+00 1.000000000000000000e+00 2.754699945449829102e+00
2.660000038146972656e+01 2.802424132823944092e-01 0.000000000000000000e+00 3.302595814602682367e-07 2.800047695636749268e-01 0.000000000000000000e+00 6.000000000000000000e+00 8.191000000000000000e+03 0.000000000000000000e+00 1.000000000000000000e+00 2.754699945449829102e+00
2.680000114440917969e+01 2.702279090881347656e-01 0.000000000000000000e+00 2.255760449543231516e-07 2.699952423572540283e-01 0.000000000000000000e+00 6.000000000000000000e+00 8.191000000000000000e+03 0.000000000000000000e+00 1.000000000000000000e+00 2.754534006118774414e+00
2.700000000000000000e+01 2.600740194320678711e-01 0.000000000000000000e+00 1.466990653398170252e-07 2.599982023239135742e-01 0.000000000000000000e+00 6.000000000000000000e+00 8.191000000000000000e+03 0.000000000000000000e+00 1.000000000000000000e+00 2.754400014877319336e+00
2.720000076293945312e+01 2.502287626266479492e-01 0.000000000000000000e+00 8.654785688122501597e-08 2.500011622905731201e-01 0.000000000000000000e+00 6.000000000000000000e+00 8.191000000000000000e+03 0.000000000000000000e+00 1.000000000000000000e+00 2.754400014877319336e+00
2.739999961853027344e+01 2.401592284440994263e-01 0.000000000000000000e+00 3.794328407025204797e-08 2.400041371583938599e-01 0.000000000000000000e+00 6.000000000000000000e+00 8.191000000000000000e+03 0.000000000000000000e+00 1.000000000000000000e+00 2.754400014877319336e+00
2.760000038146972656e+01 2.302457094192504883e-01 0.000000000000000000e+00 -1.337487343100463022e-09 2.299945950508117676e-01 0.000000000000000000e+00 5.000000000000000000e+00 8.191000000000000000e+03 0.000000000000000000e+00 1.000000000000000000e+00 2.754400014877319336e+00
2.780000114440917969e+01 2.201003581285476685e-01 0.000000000000000000e+00 -1.094613644170294720e-08 2.199975699186325073e-01 0.000000000000000000e+00 4.000000000000000000e+00 6.908000000000000000e+03 0.000000000000000000e+00 1.000000000000000000e+00 2.754400014877319336e+00
2.800000000000000000e+01 2.101369351148605347e-01 0.000000000000000000e+00 -1.094613644170294720e-08 2.100005298852920532e-01 0.000000000000000000e+00 4.000000000000000000e+00 6.908000000000000000e+03 0.000000000000000000e+00 1.000000000000000000e+00 2.754400014877319336e+00
2.820000076293945312e+01 2.001491785049438477e-01 0.000000000000000000e+00 -1.094613644170294720e-08 2.000034898519515991e-01 0.000000000000000000e+00 4.000000000000000000e+00 7.164000000000000000e+03 0.000000000000000000e+00 1.000000000000000000e+00 2.754400014877319336e+00
2.839999961853027344e+01 1.902317553758621216e-01 0.000000000000000000e+00 -1.067973229851304495e-07 1.899939626455307007e-01 0.000000000000000000e+00 5.000000000000000000e+00 7.164000000000000000e+03 0.000000000000000000e+00 1.000000000000000000e+00 2.754400014877319336e+00
2.860000038146972656e+01 1.801245063543319702e-01 0.000000000000000000e+00 -1.311699975303781684e-07 1.799969226121902466e-01 0.000000000000000000e+00 6.000000000000000000e+00 8.191000000000000000e+03 0.000000000000000000e+00 1.000000000000000000e+00 2.754400014877319336e+00
2.880000114440917969e+01 1.701354831457138062e-01 0.000000000000000000e+00 -1.494952499569990323e-07 1.699998974800109863e-01 0.000000000000000000e+00 6.000000000000000000e+00 8.191000000000000000e+03 0.000000000000000000e+00 1.000000000000000000e+00 2.754400014877319336e+00
2.900000000000000000e+01 1.600874513387680054e-01 0.000000000000000000e+00 -1.672854637035925407e-07 1.600028574466705322e-01 0.000000000000000000e+00 6.000000000000000000e+00 8.191000000000000000e+03 0.000000000000000000e+00 1.000000000000000000e+00 2.754400014877319336e+00
2.920000076293945312e+01 1.500756889581680298e-01 0.000000000000000000e+00 -1.835923626458679792e-07 1.500058174133300781e-01 0.000000000000000000e+00 6.000000000000000000e+00 8.191000000000000000e+03 0.000000000000000000e+00 1.000000000000000000e+00 2.754400014877319336e+00
2.939999961853027344e+01 1.402003318071365356e-01 0.000000000000000000e+00 -1.993846581171965227e-07 1.399962902069091797e-01 0.000000000000000000e+00 6.000000000000000000e+00 8.191000000000000000e+03 0.000000000000000000e+00 1.000000000000000000e+00 2.754400014877319336e+00
2.960000038146972656e+01 1.301503032445907593e-01 0.000000000000000000e+00 -2.153523013248559437e-07 1.299992501735687256e-01 0.000000000000000000e+00 6.000000000000000000e+00 8.191000000000000000e+03 0.000000000000000000e+00 1.000000000000000000e+00 2.754400014877319336e+00
2.980000114440917969e+01 1.200797855854034424e-01 0.000000000000000000e+00 -2.312454228103888454e-07 1.200022250413894653e-01 0.000000000000000000e+00 6.000000000000000000e+00 8.191000000000000000e+03 0.000000000000000000e+00 1.000000000000000000e+00 2.754455089569091797e+00
3.000000000000000000e+01 1.101118028163909912e-01 0.000000000000000000e+00 -2.476179759014485171e-07 1.100051850080490112e-01 0.000000000000000000e+00 6.000000000000000000e+00 8.191000000000000000e+03 0.000000000000000000e+00 1.000000000000000000e+00 2.754499912261962891e+00
3.020000076293945312e+01 1.000923141837120056e-01 0.000000000000000000e+00 -2.633799169871053891e-07 9.999565780162811279e-02 0.000000000000000000e+00 6.000000000000000000e+00 8.191000000000000000e+03 0.000000000000000000e+00 1.000000000000000000e+00 2.754499912261962891e+00
3.039999961853027344e+01 9.018357843160629272e-02 0.000000000000000000e+00 -2.808294539136113599e-07 8.999861776828765869e-02 0.000000000000000000e+00 6.000000000000000000e+00 8.191000000000000000e+03 0.000000000000000000e+00 1.000000000000000000e+00 2.754499912261962891e+00
3.060000038146972656e+01 8.020386844873428345e-02 0.000000000000000000e+00 -2.993162127040704945e-07 8.000158518552780151e-02 0.000000000000000000e+00 6.000000000000000000e+00 8.191000000000000000e+03 0.000000000000000000e+00 1.000000000000000000e+00 2.754499912261962891e+00
3.080000114440917969e+01 7.020469009876251221e-02 0.000000000000000000e+00 -3.206216376838710858e-07 7.000455260276794434e-02 0.000000000000000000e+00 6.000000000000000000e+00 8.191000000000000000e+03 0.000000000000000000e+00 1.000000000000000000e+00 2.754555225372314453e+00
3.100000000000000000e+01 6.019205227494239807e-02 0.000000000000000000e+00 -3.423791099521622527e-07 5.999501794576644897e-02 0.000000000000000000e+00 6.000000000000000000e+00 8.191000000000000000e+03 0.000000000000000000e+00 1.000000000000000000e+00 2.754600048065185547e+00
3.120000076293945312e+01 5.016175284981727600e-02 0.000000000000000000e+00 -3.665320491563761607e-07 4.999798536300659180e-02 0.000000000000000000e+00 6.000000000000000000e+00 8.191000000000000000e+03 0.000000000000000000e+00 1.000000000000000000e+00 2.754600048065185547e+00
3.139999961853027344e+01 4.020085185766220093e-02 0.000000000000000000e+00 -3.955678380407334771e-07 4.000094905495643616e-02 0.000000000000000000e+00 6.000000000000000000e+00 8.191000000000000000e+03 0.000000000000000000e+00 1.000000000000000000e+00 2.754600048065185547e+00
3.160000038146972656e+01 3.015029802918434143e-02 0.000000000000000000e+00 -4.261334254351822892e-07 3.000391460955142975e-02 0.000000000000000000e+00 6.000000000000000000e+00 8.191000000000000000e+03 0.000000000000000000e+00 1.000000000000000000e+00 2.754600048065185547e+00
3.180000114440917969e+01 2.013411931693553925e-02 0.000000000000000000e+00 -4.619074900347186485e-07 1.999438367784023285e-02 0.000000000000000000e+00 6.000000000000000000e+00 8.191000000000000000e+03 0.000000000000000000e+00 1.000000000000000000e+00 2.754600048065185547e+00
3.200000000000000000e+01 1.018219999969005585e-02 0.000000000000000000e+00 -5.047371018918056507e-07 9.997349232435226440e-03 0.000000000000000000e+00 6.000000000000000000e+00 8.191000000000000000e+03 0.000000000000000000e+00 1.000000000000000000e+00 2.754600048065185547e+00
3.220000076293945312e+01 5.798658821731805801e-05 0.000000000000000000e+00 -5.524503876586095430e-07 3.129243850708007812e-07 0.000000000000000000e+00 6.000000000000000000e+00 8.191000000000000000e+03 0.000000000000000000e+00 1.000000000000000000e+00 2.754600048065185547e+00
3.240000152587890625e+01 -9.900514036417007446e-03 0.000000000000000000e+00 -6.056969255041622091e-07 -9.996719658374786377e-03 0.000000000000000000e+00 6.000000000000000000e+00 8.191000000000000000e+03 0.000000000000000000e+00 1.000000000000000000e+00 2.754600048065185547e+00
3.260000228881835938e+01 -1.990375481545925140e-02 0.000000000000000000e+00 -6.672339054603071418e-07 -1.999375596642494202e-02 0.000000000000000000e+00 6.000000000000000000e+00 6.143000000000000000e+03 0.000000000000000000e+00 1.000000000000000000e+00 2.754600048065185547e+00
3.279999923706054688e+01 -2.986662462353706360e-02 0.000000000000000000e+00 -7.344672781073313672e-07 -3.000328317284584045e-02 0.000000000000000000e+00 6.000000000000000000e+00 8.191000000000000000e+03 0.000000000000000000e+00 1.000000000000000000e+00 2.754600048065185547e+00
3.300000000000000000e+01 -3.982532769441604614e-02 0.000000000000000000e+00 -8.047361461649416015e-07 -4.000032320618629456e-02 0.000000000000000000e+00 6.000000000000000000e+00 8.191000000000000000e+03 0.000000000000000000e+00 1.000000000000000000e+00 2.754600048065185547e+00
3.320000076293945312e+01 -4.986788704991340637e-02 0.000000000000000000e+00 -8.770167596594546922e-07 -4.999735578894615173e-02 0.000000000000000000e+00 6.000000000000000000e+00 8.191000000000000000e+03 0.000000000000000000e+00 1.000000000000000000e+00 2.754600048065185547e+00
3.340000152587890625e+01 -5.985326692461967468e-02 0.000000000000000000e+00 -9.533706588626955636e-07 -5.999438837170600891e-02 0.000000000000000000e+00 6.000000000000000000e+00 8.191000000000000000e+03 0.000000000000000000e+00 1.000000000000000000e+00 2.754600048065185547e+00
3.360000228881835938e+01 -6.986732035875320435e-02 0.000000000000000000e+00 -1.029935788210423198e-06 -7.000392675399780273e-02 0.000000000000000000e+00 7.000000000000000000e+00 8.191000000000000000e+03 0.000000000000000000e+00 1.000000000000000000e+00 2.754600048065185547e+00
3.379999923706054688e+01 -7.980742305517196655e-02 0.000000000000000000e+00 -1.111088067773380317e-06 -8.000095188617706299e-02 0.000000000000000000e+00 7.000000000000000000e+00 8.191000000000000000e+03 0.000000000000000000e+00 1.000000000000000000e+00 2.754600048065185547e+00
3.400000000000000000e+01 -8.987356722354888916e-02 0.000000000000000000e+00 -1.205548528560029808e-06 -8.999799191951751709e-02 0.000000000000000000e+00 7.000000000000000000e+00 8.191000000000000000e+03 0.000000000000000000e+00 1.000000000000000000e+00 2.754600048065185547e+00
3.420000076293945312e+01 -9.985833615064620972e-02 0.000000000000000000e+00 -1.305796104134060442e-06 -9.999501705169677734e-02 0.000000000000000000e+00 7.000000000000000000e+00 8.191000000000000000e+03 0.000000000000000000e+00 1.000000000000000000e+00 2.754600048065185547e+00
3.440000152587890625e+01 -1.098167896270751953e-01 0.000000000000000000e+00 -1.418808437847474124e-06 -1.100045591592788696e-01 0.000000000000000000e+00 7.000000000000000000e+00 8.191000000000000000e+03 0.000000000000000000e+00 1.000000000000000000e+00 2.754600048065185547e+00
3.460000228881835938e+01 -1.198650822043418884e-01 0.000000000000000000e+00 -1.546897010484826751e-06 -1.200015842914581299e-01 0.000000000000000000e+00 7.000000000000000000e+00 8.191000000000000000e+03 0.000000000000000000e+00 1.000000000000000000e+00 2.754600048065185547e+00
3.479999923706054688e+01 -1.298810690641403198e-01 0.000000000000000000e+00 -1.688408019617781974e-06 -1.299986243247985840e-01 0.000000000000000000e+00 7.000000000000000000e+00 8.191000000000000000e+03 0.000000000000000000e+00 1.000000000000000000e+00 2.754544734954833984e+00
3.500000000000000000e+01 -1.399219781160354614e-01 0.000000000000000000e+00 -1.844484700086468365e-06 -1.399956643581390381e-01 0.000000000000000000e+00 7.000000000000000000e+00 8.191000000000000000e+03 0.000000000000000000e+00 1.000000000000000000e+00 2.754499912261962891e+00
3.520000076293945312e+01 -1.498520970344543457e-01 0.000000000000000000e+00 -2.022648459387710318e-06 -1.500051915645599365e-01 0.000000000000000000e+00 7.000000000000000000e+00 8.191000000000000000e+03 0.000000000000000000e+00 1.000000000000000000e+00 2.754499912261962891e+00
3.540000152587890625e+01 -1.597838252782821655e-01 0.000000000000000000e+00 -2.209206286352127790e-06 -1.600022166967391968e-01 0.000000000000000000e+00 7.000000000000000000e+00 8.191000000000000000e+03 0.000000000000000000e+00 1.000000000000000000e+00 2.754499912261962891e+00
3.560000228881835938e+01 -1.697983145713806152e-01 0.000000000000000000e+00 -2.425477987344493158e-06 -1.699992567300796509e-01 0.000000000000000000e+00 7.000000000000000000e+00 8.191000000000000000e+03 0.000000000000000000e+00 1.000000000000000000e+00 2.754499912261962891e+00
3.579999923706054688e+01 -1.798257827758789062e-01 0.000000000000000000e+00 -2.660207201188313775e-06 -1.799962967634201050e-01 0.000000000000000000e+00 7.000000000000000000e+00 8.191000000000000000e+03 0.000000000000000000e+00 1.000000000000000000e+00 2.754499912261962891e+00
3.600000000000000000e+01 -1.897953003644943237e-01 0.000000000000000000e+00 -2.919188318628584966e-06 -1.900058239698410034e-01 0.000000000000000000e+00 7.000000000000000000e+00 8.191000000000000000e+03 0.000000000000000000e+00 1.000000000000000000e+00 2.754499912261962891e+00
3.620000076293945312e+01 -1.998994946479797363e-01 0.000000000000000000e+00 -3.197880914740380831e-06 -2.000028640031814575e-01 0.000000000000000000e+00 7.000000000000000000e+00 8.191000000000000000e+03 0.000000000000000000e+00 1.000000000000000000e+00 2.754499912261962891e+00
3.640000152587890625e+01 -1.899276971817016602e-01 0.000000000000000000e+00 -2.731545464484952390e-06 -1.900058239698410034e-01 0.000000000000000000e+00 7.000000000000000000e+00 8.191000000000000000e+03 0.000000000000000000e+00 2.000000000000000000e+00 2.754499912261962891e+00
3.660000228881835938e+01 -1.798987090587615967e-01 0.000000000000000000e+00 -2.364928832321311347e-06 -1.799962967634201050e-01 0.000000000000000000e+00 7.000000000000000000e+00 8.191000000000000000e+03 0.000000000000000000e+00 2.000000000000000000e+00 2.754499912261962891e+00
3.679999923706054688e+01 -1.698209345340728760e-01 0.000000000000000000e+00 -2.053602884188876487e-06 -1.699992567300796509e-01 0.000000000000000000e+00 7.000000000000000000e+00 8.191000000000000000e+03 0.000000000000000000e+00 2.000000000000000000e+00 2.754499912261962891e+00
3.700000000000000000e+01 -1.598679274320602417e-01 0.000000000000000000e+00 -1.789009502317639999e-06 -1.600022166967391968e-01 0.000000000000000000e+00 7.000000000000000000e+00 8.191000000000000000e+03 0.000000000000000000e+00 2.000000000000000000e+00 2.754499912261962891e+00
3.720000076293945312e+01 -1.498000621795654297e-01 0.000000000000000000e+00 -1.555894641569466330e-06 -1.500051915645599365e-01 0.000000000000000000e+00 7.000000000000000000e+00 8.191000000000000000e+03 0.000000000000000000e+00 2.000000000000000000e+00 2.754499912261962891e+00
3.740000152587890625e+01 -1.398846507072448730e-01 0.000000000000000000e+00 -1.358116378469276242e-06 -1.399956643581390381e-01 0.000000000000000000e+00 7.000000000000000000e+00 8.191000000000000000e+03 0.000000000000000000e+00 2.000000000000000000e+00 2.754499912261962891e+00
3.760000228881835938e+01 -1.298472881317138672e-01 0.000000000000000000e+00 -1.167657501355279237e-06 -1.299986243247985840e-01 0.000000000000000000e+00 7.000000000000000000e+00 8.191000000000000000e+03 0.000000000000000000e+00 2.000000000000000000e+00 2.754499912261962891e+00
3.779999923706054688e+01 -1.198805496096611023e-01 0.000000000000000000e+00 -1.012552047541248612e-06 -1.200015842914581299e-01 0.000000000000000000e+00 7.000000000000000000e+00 8.191000000000000000e+03 0.000000000000000000e+00 2.000000000000000000e+00 2.754499912261962891e+00
3.800000000000000000e+01 -1.099134162068367004e-01 0.000000000000000000e+00 -8.677633900333603378e-07 -1.100045591592788696e-01 0.000000000000000000e+00 7.000000000000000000e+00 8.191000000000000000e+03 0.000000000000000000e+00 2.000000000000000000e+00 2.754499912261962891e+00
3.820000076293945312e+01 -9.993988275527954102e-02 0.000000000000000000e+00 -7.395855732283962425e-07 -9.999501705169677734e-02 0.000000000000000000e+00 7.000000000000000000e+00 8.191000000000000000e+03 0.000000000000000000e+00 2.000000000000000000e+00 2.754499912261962891e+00
3.840000152587890625e+01 -8.982169628143310547e-02 0.000000000000000000e+00 -6.303526447481999639e-07 -8.999799191951751709e-02 0.000000000000000000e+00 6.000000000000000000e+00 8.191000000000000000e+03 0.000000000000000000e+00 2.000000000000000000e+00 2.754499912261962891e+00
3.860000228881835938e+01 -7.982853055000305176e-02 0.000000000000000000e+00 -5.243115310804569162e-07 -8.000095188617706299e-02 0.000000000000000000e+00 6.000000000000000000e+00 8.191000000000000000e+03 0.000000000000000000e+00 2.000000000000000000e+00 2.754499912261962891e+00
3.879999923706054688e+01 -6.990028917789459229e-02 0.000000000000000000e+00 -4.313384351917193271e-07 -7.000392675399780273e-02 0.000000000000000000e+00 6.000000000000000000e+00 8.191000000000000000e+03 0.000000000000000000e+00 2.000000000000000000e+00 2.754555225372314453e+00
3.900000000000000000e+01 -5.991128087043762207e-02 0.000000000000000000e+00 -3.410836200146150077e-07 -5.999438837170600891e-02 0.000000000000000000e+00 6.000000000000000000e+00 8.191000000000000000e+03 0.000000000000000000e+00 2.000000000000000000e+00 2.754600048065185547e+00
3.920000076293945312e+01 -4.987228661775588989e-02 0.000000000000000000e+00 -2.606224427381675923e-07 -4.999735578894615173e-02 0.000000000000000000e+00 6.000000000000000000e+00 8.191000000000000000e+03 0.000000000000000000e+00 2.000000000000000000e+00 2.754600048065185547e+00
3.940000152587890625e+01 -3.989858552813529968e-02 0.000000000000000000e+00 -1.849611663828909514e-07 -4.000032320618629456e-02 0.000000000000000000e+00 6.000000000000000000e+00 8.191000000000000000e+03 0.000000000000000000e+00 2.000000000000000000e+00 2.754600048065185547e+00
3.960000228881835938e+01 -3.005651943385601044e-02 0.000000000000000000e+00 -1.184078470828353602e-07 -3.000328317284584045e-02 0.000000000000000000e+00 6.000000000000000000e+00 8.191000000000000000e+03 0.000000000000000000e+00 2.000000000000000000e+00 2.754600048065185547e+00
3.979999923706054688e+01 -1.979103125631809235e-02 0.000000000000000000e+00 -5.897670263266263646e-08 -1.999375596642494202e-02 0.000000000000000000e+00 6.000000000000000000e+00 8.191000000000000000e+03 0.000000000000000000e+00 2.000000000000000000e+00 2.754600048065185547e+00
4.000000000000000000e+01 -9.909315034747123718e-03 0.000000000000000000e+00 -5.378033129943560198e-09 -9.996719658374786377e-03 0.000000000000000000e+00 5.000000000000000000e+00 8.191000000000000000e+03 0.000000000000000000e+00 2.000000000000000000e+00 2.754600048065185547e+00
4.020000076293945312e+01 2.846253046300262213e-04 0.000000000000000000e+00 1.093948842623149176e-08 3.129243850708007812e-07 0.000000000000000000e+00 4.000000000000000000e+00 6.908000000000000000e+03 0.000000000000000000e+00 2.000000000000000000e+00 2.754600048065185547e+00
4.040000152587890625e+01 1.012081280350685120e-02 0.000000000000000000e+00 1.093948842623149176e-08 9.997349232435226440e-03 0.000000000000000000e+00 4.000000000000000000e+00 6.908000000000000000e+03 0.000000000000000000e+00 2.000000000000000000e+00 2.754600048065185547e+00
4.060000228881835938e+01 2.005006186664104462e-02 0.000000000000000000e+00 1.093948842623149176e-08 1.999438367784023285e-02 0.000000000000000000e+00 4.000000000000000000e+00 5.116000000000000000e+03 0.000000000000000000e+00 2.000000000000000000e+00 2.754600048065185547e+00
4.079999923706054688e+01 3.012141399085521698e-02 0.000000000000000000e+00 1.091851729029258422e-07 3.000391460955142975e-02 0.000000000000000000e+00 5.000000000000000000e+00 7.164000000000000000e+03 0.000000000000000000e+00 2.000000000000000000e+00 2.754544734954833984e+00
4.100000000000000000e+01 4.008726403117179871e-02 0.000000000000000000e+00 1.645868792365945410e-07 4.000094905495643616e-02 0.000000000000000000e+00 6.000000000000000000e+00 8.191000000000000000e+03 0.000000000000000000e+00 2.000000000000000000e+00 2.754499912261962891e+00
4.120000076293945312e+01 5.013036727905273438e-02 0.000000000000000000e+00 1.861595109176050755e-07 4.999798536300659180e-02 0.000000000000000000e+00 6.000000000000000000e+00 8.191000000000000000e+03 0.000000000000000000e+00 2.000000000000000000e+00 2.754499912261962891e+00
4.140000152587890625e+01 6.014666706323623657e-02 0.000000000000000000e+00 2.026739451821413240e-07 5.999501794576644897e-02 0.000000000000000000e+00 6.000000000000000000e+00 8.191000000000000000e+03 0.000000000000000000e+00 2.000000000000000000e+00 2.754499912261962891e+00
4.160000228881835938e+01 7.015708833932876587e-02 0.000000000000000000e+00 2.224193167421617545e-07 7.000455260276794434e-02 0.000000000000000000e+00 6.000000000000000000e+00 8.191000000000000000e+03 0.000000000000000000e+00 2.000000000000000000e+00 2.754499912261962891e+00
4.179999923706054688e+01 8.023362606763839722e-02 0.000000000000000000e+00 2.410741899439017288e-07 8.000158518552780151e-02 0.000000000000000000e+00 6.000000000000000000e+00 8.191000000000000000e+03 0.000000000000000000e+00 2.000000000000000000e+00 2.754278898239135742e+00
4.200000000000000000e+01 9.017500281333923340e-02 0.000000000000000000e+00 2.579203055574907921e-07 8.999861776828765869e-02 0.000000000000000000e+00 6.000000000000000000e+00 8.191000000000000000e+03 0.000000000000000000e+00 2.000000000000000000e+00 2.754099845886230469e+00
4.220000076293945312e+01 1.002227142453193665e-01 0.000000000000000000e+00 2.742272329214756610e-07 9.999565780162811279e-02 0.000000000000000000e+00 6.000000000000000000e+00 8.191000000000000000e+03 0.000000000000000000e+00 2.000000000000000000e+00 2.754099845886230469e+00
4.240000152587890625e+01 1.102285832166671753e-01 0.000000000000000000e+00 2.912005641064752126e-07 1.100051850080490112e-01 0.000000000000000000e+00 6.000000000000000000e+00 8.191000000000000000e+03 0.000000000000000000e+00 2.000000000000000000e+00 2.754099845886230469e+00
4.260000228881835938e+01 1.201801672577857971e-01 0.000000000000000000e+00 3.068948899453971535e-07 1.200022250413894653e-01 0.000000000000000000e+00 6.000000000000000000e+00 8.191000000000000000e+03 0.000000000000000000e+00 2.000000000000000000e+00 2.754099845886230469e+00
4.279999923706054688e+01 1.301907449960708618e-01 0.000000000000000000e+00 3.225388809369178489e-07 1.299992501735687256e-01 0.000000000000000000e+00 6.000000000000000000e+00 8.191000000000000000e+03 0.000000000000000000e+00 2.000000000000000000e+00 2.754321098327636719e+00
4.300000000000000000e+01 1.402127146720886230e-01 0.000000000000000000e+00 3.381624651410675142e-07 1.399962902069091797e-01 0.000000000000000000e+00 6.000000000000000000e+00 8.191000000000000000e+03 0.000000000000000000e+00 2.000000000000000000e+00 2.754499912261962891e+00
4.320000076293945312e+01 1.501871198415756226e-01 0.000000000000000000e+00 3.554088436885649571e-07 1.500058174133300781e-01 0.000000000000000000e+00 6.000000000000000000e+00 8.191000000000000000e+03 0.000000000000000000e+00 2.000000000000000000e+00 2.754499912261962891e+00
4.340000152587890625e+01 1.601642519235610962e-01 0.000000000000000000e+00 3.729130639840150252e-07 1.600028574466705322e-01 0.000000000000000000e+00 6.000000000000000000e+00 8.191000000000000000e+03 0.000000000000000000e+00 2.000000000000000000e+00 2.754499912261962891e+00
4.360000228881835938e+01 1.701486557722091675e-01 0.000000000000000000e+00 3.902916034803638468e-07 1.699998974800109863e-01 0.000000000000000000e+00 6.000000000000000000e+00 8.191000000000000000e+03 0.000000000000000000e+00 2.000000000000000000e+00 2.754499912261962891e+00
4.379999923706054688e+01 1.801954060792922974e-01 0.000000000000000000e+00 4.100577939425420482e-07 1.799969226121902466e-01 0.000000000000000000e+00 6.000000000000000000e+00 8.191000000000000000e+03 0.000000000000000000e+00 2.000000000000000000e+00 2.754555225372314453e+00
4.400000000000000000e+01 1.902148276567459106e-01 0.000000000000000000e+00 4.327727367581246654e-07 1.899939626455307007e-01 0.000000000000000000e+00 6.000000000000000000e+00 8.191000000000000000e+03 0.000000000000000000e+00 2.000000000000000000e+00 2.754600048065185547e+00
4.420000076293945312e+01 2.002747207880020142e-01 0.000000000000000000e+00 4.538184725788596552e-07 2.000034898519515991e-01 0.000000000000000000e+00 6.000000000000000000e+00 8.191000000000000000e+03 0.000000000000000000e+00 2.000000000000000000e+00 2.754600048065185547e+00
4.440000152587890625e+01 2.101122736930847168e-01 0.000000000000000000e+00 4.779025175594142638e-07 2.100005298852920532e-01 0.000000000000000000e+00 6.000000000000000000e+00 8.191000000000000000e+03 0.000000000000000000e+00 2.000000000000000000e+00 2.754600048065185547e+00
4.460000228881835938e+01 2.201342135667800903e-01 0.000000000000000000e+00 5.032841841057233978e-07 2.199975699186325073e-01 0.000000000000000000e+00 6.000000000000000000e+00 8.191000000000000000e+03 0.000000000000000000e+00 2.000000000000000000e+00 2.754600048065185547e+00
4.479999923706054688e+01 2.301623672246932983e-01 0.000000000000000000e+00 5.301330929796677083e-07 2.299945950508117676e-01 0.000000000000000000e+00 6.000000000000000000e+00 8.191000000000000000e+03 0.000000000000000000e+00 2.000000000000000000e+00 2.754600048065185547e+00
4.500000000000000000e+01 2.401754111051559448e-01 0.000000000000000000e+00 5.574924557549820747e-07 2.400041371583938599e-01 0.000000000000000000e+00 6.000000000000000000e+00 8.191000000000000000e+03 0.000000000000000000e+00 2.000000000000000000e+00 2.754600048065185547e+00
4.520000076293945312e+01 2.500894963741302490e-01 0.000000000000000000e+00 5.875589295101235621e-07 2.500011622905731201e-01 0.000000000000000000e+00 6.000000000000000000e+00 8.191000000000000000e+03 0.000000000000000000e+00 2.000000000000000000e+00 2.754600048065185547e+00
4.540000152587890625e+01 2.600887715816497803e-01 0.000000000000000000e+00 6.229176960914628580e-07 2.599982023239135742e-01 0.000000000000000000e+00 6.000000000000000000e+00 8.191000000000000000e+03 0.000000000000000000e+00 2.000000000000000000e+00 2.754600048065185547e+00
4.560000228881835938e+01 2.701291739940643311e-01 0.000000000000000000e+00 6.594405022042337805e-07 2.699952423572540283e-01 0.000000000000000000e+00 6.000000000000000000e+00 8.191000000000000000e+03 0.000000000000000000e+00 2.000000000000000000e+00 2.754600048065185547e+00
4.579999923706054688e+01 2.802207171916961670e-01 0.000000000000000000e+00 6.995775265750125982e-07 2.800047695636749268e-01 0.000000000000000000e+00 6.000000000000000000e+00 8.191000000000000000e+03 0.000000000000000000e+00 2.000000000000000000e+00 2.754655122756958008e+00
4.600000000000000000e+01 2.901808023452758789e-01 0.000000000000000000e+00 7.459232165274443105e-07 2.900017797946929932e-01 0.000000000000000000e+00 6.000000000000000000e+00 8.191000000000000000e+03 0.000000000000000000e+00 2.000000000000000000e+00 2.754699945449829102e+00
4.620000076293945312e+01 3.002371788024902344e-01 0.000000000000000000e+00 7.967886972437554505e-07 2.999988198280334473e-01 0.000000000000000000e+00 6.000000000000000000e+00 8.191000000000000000e+03 0.000000000000000000e+00 2.000000000000000000e+00 2.754699945449829102e+00
4.640000152587890625e+01 2.901492714881896973e-01 0.000000000000000000e+00 5.174597959012317006e-07 2.900017797946929932e-01 0.000000000000000000e+00 6.000000000000000000e+00 8.191000000000000000e+03 0.000000000000000000e+00 2.000000000000000000e+00 2.754699945449829102e+00
4.660000228881835938e+01 2.801736891269683838e-01 0.000000000000000000e+00 3.579414737941988278e-07 2.800047695636749268e-01 0.000000000000000000e+00 6.000000000000000000e+00 8.191000000000000000e+03 0.000000000000000000e+00 2.000000000000000000e+00 2.754699945449829102e+00
4.679999923706054688e+01 2.701991200447082520e-01 0.000000000000000000e+00 2.486624737230158644e-07 2.699952423572540283e-01 0.000000000000000000e+00 6.000000000000000000e+00 8.191000000000000000e+03 0.000000000000000000e+00 2.000000000000000000e+00 2.754589319229125977e+00
4.700000000000000000e+01 2.600462734699249268e-01 0.000000000000000000e+00 1.676133223327269661e-07 2.599982023239135742e-01 0.000000000000000000e+00 6.000000000000000000e+00 8.191000000000000000e+03 0.000000000000000000e+00 2.000000000000000000e+00 2.754499912261962891e+00
4.720000076293945312e+01 2.501085102558135986e-01 0.000000000000000000e+00 1.041438153492890706e-07 2.500011622905731201e-01 0.000000000000000000e+00 6.000000000000000000e+00 8.191000000000000000e+03 0.000000000000000000e+00 2.000000000000000000e+00 2.754499912261962891e+00
4.740000152587890625e+01 2.401963174343109131e-01 0.000000000000000000e+00 5.279004966496358975e-08 2.400041371583938599e-01 0.000000000000000000e+00 6.000000000000000000e+00 8.191000000000000000e+03 0.000000000000000000e+00 2.000000000000000000e+00 2.754499912261962891e+00
4.760000228881835938e+01 2.301626056432723999e-01 0.000000000000000000e+00 8.897075964853229380e-09 2.299945950508117676e-01 0.000000000000000000e+00 5.000000000000000000e+00 8.191000000000000000e+03 0.000000000000000000e+00 2.000000000000000000e+00 2.754499912261962891e+00
4.779999923706054688e+01 2.201240956783294678e-01 0.000000000000000000e+00 -2.602941329143959592e-08 2.199975699186325073e-01 0.000000000000000000e+00 5.000000000000000000e+00 8.191000000000000000e+03 0.000000000000000000e+00 2.000000000000000000e+00 2.754444599151611328e+00
4.800000000000000000e+01 2.101129144430160522e-01 0.000000000000000000e+00 -5.607320119338510267e-08 2.100005298852920532e-01 0.000000000000000000e+00 5.000000000000000000e+00 8.191000000000000000e+03 0.000000000000000000e+00 2.000000000000000000e+00 2.754400014877319336e+00
4.820000076293945312e+01 2.001627832651138306e-01 0.000000000000000000e+00 -8.253616101683292072e-08 2.000034898519515991e-01 0.000000000000000000e+00 5.000000000000000000e+00 8.191000000000000000e+03 0.000000000000000000e+00 2.000000000000000000e+00 2.754400014877319336e+00
4.840000152587890625e+01 1.901224404573440552e-01 0.000000000000000000e+00 -1.049914004624952213e-07 1.899939626455307007e-01 0.000000000000000000e+00 5.000000000000000000e+00 7.164000000000000000e+03 0.000000000000000000e+00 2.000000000000000000e+00 2.754400014877319336e+00
4.860000228881835938e+01 1.800939440727233887e-01 0.000000000000000000e+00 -1.242140115209622309e-07 1.799969226121902466e-01 0.000000000000000000e+00 6.000000000000000000e+00 8.191000000000000000e+03 0.000000000000000000e+00 2.000000000000000000e+00 2.754400014877319336e+00
4.879999923706054688e+01 1.702145785093307495e-01 0.000000000000000000e+00 -1.442942050289275357e-07 1.699998974800109863e-01 0.000000000000000000e+00 6.000000000000000000e+00 8.191000000000000000e+03 0.000000000000000000e+00 2.000000000000000000e+00 2.754510402679443359e+00
4.900000000000000000e+01 1.601894944906234741e-01 0.000000000000000000e+00 -1.631199637586178142e-07 1.600028574466705322e-01 0.000000000000000000e+00 6.000000000000000000e+00 8.191000000000000000e+03 0.000000000000000000e+00 2.000000000000000000e+00 2.754600048065185547e+00
4.920000076293945312e+01 1.501653641462326050e-01 0.000000000000000000e+00 -1.803301756808650680e-07 1.500058174133300781e-01 0.000000000000000000e+00 6.000000000000000000e+00 8.191000000000000000e+03 0.000000000000000000e+00 2.000000000000000000e+00 2.754600048065185547e+00
4.940000152587890625e+01 1.401406675577163696e-01 0.000000000000000000e+00 -1.973521932541189017e-07 1.399962902069091797e-01 0.000000000000000000e+00 6.000000000000000000e+00 8.191000000000000000e+03 0.000000000000000000e+00 2.000000000000000000e+00 2.754600048065185547e+00
4.960000228881835938e+01 1.301535665988922119e-01 0.000000000000000000e+00 -2.122366140611120500e-07 1.299992501735687256e-01 0.000000000000000000e+00 6.000000000000000000e+00 8.191000000000000000e+03 0.000000000000000000e+00 2.000000000000000000e+00 2.754600048065185547e+00
4.979999923706054688e+01 1.201676353812217712e-01 0.000000000000000000e+00 -2.271698065214877715e-07 1.200022250413894653e-01 0.000000000000000000e+00 6.000000000000000000e+00 8.191000000000000000e+03 0.000000000000000000e+00 2.000000000000000000e+00 2.754600048065185547e+00
5.000000000000000000e+01 1.101400032639503479e-01 0.000000000000000000e+00 -2.440331172692822292e-07 1.100051850080490112e-01 0.000000000000000000e+00 6.000000000000000000e+00 8.191000000000000000e+03 0.000000000000000000e+00 2.000000000000000000e+00 2.754600048065185547e+00
5.020000076293945312e+01 1.001647114753723145e-01 0.000000000000000000e+00 -2.619717065499571618e-07 9.999565780162811279e-02 0.000000000000000000e+00 6.000000000000000000e+00 8.191000000000000000e+03 0.000000000000000000e+00 2.000000000000000000e+00 2.754600048065185547e+00
5.040000152587890625e+01 9.018284082412719727e-02 0.000000000000000000e+00 -2.776286862626875518e-07 8.999861776828765869e-02 0.000000000000000000e+00 6.000000000000000000e+00 8.191000000000000000e+03 0.000000000000000000e+00 2.000000000000000000e+00 2.754600048065185547e+00
5.060000228881835938e+01 8.016973733901977539e-02 0.000000000000000000e+00 -2.959379230560443830e-07 8.000158518552780151e-02 0.000000000000000000e+00 6.000000000000000000e+00 8.191000000000000000e+03 0.000000000000000000e+00 2.000000000000000000e+00 2.754600048065185547e+00
5.079999923706054688e+01 7.020605355501174927e-02 0.000000000000000000e+00 -3.153998022753512487e-07 7.000455260276794434e-02 0.000000000000000000e+00 6.000000000000000000e+00 8.191000000000000000e+03 0.000000000000000000e+00 2.000000000000000000e+00 2.754600048065185547e+00
5.100000000000000000e+01 6.007180362939834595e-02 0.000000000000000000e+00 -3.351550788011081750e-07 5.999501794576644897e-02 0.000000000000000000e+00 6.000000000000000000e+00 8.191000000000000000e+03 0.000000000000000000e+00 2.000000000000000000e+00 2.754600048065185547e+00
5.120000076293945312e+01 5.016277357935905457e-02 0.000000000000000000e+00 -3.571879005903610960e-07 4.999798536300659180e-02 0.000000000000000000e+00 6.000000000000000000e+00 8.191000000000000000e+03 0.000000000000000000e+00 2.000000000000000000e+00 2.754600048065185547e+00
5.140000152587890625e+01 4.011503234505653381e-02 0.000000000000000000e+00 -3.836121038602868794e-07 4.000094905495643616e-02 0.000000000000000000e+00 6.000000000000000000e+00 8.191000000000000000e+03 0.000000000000000000e+00 2.000000000000000000e+00 2.754600048065185547e+00
5.160000228881835938e+01 3.009913489222526550e-02 0.000000000000000000e+00 -4.150548136294673895e-07 3.000391460955142975e-02 0.000000000000000000e+00 6.000000000000000000e+00 8.191000000000000000e+03 0.000000000000000000e+00 2.000000000000000000e+00 2.754600048065185547e+00
5.179999923706054688e+01 2.004938758909702301e-02 0.000000000000000000e+00 -4.474853199099015910e-07 1.999438367784023285e-02 0.000000000000000000e+00 6.000000000000000000e+00 8.191000000000000000e+03 0.000000000000000000e+00 2.000000000000000000e+00 2.754600048065185547e+00
5.200000000000000000e+01 1.012246031314134598e-02 0.000000000000000000e+00 -4.867412712883378845e-07 9.997349232435226440e-03 0.000000000000000000e+00 6.000000000000000000e+00 8.191000000000000000e+03 0.000000000000000000e+00 2.000000000000000000e+00 2.754600048065185547e+00
5.220000076293945312e+01 1.047408732119947672e-04 0.000000000000000000e+00 -5.318308922142023221e-07 3.129243850708007812e-07 0.000000000000000000e+00 6.000000000000000000e+00 8.191000000000000000e+03 0.000000000000000000e+00 2.000000000000000000e+00 2.754600048065185547e+00
5.240000152587890625e+01 -9.830423630774021149e-03 0.000000000000000000e+00 -5.821467539135483094e-07 -9.996719658374786377e-03 0.000000000000000000e+00 6.000000000000000000e+00 8.191000000000000000e+03 0.000000000000000000e+00 2.000000000000000000e+00 2.754600048065185547e+00
5.260000228881835938e+01 -1.984539069235324860e-02 0.000000000000000000e+00 -6.367588412103941664e-07 -1.999375596642494202e-02 0.000000000000000000e+00 6.000000000000000000e+00 6.143000000000000000e+03 0.000000000000000000e+00 2.000000000000000000e+00 2.754600048065185547e+00
5.279999923706054688e+01 -2.986159920692443848e-02 0.000000000000000000e+00 -7.016310519247781485e-07 -3.000328317284584045e-02 0.000000000000000000e+00 6.000000000000000000e+00 8.191000000000000000e+03 0.000000000000000000e+00 2.000000000000000000e+00 2.754600048065185547e+00
5.300000000000000000e+01 -3.991468995809555054e-02 0.000000000000000000e+00 -7.633394147887884174e-07 -4.000032320618629456e-02 0.000000000000000000e+00 6.000000000000000000e+00 8.191000000000000000e+03 0.000000000000000000e+00 2.000000000000000000e+00 2.754600048065185547e+00
5.320000076293945312e+01 -4.981452599167823792e-02 0.000000000000000000e+00 -8.292769848594616633e-07 -4.999735578894615173e-02 0.000000000000000000e+00 6.000000000000000000e+00 8.191000000000000000e+03 0.000000000000000000e+00 2.000000000000000000e+00 2.754600048065185547e+00
5.340000152587890625e+01 -5.981130897998809814e-02 0.000000000000000000e+00 -8.998491125566943083e-07 -5.999438837170600891e-02 0.000000000000000000e+00 6.000000000000000000e+00 8.191000000000000000e+03 0.000000000000000000e+00 2.000000000000000000e+00 2.754600048065185547e+00
5.360000228881835938e+01 -6.988583505153656006e-02 0.000000000000000000e+00 -9.715568012325093150e-07 -7.000392675399780273e-02 0.000000000000000000e+00 7.000000000000000000e+00 8.191000000000000000e+03 0.000000000000000000e+00 2.000000000000000000e+00 2.754600048065185547e+00
5.379999923706054688e+01 -7.979834079742431641e-02 0.000000000000000000e+00 -1.050342007147264667e-06 -8.000095188617706299e-02 0.000000000000000000e+00 7.000000000000000000e+00 8.191000000000000000e+03 0.000000000000000000e+00 2.000000000000000000e+00 2.754600048065185547e+00
5.400000000000000000e+01 -8.989892154932022095e-02 0.000000000000000000e+00 -1.137957042374182492e-06 -8.999799191951751709e-02 0.000000000000000000e+00 7.000000000000000000e+00 8.191000000000000000e+03 0.000000000000000000e+00 2.000000000000000000e+00 2.754600048065185547e+00
5.420000076293945312e+01 -9.990178793668746948e-02 0.000000000000000000e+00 -1.224821176037949044e-06 -9.999501705169677734e-02 0.000000000000000000e+00 7.000000000000000000e+00 8.191000000000000000e+03 0.000000000000000000e+00 2.000000000000000000e+00 2.754600048065185547e+00
5.440000152587890625e+01 -1.100137680768966675e-01 0.000000000000000000e+00 -1.328807343270455021e-06 -1.100045591592788696e-01 0.000000000000000000e+00 7.000000000000000000e+00 8.191000000000000000e+03 0.000000000000000000e+00 2.000000000000000000e+00 2.754600048065185547e+00
5.460000228881835938e+01 -1.198055073618888855e-01 0.000000000000000000e+00 -1.442624693481775466e-06 -1.200015842914581299e-01 0.000000000000000000e+00 7.000000000000000000e+00 8.191000000000000000e+03 0.000000000000000000e+00 2.000000000000000000e+00 2.754600048065185547e+00
5.479999923706054688e+01 -1.298267245292663574e-01 0.000000000000000000e+00 -1.570335143696865998e-06 -1.299986243247985840e-01 0.000000000000000000e+00 7.000000000000000000e+00 8.191000000000000000e+03 0.000000000000000000e+00 2.000000000000000000e+00 2.754600048065185547e+00
5.500000000000000000e+01 -1.398237794637680054e-01 0.000000000000000000e+00 -1.712863308966916520e-06 -1.399956643581390381e-01 0.000000000000000000e+00 7.000000000000000000e+00 8.191000000000000000e+03 0.000000000000000000e+00 2.000000000000000000e+00 2.754600048065185547e+00
5.520000076293945312e+01 -1.498675346374511719e-01 0.000000000000000000e+00 -1.872198822638893034e-06 -1.500051915645599365e-01 0.000000000000000000e+00 7.000000000000000000e+00 8.191000000000000000e+03 0.000000000000000000e+00 2.000000000000000000e+00 2.754600048065185547e+00
5.540000152587890625e+01 -1.597505360841751099e-01 0.000000000000000000e+00 -2.051229330390924588e-06 -1.600022166967391968e-01 0.000000000000000000e+00 7.000000000000000000e+00 8.191000000000000000e+03 0.000000000000000000e+00 2.000000000000000000e+00 2.754600048065185547e+00
5.560000228881835938e+01 -1.698958277702331543e-01 0.000000000000000000e+00 -2.249232011308777146e-06 -1.699992567300796509e-01 0.000000000000000000e+00 7.000000000000000000e+00 8.191000000000000000e+03 0.000000000000000000e+00 2.000000000000000000e+00 2.754600048065185547e+00
5.579999923706054688e+01 -1.798933148384094238e-01 0.000000000000000000e+00 -2.461142457832465880e-06 -1.799962967634201050e-01 0.000000000000000000e+00 7.000000000000000000e+00 8.191000000000000000e+03 0.000000000000000000e+00 2.000000000000000000e+00 2.754600048065185547e+00
5.600000000000000000e+01 -1.898141354322433472e-01 0.000000000000000000e+00 -2.700375489439466037e-06 -1.900058239698410034e-01 0.000000000000000000e+00 7.000000000000000000e+00 8.191000000000000000e+03 0.000000000000000000e+00 2.000000000000000000e+00 2.754600048065185547e+00
5.620000076293945312e+01 -1.999321579933166504e-01 0.000000000000000000e+00 -2.959915036626625806e-06 -2.000028640031814575e-01 0.000000000000000000e+00 7.000000000000000000e+00 8.191000000000000000e+03 0.000000000000000000e+00 2.000000000000000000e+00 2.754600048065185547e+00
5.640000152587890625e+01 -1.999230533838272095e-01 0.000000000000000000e+00 -2.860553195205284283e-06 -2.000028640031814575e-01 0.000000000000000000e+00 7.000000000000000000e+00 8.191000000000000000e+03 0.000000000000000000e+00 3.000000000000000000e+00 2.754600048065185547e+00
