2.000000029802322388e-01 1.046770194079726934e-05 0.000000000000000000e+00 3.736392883979533508e-08 3.129243850708007812e-07 0.000000000000000000e+00 7.000000000000000000e+00 8.191000000000000000e+03 0.000000000000000000e+00 0.000000000000000000e+00 2.757299900054931641e+00
4.000000059604644775e-01 1.014844886958599091e-02 0.000000000000000000e+00 1.494677803748345468e-07 9.997349232435226440e-03 0.000000000000000000e+00 6.000000000000000000e+00 8.191000000000000000e+03 0.000000000000000000e+00 0.000000000000000000e+00 2.757299900054931641e+00
6.000000238418579102e-01 2.013767138123512268e-02 0.000000000000000000e+00 2.424704916847986169e-07 1.999438367784023285e-02 0.000000000000000000e+00 6.000000000000000000e+00 8.191000000000000000e+03 0.000000000000000000e+00 0.000000000000000000e+00 2.757299900054931641e+00
8.000000119209289551e-01 2.931580506265163422e-02 0.000000000000000000e+00 3.411209092973876977e-07 3.000391460955142975e-02 0.000000000000000000e+00 6.000000000000000000e+00 6.143000000000000000e+03 0.000000000000000000e+00 0.000000000000000000e+00 2.757299900054931641e+00
1.000000000000000000e+00 4.019791260361671448e-02 0.000000000000000000e+00 4.561117634693800937e-07 4.000094905495643616e-02 0.000000000000000000e+00 6.000000000000000000e+00 8.191000000000000000e+03 0.000000000000000000e+00 0.000000000000000000e+00 2.757099866867065430e+00
1.200000047683715820e+00 5.016530305147171021e-02 0.000000000000000000e+00 5.884948564016667660e-07 4.999798536300659180e-02 0.000000000000000000e+00 6.000000000000000000e+00 8.191000000000000000e+03 0.000000000000000000e+00 0.000000000000000000e+00 2.757099866867065430e+00
1.399999976158142090e+00 6.013040617108345032e-02 0.000000000000000000e+00 7.377177553280489519e-07 5.999501794576644897e-02 0.000000000000000000e+00 6.000000000000000000e+00 8.191000000000000000e+03 0.000000000000000000e+00 0.000000000000000000e+00 2.757099866867065430e+00
1.600000023841857910e+00 7.009458541870117188e-02 0.000000000000000000e+00 8.981438099908700678e-07 7.000455260276794434e-02 0.000000000000000000e+00 6.000000000000000000e+00 8.191000000000000000e+03 0.000000000000000000e+00 0.000000000000000000e+00 2.757099866867065430e+00
1.800000071525573730e+00 8.011586219072341919e-02 0.000000000000000000e+00 1.061522766576672439e-06 8.000158518552780151e-02 0.000000000000000000e+00 7.000000000000000000e+00 8.191000000000000000e+03 0.000000000000000000e+00 0.000000000000000000e+00 2.757099866867065430e+00
2.000000000000000000e+00 9.018146246671676636e-02 0.000000000000000000e+00 1.213383143294777256e-06 8.999861776828765869e-02 0.000000000000000000e+00 7.000000000000000000e+00 8.191000000000000000e+03 0.000000000000000000e+00 0.000000000000000000e+00 2.756700038909912109e+00
2.200000047683715820e+00 1.001455709338188171e-01 0.000000000000000000e+00 1.341638949270418379e-06 9.999565780162811279e-02 0.000000000000000000e+00 7.000000000000000000e+00 8.191000000000000000e+03 0.000000000000000000e+00 0.000000000000000000e+00 2.756700038909912109e+00
2.400000095367431641e+00 1.101453527808189392e-01 0.000000000000000000e+00 1.444516783521976322e-06 1.100051850080490112e-01 0.000000000000000000e+00 7.000000000000000000e+00 8.191000000000000000e+03 0.000000000000000000e+00 0.000000000000000000e+00 2.756700038909912109e+00
2.600000143051147461e+00 1.201045513153076172e-01 0.000000000000000000e+00 1.531893303763354197e-06 1.200022250413894653e-01 0.000000000000000000e+00 7.000000000000000000e+00 8.191000000000000000e+03 0.000000000000000000e+00 0.000000000000000000e+00 2.756700038909912109e+00
2.799999952316284180e+00 1.301132738590240479e-01 0.000000000000000000e+00 1.592480430190335028e-06 1.299992501735687256e-01 0.000000000000000000e+00 7.000000000000000000e+00 8.191000000000000000e+03 0.000000000000000000e+00 0.000000000000000000e+00 2.756700038909912109e+00
3.000000000000000000e+00 1.402153968811035156e-01 0.000000000000000000e+00 1.658856831454613712e-06 1.399962902069091797e-01 0.000000000000000000e+00 7.000000000000000000e+00 8.191000000000000000e+03 0.000000000000000000e+00 0.000000000000000000e+00 2.756599903106689453e+00
3.200000047683715820e+00 1.501242667436599731e-01 0.000000000000000000e+00 1.716564156595268287e-06 1.500058174133300781e-01 0.000000000000000000e+00 7.000000000000000000e+00 8.191000000000000000e+03 0.000000000000000000e+00 0.000000000000000000e+00 2.756599903106689453e+00
3.400000095367431641e+00 1.601703464984893799e-01 0.000000000000000000e+00 1.781049718374561053e-06 1.600028574466705322e-01 0.000000000000000000e+00 7.000000000000000000e+00 8.191000000000000000e+03 0.000000000000000000e+00 0.000000000000000000e+00 2.756599903106689453e+00
3.600000143051147461e+00 1.701833605766296387e-01 0.000000000000000000e+00 1.858751943473180290e-06 1.699998974800109863e-01 0.000000000000000000e+00 7.000000000000000000e+00 8.191000000000000000e+03 0.000000000000000000e+00 0.000000000000000000e+00 2.756599903106689453e+00
3.799999952316284180e+00 1.801752895116806030e-01 0.000000000000000000e+00 1.943774577739532106e-06 1.799969226121902466e-01 0.000000000000000000e+00 7.000000000000000000e+00 8.191000000000000000e+03 0.000000000000000000e+00 0.000000000000000000e+00 2.756599903106689453e+00
4.000000000000000000e+00 1.901308447122573853e-01 0.000000000000000000e+00 2.049466729658888653e-06 1.899939626455307007e-01 0.000000000000000000e+00 7.000000000000000000e+00 8.191000000000000000e+03 0.000000000000000000e+00 0.000000000000000000e+00 2.756599903106689453e+00
4.200000286102294922e+00 2.002065926790237427e-01 0.000000000000000000e+00 2.155610900445026346e-06 2.000034898519515991e-01 0.000000000000000000e+00 7.000000000000000000e+00 8.191000000000000000e+03 0.000000000000000000e+00 0.000000000000000000e+00 2.756599903106689453e+00
4.400000095367431641e+00 2.101131826639175415e-01 0.000000000000000000e+00 2.272360916322213598e-06 2.100005298852920532e-01 0.000000000000000000e+00 7.000000000000000000e+00 8.191000000000000000e+03 0.000000000000000000e+00 0.000000000000000000e+00 2.756599903106689453e+00
4.599999904632568359e+00 2.201461493968963623e-01 0.000000000000000000e+00 2.392135456830146722e-06 2.199975699186325073e-01 0.000000000000000000e+00 7.000000000000000000e+00 8.191000000000000000e+03 0.000000000000000000e+00 0.000000000000000000e+00 2.756599903106689453e+00
4.800000190734863281e+00 2.301268130540847778e-01 0.000000000000000000e+00 2.521025180612923577e-06 2.299945950508117676e-01 0.000000000000000000e+00 7.000000000000000000e+00 8.191000000000000000e+03 0.000000000000000000e+00 0.000000000000000000e+00 2.756599903106689453e+00
5.000000000000000000e+00 2.401868849992752075e-01 0.000000000000000000e+00 2.645708036652649753e-06 2.400041371583938599e-01 0.000000000000000000e+00 7.000000000000000000e+00 8.191000000000000000e+03 0.000000000000000000e+00 0.000000000000000000e+00 2.756599903106689453e+00
5.200000286102294922e+00 2.502337992191314697e-01 0.000000000000000000e+00 2.766759052974521182e-06 2.500011622905731201e-01 0.000000000000000000e+00 7.000000000000000000e+00 8.191000000000000000e+03 0.000000000000000000e+00 0.000000000000000000e+00 2.756599903106689453e+00
5.400000095367431641e+00 2.601501941680908203e-01 0.000000000000000000e+00 2.885295998567016795e-06 2.599982023239135742e-01 0.000000000000000000e+00 7.000000000000000000e+00 8.191000000000000000e+03 0.000000000000000000e+00 0.000000000000000000e+00 2.756599903106689453e+00
5.599999904632568359e+00 2.701148092746734619e-01 0.000000000000000000e+00 2.997372348545468412e-06 2.699952423572540283e-01 0.000000000000000000e+00 7.000000000000000000e+00 8.191000000000000000e+03 0.000000000000000000e+00 0.000000000000000000e+00 2.756599903106689453e+00
5.800000190734863281e+00 2.801265418529510498e-01 0.000000000000000000e+00 3.100288722635013983e-06 2.800047695636749268e-01 0.000000000000000000e+00 7.000000000000000000e+00 8.191000000000000000e+03 0.000000000000000000e+00 0.000000000000000000e+00 2.756599903106689453e+00
6.000000000000000000e+00 2.901231646537780762e-01 0.000000000000000000e+00 3.196237003066926263e-06 2.900017797946929932e-01 0.000000000000000000e+00 7.000000000000000000e+00 8.191000000000000000e+03 0.000000000000000000e+00 0.000000000000000000e+00 2.756599903106689453e+00
6.200000286102294922e+00 3.001742660999298096e-01 0.000000000000000000e+00 3.282143325122888200e-06 2.999988198280334473e-01 0.000000000000000000e+00 7.000000000000000000e+00 8.191000000000000000e+03 0.000000000000000000e+00 0.000000000000000000e+00 2.756599903106689453e+00
6.400000095367431641e+00 2.901757359504699707e-01 0.000000000000000000e+00 2.080644435409340076e-06 2.900017797946929932e-01 0.000000000000000000e+00 7.000000000000000000e+00 8.191000000000000000e+03 0.000000000000000000e+00 0.000000000000000000e+00 2.756599903106689453e+00
6.599999904632568359e+00 2.802444696426391602e-01 0.000000000000000000e+00 1.493974309596524108e-06 2.800047695636749268e-01 0.000000000000000000e+00 7.000000000000000000e+00 8.191000000000000000e+03 0.000000000000000000e+00 0.000000000000000000e+00 2.756599903106689453e+00
6.800000190734863281e+00 2.700375914573669434e-01 0.000000000000000000e+00 1.124852360590011813e-06 2.699952423572540283e-01 0.000000000000000000e+00 7.000000000000000000e+00 8.191000000000000000e+03 0.000000000000000000e+00 0.000000000000000000e+00 2.756599903106689453e+00
7.000000000000000000e+00 2.601208686828613281e-01 0.000000000000000000e+00 8.652241376694291830e-07 2.599982023239135742e-01 0.000000000000000000e+00 7.000000000000000000e+00 8.191000000000000000e+03 0.000000000000000000e+00 0.000000000000000000e+00 2.756399869918823242e+00
7.200000286102294922e+00 2.501801848411560059e-01 0.000000000000000000e+00 6.812675792389200069e-07 2.500011622905731201e-01 0.000000000000000000e+00 7.000000000000000000e+00 8.191000000000000000e+03 0.000000000000000000e+00 0.000000000000000000e+00 2.756399869918823242e+00
7.400000095367431641e+00 2.400214523077011108e-01 0.000000000000000000e+00 5.346280431695049629e-07 2.400041371583938599e-01 0.000000000000000000e+00 6.000000000000000000e+00 8.191000000000000000e+03 0.000000000000000000e+00 0.000000000000000000e+00 2.756399869918823242e+00
7.599999904632568359e+00 2.302136868238449097e-01 0.000000000000000000e+00 4.196820384549937444e-07 2.299945950508117676e-01 0.000000000000000000e+00 6.000000000000000000e+00 8.191000000000000000e+03 0.000000000000000000e+00 0.000000000000000000e+00 2.756399869918823242e+00
7.800000190734863281e+00 2.201348841190338135e-01 0.000000000000000000e+00 3.253228157973353518e-07 2.199975699186325073e-01 0.000000000000000000e+00 6.000000000000000000e+00 8.191000000000000000e+03 0.000000000000000000e+00 0.000000000000000000e+00 2.756399869918823242e+00
8.000000000000000000e+00 2.101472169160842896e-01 0.000000000000000000e+00 2.443190396661520936e-07 2.100005298852920532e-01 0.000000000000000000e+00 6.000000000000000000e+00 8.191000000000000000e+03 0.000000000000000000e+00 0.000000000000000000e+00 2.756299972534179688e+00
8.199999809265136719e+00 2.002127468585968018e-01 0.000000000000000000e+00 1.714270325692268671e-07 2.000034898519515991e-01 0.000000000000000000e+00 6.000000000000000000e+00 8.191000000000000000e+03 0.000000000000000000e+00 0.000000000000000000e+00 2.756299972534179688e+00
8.400000572204589844e+00 1.901247054338455200e-01 0.000000000000000000e+00 1.055103737712670409e-07 1.899939626455307007e-01 0.000000000000000000e+00 6.000000000000000000e+00 8.191000000000000000e+03 0.000000000000000000e+00 0.000000000000000000e+00 2.756299972534179688e+00
8.600000381469726562e+00 1.801047027111053467e-01 0.000000000000000000e+00 4.254547292248389567e-08 1.799969226121902466e-01 0.000000000000000000e+00 6.000000000000000000e+00 8.191000000000000000e+03 0.000000000000000000e+00 0.000000000000000000e+00 2.756299972534179688e+00
8.800000190734863281e+00 1.701352745294570923e-01 0.000000000000000000e+00 2.134874277359699590e-09 1.699998974800109863e-01 0.000000000000000000e+00 5.000000000000000000e+00 8.191000000000000000e+03 0.000000000000000000e+00 0.000000000000000000e+00 2.756299972534179688e+00
9.000000000000000000e+00 1.602473855018615723e-01 0.000000000000000000e+00 -1.094613644170294720e-08 1.600028574466705322e-01 0.000000000000000000e+00 4.000000000000000000e+00 6.908000000000000000e+03 0.000000000000000000e+00 0.000000000000000000e+00 2.756599903106689453e+00
9.199999809265136719e+00 1.502059102058410645e-01 0.000000000000000000e+00 -1.094613644170294720e-08 1.500058174133300781e-01 0.000000000000000000e+00 4.000000000000000000e+00 6.908000000000000000e+03 0.000000000000000000e+00 0.000000000000000000e+00 2.756599903106689453e+00
9.400000572204589844e+00 1.401609182357788086e-01 0.000000000000000000e+00 -1.094613644170294720e-08 1.399962902069091797e-01 0.000000000000000000e+00 4.000000000000000000e+00 7.164000000000000000e+03 0.000000000000000000e+00 0.000000000000000000e+00 2.756599903106689453e+00
9.600000381469726562e+00 1.301470994949340820e-01 0.000000000000000000e+00 -1.092515233835911204e-07 1.299992501735687256e-01 0.000000000000000000e+00 5.000000000000000000e+00 7.164000000000000000e+03 0.000000000000000000e+00 0.000000000000000000e+00 2.756599903106689453e+00
9.800000190734863281e+00 1.201700791716575623e-01 0.000000000000000000e+00 -4.349381583779177163e-07 1.200022250413894653e-01 0.000000000000000000e+00 6.000000000000000000e+00 8.191000000000000000e+03 0.000000000000000000e+00 0.000000000000000000e+00 2.756599903106689453e+00
1.000000000000000000e+01 1.101861819624900818e-01 0.000000000000000000e+00 -5.562235969591711182e-07 1.100051850080490112e-01 0.000000000000000000e+00 6.000000000000000000e+00 8.191000000000000000e+03 0.000000000000000000e+00 0.000000000000000000e+00 2.756299972534179688e+00
1.019999980926513672e+01 1.001656427979469299e-01 0.000000000000000000e+00 -6.882485195092158392e-07 9.999565780162811279e-02 0.000000000000000000e+00 6.000000000000000000e+00 8.191000000000000000e+03 0.000000000000000000e+00 0.000000000000000000e+00 2.756299972534179688e+00
1.040000057220458984e+01 9.015642106533050537e-02 0.000000000000000000e+00 -8.230887260651797988e-07 8.999861776828765869e-02 0.000000000000000000e+00 6.000000000000000000e+00 8.191000000000000000e+03 0.000000000000000000e+00 0.000000000000000000e+00 2.756299972534179688e+00
1.060000038146972656e+01 8.014276623725891113e-02 0.000000000000000000e+00 -9.490291859037824906e-07 8.000158518552780151e-02 0.000000000000000000e+00 6.000000000000000000e+00 8.190000000000000000e+03 0.000000000000000000e+00 0.000000000000000000e+00 2.756299972534179688e+00
1.080000019073486328e+01 7.013666629791259766e-02 0.000000000000000000e+00 -1.048137505677004810e-06 7.000455260276794434e-02 0.000000000000000000e+00 7.000000000000000000e+00 8.191000000000000000e+03 0.000000000000000000e+00 0.000000000000000000e+00 2.756299972534179688e+00
1.100000000000000000e+01 6.013923883438110352e-02 0.000000000000000000e+00 -1.123446622841584031e-06 5.999501794576644897e-02 0.000000000000000000e+00 7.000000000000000000e+00 8.191000000000000000e+03 0.000000000000000000e+00 0.000000000000000000e+00 2.756199836730957031e+00
1.119999980926513672e+01 5.014538764953613281e-02 0.000000000000000000e+00 -1.159407020168146119e-06 4.999798536300659180e-02 0.000000000000000000e+00 7.000000000000000000e+00 8.191000000000000000e+03 0.000000000000000000e+00 0.000000000000000000e+00 2.756199836730957031e+00
1.140000057220458984e+01 4.015446826815605164e-02 0.000000000000000000e+00 -1.169481606666522566e-06 4.000094905495643616e-02 0.000000000000000000e+00 7.000000000000000000e+00 8.191000000000000000e+03 0.000000000000000000e+00 0.000000000000000000e+00 2.756199836730957031e+00
1.160000038146972656e+01 3.007580153644084930e-02 0.000000000000000000e+00 -1.153375706053338945e-06 3.000391460955142975e-02 0.000000000000000000e+00 7.000000000000000000e+00 8.191000000000000000e+03 0.000000000000000000e+00 0.000000000000000000e+00 2.756199836730957031e+00
1.180000019073486328e+01 2.016960270702838898e-02 0.000000000000000000e+00 -1.125146809499710798e-06 1.999438367784023285e-02 0.000000000000000000e+00 7.000000000000000000e+00 8.191000000000000000e+03 0.000000000000000000e+00 0.000000000000000000e+00 2.756199836730957031e+00
1.200000000000000000e+01 1.012959051877260208e-02 0.000000000000000000e+00 -1.096693608815257903e-06 9.997349232435226440e-03 0.000000000000000000e+00 7.000000000000000000e+00 8.191000000000000000e+03 0.000000000000000000e+00 0.000000000000000000e+00 2.756399869918823242e+00
1.219999980926513672e+01 1.300652220379561186e-04 0.000000000000000000e+00 -1.065492028828884941e-06 3.129243850708007812e-07 0.000000000000000000e+00 7.000000000000000000e+00 8.191000000000000000e+03 0.000000000000000000e+00 0.000000000000000000e+00 2.756399869918823242e+00
1.240000057220458984e+01 -9.866086766123771667e-03 0.000000000000000000e+00 -1.034003730637778062e-06 -9.996719658374786377e-03 0.000000000000000000e+00 7.000000000000000000e+00 8.191000000000000000e+03 0.000000000000000000e+00 0.000000000000000000e+00 2.756399869918823242e+00
1.260000038146972656e+01 -1.988198794424533844e-02 0.000000000000000000e+00 -1.012037614600558300e-06 -1.999375596642494202e-02 0.000000000000000000e+00 7.000000000000000000e+00 6.143000000000000000e+03 0.000000000000000000e+00 0.000000000000000000e+00 2.756399869918823242e+00
1.280000019073486328e+01 -2.997711114585399628e-02 0.000000000000000000e+00 -9.937598406395409256e-07 -3.000328317284584045e-02 0.000000000000000000e+00 7.000000000000000000e+00 8.191000000000000000e+03 0.000000000000000000e+00 0.000000000000000000e+00 2.756399869918823242e+00
1.300000000000000000e+01 -3.992529213428497314e-02 0.000000000000000000e+00 -9.815711337068933062e-07 -4.000032320618629456e-02 0.000000000000000000e+00 7.000000000000000000e+00 8.191000000000000000e+03 0.000000000000000000e+00 0.000000000000000000e+00 2.756599903106689453e+00
1.319999980926513672e+01 -4.988617077469825745e-02 0.000000000000000000e+00 -9.767188657860970125e-07 -4.999735578894615173e-02 0.000000000000000000e+00 7.000000000000000000e+00 8.191000000000000000e+03 0.000000000000000000e+00 0.000000000000000000e+00 2.756599903106689453e+00
1.340000057220458984e+01 -5.987418070435523987e-02 0.000000000000000000e+00 -9.768705240276176482e-07 -5.999438837170600891e-02 0.000000000000000000e+00 7.000000000000000000e+00 8.191000000000000000e+03 0.000000000000000000e+00 0.000000000000000000e+00 2.756599903106689453e+00
1.360000038146972656e+01 -6.993465125560760498e-02 0.000000000000000000e+00 -9.767359188117552549e-07 -7.000392675399780273e-02 0.000000000000000000e+00 7.000000000000000000e+00 8.191000000000000000e+03 0.000000000000000000e+00 0.000000000000000000e+00 2.756599903106689453e+00
1.380000019073486328e+01 -7.988264411687850952e-02 0.000000000000000000e+00 -9.810141818888951093e-07 -8.000095188617706299e-02 0.000000000000000000e+00 7.000000000000000000e+00 8.191000000000000000e+03 0.000000000000000000e+00 0.000000000000000000e+00 2.756599903106689453e+00
1.400000000000000000e+01 -8.995505422353744507e-02 0.000000000000000000e+00 -9.888433396554319188e-07 -8.999799191951751709e-02 0.000000000000000000e+00 7.000000000000000000e+00 8.191000000000000000e+03 0.000000000000000000e+00 0.000000000000000000e+00 2.756399869918823242e+00
1.419999980926513672e+01 -9.984106570482254028e-02 0.000000000000000000e+00 -1.007300284072698560e-06 -9.999501705169677734e-02 0.000000000000000000e+00 7.000000000000000000e+00 8.191000000000000000e+03 0.000000000000000000e+00 0.000000000000000000e+00 2.756399869918823242e+00
1.440000057220458984e+01 -1.099159643054008484e-01 0.000000000000000000e+00 -1.020899048853607383e-06 -1.100045591592788696e-01 0.000000000000000000e+00 7.000000000000000000e+00 8.191000000000000000e+03 0.000000000000000000e+00 0.000000000000000000e+00 2.756399869918823242e+00
1.460000038146972656e+01 -1.198789551854133606e-01 0.000000000000000000e+00 -1.049652723850158509e-06 -1.200015842914581299e-01 0.000000000000000000e+00 7.000000000000000000e+00 8.191000000000000000e+03 0.000000000000000000e+00 0.000000000000000000e+00 2.756399869918823242e+00
1.480000019073486328e+01 -1.299528479576110840e-01 0.000000000000000000e+00 -1.092909542421693914e-06 -1.299986243247985840e-01 0.000000000000000000e+00 7.000000000000000000e+00 8.191000000000000000e+03 0.000000000000000000e+00 0.000000000000000000e+00 2.756399869918823242e+00
1.500000000000000000e+01 -1.398290097713470459e-01 0.000000000000000000e+00 -1.154481310550181661e-06 -1.399956643581390381e-01 0.000000000000000000e+00 7.000000000000000000e+00 8.191000000000000000e+03 0.000000000000000000e+00 0.000000000000000000e+00 2.756399869918823242e+00
1.519999980926513672e+01 -1.498863399028778076e-01 0.000000000000000000e+00 -1.234514911629958078e-06 -1.500051915645599365e-01 0.000000000000000000e+00 7.000000000000000000e+00 8.191000000000000000e+03 0.000000000000000000e+00 0.000000000000000000e+00 2.756399869918823242e+00
1.540000057220458984e+01 -1.598880887031555176e-01 0.000000000000000000e+00 -1.355232825517305173e-06 -1.600022166967391968e-01 0.000000000000000000e+00 7.000000000000000000e+00 8.191000000000000000e+03 0.000000000000000000e+00 0.000000000000000000e+00 2.756399869918823242e+00
1.560000038146972656e+01 -1.698466241359710693e-01 0.000000000000000000e+00 -1.509199137217365205e-06 -1.699992567300796509e-01 0.000000000000000000e+00 7.000000000000000000e+00 8.191000000000000000e+03 0.000000000000000000e+00 0.000000000000000000e+00 2.756399869918823242e+00
1.580000019073486328e+01 -1.798623949289321899e-01 0.000000000000000000e+00 -1.718353701107844245e-06 -1.799962967634201050e-01 0.000000000000000000e+00 7.000000000000000000e+00 8.191000000000000000e+03 0.000000000000000000e+00 0.000000000000000000e+00 2.756399869918823242e+00
1.600000000000000000e+01 -1.899530589580535889e-01 0.000000000000000000e+00 -1.996604851228767075e-06 -1.900058239698410034e-01 0.000000000000000000e+00 7.000000000000000000e+00 8.191000000000000000e+03 0.000000000000000000e+00 0.000000000000000000e+00 2.756399869918823242e+00
1.620000076293945312e+01 -1.999280899763107300e-01 0.000000000000000000e+00 -2.354304569962550886e-06 -2.000028640031814575e-01 0.000000000000000000e+00 7.000000000000000000e+00 8.191000000000000000e+03 0.000000000000000000e+00 0.000000000000000000e+00 2.756399869918823242e+00
1.639999961853027344e+01 -1.898914277553558350e-01 0.000000000000000000e+00 -1.722750198496214580e-06 -1.900058239698410034e-01 0.000000000000000000e+00 7.000000000000000000e+00 8.191000000000000000e+03 0.000000000000000000e+00 1.000000000000000000e+00 2.756399869918823242e+00
1.660000038146972656e+01 -1.798858046531677246e-01 0.000000000000000000e+00 -1.284269387724634726e-06 -1.799962967634201050e-01 0.000000000000000000e+00 7.000000000000000000e+00 8.191000000000000000e+03 0.000000000000000000e+00 1.000000000000000000e+00 2.756399869918823242e+00
1.680000114440917969e+01 -1.698912829160690308e-01 0.000000000000000000e+00 -9.705055390440975316e-07 -1.699992567300796509e-01 0.000000000000000000e+00 7.000000000000000000e+00 8.191000000000000000e+03 0.000000000000000000e+00 1.000000000000000000e+00 2.756399869918823242e+00
1.700000000000000000e+01 -1.599342077970504761e-01 0.000000000000000000e+00 -7.308490239665843546e-07 -1.600022166967391968e-01 0.000000000000000000e+00 7.000000000000000000e+00 8.191000000000000000e+03 0.000000000000000000e+00 1.000000000000000000e+00 2.756399869918823242e+00
1.720000076293945312e+01 -1.499556750059127808e-01 0.000000000000000000e+00 -5.575811883318237960e-07 -1.500051915645599365e-01 0.000000000000000000e+00 6.000000000000000000e+00 8.191000000000000000e+03 0.000000000000000000e+00 1.000000000000000000e+00 2.756399869918823242e+00
1.739999961853027344e+01 -1.398694962263107300e-01 0.000000000000000000e+00 -4.186931334970722673e-07 -1.399956643581390381e-01 0.000000000000000000e+00 6.000000000000000000e+00 8.191000000000000000e+03 0.000000000000000000e+00 1.000000000000000000e+00 2.756399869918823242e+00
1.760000038146972656e+01 -1.298979371786117554e-01 0.000000000000000000e+00 -3.111733519745030208e-07 -1.299986243247985840e-01 0.000000000000000000e+00 6.000000000000000000e+00 8.191000000000000000e+03 0.000000000000000000e+00 1.000000000000000000e+00 2.756399869918823242e+00
1.780000114440917969e+01 -1.199039816856384277e-01 0.000000000000000000e+00 -2.258252465026089340e-07 -1.200015842914581299e-01 0.000000000000000000e+00 6.000000000000000000e+00 8.191000000000000000e+03 0.000000000000000000e+00 1.000000000000000000e+00 2.756399869918823242e+00
1.800000000000000000e+01 -1.098769530653953552e-01 0.000000000000000000e+00 -1.562984976999359787e-07 -1.100045591592788696e-01 0.000000000000000000e+00 6.000000000000000000e+00 8.191000000000000000e+03 0.000000000000000000e+00 1.000000000000000000e+00 2.756299972534179688e+00
1.820000076293945312e+01 -9.988854080438613892e-02 0.000000000000000000e+00 -1.002860585685994010e-07 -9.999501705169677734e-02 0.000000000000000000e+00 6.000000000000000000e+00 8.191000000000000000e+03 0.000000000000000000e+00 1.000000000000000000e+00 2.756299972534179688e+00
1.839999961853027344e+01 -8.990795165300369263e-02 0.000000000000000000e+00 -5.309043515921985090e-08 -8.999799191951751709e-02 0.000000000000000000e+00 6.000000000000000000e+00 8.191000000000000000e+03 0.000000000000000000e+00 1.000000000000000000e+00 2.756299972534179688e+00
1.860000038146972656e+01 -7.981427013874053955e-02 0.000000000000000000e+00 -1.913349656490481721e-08 -8.000095188617706299e-02 0.000000000000000000e+00 5.000000000000000000e+00 8.191000000000000000e+03 0.000000000000000000e+00 1.000000000000000000e+00 2.756299972534179688e+00
1.880000114440917969e+01 -6.987129151821136475e-02 0.000000000000000000e+00 1.942497007689780730e-08 -7.000392675399780273e-02 0.000000000000000000e+00 5.000000000000000000e+00 8.191000000000000000e+03 0.000000000000000000e+00 1.000000000000000000e+00 2.756299972534179688e+00
1.900000000000000000e+01 -5.983925238251686096e-02 0.000000000000000000e+00 5.608294273429237364e-08 -5.999438837170600891e-02 0.000000000000000000e+00 5.000000000000000000e+00 8.191000000000000000e+03 0.000000000000000000e+00 1.000000000000000000e+00 2.756299972534179688e+00
1.920000076293945312e+01 -4.988838732242584229e-02 0.000000000000000000e+00 9.035732517759242910e-08 -4.999735578894615173e-02 0.000000000000000000e+00 5.000000000000000000e+00 7.164000000000000000e+03 0.000000000000000000e+00 1.000000000000000000e+00 2.756299972534179688e+00
1.939999961853027344e+01 -3.990663588047027588e-02 0.000000000000000000e+00 1.257955091205076315e-07 -4.000032320618629456e-02 0.000000000000000000e+00 6.000000000000000000e+00 8.191000000000000000e+03 0.000000000000000000e+00 1.000000000000000000e+00 2.756299972534179688e+00
1.960000038146972656e+01 -2.987726591527462006e-02 0.000000000000000000e+00 1.604306589797488414e-07 -3.000328317284584045e-02 0.000000000000000000e+00 6.000000000000000000e+00 8.191000000000000000e+03 0.000000000000000000e+00 1.000000000000000000e+00 2.756299972534179688e+00
1.980000114440917969e+01 -1.987986825406551361e-02 0.000000000000000000e+00 1.988219651138933841e-07 -1.999375596642494202e-02 0.000000000000000000e+00 6.000000000000000000e+00 8.191000000000000000e+03 0.000000000000000000e+00 1.000000000000000000e+00 2.756299972534179688e+00
2.000000000000000000e+01 -9.843600913882255554e-03 0.000000000000000000e+00 2.403481005330831977e-07 -9.996719658374786377e-03 0.000000000000000000e+00 6.000000000000000000e+00 8.191000000000000000e+03 0.000000000000000000e+00 1.000000000000000000e+00 2.756000041961669922e+00
2.020000076293945312e+01 1.772151736076921225e-04 0.000000000000000000e+00 2.903734070969221648e-07 3.129243850708007812e-07 0.000000000000000000e+00 6.000000000000000000e+00 8.191000000000000000e+03 0.000000000000000000e+00 1.000000000000000000e+00 2.756000041961669922e+00
2.039999961853027344e+01 1.014176849275827408e-02 0.000000000000000000e+00 3.490485198653914267e-07 9.997349232435226440e-03 0.000000000000000000e+00 6.000000000000000000e+00 8.191000000000000000e+03 0.000000000000000000e+00 1.000000000000000000e+00 2.756000041961669922e+00
2.060000038146972656e+01 2.012732811272144318e-02 0.000000000000000000e+00 4.188785567293962231e-07 1.999438367784023285e-02 0.000000000000000000e+00 6.000000000000000000e+00 6.143000000000000000e+03 0.000000000000000000e+00 1.000000000000000000e+00 2.756000041961669922e+00
2.080000114440917969e+01 3.015280514955520630e-02 0.000000000000000000e+00 5.041175654696417041e-07 3.000391460955142975e-02 0.000000000000000000e+00 6.000000000000000000e+00 8.191000000000000000e+03 0.000000000000000000e+00 1.000000000000000000e+00 2.756000041961669922e+00
2.100000000000000000e+01 4.017798230051994324e-02 0.000000000000000000e+00 6.076001000110409223e-07 4.000094905495643616e-02 0.000000000000000000e+00 6.000000000000000000e+00 8.191000000000000000e+03 0.000000000000000000e+00 1.000000000000000000e+00 2.756500005722045898e+00
2.120000076293945312e+01 5.010575801134109497e-02 0.000000000000000000e+00 7.300295692402869463e-07 4.999798536300659180e-02 0.000000000000000000e+00 6.000000000000000000e+00 8.191000000000000000e+03 0.000000000000000000e+00 1.000000000000000000e+00 2.756500005722045898e+00
2.139999961853027344e+01 6.015292927622795105e-02 0.000000000000000000e+00 8.719561606085335370e-07 5.999501794576644897e-02 0.000000000000000000e+00 6.000000000000000000e+00 8.191000000000000000e+03 0.000000000000000000e+00 1.000000000000000000e+00 2.756500005722045898e+00
2.160000038146972656e+01 7.013658434152603149e-02 0.000000000000000000e+00 1.026604763865179848e-06 7.000455260276794434e-02 0.000000000000000000e+00 6.000000000000000000e+00 7.164000000000000000e+03 0.000000000000000000e+00 1.000000000000000000e+00 2.756500005722045898e+00
2.180000114440917969e+01 8.016166836023330688e-02 0.000000000000000000e+00 1.187712314276723191e-06 8.000158518552780151e-02 0.000000000000000000e+00 7.000000000000000000e+00 8.191000000000000000e+03 0.000000000000000000e+00 1.000000000000000000e+00 2.756500005722045898e+00
2.200000000000000000e+01 9.013056010007858276e-02 0.000000000000000000e+00 1.333334807895880658e-06 8.999861776828765869e-02 0.000000000000000000e+00 7.000000000000000000e+00 8.191000000000000000e+03 0.000000000000000000e+00 1.000000000000000000e+00 2.756399869918823242e+00
2.220000076293945312e+01 1.001247242093086243e-01 0.000000000000000000e+00 1.459760710531554651e-06 9.999565780162811279e-02 0.000000000000000000e+00 7.000000000000000000e+00 8.191000000000000000e+03 0.000000000000000000e+00 1.000000000000000000e+00 2.756399869918823242e+00
2.239999961853027344e+01 1.101118028163909912e-01 0.000000000000000000e+00 1.559355382596550044e-06 1.100051850080490112e-01 0.000000000000000000e+00 7.000000000000000000e+00 8.191000000000000000e+03 0.000000000000000000e+00 1.000000000000000000e+00 2.756399869918823242e+00
2.260000038146972656e+01 1.201232895255088806e-01 0.000000000000000000e+00 1.639766651351237670e-06 1.200022250413894653e-01 0.000000000000000000e+00 7.000000000000000000e+00 8.191000000000000000e+03 0.000000000000000000e+00 1.000000000000000000e+00 2.756399869918823242e+00
2.280000114440917969e+01 1.301307827234268188e-01 0.000000000000000000e+00 1.691433681116905063e-06 1.299992501735687256e-01 0.000000000000000000e+00 7.000000000000000000e+00 8.191000000000000000e+03 0.000000000000000000e+00 1.000000000000000000e+00 2.756399869918823242e+00
2.300000000000000000e+01 1.401575356721878052e-01 0.000000000000000000e+00 1.740766379043634515e-06 1.399962902069091797e-01 0.000000000000000000e+00 7.000000000000000000e+00 8.191000000000000000e+03 0.000000000000000000e+00 1.000000000000000000e+00 2.756299972534179688e+00
2.320000076293945312e+01 1.501462906599044800e-01 0.000000000000000000e+00 1.781378614396089688e-06 1.500058174133300781e-01 0.000000000000000000e+00 7.000000000000000000e+00 8.191000000000000000e+03 0.000000000000000000e+00 1.000000000000000000e+00 2.756299972534179688e+00
2.339999961853027344e+01 1.601540893316268921e-01 0.000000000000000000e+00 1.825877575356571469e-06 1.600028574466705322e-01 0.000000000000000000e+00 7.000000000000000000e+00 8.191000000000000000e+03 0.000000000000000000e+00 1.000000000000000000e+00 2.756299972534179688e+00
2.360000038146972656e+01 1.701964437961578369e-01 0.000000000000000000e+00 1.877730255728238262e-06 1.699998974800109863e-01 0.000000000000000000e+00 7.000000000000000000e+00 8.191000000000000000e+03 0.000000000000000000e+00 1.000000000000000000e+00 2.756299972534179688e+00
2.380000114440917969e+01 1.801341027021408081e-01 0.000000000000000000e+00 1.937141405505826697e-06 1.799969226121902466e-01 0.000000000000000000e+00 7.000000000000000000e+00 8.191000000000000000e+03 0.000000000000000000e+00 1.000000000000000000e+00 2.756299972534179688e+00
2.400000000000000000e+01 1.901590079069137573e-01 0.000000000000000000e+00 2.003448798859608360e-06 1.899939626455307007e-01 0.000000000000000000e+00 7.000000000000000000e+00 8.191000000000000000e+03 0.000000000000000000e+00 1.000000000000000000e+00 2.756299972534179688e+00
2.420000076293945312e+01 2.001451700925827026e-01 0.000000000000000000e+00 2.084462039420031942e-06 2.000034898519515991e-01 0.000000000000000000e+00 7.000000000000000000e+00 8.191000000000000000e+03 0.000000000000000000e+00 1.000000000000000000e+00 2.756299972534179688e+00
2.439999961853027344e+01 2.101453393697738647e-01 0.000000000000000000e+00 2.172788299503736198e-06 2.100005298852920532e-01 0.000000000000000000e+00 7.000000000000000000e+00 8.191000000000000000e+03 0.000000000000000000e+00 1.000000000000000000e+00 2.756299972534179688e+00
2.460000038146972656e+01 2.202189117670059204e-01 0.000000000000000000e+00 2.258881977468263358e-06 2.199975699186325073e-01 0.000000000000000000e+00 7.000000000000000000e+00 8.191000000000000000e+03 0.000000000000000000e+00 1.000000000000000000e+00 2.756299972534179688e+00
2.480000114440917969e+01 2.301744818687438965e-01 0.000000000000000000e+00 2.360146709179389291e-06 2.299945950508117676e-01 0.000000000000000000e+00 7.000000000000000000e+00 8.191000000000000000e+03 0.000000000000000000e+00 1.000000000000000000e+00 2.756299972534179688e+00
2.500000000000000000e+01 2.402348518371582031e-01 0.000000000000000000e+00 2.462925522195291705e-06 2.400041371583938599e-01 0.000000000000000000e+00 7.000000000000000000e+00 8.191000000000000000e+03 0.000000000000000000e+00 1.000000000000000000e+00 2.756299972534179688e+00
2.520000076293945312e+01 2.501585483551025391e-01 0.000000000000000000e+00 2.563693442425574176e-06 2.500011622905731201e-01 0.000000000000000000e+00 7.000000000000000000e+00 8.191000000000000000e+03 0.000000000000000000e+00 1.000000000000000000e+00 2.756299972534179688e+00
2.539999961853027344e+01 2.601567804813385010e-01 0.000000000000000000e+00 2.663759232746087946e-06 2.599982023239135742e-01 0.000000000000000000e+00 7.000000000000000000e+00 8.191000000000000000e+03 0.000000000000000000e+00 1.000000000000000000e+00 2.756299972534179688e+00
2.560000038146972656e+01 2.701244056224822998e-01 0.000000000000000000e+00 2.753778289843467064e-06 2.699952423572540283e-01 0.000000000000000000e+00 7.000000000000000000e+00 8.191000000000000000e+03 0.000000000000000000e+00 1.000000000000000000e+00 2.756299972534179688e+00
2.580000114440917969e+01 2.801226973533630371e-01 0.000000000000000000e+00 2.854954800568521023e-06 2.800047695636749268e-01 0.000000000000000000e+00 7.000000000000000000e+00 8.191000000000000000e+03 0.000000000000000000e+00 1.000000000000000000e+00 2.756299972534179688e+00
2.600000000000000000e+01 2.901410758495330811e-01 0.000000000000000000e+00 2.940032572951167822e-06 2.900017797946929932e-01 0.000000000000000000e+00 7.000000000000000000e+00 8.191000000000000000e+03 0.000000000000000000e+00 1.000000000000000000e+00 2.756399869918823242e+00
2.620000076293945312e+01 3.001700043678283691e-01 0.000000000000000000e+00 3.025378873644513078e-06 2.999988198280334473e-01 0.000000000000000000e+00 7.000000000000000000e+00 8.191000000000000000e+03 0.000000000000000000e+00 1.000000000000000000e+00 2.756399869918823242e+00
2.639999961853027344e+01 2.901292443275451660e-01 0.000000000000000000e+00 1.867510491138091311e-06 2.900017797946929932e-01 0.000000000000000000e+00 7.000000000000000000e+00 8.191000000000000000e+03 0.000000000000000000e+00 1.000000000000000000e+00 2.756399869918823242e+00
2.660000038146972656e+01 2.801780998706817627e-01 0.000000000000000000e+00 1.319266630162019283e-06 2.800047695636749268e-01 0.000000000000000000e+00 7.000000000000000000e+00 8.191000000000000000e+03 0.000000000000000000e+00 1.000000000000000000e+00 2.756399869918823242e+00
2.680000114440917969e+01 2.701579034328460693e-01 0.000000000000000000e+00 9.764030437509063631e-07 2.699952423572540283e-01 0.000000000000000000e+00 7.000000000000000000e+00 8.191000000000000000e+03 0.000000000000000000e+00 1.000000000000000000e+00 2.756399869918823242e+00
2.700000000000000000e+01 2.601207196712493896e-01 0.000000000000000000e+00 7.403180006804177538e-07 2.599982023239135742e-01 0.000000000000000000e+00 7.000000000000000000e+00 8.191000000000000000e+03 0.000000000000000000e+00 1.000000000000000000e+00 2.756099939346313477e+00
2.720000076293945312e+01 2.501403987407684326e-01 0.000000000000000000e+00 5.669931510965398047e-07 2.500011622905731201e-01 0.000000000000000000e+00 6.000000000000000000e+00 8.191000000000000000e+03 0.000000000000000000e+00 1.000000000000000000e+00 2.756099939346313477e+00
2.739999961853027344e+01 2.401358485221862793e-01 0.000000000000000000e+00 4.350745825831836555e-07 2.400041371583938599e-01 0.000000000000000000e+00 6.000000000000000000e+00 8.191000000000000000e+03 0.000000000000000000e+00 1.000000000000000000e+00 2.756099939346313477e+00
2.760000038146972656e+01 2.301317304372787476e-01 0.000000000000000000e+00 3.270756394613272278e-07 2.299945950508117676e-01 0.000000000000000000e+00 6.000000000000000000e+00 8.191000000000000000e+03 0.000000000000000000e+00 1.000000000000000000e+00 2.756099939346313477e+00
2.780000114440917969e+01 2.201292812824249268e-01 0.000000000000000000e+00 2.417399684873089427e-07 2.199975699186325073e-01 0.000000000000000000e+00 6.000000000000000000e+00 8.191000000000000000e+03 0.000000000000000000e+00 1.000000000000000000e+00 2.756099939346313477e+00
2.800000000000000000e+01 2.101518213748931885e-01 0.000000000000000000e+00 1.652813921282358933e-07 2.100005298852920532e-01 0.000000000000000000e+00 6.000000000000000000e+00 8.191000000000000000e+03 0.000000000000000000e+00 1.000000000000000000e+00 2.756099939346313477e+00
2.820000076293945312e+01 2.002072036266326904e-01 0.000000000000000000e+00 9.771716236173233483e-08 2.000034898519515991e-01 0.000000000000000000e+00 6.000000000000000000e+00 8.191000000000000000e+03 0.000000000000000000e+00 1.000000000000000000e+00 2.756099939346313477e+00
2.839999961853027344e+01 1.901603937149047852e-01 0.000000000000000000e+00 3.345082433270363254e-08 1.899939626455307007e-01 0.000000000000000000e+00 6.000000000000000000e+00 8.191000000000000000e+03 0.000000000000000000e+00 1.000000000000000000e+00 2.756099939346313477e+00
2.860000038146972656e+01 1.801010817289352417e-01 0.000000000000000000e+00 -8.893605296655948678e-10 1.799969226121902466e-01 0.000000000000000000e+00 5.000000000000000000e+00 8.191000000000000000e+03 0.000000000000000000e+00 1.000000000000000000e+00 2.756099939346313477e+00
2.880000114440917969e+01 1.701642721891403198e-01 0.000000000000000000e+00 -1.094613644170294720e-08 1.699998974800109863e-01 0.000000000000000000e+00 4.000000000000000000e+00 6.908000000000000000e+03 0.000000000000000000e+00 1.000000000000000000e+00 2.756099939346313477e+00
2.900000000000000000e+01 1.601991802453994751e-01 0.000000000000000000e+00 -1.094613644170294720e-08 1.600028574466705322e-01 0.000000000000000000e+00 4.000000000000000000e+00 6.908000000000000000e+03 0.000000000000000000e+00 1.000000000000000000e+00 2.756299972534179688e+00
2.920000076293945312e+01 1.501558274030685425e-01 0.000000000000000000e+00 -1.094613644170294720e-08 1.500058174133300781e-01 0.000000000000000000e+00 4.000000000000000000e+00 7.164000000000000000e+03 0.000000000000000000e+00 1.000000000000000000e+00 2.756299972534179688e+00
2.939999961853027344e+01 1.401255875825881958e-01 0.000000000000000000e+00 -1.092515233835911204e-07 1.399962902069091797e-01 0.000000000000000000e+00 5.000000000000000000e+00 7.164000000000000000e+03 0.000000000000000000e+00 1.000000000000000000e+00 2.756299972534179688e+00
2.960000038146972656e+01 1.301940977573394775e-01 0.000000000000000000e+00 -4.066407370828528656e-07 1.299992501735687256e-01 0.000000000000000000e+00 6.000000000000000000e+00 8.191000000000000000e+03 0.000000000000000000e+00 1.000000000000000000e+00 2.756299972534179688e+00
2.980000114440917969e+01 1.201444268226623535e-01 0.000000000000000000e+00 -5.175518822397862095e-07 1.200022250413894653e-01 0.000000000000000000e+00 6.000000000000000000e+00 8.191000000000000000e+03 0.000000000000000000e+00 1.000000000000000000e+00 2.756299972534179688e+00
3.000000000000000000e+01 1.101232469081878662e-01 0.000000000000000000e+00 -6.420142995011701714e-07 1.100051850080490112e-01 0.000000000000000000e+00 6.000000000000000000e+00 8.191000000000000000e+03 0.000000000000000000e+00 1.000000000000000000e+00 2.756000041961669922e+00
3.020000076293945312e+01 1.001410484313964844e-01 0.000000000000000000e+00 -7.765358418510004412e-07 9.999565780162811279e-02 0.000000000000000000e+00 6.000000000000000000e+00 8.191000000000000000e+03 0.000000000000000000e+00 1.000000000000000000e+00 2.756000041961669922e+00
3.039999961853027344e+01 9.017518907785415649e-02 0.000000000000000000e+00 -9.114458521253254730e-07 8.999861776828765869e-02 0.000000000000000000e+00 6.000000000000000000e+00 8.191000000000000000e+03 0.000000000000000000e+00 1.000000000000000000e+00 2.756000041961669922e+00
3.060000038146972656e+01 8.013495057821273804e-02 0.000000000000000000e+00 -1.031811166285478976e-06 8.000158518552780151e-02 0.000000000000000000e+00 7.000000000000000000e+00 8.191000000000000000e+03 0.000000000000000000e+00 1.000000000000000000e+00 2.756000041961669922e+00
3.080000114440917969e+01 7.012145221233367920e-02 0.000000000000000000e+00 -1.130818645833642222e-06 7.000455260276794434e-02 0.000000000000000000e+00 7.000000000000000000e+00 8.191000000000000000e+03 0.000000000000000000e+00 1.000000000000000000e+00 2.756000041961669922e+00
3.100000000000000000e+01 6.010943651199340820e-02 0.000000000000000000e+00 -1.199446501232159790e-06 5.999501794576644897e-02 0.000000000000000000e+00 7.000000000000000000e+00 8.191000000000000000e+03 0.000000000000000000e+00 1.000000000000000000e+00 2.755699872970581055e+00
3.120000076293945312e+01 5.012072995305061340e-02 0.000000000000000000e+00 -1.227985990226443391e-06 4.999798536300659180e-02 0.000000000000000000e+00 7.000000000000000000e+00 8.191000000000000000e+03 0.000000000000000000e+00 1.000000000000000000e+00 2.755699872970581055e+00
3.139999961853027344e+01 4.025515168905258179e-02 0.000000000000000000e+00 -1.234793330695538316e-06 4.000094905495643616e-02 0.000000000000000000e+00 7.000000000000000000e+00 8.191000000000000000e+03 0.000000000000000000e+00 1.000000000000000000e+00 2.755699872970581055e+00
3.160000038146972656e+01 3.016283549368381500e-02 0.000000000000000000e+00 -1.217831936628499534e-06 3.000391460955142975e-02 0.000000000000000000e+00 7.000000000000000000e+00 8.191000000000000000e+03 0.000000000000000000e+00 1.000000000000000000e+00 2.755699872970581055e+00
3.180000114440917969e+01 2.009159326553344727e-02 0.000000000000000000e+00 -1.194466108245251235e-06 1.999438367784023285e-02 0.000000000000000000e+00 7.000000000000000000e+00 8.191000000000000000e+03 0.000000000000000000e+00 1.000000000000000000e+00 2.755699872970581055e+00
3.200000000000000000e+01 1.018584333360195160e-02 0.000000000000000000e+00 -1.160991132564959116e-06 9.997349232435226440e-03 0.000000000000000000e+00 7.000000000000000000e+00 8.191000000000000000e+03 0.000000000000000000e+00 1.000000000000000000e+00 2.756099939346313477e+00
3.220000076293945312e+01 1.175664365291595459e-04 0.000000000000000000e+00 -1.131302383328147698e-06 3.129243850708007812e-07 0.000000000000000000e+00 7.000000000000000000e+00 8.191000000000000000e+03 0.000000000000000000e+00 1.000000000000000000e+00 2.756099939346313477e+00
3.240000152587890625e+01 -9.815686382353305817e-03 0.000000000000000000e+00 -1.105963178815727588e-06 -9.996719658374786377e-03 0.000000000000000000e+00 7.000000000000000000e+00 8.191000000000000000e+03 0.000000000000000000e+00 1.000000000000000000e+00 2.756099939346313477e+00
3.260000228881835938e+01 -1.993527077138423920e-02 0.000000000000000000e+00 -1.084198288481275085e-06 -1.999375596642494202e-02 0.000000000000000000e+00 7.000000000000000000e+00 6.143000000000000000e+03 0.000000000000000000e+00 1.000000000000000000e+00 2.756099939346313477e+00
3.279999923706054688e+01 -2.986851893365383148e-02 0.000000000000000000e+00 -1.073041062227275688e-06 -3.000328317284584045e-02 0.000000000000000000e+00 7.000000000000000000e+00 8.191000000000000000e+03 0.000000000000000000e+00 1.000000000000000000e+00 2.756099939346313477e+00
3.300000000000000000e+01 -3.986527398228645325e-02 0.000000000000000000e+00 -1.059945134329609573e-06 -4.000032320618629456e-02 0.000000000000000000e+00 7.000000000000000000e+00 8.191000000000000000e+03 0.000000000000000000e+00 1.000000000000000000e+00 2.756299972534179688e+00
3.320000076293945312e+01 -4.977409169077873230e-02 0.000000000000000000e+00 -1.056067617355438415e-06 -4.999735578894615173e-02 0.000000000000000000e+00 7.000000000000000000e+00 8.191000000000000000e+03 0.000000000000000000e+00 1.000000000000000000e+00 2.756299972534179688e+00
3.340000152587890625e+01 -5.988000705838203430e-02 0.000000000000000000e+00 -1.056952214639750309e-06 -5.999438837170600891e-02 0.000000000000000000e+00 7.000000000000000000e+00 8.191000000000000000e+03 0.000000000000000000e+00 1.000000000000000000e+00 2.756299972534179688e+00
3.360000228881835938e+01 -6.994936615228652954e-02 0.000000000000000000e+00 -1.055724055731843691e-06 -7.000392675399780273e-02 0.000000000000000000e+00 7.000000000000000000e+00 8.191000000000000000e+03 0.000000000000000000e+00 1.000000000000000000e+00 2.756299972534179688e+00
3.379999923706054688e+01 -7.992108166217803955e-02 0.000000000000000000e+00 -1.057726990438823123e-06 -8.000095188617706299e-02 0.000000000000000000e+00 7.000000000000000000e+00 8.191000000000000000e+03 0.000000000000000000e+00 1.000000000000000000e+00 2.756299972534179688e+00
3.400000000000000000e+01 -8.991133421659469604e-02 0.000000000000000000e+00 -1.063797299138968810e-06 -8.999799191951751709e-02 0.000000000000000000e+00 7.000000000000000000e+00 8.191000000000000000e+03 0.000000000000000000e+00 1.000000000000000000e+00 2.756199836730957031e+00
3.420000076293945312e+01 -9.986507147550582886e-02 0.000000000000000000e+00 -1.072518671207944863e-06 -9.999501705169677734e-02 0.000000000000000000e+00 7.000000000000000000e+00 8.191000000000000000e+03 0.000000000000000000e+00 1.000000000000000000e+00 2.756199836730957031e+00
3.440000152587890625e+01 -1.098904535174369812e-01 0.000000000000000000e+00 -1.085298208636231720e-06 -1.100045591592788696e-01 0.000000000000000000e+00 7.000000000000000000e+00 8.191000000000000000e+03 0.000000000000000000e+00 1.000000000000000000e+00 2.756199836730957031e+00
3.460000228881835938e+01 -1.199217438697814941e-01 0.000000000000000000e+00 -1.112126597035967279e-06 -1.200015842914581299e-01 0.000000000000000000e+00 7.000000000000000000e+00 8.191000000000000000e+03 0.000000000000000000e+00 1.000000000000000000e+00 2.756199836730957031e+00
3.479999923706054688e+01 -1.298253238201141357e-01 0.000000000000000000e+00 -1.147040052273951005e-06 -1.299986243247985840e-01 0.000000000000000000e+00 7.000000000000000000e+00 8.191000000000000000e+03 0.000000000000000000e+00 1.000000000000000000e+00 2.756199836730957031e+00
3.500000000000000000e+01 -1.399068981409072876e-01 0.000000000000000000e+00 -1.199828716380579863e-06 -1.399956643581390381e-01 0.000000000000000000e+00 7.000000000000000000e+00 8.191000000000000000e+03 0.000000000000000000e+00 1.000000000000000000e+00 2.756099939346313477e+00
3.520000076293945312e+01 -1.499177217483520508e-01 0.000000000000000000e+00 -1.285603843825811055e-06 -1.500051915645599365e-01 0.000000000000000000e+00 7.000000000000000000e+00 8.191000000000000000e+03 0.000000000000000000e+00 1.000000000000000000e+00 2.756099939346313477e+00
3.540000152587890625e+01 -1.598863005638122559e-01 0.000000000000000000e+00 -1.397963842464378104e-06 -1.600022166967391968e-01 0.000000000000000000e+00 7.000000000000000000e+00 8.191000000000000000e+03 0.000000000000000000e+00 1.000000000000000000e+00 2.756099939346313477e+00
3.560000228881835938e+01 -1.699487268924713135e-01 0.000000000000000000e+00 -1.552771209389902651e-06 -1.699992567300796509e-01 0.000000000000000000e+00 7.000000000000000000e+00 8.191000000000000000e+03 0.000000000000000000e+00 1.000000000000000000e+00 2.756099939346313477e+00
3.579999923706054688e+01 -1.799014806747436523e-01 0.000000000000000000e+00 -1.761265707500569988e-06 -1.799962967634201050e-01 0.000000000000000000e+00 7.000000000000000000e+00 8.191000000000000000e+03 0.000000000000000000e+00 1.000000000000000000e+00 2.756099939346313477e+00
3.600000000000000000e+01 -1.899600774049758911e-01 0.000000000000000000e+00 -2.043772383331088349e-06 -1.900058239698410034e-01 0.000000000000000000e+00 7.000000000000000000e+00 8.191000000000000000e+03 0.000000000000000000e+00 1.000000000000000000e+00 2.756099939346313477e+00
3.620000076293945312e+01 -1.999356150627136230e-01 0.000000000000000000e+00 -2.404267661404446699e-06 -2.000028640031814575e-01 0.000000000000000000e+00 7.000000000000000000e+00 8.191000000000000000e+03 0.000000000000000000e+00 1.000000000000000000e+00 2.756099939346313477e+00
3.640000152587890625e+01 -1.899071335792541504e-01 0.000000000000000000e+00 -1.767584308254299685e-06 -1.900058239698410034e-01 0.000000000000000000e+00 7.000000000000000000e+00 8.191000000000000000e+03 0.000000000000000000e+00 2.000000000000000000e+00 2.756099939346313477e+00
3.660000228881835938e+01 -1.798529475927352905e-01 0.000000000000000000e+00 -1.335483830189332366e-06 -1.799962967634201050e-01 0.000000000000000000e+00 7.000000000000000000e+00 8.191000000000000000e+03 0.000000000000000000e+00 2.000000000000000000e+00 2.756099939346313477e+00
3.679999923706054688e+01 -1.698332428932189941e-01 0.000000000000000000e+00 -1.010902678899583407e-06 -1.699992567300796509e-01 0.000000000000000000e+00 7.000000000000000000e+00 8.191000000000000000e+03 0.000000000000000000e+00 2.000000000000000000e+00 2.756099939346313477e+00
3.700000000000000000e+01 -1.598995923995971680e-01 0.000000000000000000e+00 -7.728943387519393582e-07 -1.600022166967391968e-01 0.000000000000000000e+00 7.000000000000000000e+00 8.191000000000000000e+03 0.000000000000000000e+00 2.000000000000000000e+00 2.756099939346313477e+00
3.720000076293945312e+01 -1.499913036823272705e-01 0.000000000000000000e+00 -5.935438593951403163e-07 -1.500051915645599365e-01 0.000000000000000000e+00 6.000000000000000000e+00 8.191000000000000000e+03 0.000000000000000000e+00 2.000000000000000000e+00 2.756099939346313477e+00
3.740000152587890625e+01 -1.398482620716094971e-01 0.000000000000000000e+00 -4.518034302236628719e-07 -1.399956643581390381e-01 0.000000000000000000e+00 6.000000000000000000e+00 8.191000000000000000e+03 0.000000000000000000e+00 2.000000000000000000e+00 2.756099939346313477e+00
3.760000228881835938e+01 -1.298880130052566528e-01 0.000000000000000000e+00 -3.419320364628219977e-07 -1.299986243247985840e-01 0.000000000000000000e+00 6.000000000000000000e+00 8.191000000000000000e+03 0.000000000000000000e+00 2.000000000000000000e+00 2.756099939346313477e+00
3.779999923706054688e+01 -1.198903471231460571e-01 0.000000000000000000e+00 -2.543747257277573226e-07 -1.200015842914581299e-01 0.000000000000000000e+00 6.000000000000000000e+00 8.191000000000000000e+03 0.000000000000000000e+00 2.000000000000000000e+00 2.756099939346313477e+00
3.800000000000000000e+01 -1.099005714058876038e-01 0.000000000000000000e+00 -1.831229212712059962e-07 -1.100045591592788696e-01 0.000000000000000000e+00 6.000000000000000000e+00 8.191000000000000000e+03 0.000000000000000000e+00 2.000000000000000000e+00 2.756099939346313477e+00
3.820000076293945312e+01 -9.991790354251861572e-02 0.000000000000000000e+00 -1.253966388503613416e-07 -9.999501705169677734e-02 0.000000000000000000e+00 6.000000000000000000e+00 8.191000000000000000e+03 0.000000000000000000e+00 2.000000000000000000e+00 2.756099939346313477e+00
3.840000152587890625e+01 -8.988151699304580688e-02 0.000000000000000000e+00 -7.624138476103325957e-08 -8.999799191951751709e-02 0.000000000000000000e+00 6.000000000000000000e+00 8.191000000000000000e+03 0.000000000000000000e+00 2.000000000000000000e+00 2.756099939346313477e+00
3.860000228881835938e+01 -7.982739806175231934e-02 0.000000000000000000e+00 -3.836142425939215173e-08 -8.000095188617706299e-02 0.000000000000000000e+00 5.000000000000000000e+00 8.191000000000000000e+03 0.000000000000000000e+00 2.000000000000000000e+00 2.756099939346313477e+00
3.879999923706054688e+01 -6.981035321950912476e-02 0.000000000000000000e+00 1.757582412942326755e-09 -7.000392675399780273e-02 0.000000000000000000e+00 5.000000000000000000e+00 8.191000000000000000e+03 0.000000000000000000e+00 2.000000000000000000e+00 2.756099939346313477e+00
3.900000000000000000e+01 -5.987411364912986755e-02 0.000000000000000000e+00 1.093948842623149176e-08 -5.999438837170600891e-02 0.000000000000000000e+00 4.000000000000000000e+00 6.908000000000000000e+03 0.000000000000000000e+00 2.000000000000000000e+00 2.756099939346313477e+00
3.920000076293945312e+01 -4.989377781748771667e-02 0.000000000000000000e+00 1.093948842623149176e-08 -4.999735578894615173e-02 0.000000000000000000e+00 4.000000000000000000e+00 6.908000000000000000e+03 0.000000000000000000e+00 2.000000000000000000e+00 2.756099939346313477e+00
3.940000152587890625e+01 -3.989460691809654236e-02 0.000000000000000000e+00 1.093948842623149176e-08 -4.000032320618629456e-02 0.000000000000000000e+00 4.000000000000000000e+00 7.164000000000000000e+03 0.000000000000000000e+00 2.000000000000000000e+00 2.756099939346313477e+00
3.960000228881835938e+01 -2.984487824141979218e-02 0.000000000000000000e+00 1.091851729029258422e-07 -3.000328317284584045e-02 0.000000000000000000e+00 5.000000000000000000e+00 7.164000000000000000e+03 0.000000000000000000e+00 2.000000000000000000e+00 2.756099939346313477e+00
3.979999923706054688e+01 -1.990181021392345428e-02 0.000000000000000000e+00 1.844622374846949242e-07 -1.999375596642494202e-02 0.000000000000000000e+00 6.000000000000000000e+00 8.191000000000000000e+03 0.000000000000000000e+00 2.000000000000000000e+00 2.756099939346313477e+00
4.000000000000000000e+01 -9.847094304859638214e-03 0.000000000000000000e+00 2.276833583891857415e-07 -9.996719658374786377e-03 0.000000000000000000e+00 6.000000000000000000e+00 8.191000000000000000e+03 0.000000000000000000e+00 2.000000000000000000e+00 2.755899906158447266e+00
4.020000076293945312e+01 9.484434849582612514e-05 0.000000000000000000e+00 2.767048101759428391e-07 3.129243850708007812e-07 0.000000000000000000e+00 6.000000000000000000e+00 8.191000000000000000e+03 0.000000000000000000e+00 2.000000000000000000e+00 2.755899906158447266e+00
4.040000152587890625e+01 1.010041404515504837e-02 0.000000000000000000e+00 3.350917552324972348e-07 9.997349232435226440e-03 0.000000000000000000e+00 6.000000000000000000e+00 8.191000000000000000e+03 0.000000000000000000e+00 2.000000000000000000e+00 2.755899906158447266e+00
4.060000228881835938e+01 2.018658630549907684e-02 0.000000000000000000e+00 4.037337930640205741e-07 1.999438367784023285e-02 0.000000000000000000e+00 6.000000000000000000e+00 6.143000000000000000e+03 0.000000000000000000e+00 2.000000000000000000e+00 2.755899906158447266e+00
4.079999923706054688e+01 3.005717694759368896e-02 0.000000000000000000e+00 4.870733505413227249e-07 3.000391460955142975e-02 0.000000000000000000e+00 6.000000000000000000e+00 8.191000000000000000e+03 0.000000000000000000e+00 2.000000000000000000e+00 2.755899906158447266e+00
4.100000000000000000e+01 4.018963500857353210e-02 0.000000000000000000e+00 5.887785050617821980e-07 4.000094905495643616e-02 0.000000000000000000e+00 6.000000000000000000e+00 8.191000000000000000e+03 0.000000000000000000e+00 2.000000000000000000e+00 2.756199836730957031e+00
4.120000076293945312e+01 5.021923407912254333e-02 0.000000000000000000e+00 7.089912514857132919e-07 4.999798536300659180e-02 0.000000000000000000e+00 6.000000000000000000e+00 8.191000000000000000e+03 0.000000000000000000e+00 2.000000000000000000e+00 2.756199836730957031e+00
4.140000152587890625e+01 6.012623757123947144e-02 0.000000000000000000e+00 8.477615551782946568e-07 5.999501794576644897e-02 0.000000000000000000e+00 6.000000000000000000e+00 8.191000000000000000e+03 0.000000000000000000e+00 2.000000000000000000e+00 2.756199836730957031e+00
4.160000228881835938e+01 7.015408575534820557e-02 0.000000000000000000e+00 1.000786483018600848e-06 7.000455260276794434e-02 0.000000000000000000e+00 6.000000000000000000e+00 7.164000000000000000e+03 0.000000000000000000e+00 2.000000000000000000e+00 2.756199836730957031e+00
4.179999923706054688e+01 8.011234551668167114e-02 0.000000000000000000e+00 1.168413973573478870e-06 8.000158518552780151e-02 0.000000000000000000e+00 7.000000000000000000e+00 8.191000000000000000e+03 0.000000000000000000e+00 2.000000000000000000e+00 2.756199836730957031e+00
4.200000000000000000e+01 9.016216546297073364e-02 0.000000000000000000e+00 1.312029780820012093e-06 8.999861776828765869e-02 0.000000000000000000e+00 7.000000000000000000e+00 8.191000000000000000e+03 0.000000000000000000e+00 2.000000000000000000e+00 2.756099939346313477e+00
4.220000076293945312e+01 1.001070216298103333e-01 0.000000000000000000e+00 1.443059090888709761e-06 9.999565780162811279e-02 0.000000000000000000e+00 7.000000000000000000e+00 8.191000000000000000e+03 0.000000000000000000e+00 2.000000000000000000e+00 2.756099939346313477e+00
4.240000152587890625e+01 1.101271584630012512e-01 0.000000000000000000e+00 1.555764242766599637e-06 1.100051850080490112e-01 0.000000000000000000e+00 7.000000000000000000e+00 8.191000000000000000e+03 0.000000000000000000e+00 2.000000000000000000e+00 2.756099939346313477e+00
4.260000228881835938e+01 1.202128231525421143e-01 0.000000000000000000e+00 1.630046654099714942e-06 1.200022250413894653e-01 0.000000000000000000e+00 7.000000000000000000e+00 8.191000000000000000e+03 0.000000000000000000e+00 2.000000000000000000e+00 2.756099939346313477e+00
4.279999923706054688e+01 1.301255226135253906e-01 0.000000000000000000e+00 1.687044459686148912e-06 1.299992501735687256e-01 0.000000000000000000e+00 7.000000000000000000e+00 8.191000000000000000e+03 0.000000000000000000e+00 2.000000000000000000e+00 2.756099939346313477e+00
4.300000000000000000e+01 1.401042342185974121e-01 0.000000000000000000e+00 1.733991325636452530e-06 1.399962902069091797e-01 0.000000000000000000e+00 7.000000000000000000e+00 8.191000000000000000e+03 0.000000000000000000e+00 2.000000000000000000e+00 2.756000041961669922e+00
4.320000076293945312e+01 1.501656025648117065e-01 0.000000000000000000e+00 1.769356799741217401e-06 1.500058174133300781e-01 0.000000000000000000e+00 7.000000000000000000e+00 8.191000000000000000e+03 0.000000000000000000e+00 2.000000000000000000e+00 2.756000041961669922e+00
4.340000152587890625e+01 1.601477116346359253e-01 0.000000000000000000e+00 1.813452286114625167e-06 1.600028574466705322e-01 0.000000000000000000e+00 7.000000000000000000e+00 8.191000000000000000e+03 0.000000000000000000e+00 2.000000000000000000e+00 2.756000041961669922e+00
4.360000228881835938e+01 1.701724976301193237e-01 0.000000000000000000e+00 1.852517584666202310e-06 1.699998974800109863e-01 0.000000000000000000e+00 7.000000000000000000e+00 8.191000000000000000e+03 0.000000000000000000e+00 2.000000000000000000e+00 2.756000041961669922e+00
4.379999923706054688e+01 1.801360547542572021e-01 0.000000000000000000e+00 1.908298600028501824e-06 1.799969226121902466e-01 0.000000000000000000e+00 7.000000000000000000e+00 8.191000000000000000e+03 0.000000000000000000e+00 2.000000000000000000e+00 2.756000041961669922e+00
4.400000000000000000e+01 1.901506036520004272e-01 0.000000000000000000e+00 1.972199015654041432e-06 1.899939626455307007e-01 0.000000000000000000e+00 7.000000000000000000e+00 8.191000000000000000e+03 0.000000000000000000e+00 2.000000000000000000e+00 2.756099939346313477e+00
4.420000076293945312e+01 2.000837624073028564e-01 0.000000000000000000e+00 2.042806499957805499e-06 2.000034898519515991e-01 0.000000000000000000e+00 7.000000000000000000e+00 8.191000000000000000e+03 0.000000000000000000e+00 2.000000000000000000e+00 2.756099939346313477e+00
4.440000152587890625e+01 2.101297527551651001e-01 0.000000000000000000e+00 2.119395048794103786e-06 2.100005298852920532e-01 0.000000000000000000e+00 7.000000000000000000e+00 8.191000000000000000e+03 0.000000000000000000e+00 2.000000000000000000e+00 2.756099939346313477e+00
4.460000228881835938e+01 2.201176136732101440e-01 0.000000000000000000e+00 2.210444108641240746e-06 2.199975699186325073e-01 0.000000000000000000e+00 7.000000000000000000e+00 8.191000000000000000e+03 0.000000000000000000e+00 2.000000000000000000e+00 2.756099939346313477e+00
4.479999923706054688e+01 2.301692664623260498e-01 0.000000000000000000e+00 2.299723973919753917e-06 2.299945950508117676e-01 0.000000000000000000e+00 7.000000000000000000e+00 8.191000000000000000e+03 0.000000000000000000e+00 2.000000000000000000e+00 2.756099939346313477e+00
4.500000000000000000e+01 2.401983737945556641e-01 0.000000000000000000e+00 2.393815293544321321e-06 2.400041371583938599e-01 0.000000000000000000e+00 7.000000000000000000e+00 8.191000000000000000e+03 0.000000000000000000e+00 2.000000000000000000e+00 2.756099939346313477e+00
4.520000076293945312e+01 2.501848340034484863e-01 0.000000000000000000e+00 2.491358600309467874e-06 2.500011622905731201e-01 0.000000000000000000e+00 7.000000000000000000e+00 8.191000000000000000e+03 0.000000000000000000e+00 2.000000000000000000e+00 2.756099939346313477e+00
4.540000152587890625e+01 2.601607143878936768e-01 0.000000000000000000e+00 2.583949253676109947e-06 2.599982023239135742e-01 0.000000000000000000e+00 7.000000000000000000e+00 8.191000000000000000e+03 0.000000000000000000e+00 2.000000000000000000e+00 2.756099939346313477e+00
4.560000228881835938e+01 2.701455652713775635e-01 0.000000000000000000e+00 2.673375320227933116e-06 2.699952423572540283e-01 0.000000000000000000e+00 7.000000000000000000e+00 8.191000000000000000e+03 0.000000000000000000e+00 2.000000000000000000e+00 2.756099939346313477e+00
4.579999923706054688e+01 2.800872027873992920e-01 0.000000000000000000e+00 2.767952082649571821e-06 2.800047695636749268e-01 0.000000000000000000e+00 7.000000000000000000e+00 8.191000000000000000e+03 0.000000000000000000e+00 2.000000000000000000e+00 2.756099939346313477e+00
4.600000000000000000e+01 2.901315391063690186e-01 0.000000000000000000e+00 2.848772510333219543e-06 2.900017797946929932e-01 0.000000000000000000e+00 7.000000000000000000e+00 8.191000000000000000e+03 0.000000000000000000e+00 2.000000000000000000e+00 2.756099939346313477e+00
4.620000076293945312e+01 3.000946044921875000e-01 0.000000000000000000e+00 2.925833996414439753e-06 2.999988198280334473e-01 0.000000000000000000e+00 7.000000000000000000e+00 8.191000000000000000e+03 0.000000000000000000e+00 2.000000000000000000e+00 2.756099939346313477e+00
4.640000152587890625e+01 2.901737391948699951e-01 0.000000000000000000e+00 1.792326997929194476e-06 2.900017797946929932e-01 0.000000000000000000e+00 7.000000000000000000e+00 8.191000000000000000e+03 0.000000000000000000e+00 2.000000000000000000e+00 2.756099939346313477e+00
4.660000228881835938e+01 2.801162004470825195e-01 0.000000000000000000e+00 1.258473616871924605e-06 2.800047695636749268e-01 0.000000000000000000e+00 7.000000000000000000e+00 8.191000000000000000e+03 0.000000000000000000e+00 2.000000000000000000e+00 2.756099939346313477e+00
4.679999923706054688e+01 2.701107263565063477e-01 0.000000000000000000e+00 9.231403623743972275e-07 2.699952423572540283e-01 0.000000000000000000e+00 7.000000000000000000e+00 8.191000000000000000e+03 0.000000000000000000e+00 2.000000000000000000e+00 2.756099939346313477e+00
4.700000000000000000e+01 2.602248489856719971e-01 0.000000000000000000e+00 6.932640985723992344e-07 2.599982023239135742e-01 0.000000000000000000e+00 7.000000000000000000e+00 8.191000000000000000e+03 0.000000000000000000e+00 2.000000000000000000e+00 2.755899906158447266e+00
4.720000076293945312e+01 2.500811219215393066e-01 0.000000000000000000e+00 5.208510174270486459e-07 2.500011622905731201e-01 0.000000000000000000e+00 6.000000000000000000e+00 8.191000000000000000e+03 0.000000000000000000e+00 2.000000000000000000e+00 2.755899906158447266e+00
4.740000152587890625e+01 2.401740103960037231e-01 0.000000000000000000e+00 3.938080794796405826e-07 2.400041371583938599e-01 0.000000000000000000e+00 6.000000000000000000e+00 8.191000000000000000e+03 0.000000000000000000e+00 2.000000000000000000e+00 2.755899906158447266e+00
4.760000228881835938e+01 2.300845831632614136e-01 0.000000000000000000e+00 2.902789333347755019e-07 2.299945950508117676e-01 0.000000000000000000e+00 6.000000000000000000e+00 8.191000000000000000e+03 0.000000000000000000e+00 2.000000000000000000e+00 2.755899906158447266e+00
4.779999923706054688e+01 2.202100455760955811e-01 0.000000000000000000e+00 2.047194840315569309e-07 2.199975699186325073e-01 0.000000000000000000e+00 6.000000000000000000e+00 8.191000000000000000e+03 0.000000000000000000e+00 2.000000000000000000e+00 2.755899906158447266e+00
4.800000000000000000e+01 2.102070599794387817e-01 0.000000000000000000e+00 1.324366678545629838e-07 2.100005298852920532e-01 0.000000000000000000e+00 6.000000000000000000e+00 8.191000000000000000e+03 0.000000000000000000e+00 2.000000000000000000e+00 2.755899906158447266e+00
4.820000076293945312e+01 2.002039402723312378e-01 0.000000000000000000e+00 6.541676356164316530e-08 2.000034898519515991e-01 0.000000000000000000e+00 6.000000000000000000e+00 8.191000000000000000e+03 0.000000000000000000e+00 2.000000000000000000e+00 2.755899906158447266e+00
4.840000152587890625e+01 1.900747716426849365e-01 0.000000000000000000e+00 3.632540668263573025e-08 1.899939626455307007e-01 0.000000000000000000e+00 5.000000000000000000e+00 8.191000000000000000e+03 0.000000000000000000e+00 2.000000000000000000e+00 2.755899906158447266e+00
4.860000228881835938e+01 1.800801008939743042e-01 0.000000000000000000e+00 -3.152921479454562359e-08 1.799969226121902466e-01 0.000000000000000000e+00 5.000000000000000000e+00 8.191000000000000000e+03 0.000000000000000000e+00 2.000000000000000000e+00 2.755899906158447266e+00
4.879999923706054688e+01 1.700671166181564331e-01 0.000000000000000000e+00 -9.596844563475315226e-08 1.699998974800109863e-01 0.000000000000000000e+00 5.000000000000000000e+00 7.164000000000000000e+03 0.000000000000000000e+00 2.000000000000000000e+00 2.755899906158447266e+00
4.900000000000000000e+01 1.602013707160949707e-01 0.000000000000000000e+00 -1.859199585396709153e-07 1.600028574466705322e-01 0.000000000000000000e+00 6.000000000000000000e+00 8.191000000000000000e+03 0.000000000000000000e+00 2.000000000000000000e+00 2.756099939346313477e+00
4.920000076293945312e+01 1.500892788171768188e-01 0.000000000000000000e+00 -2.590791723378060851e-07 1.500058174133300781e-01 0.000000000000000000e+00 6.000000000000000000e+00 8.191000000000000000e+03 0.000000000000000000e+00 2.000000000000000000e+00 2.756099939346313477e+00
4.940000152587890625e+01 1.400903314352035522e-01 0.000000000000000000e+00 -3.434289794768119464e-07 1.399962902069091797e-01 0.000000000000000000e+00 6.000000000000000000e+00 8.191000000000000000e+03 0.000000000000000000e+00 2.000000000000000000e+00 2.756099939346313477e+00
4.960000228881835938e+01 1.301487386226654053e-01 0.000000000000000000e+00 -4.413969065808487358e-07 1.299992501735687256e-01 0.000000000000000000e+00 6.000000000000000000e+00 8.191000000000000000e+03 0.000000000000000000e+00 2.000000000000000000e+00 2.756099939346313477e+00
4.979999923706054688e+01 1.201883032917976379e-01 0.000000000000000000e+00 -5.537997367355274037e-07 1.200022250413894653e-01 0.000000000000000000e+00 6.000000000000000000e+00 8.191000000000000000e+03 0.000000000000000000e+00 2.000000000000000000e+00 2.756099939346313477e+00
5.000000000000000000e+01 1.101380735635757446e-01 0.000000000000000000e+00 -6.801744802942266688e-07 1.100051850080490112e-01 0.000000000000000000e+00 6.000000000000000000e+00 8.191000000000000000e+03 0.000000000000000000e+00 2.000000000000000000e+00 2.756000041961669922e+00
5.020000076293945312e+01 1.001189798116683960e-01 0.000000000000000000e+00 -8.164551559275423642e-07 9.999565780162811279e-02 0.000000000000000000e+00 6.000000000000000000e+00 8.191000000000000000e+03 0.000000000000000000e+00 2.000000000000000000e+00 2.756000041961669922e+00
5.040000152587890625e+01 9.015011787414550781e-02 0.000000000000000000e+00 -9.514252496956032701e-07 8.999861776828765869e-02 0.000000000000000000e+00 6.000000000000000000e+00 8.190000000000000000e+03 0.000000000000000000e+00 2.000000000000000000e+00 2.756000041961669922e+00
5.060000228881835938e+01 8.016753196716308594e-02 0.000000000000000000e+00 -1.066624804479943123e-06 8.000158518552780151e-02 0.000000000000000000e+00 7.000000000000000000e+00 8.191000000000000000e+03 0.000000000000000000e+00 2.000000000000000000e+00 2.756000041961669922e+00
5.079999923706054688e+01 7.020825892686843872e-02 0.000000000000000000e+00 -1.163109686785901431e-06 7.000455260276794434e-02 0.000000000000000000e+00 7.000000000000000000e+00 8.191000000000000000e+03 0.000000000000000000e+00 2.000000000000000000e+00 2.756000041961669922e+00
5.100000000000000000e+01 6.013297662138938904e-02 0.000000000000000000e+00 -1.223218646373425145e-06 5.999501794576644897e-02 0.000000000000000000e+00 7.000000000000000000e+00 8.191000000000000000e+03 0.000000000000000000e+00 2.000000000000000000e+00 2.755499839782714844e+00
5.120000076293945312e+01 5.017437413334846497e-02 0.000000000000000000e+00 -1.252531546924728900e-06 4.999798536300659180e-02 0.000000000000000000e+00 7.000000000000000000e+00 8.191000000000000000e+03 0.000000000000000000e+00 2.000000000000000000e+00 2.755499839782714844e+00
5.140000152587890625e+01 4.012852162122726440e-02 0.000000000000000000e+00 -1.254339736078691203e-06 4.000094905495643616e-02 0.000000000000000000e+00 7.000000000000000000e+00 8.191000000000000000e+03 0.000000000000000000e+00 2.000000000000000000e+00 2.755499839782714844e+00
5.160000228881835938e+01 3.015288524329662323e-02 0.000000000000000000e+00 -1.233937837241683155e-06 3.000391460955142975e-02 0.000000000000000000e+00 7.000000000000000000e+00 8.191000000000000000e+03 0.000000000000000000e+00 2.000000000000000000e+00 2.755499839782714844e+00
5.179999923706054688e+01 2.011770755052566528e-02 0.000000000000000000e+00 -1.207143668580101803e-06 1.999438367784023285e-02 0.000000000000000000e+00 7.000000000000000000e+00 8.191000000000000000e+03 0.000000000000000000e+00 2.000000000000000000e+00 2.755499839782714844e+00
5.200000000000000000e+01 1.016026269644498825e-02 0.000000000000000000e+00 -1.177036438093637116e-06 9.997349232435226440e-03 0.000000000000000000e+00 7.000000000000000000e+00 8.191000000000000000e+03 0.000000000000000000e+00 2.000000000000000000e+00 2.756000041961669922e+00
5.220000076293945312e+01 8.044322021305561066e-05 0.000000000000000000e+00 -1.145482087849813979e-06 3.129243850708007812e-07 0.000000000000000000e+00 7.000000000000000000e+00 8.191000000000000000e+03 0.000000000000000000e+00 2.000000000000000000e+00 2.756000041961669922e+00
5.240000152587890625e+01 -9.890804998576641083e-03 0.000000000000000000e+00 -1.127872906181437429e-06 -9.996719658374786377e-03 0.000000000000000000e+00 7.000000000000000000e+00 8.191000000000000000e+03 0.000000000000000000e+00 2.000000000000000000e+00 2.756000041961669922e+00
5.260000228881835938e+01 -1.985976658761501312e-02 0.000000000000000000e+00 -1.098644702324236277e-06 -1.999375596642494202e-02 0.000000000000000000e+00 7.000000000000000000e+00 6.143000000000000000e+03 0.000000000000000000e+00 2.000000000000000000e+00 2.756000041961669922e+00
5.279999923706054688e+01 -2.986293286085128784e-02 0.000000000000000000e+00 -1.088760654965881258e-06 -3.000328317284584045e-02 0.000000000000000000e+00 7.000000000000000000e+00 8.191000000000000000e+03 0.000000000000000000e+00 2.000000000000000000e+00 2.756000041961669922e+00
5.300000000000000000e+01 -3.989468887448310852e-02 0.000000000000000000e+00 -1.082937842511455528e-06 -4.000032320618629456e-02 0.000000000000000000e+00 7.000000000000000000e+00 8.191000000000000000e+03 0.000000000000000000e+00 2.000000000000000000e+00 2.756199836730957031e+00
5.320000076293945312e+01 -4.988901317119598389e-02 0.000000000000000000e+00 -1.078410491572867613e-06 -4.999735578894615173e-02 0.000000000000000000e+00 7.000000000000000000e+00 8.191000000000000000e+03 0.000000000000000000e+00 2.000000000000000000e+00 2.756199836730957031e+00
5.340000152587890625e+01 -5.986073613166809082e-02 0.000000000000000000e+00 -1.072348254638200160e-06 -5.999438837170600891e-02 0.000000000000000000e+00 7.000000000000000000e+00 8.191000000000000000e+03 0.000000000000000000e+00 2.000000000000000000e+00 2.756199836730957031e+00
5.360000228881835938e+01 -6.992235034704208374e-02 0.000000000000000000e+00 -1.073258772521512583e-06 -7.000392675399780273e-02 0.000000000000000000e+00 7.000000000000000000e+00 8.191000000000000000e+03 0.000000000000000000e+00 2.000000000000000000e+00 2.756199836730957031e+00
5.379999923706054688e+01 -7.986737787723541260e-02 0.000000000000000000e+00 -1.075598561328661162e-06 -8.000095188617706299e-02 0.000000000000000000e+00 7.000000000000000000e+00 8.191000000000000000e+03 0.000000000000000000e+00 2.000000000000000000e+00 2.756199836730957031e+00
5.400000000000000000e+01 -8.985655009746551514e-02 0.000000000000000000e+00 -1.082440235222748015e-06 -8.999799191951751709e-02 0.000000000000000000e+00 7.000000000000000000e+00 8.191000000000000000e+03 0.000000000000000000e+00 2.000000000000000000e+00 2.756000041961669922e+00
5.420000076293945312e+01 -9.989008307456970215e-02 0.000000000000000000e+00 -1.084737164092075545e-06 -9.999501705169677734e-02 0.000000000000000000e+00 7.000000000000000000e+00 8.191000000000000000e+03 0.000000000000000000e+00 2.000000000000000000e+00 2.756000041961669922e+00
5.440000152587890625e+01 -1.098594069480895996e-01 0.000000000000000000e+00 -1.096097435038245749e-06 -1.100045591592788696e-01 0.000000000000000000e+00 7.000000000000000000e+00 8.191000000000000000e+03 0.000000000000000000e+00 2.000000000000000000e+00 2.756000041961669922e+00
5.460000228881835938e+01 -1.198803409934043884e-01 0.000000000000000000e+00 -1.119421995099401101e-06 -1.200015842914581299e-01 0.000000000000000000e+00 7.000000000000000000e+00 8.191000000000000000e+03 0.000000000000000000e+00 2.000000000000000000e+00 2.756000041961669922e+00
5.479999923706054688e+01 -1.299401968717575073e-01 0.000000000000000000e+00 -1.159621319857251365e-06 -1.299986243247985840e-01 0.000000000000000000e+00 7.000000000000000000e+00 8.191000000000000000e+03 0.000000000000000000e+00 2.000000000000000000e+00 2.756000041961669922e+00
5.500000000000000000e+01 -1.398891508579254150e-01 0.000000000000000000e+00 -1.212959659824264236e-06 -1.399956643581390381e-01 0.000000000000000000e+00 7.000000000000000000e+00 8.191000000000000000e+03 0.000000000000000000e+00 2.000000000000000000e+00 2.756000041961669922e+00
5.520000076293945312e+01 -1.499187052249908447e-01 0.000000000000000000e+00 -1.296681944040756207e-06 -1.500051915645599365e-01 0.000000000000000000e+00 7.000000000000000000e+00 8.191000000000000000e+03 0.000000000000000000e+00 2.000000000000000000e+00 2.756000041961669922e+00
5.540000152587890625e+01 -1.598204076290130615e-01 0.000000000000000000e+00 -1.408551042914041318e-06 -1.600022166967391968e-01 0.000000000000000000e+00 7.000000000000000000e+00 8.191000000000000000e+03 0.000000000000000000e+00 2.000000000000000000e+00 2.756000041961669922e+00
5.560000228881835938e+01 -1.698796898126602173e-01 0.000000000000000000e+00 -1.566229684613063000e-06 -1.699992567300796509e-01 0.000000000000000000e+00 7.000000000000000000e+00 8.191000000000000000e+03 0.000000000000000000e+00 2.000000000000000000e+00 2.756000041961669922e+00
5.579999923706054688e+01 -1.799272447824478149e-01 0.000000000000000000e+00 -1.779389435796474572e-06 -1.799962967634201050e-01 0.000000000000000000e+00 7.000000000000000000e+00 8.191000000000000000e+03 0.000000000000000000e+00 2.000000000000000000e+00 2.756000041961669922e+00
5.600000000000000000e+01 -1.898562461137771606e-01 0.000000000000000000e+00 -2.062313342321431264e-06 -1.900058239698410034e-01 0.000000000000000000e+00 7.000000000000000000e+00 8.191000000000000000e+03 0.000000000000000000e+00 2.000000000000000000e+00 2.755899906158447266e+00
5.620000076293945312e+01 -1.999724507331848145e-01 0.000000000000000000e+00 -2.426574837954831310e-06 -2.000028640031814575e-01 0.000000000000000000e+00 7.000000000000000000e+00 8.191000000000000000e+03 0.000000000000000000e+00 2.000000000000000000e+00 2.755899906158447266e+00
5.640000152587890625e+01 -1.998728662729263306e-01 0.000000000000000000e+00 -2.287878942297538742e-06 -2.000028640031814575e-01 0.000000000000000000e+00 7.000000000000000000e+00 8.191000000000000000e+03 0.000000000000000000e+00 3.000000000000000000e+00 2.755899906158447266e+00
