2.000000029802322388e-01 -1.288279599975794554e-05 0.000000000000000000e+00 -8.314043498103274032e-08 3.129243850708007812e-07 0.000000000000000000e+00 6.000000000000000000e+00 8.191000000000000000e+03 0.000000000000000000e+00 0.000000000000000000e+00 2.756899833679199219e+00
4.000000059604644775e-01 9.977780282497406006e-03 0.000000000000000000e+00 -2.835697898717626231e-08 9.997349232435226440e-03 0.000000000000000000e+00 6.000000000000000000e+00 8.191000000000000000e+03 0.000000000000000000e+00 0.000000000000000000e+00 2.756899833679199219e+00
6.000000238418579102e-01 2.003876864910125732e-02 0.000000000000000000e+00 7.259656875646669505e-09 1.999438367784023285e-02 0.000000000000000000e+00 5.000000000000000000e+00 8.191000000000000000e+03 0.000000000000000000e+00 0.000000000000000000e+00 2.756899833679199219e+00
8.000000119209289551e-01 2.981480769813060760e-02 0.000000000000000000e+00 1.093948842623149176e-08 3.000391460955142975e-02 0.000000000000000000e+00 4.000000000000000000e+00 4.860000000000000000e+03 0.000000000000000000e+00 0.000000000000000000e+00 2.756899833679199219e+00
1.000000000000000000e+00 3.260123357176780701e-02 0.000000000000000000e+00 1.093948842623149176e-08 4.000094905495643616e-02 0.000000000000000000e+00 4.000000000000000000e+00 4.860000000000000000e+03 0.000000000000000000e+00 0.000000000000000000e+00 2.756899833679199219e+00
1.200000047683715820e+00 3.260337561368942261e-02 0.000000000000000000e+00 1.093948842623149176e-08 4.999798536300659180e-02 0.000000000000000000e+00 4.000000000000000000e+00 5.116000000000000000e+03 0.000000000000000000e+00 0.000000000000000000e+00 2.756199836730957031e+00
1.399999976158142090e+00 6.000241264700889587e-02 0.000000000000000000e+00 8.929607275831585866e-08 5.999501794576644897e-02 0.000000000000000000e+00 5.000000000000000000e+00 8.191000000000000000e+03 0.000000000000000000e+00 0.000000000000000000e+00 2.756199836730957031e+00
1.600000023841857910e+00 7.002263516187667847e-02 0.000000000000000000e+00 1.121570321060971764e-07 7.000455260276794434e-02 0.000000000000000000e+00 6.000000000000000000e+00 8.191000000000000000e+03 0.000000000000000000e+00 0.000000000000000000e+00 2.756199836730957031e+00
1.800000071525573730e+00 7.997889071702957153e-02 0.000000000000000000e+00 1.430086911113903625e-07 8.000158518552780151e-02 0.000000000000000000e+00 6.000000000000000000e+00 8.191000000000000000e+03 0.000000000000000000e+00 0.000000000000000000e+00 2.756199836730957031e+00
2.000000000000000000e+00 8.999493718147277832e-02 0.000000000000000000e+00 1.828274776016769465e-07 8.999861776828765869e-02 0.000000000000000000e+00 6.000000000000000000e+00 8.191000000000000000e+03 0.000000000000000000e+00 0.000000000000000000e+00 2.756199836730957031e+00
2.200000047683715820e+00 1.000289469957351685e-01 0.000000000000000000e+00 2.354884998112538597e-07 9.999565780162811279e-02 0.000000000000000000e+00 6.000000000000000000e+00 8.191000000000000000e+03 0.000000000000000000e+00 0.000000000000000000e+00 2.756500005722045898e+00
2.400000095367431641e+00 1.099967733025550842e-01 0.000000000000000000e+00 3.062456812585878652e-07 1.100051850080490112e-01 0.000000000000000000e+00 6.000000000000000000e+00 8.191000000000000000e+03 0.000000000000000000e+00 0.000000000000000000e+00 2.756500005722045898e+00
2.600000143051147461e+00 1.200038269162178040e-01 0.000000000000000000e+00 4.026139208690437954e-07 1.200022250413894653e-01 0.000000000000000000e+00 6.000000000000000000e+00 8.191000000000000000e+03 0.000000000000000000e+00 0.000000000000000000e+00 2.756500005722045898e+00
2.799999952316284180e+00 1.299947202205657959e-01 0.000000000000000000e+00 5.346368538994283881e-07 1.299992501735687256e-01 0.000000000000000000e+00 6.000000000000000000e+00 8.191000000000000000e+03 0.000000000000000000e+00 0.000000000000000000e+00 2.756500005722045898e+00
3.000000000000000000e+00 1.400099694728851318e-01 0.000000000000000000e+00 7.143977427404024638e-07 1.399962902069091797e-01 0.000000000000000000e+00 6.000000000000000000e+00 8.191000000000000000e+03 0.000000000000000000e+00 0.000000000000000000e+00 2.756500005722045898e+00
3.200000047683715820e+00 1.501020193099975586e-01 0.000000000000000000e+00 9.596350309948320501e-07 1.500058174133300781e-01 0.000000000000000000e+00 6.000000000000000000e+00 8.190000000000000000e+03 0.000000000000000000e+00 0.000000000000000000e+00 2.756199836730957031e+00
3.400000095367431641e+00 1.600134968757629395e-01 0.000000000000000000e+00 1.285116013605147600e-06 1.600028574466705322e-01 0.000000000000000000e+00 7.000000000000000000e+00 8.191000000000000000e+03 0.000000000000000000e+00 0.000000000000000000e+00 2.756199836730957031e+00
3.600000143051147461e+00 1.700248122215270996e-01 0.000000000000000000e+00 1.695801529422169551e-06 1.699998974800109863e-01 0.000000000000000000e+00 7.000000000000000000e+00 8.191000000000000000e+03 0.000000000000000000e+00 0.000000000000000000e+00 2.756199836730957031e+00
3.799999952316284180e+00 1.800192147493362427e-01 0.000000000000000000e+00 2.207535089837620035e-06 1.799969226121902466e-01 0.000000000000000000e+00 7.000000000000000000e+00 8.191000000000000000e+03 0.000000000000000000e+00 0.000000000000000000e+00 2.756199836730957031e+00
4.000000000000000000e+00 1.900597810745239258e-01 0.000000000000000000e+00 2.795006594169535674e-06 1.899939626455307007e-01 0.000000000000000000e+00 7.000000000000000000e+00 8.191000000000000000e+03 0.000000000000000000e+00 0.000000000000000000e+00 2.756199836730957031e+00
4.200000286102294922e+00 2.000828981399536133e-01 0.000000000000000000e+00 3.433196980040520430e-06 2.000034898519515991e-01 0.000000000000000000e+00 7.000000000000000000e+00 8.191000000000000000e+03 0.000000000000000000e+00 0.000000000000000000e+00 2.756299972534179688e+00
4.400000095367431641e+00 2.100763171911239624e-01 0.000000000000000000e+00 4.065670509589836001e-06 2.100005298852920532e-01 0.000000000000000000e+00 7.000000000000000000e+00 8.191000000000000000e+03 0.000000000000000000e+00 0.000000000000000000e+00 2.756299972534179688e+00
4.599999904632568359e+00 2.200145125389099121e-01 0.000000000000000000e+00 4.629855993698583916e-06 2.199975699186325073e-01 0.000000000000000000e+00 7.000000000000000000e+00 8.191000000000000000e+03 0.000000000000000000e+00 0.000000000000000000e+00 2.756299972534179688e+00
4.800000190734863281e+00 2.300081998109817505e-01 0.000000000000000000e+00 5.085201792098814622e-06 2.299945950508117676e-01 0.000000000000000000e+00 7.000000000000000000e+00 8.191000000000000000e+03 0.000000000000000000e+00 0.000000000000000000e+00 2.756299972534179688e+00
5.000000000000000000e+00 2.400501817464828491e-01 0.000000000000000000e+00 5.392884759203298017e-06 2.400041371583938599e-01 0.000000000000000000e+00 7.000000000000000000e+00 8.191000000000000000e+03 0.000000000000000000e+00 0.000000000000000000e+00 2.756299972534179688e+00
5.200000286102294922e+00 2.500447332859039307e-01 0.000000000000000000e+00 5.563151717069558799e-06 2.500011622905731201e-01 0.000000000000000000e+00 7.000000000000000000e+00 8.191000000000000000e+03 0.000000000000000000e+00 0.000000000000000000e+00 2.756299972534179688e+00
5.400000095367431641e+00 2.600036263465881348e-01 0.000000000000000000e+00 5.618635441351216286e-06 2.599982023239135742e-01 0.000000000000000000e+00 7.000000000000000000e+00 8.191000000000000000e+03 0.000000000000000000e+00 0.000000000000000000e+00 2.756299972534179688e+00
5.599999904632568359e+00 2.700328826904296875e-01 0.000000000000000000e+00 5.592910838458919898e-06 2.699952423572540283e-01 0.000000000000000000e+00 7.000000000000000000e+00 8.191000000000000000e+03 0.000000000000000000e+00 0.000000000000000000e+00 2.756299972534179688e+00
5.800000190734863281e+00 2.800260186195373535e-01 0.000000000000000000e+00 5.514577424037270248e-06 2.800047695636749268e-01 0.000000000000000000e+00 7.000000000000000000e+00 8.191000000000000000e+03 0.000000000000000000e+00 0.000000000000000000e+00 2.756299972534179688e+00
6.000000000000000000e+00 2.900727391242980957e-01 0.000000000000000000e+00 5.426204097602749243e-06 2.900017797946929932e-01 0.000000000000000000e+00 7.000000000000000000e+00 8.191000000000000000e+03 0.000000000000000000e+00 0.000000000000000000e+00 2.756299972534179688e+00
6.200000286102294922e+00 3.000428080558776855e-01 0.000000000000000000e+00 5.333187800715677440e-06 2.999988198280334473e-01 0.000000000000000000e+00 7.000000000000000000e+00 8.191000000000000000e+03 0.000000000000000000e+00 0.000000000000000000e+00 2.756299972534179688e+00
6.400000095367431641e+00 2.900387346744537354e-01 0.000000000000000000e+00 4.390367394080385566e-06 2.900017797946929932e-01 0.000000000000000000e+00 7.000000000000000000e+00 8.191000000000000000e+03 0.000000000000000000e+00 0.000000000000000000e+00 2.756299972534179688e+00
6.599999904632568359e+00 2.800498008728027344e-01 0.000000000000000000e+00 3.721727580341394059e-06 2.800047695636749268e-01 0.000000000000000000e+00 7.000000000000000000e+00 8.191000000000000000e+03 0.000000000000000000e+00 0.000000000000000000e+00 2.756299972534179688e+00
6.800000190734863281e+00 2.700243890285491943e-01 0.000000000000000000e+00 3.116039351880317554e-06 2.699952423572540283e-01 0.000000000000000000e+00 7.000000000000000000e+00 8.191000000000000000e+03 0.000000000000000000e+00 0.000000000000000000e+00 2.756299972534179688e+00
7.000000000000000000e+00 2.600890100002288818e-01 0.000000000000000000e+00 2.510052127036033198e-06 2.599982023239135742e-01 0.000000000000000000e+00 7.000000000000000000e+00 8.191000000000000000e+03 0.000000000000000000e+00 0.000000000000000000e+00 2.756299972534179688e+00
7.200000286102294922e+00 2.499897778034210205e-01 0.000000000000000000e+00 1.860618340288056061e-06 2.500011622905731201e-01 0.000000000000000000e+00 7.000000000000000000e+00 8.191000000000000000e+03 0.000000000000000000e+00 0.000000000000000000e+00 2.756000041961669922e+00
7.400000095367431641e+00 2.400226742029190063e-01 0.000000000000000000e+00 1.159601424660650082e-06 2.400041371583938599e-01 0.000000000000000000e+00 7.000000000000000000e+00 8.191000000000000000e+03 0.000000000000000000e+00 0.000000000000000000e+00 2.756000041961669922e+00
7.599999904632568359e+00 2.299900650978088379e-01 0.000000000000000000e+00 4.070174099979340099e-07 2.299945950508117676e-01 0.000000000000000000e+00 7.000000000000000000e+00 8.191000000000000000e+03 0.000000000000000000e+00 0.000000000000000000e+00 2.756000041961669922e+00
7.800000190734863281e+00 2.200641930103302002e-01 0.000000000000000000e+00 -3.537666657393856440e-07 2.199975699186325073e-01 0.000000000000000000e+00 6.000000000000000000e+00 8.191000000000000000e+03 0.000000000000000000e+00 0.000000000000000000e+00 2.756000041961669922e+00
8.000000000000000000e+00 2.100487351417541504e-01 0.000000000000000000e+00 -1.046888996825146023e-06 2.100005298852920532e-01 0.000000000000000000e+00 6.000000000000000000e+00 7.164000000000000000e+03 0.000000000000000000e+00 0.000000000000000000e+00 2.756000041961669922e+00
8.199999809265136719e+00 2.000199854373931885e-01 0.000000000000000000e+00 -1.666065259087190498e-06 2.000034898519515991e-01 0.000000000000000000e+00 7.000000000000000000e+00 8.191000000000000000e+03 0.000000000000000000e+00 0.000000000000000000e+00 2.756000041961669922e+00
8.400000572204589844e+00 1.900255531072616577e-01 0.000000000000000000e+00 -2.117684744007419795e-06 1.899939626455307007e-01 0.000000000000000000e+00 7.000000000000000000e+00 8.191000000000000000e+03 0.000000000000000000e+00 0.000000000000000000e+00 2.756000041961669922e+00
8.600000381469726562e+00 1.800193041563034058e-01 0.000000000000000000e+00 -2.393479917373042554e-06 1.799969226121902466e-01 0.000000000000000000e+00 7.000000000000000000e+00 8.191000000000000000e+03 0.000000000000000000e+00 0.000000000000000000e+00 2.756000041961669922e+00
8.800000190734863281e+00 1.700801849365234375e-01 0.000000000000000000e+00 -2.511119419068563730e-06 1.699998974800109863e-01 0.000000000000000000e+00 7.000000000000000000e+00 8.191000000000000000e+03 0.000000000000000000e+00 0.000000000000000000e+00 2.756000041961669922e+00
9.000000000000000000e+00 1.600013077259063721e-01 0.000000000000000000e+00 -2.508071929696598090e-06 1.600028574466705322e-01 0.000000000000000000e+00 7.000000000000000000e+00 8.191000000000000000e+03 0.000000000000000000e+00 0.000000000000000000e+00 2.756000041961669922e+00
9.199999809265136719e+00 1.500484198331832886e-01 0.000000000000000000e+00 -2.412333287793444470e-06 1.500058174133300781e-01 0.000000000000000000e+00 7.000000000000000000e+00 8.191000000000000000e+03 0.000000000000000000e+00 0.000000000000000000e+00 2.756199836730957031e+00
9.400000572204589844e+00 1.400186419486999512e-01 0.000000000000000000e+00 -2.272962092320085503e-06 1.399962902069091797e-01 0.000000000000000000e+00 7.000000000000000000e+00 8.191000000000000000e+03 0.000000000000000000e+00 0.000000000000000000e+00 2.756199836730957031e+00
9.600000381469726562e+00 1.300097256898880005e-01 0.000000000000000000e+00 -2.112449465130339377e-06 1.299992501735687256e-01 0.000000000000000000e+00 7.000000000000000000e+00 8.191000000000000000e+03 0.000000000000000000e+00 0.000000000000000000e+00 2.756199836730957031e+00
9.800000190734863281e+00 1.200070157647132874e-01 0.000000000000000000e+00 -1.953240371221909299e-06 1.200022250413894653e-01 0.000000000000000000e+00 7.000000000000000000e+00 8.191000000000000000e+03 0.000000000000000000e+00 0.000000000000000000e+00 2.756199836730957031e+00
1.000000000000000000e+01 1.100617721676826477e-01 0.000000000000000000e+00 -1.799815095182566438e-06 1.100051850080490112e-01 0.000000000000000000e+00 7.000000000000000000e+00 8.191000000000000000e+03 0.000000000000000000e+00 0.000000000000000000e+00 2.756199836730957031e+00
1.019999980926513672e+01 1.000456139445304871e-01 0.000000000000000000e+00 -1.653429649195459206e-06 9.999565780162811279e-02 0.000000000000000000e+00 7.000000000000000000e+00 8.191000000000000000e+03 0.000000000000000000e+00 0.000000000000000000e+00 2.756099939346313477e+00
1.040000057220458984e+01 9.002070873975753784e-02 0.000000000000000000e+00 -1.525520588074869011e-06 8.999861776828765869e-02 0.000000000000000000e+00 7.000000000000000000e+00 8.191000000000000000e+03 0.000000000000000000e+00 0.000000000000000000e+00 2.756099939346313477e+00
1.060000038146972656e+01 7.999609410762786865e-02 0.000000000000000000e+00 -1.412746883033833001e-06 8.000158518552780151e-02 0.000000000000000000e+00 7.000000000000000000e+00 8.191000000000000000e+03 0.000000000000000000e+00 0.000000000000000000e+00 2.756099939346313477e+00
1.080000019073486328e+01 7.000144571065902710e-02 0.000000000000000000e+00 -1.314819428444025107e-06 7.000455260276794434e-02 0.000000000000000000e+00 7.000000000000000000e+00 8.191000000000000000e+03 0.000000000000000000e+00 0.000000000000000000e+00 2.756099939346313477e+00
1.100000000000000000e+01 6.001618877053260803e-02 0.000000000000000000e+00 -1.229870804309030063e-06 5.999501794576644897e-02 0.000000000000000000e+00 7.000000000000000000e+00 8.191000000000000000e+03 0.000000000000000000e+00 0.000000000000000000e+00 2.756099939346313477e+00
1.119999980926513672e+01 5.001728236675262451e-02 0.000000000000000000e+00 -1.150728962784342002e-06 4.999798536300659180e-02 0.000000000000000000e+00 7.000000000000000000e+00 8.191000000000000000e+03 0.000000000000000000e+00 0.000000000000000000e+00 2.756099939346313477e+00
1.140000057220458984e+01 3.999084979295730591e-02 0.000000000000000000e+00 -1.077539877769595478e-06 4.000094905495643616e-02 0.000000000000000000e+00 7.000000000000000000e+00 8.191000000000000000e+03 0.000000000000000000e+00 0.000000000000000000e+00 2.756099939346313477e+00
1.160000038146972656e+01 3.001799806952476501e-02 0.000000000000000000e+00 -1.019619048747699708e-06 3.000391460955142975e-02 0.000000000000000000e+00 7.000000000000000000e+00 8.191000000000000000e+03 0.000000000000000000e+00 0.000000000000000000e+00 2.756099939346313477e+00
1.180000019073486328e+01 1.998617313802242279e-02 0.000000000000000000e+00 -9.694983873487217352e-07 1.999438367784023285e-02 0.000000000000000000e+00 7.000000000000000000e+00 8.191000000000000000e+03 0.000000000000000000e+00 0.000000000000000000e+00 2.756099939346313477e+00
1.200000000000000000e+01 1.003089547157287598e-02 0.000000000000000000e+00 -9.298515806221985258e-07 9.997349232435226440e-03 0.000000000000000000e+00 7.000000000000000000e+00 8.191000000000000000e+03 0.000000000000000000e+00 0.000000000000000000e+00 2.756099939346313477e+00
1.219999980926513672e+01 2.184959885198622942e-05 0.000000000000000000e+00 -8.853858162183314562e-07 3.129243850708007812e-07 0.000000000000000000e+00 7.000000000000000000e+00 8.191000000000000000e+03 0.000000000000000000e+00 0.000000000000000000e+00 2.756099939346313477e+00
1.240000057220458984e+01 -1.002328563481569290e-02 0.000000000000000000e+00 -8.563963547203456983e-07 -9.996719658374786377e-03 0.000000000000000000e+00 7.000000000000000000e+00 8.191000000000000000e+03 0.000000000000000000e+00 0.000000000000000000e+00 2.756099939346313477e+00
1.260000038146972656e+01 -2.006634324789047241e-02 0.000000000000000000e+00 -8.283418537757825106e-07 -1.999375596642494202e-02 0.000000000000000000e+00 7.000000000000000000e+00 8.191000000000000000e+03 0.000000000000000000e+00 0.000000000000000000e+00 2.756099939346313477e+00
1.280000019073486328e+01 -2.984277345240116119e-02 0.000000000000000000e+00 -8.159156550391344354e-07 -3.000328317284584045e-02 0.000000000000000000e+00 7.000000000000000000e+00 6.143000000000000000e+03 0.000000000000000000e+00 0.000000000000000000e+00 2.756099939346313477e+00
1.300000000000000000e+01 -4.002140462398529053e-02 0.000000000000000000e+00 -8.054416298364230897e-07 -4.000032320618629456e-02 0.000000000000000000e+00 7.000000000000000000e+00 8.191000000000000000e+03 0.000000000000000000e+00 0.000000000000000000e+00 2.756099939346313477e+00
1.319999980926513672e+01 -4.999353364109992981e-02 0.000000000000000000e+00 -8.036042800085851923e-07 -4.999735578894615173e-02 0.000000000000000000e+00 6.000000000000000000e+00 8.191000000000000000e+03 0.000000000000000000e+00 0.000000000000000000e+00 2.756199836730957031e+00
1.340000057220458984e+01 -6.000759080052375793e-02 0.000000000000000000e+00 -8.103344839582860004e-07 -5.999438837170600891e-02 0.000000000000000000e+00 6.000000000000000000e+00 8.191000000000000000e+03 0.000000000000000000e+00 0.000000000000000000e+00 2.756199836730957031e+00
1.360000038146972656e+01 -7.003735750913619995e-02 0.000000000000000000e+00 -8.278830705421569292e-07 -7.000392675399780273e-02 0.000000000000000000e+00 6.000000000000000000e+00 8.191000000000000000e+03 0.000000000000000000e+00 0.000000000000000000e+00 2.756199836730957031e+00
1.380000019073486328e+01 -8.000513911247253418e-02 0.000000000000000000e+00 -8.589506137468561064e-07 -8.000095188617706299e-02 0.000000000000000000e+00 6.000000000000000000e+00 8.191000000000000000e+03 0.000000000000000000e+00 0.000000000000000000e+00 2.756199836730957031e+00
1.400000000000000000e+01 -8.999799937009811401e-02 0.000000000000000000e+00 -9.045996307577297557e-07 -8.999799191951751709e-02 0.000000000000000000e+00 6.000000000000000000e+00 8.191000000000000000e+03 0.000000000000000000e+00 0.000000000000000000e+00 2.756199836730957031e+00
1.419999980926513672e+01 -9.995687007904052734e-02 0.000000000000000000e+00 -9.648280183682800271e-07 -9.999501705169677734e-02 0.000000000000000000e+00 7.000000000000000000e+00 8.191000000000000000e+03 0.000000000000000000e+00 0.000000000000000000e+00 2.756099939346313477e+00
1.440000057220458984e+01 -1.100242063403129578e-01 0.000000000000000000e+00 -1.046103989210678264e-06 -1.100045591592788696e-01 0.000000000000000000e+00 7.000000000000000000e+00 8.191000000000000000e+03 0.000000000000000000e+00 0.000000000000000000e+00 2.756099939346313477e+00
1.460000038146972656e+01 -1.200332343578338623e-01 0.000000000000000000e+00 -1.159610064860316925e-06 -1.200015842914581299e-01 0.000000000000000000e+00 7.000000000000000000e+00 8.191000000000000000e+03 0.000000000000000000e+00 0.000000000000000000e+00 2.756099939346313477e+00
1.480000019073486328e+01 -1.299818456172943115e-01 0.000000000000000000e+00 -1.295262677558639552e-06 -1.299986243247985840e-01 0.000000000000000000e+00 7.000000000000000000e+00 8.191000000000000000e+03 0.000000000000000000e+00 0.000000000000000000e+00 2.756099939346313477e+00
1.500000000000000000e+01 -1.400326639413833618e-01 0.000000000000000000e+00 -1.461972374272590969e-06 -1.399956643581390381e-01 0.000000000000000000e+00 7.000000000000000000e+00 8.191000000000000000e+03 0.000000000000000000e+00 0.000000000000000000e+00 2.756099939346313477e+00
1.519999980926513672e+01 -1.500269621610641479e-01 0.000000000000000000e+00 -1.665279341978020966e-06 -1.500051915645599365e-01 0.000000000000000000e+00 7.000000000000000000e+00 8.191000000000000000e+03 0.000000000000000000e+00 0.000000000000000000e+00 2.756000041961669922e+00
1.540000057220458984e+01 -1.599881350994110107e-01 0.000000000000000000e+00 -1.902281610455247574e-06 -1.600022166967391968e-01 0.000000000000000000e+00 7.000000000000000000e+00 8.191000000000000000e+03 0.000000000000000000e+00 0.000000000000000000e+00 2.756000041961669922e+00
1.560000038146972656e+01 -1.700249016284942627e-01 0.000000000000000000e+00 -2.160201347578549758e-06 -1.699992567300796509e-01 0.000000000000000000e+00 7.000000000000000000e+00 8.191000000000000000e+03 0.000000000000000000e+00 0.000000000000000000e+00 2.756000041961669922e+00
1.580000019073486328e+01 -1.800143420696258545e-01 0.000000000000000000e+00 -2.440123125779791735e-06 -1.799962967634201050e-01 0.000000000000000000e+00 7.000000000000000000e+00 8.191000000000000000e+03 0.000000000000000000e+00 0.000000000000000000e+00 2.756000041961669922e+00
1.600000000000000000e+01 -1.900576204061508179e-01 0.000000000000000000e+00 -2.704612143133999780e-06 -1.900058239698410034e-01 0.000000000000000000e+00 7.000000000000000000e+00 8.191000000000000000e+03 0.000000000000000000e+00 0.000000000000000000e+00 2.756000041961669922e+00
1.620000076293945312e+01 -2.000090330839157104e-01 0.000000000000000000e+00 -2.928262574641848914e-06 -2.000028640031814575e-01 0.000000000000000000e+00 7.000000000000000000e+00 8.191000000000000000e+03 0.000000000000000000e+00 0.000000000000000000e+00 2.756000041961669922e+00
1.639999961853027344e+01 -1.900112032890319824e-01 0.000000000000000000e+00 -2.269036031066207215e-06 -1.900058239698410034e-01 0.000000000000000000e+00 7.000000000000000000e+00 8.191000000000000000e+03 0.000000000000000000e+00 1.000000000000000000e+00 2.756000041961669922e+00
1.660000038146972656e+01 -1.800209879875183105e-01 0.000000000000000000e+00 -1.829786015150602907e-06 -1.799962967634201050e-01 0.000000000000000000e+00 7.000000000000000000e+00 8.191000000000000000e+03 0.000000000000000000e+00 1.000000000000000000e+00 2.756000041961669922e+00
1.680000114440917969e+01 -1.700106859207153320e-01 0.000000000000000000e+00 -1.510578613306279294e-06 -1.699992567300796509e-01 0.000000000000000000e+00 7.000000000000000000e+00 8.191000000000000000e+03 0.000000000000000000e+00 1.000000000000000000e+00 2.756000041961669922e+00
1.700000000000000000e+01 -1.600188612937927246e-01 0.000000000000000000e+00 -1.253574737347662449e-06 -1.600022166967391968e-01 0.000000000000000000e+00 7.000000000000000000e+00 8.191000000000000000e+03 0.000000000000000000e+00 1.000000000000000000e+00 2.756000041961669922e+00
1.720000076293945312e+01 -1.500451862812042236e-01 0.000000000000000000e+00 -1.058164343703538179e-06 -1.500051915645599365e-01 0.000000000000000000e+00 7.000000000000000000e+00 8.191000000000000000e+03 0.000000000000000000e+00 1.000000000000000000e+00 2.756000041961669922e+00
1.739999961853027344e+01 -1.399967670440673828e-01 0.000000000000000000e+00 -8.873882961779600009e-07 -1.399956643581390381e-01 0.000000000000000000e+00 7.000000000000000000e+00 8.191000000000000000e+03 0.000000000000000000e+00 1.000000000000000000e+00 2.756000041961669922e+00
1.760000038146972656e+01 -1.300139129161834717e-01 0.000000000000000000e+00 -7.565927830910368357e-07 -1.299986243247985840e-01 0.000000000000000000e+00 7.000000000000000000e+00 8.191000000000000000e+03 0.000000000000000000e+00 1.000000000000000000e+00 2.756000041961669922e+00
1.780000114440917969e+01 -1.199728026986122131e-01 0.000000000000000000e+00 -6.483571723947534338e-07 -1.200015842914581299e-01 0.000000000000000000e+00 6.000000000000000000e+00 8.191000000000000000e+03 0.000000000000000000e+00 1.000000000000000000e+00 2.756000041961669922e+00
1.800000000000000000e+01 -1.100383773446083069e-01 0.000000000000000000e+00 -5.552155357690935489e-07 -1.100045591592788696e-01 0.000000000000000000e+00 6.000000000000000000e+00 8.191000000000000000e+03 0.000000000000000000e+00 1.000000000000000000e+00 2.756000041961669922e+00
1.820000076293945312e+01 -1.000096574425697327e-01 0.000000000000000000e+00 -4.772574584421818145e-07 -9.999501705169677734e-02 0.000000000000000000e+00 6.000000000000000000e+00 8.191000000000000000e+03 0.000000000000000000e+00 1.000000000000000000e+00 2.756000041961669922e+00
1.839999961853027344e+01 -8.998795598745346069e-02 0.000000000000000000e+00 -4.124988208786817268e-07 -8.999799191951751709e-02 0.000000000000000000e+00 6.000000000000000000e+00 8.191000000000000000e+03 0.000000000000000000e+00 1.000000000000000000e+00 2.756000041961669922e+00
1.860000038146972656e+01 -8.000664412975311279e-02 0.000000000000000000e+00 -3.581538123853533762e-07 -8.000095188617706299e-02 0.000000000000000000e+00 6.000000000000000000e+00 8.191000000000000000e+03 0.000000000000000000e+00 1.000000000000000000e+00 2.756000041961669922e+00
1.880000114440917969e+01 -6.996349990367889404e-02 0.000000000000000000e+00 -3.121838858533010352e-07 -7.000392675399780273e-02 0.000000000000000000e+00 6.000000000000000000e+00 8.191000000000000000e+03 0.000000000000000000e+00 1.000000000000000000e+00 2.756000041961669922e+00
1.900000000000000000e+01 -5.997578427195549011e-02 0.000000000000000000e+00 -2.723969032558670733e-07 -5.999438837170600891e-02 0.000000000000000000e+00 6.000000000000000000e+00 8.191000000000000000e+03 0.000000000000000000e+00 1.000000000000000000e+00 2.756000041961669922e+00
1.920000076293945312e+01 -5.001206323504447937e-02 0.000000000000000000e+00 -2.392115732163802022e-07 -4.999735578894615173e-02 0.000000000000000000e+00 6.000000000000000000e+00 8.191000000000000000e+03 0.000000000000000000e+00 1.000000000000000000e+00 2.756000041961669922e+00
1.939999961853027344e+01 -4.002931714057922363e-02 0.000000000000000000e+00 -2.101432130530156428e-07 -4.000032320618629456e-02 0.000000000000000000e+00 6.000000000000000000e+00 8.191000000000000000e+03 0.000000000000000000e+00 1.000000000000000000e+00 2.756000041961669922e+00
1.960000038146972656e+01 -3.000985644757747650e-02 0.000000000000000000e+00 -1.851509381367577589e-07 -3.000328317284584045e-02 0.000000000000000000e+00 6.000000000000000000e+00 8.191000000000000000e+03 0.000000000000000000e+00 1.000000000000000000e+00 2.756000041961669922e+00
1.980000114440917969e+01 -1.998670212924480438e-02 0.000000000000000000e+00 -1.621838521259633126e-07 -1.999375596642494202e-02 0.000000000000000000e+00 6.000000000000000000e+00 8.191000000000000000e+03 0.000000000000000000e+00 1.000000000000000000e+00 2.756000041961669922e+00
2.000000000000000000e+01 -9.991241618990898132e-03 0.000000000000000000e+00 -1.417894424093901762e-07 -9.996719658374786377e-03 0.000000000000000000e+00 6.000000000000000000e+00 8.191000000000000000e+03 0.000000000000000000e+00 1.000000000000000000e+00 2.756000041961669922e+00
2.020000076293945312e+01 7.082853699102997780e-06 0.000000000000000000e+00 -1.232532014228127082e-07 3.129243850708007812e-07 0.000000000000000000e+00 6.000000000000000000e+00 8.191000000000000000e+03 0.000000000000000000e+00 1.000000000000000000e+00 2.756000041961669922e+00
2.039999961853027344e+01 1.003504171967506409e-02 0.000000000000000000e+00 -1.052059488415579835e-07 9.997349232435226440e-03 0.000000000000000000e+00 6.000000000000000000e+00 8.191000000000000000e+03 0.000000000000000000e+00 1.000000000000000000e+00 2.756000041961669922e+00
2.060000038146972656e+01 2.004049718379974365e-02 0.000000000000000000e+00 -8.769274018050055020e-08 1.999438367784023285e-02 0.000000000000000000e+00 6.000000000000000000e+00 8.191000000000000000e+03 0.000000000000000000e+00 1.000000000000000000e+00 2.756000041961669922e+00
2.080000114440917969e+01 2.979815378785133362e-02 0.000000000000000000e+00 -7.135650292866557720e-08 3.000391460955142975e-02 0.000000000000000000e+00 6.000000000000000000e+00 6.143000000000000000e+03 0.000000000000000000e+00 1.000000000000000000e+00 2.756000041961669922e+00
2.100000000000000000e+01 4.000215604901313782e-02 0.000000000000000000e+00 -5.222106835844897432e-08 4.000094905495643616e-02 0.000000000000000000e+00 5.000000000000000000e+00 8.191000000000000000e+03 0.000000000000000000e+00 1.000000000000000000e+00 2.756000041961669922e+00
2.120000076293945312e+01 5.001831054687500000e-02 0.000000000000000000e+00 -3.448362662084036856e-08 4.999798536300659180e-02 0.000000000000000000e+00 5.000000000000000000e+00 8.191000000000000000e+03 0.000000000000000000e+00 1.000000000000000000e+00 2.756099939346313477e+00
2.139999961853027344e+01 6.003620103001594543e-02 0.000000000000000000e+00 -1.498787227660614008e-08 5.999501794576644897e-02 0.000000000000000000e+00 5.000000000000000000e+00 8.191000000000000000e+03 0.000000000000000000e+00 1.000000000000000000e+00 2.756099939346313477e+00
2.160000038146972656e+01 7.005213201045989990e-02 0.000000000000000000e+00 7.927018152997789002e-09 7.000455260276794434e-02 0.000000000000000000e+00 5.000000000000000000e+00 8.191000000000000000e+03 0.000000000000000000e+00 1.000000000000000000e+00 2.756099939346313477e+00
2.180000114440917969e+01 8.010567724704742432e-02 0.000000000000000000e+00 1.093948842623149176e-08 8.000158518552780151e-02 0.000000000000000000e+00 4.000000000000000000e+00 6.908000000000000000e+03 0.000000000000000000e+00 1.000000000000000000e+00 2.756099939346313477e+00
2.200000000000000000e+01 8.998795598745346069e-02 0.000000000000000000e+00 1.093948842623149176e-08 8.999861776828765869e-02 0.000000000000000000e+00 4.000000000000000000e+00 6.908000000000000000e+03 0.000000000000000000e+00 1.000000000000000000e+00 2.756099939346313477e+00
2.220000076293945312e+01 9.997070580720901489e-02 0.000000000000000000e+00 1.093948842623149176e-08 9.999565780162811279e-02 0.000000000000000000e+00 4.000000000000000000e+00 7.164000000000000000e+03 0.000000000000000000e+00 1.000000000000000000e+00 2.756000041961669922e+00
2.239999961853027344e+01 1.100464686751365662e-01 0.000000000000000000e+00 1.091851729029258422e-07 1.100051850080490112e-01 0.000000000000000000e+00 5.000000000000000000e+00 7.164000000000000000e+03 0.000000000000000000e+00 1.000000000000000000e+00 2.756000041961669922e+00
2.260000038146972656e+01 1.200213655829429626e-01 0.000000000000000000e+00 2.584890523849026067e-07 1.200022250413894653e-01 0.000000000000000000e+00 6.000000000000000000e+00 8.191000000000000000e+03 0.000000000000000000e+00 1.000000000000000000e+00 2.756000041961669922e+00
2.280000114440917969e+01 1.300215870141983032e-01 0.000000000000000000e+00 3.695654413604643196e-07 1.299992501735687256e-01 0.000000000000000000e+00 6.000000000000000000e+00 8.191000000000000000e+03 0.000000000000000000e+00 1.000000000000000000e+00 2.756000041961669922e+00
2.300000000000000000e+01 1.400308609008789062e-01 0.000000000000000000e+00 5.211567213336820714e-07 1.399962902069091797e-01 0.000000000000000000e+00 6.000000000000000000e+00 8.191000000000000000e+03 0.000000000000000000e+00 1.000000000000000000e+00 2.756000041961669922e+00
2.320000076293945312e+01 1.500111073255538940e-01 0.000000000000000000e+00 7.285078140739642549e-07 1.500058174133300781e-01 0.000000000000000000e+00 6.000000000000000000e+00 8.191000000000000000e+03 0.000000000000000000e+00 1.000000000000000000e+00 2.755699872970581055e+00
2.339999961853027344e+01 1.600315272808074951e-01 0.000000000000000000e+00 1.007875653158407658e-06 1.600028574466705322e-01 0.000000000000000000e+00 6.000000000000000000e+00 7.164000000000000000e+03 0.000000000000000000e+00 1.000000000000000000e+00 2.755699872970581055e+00
2.360000038146972656e+01 1.700296252965927124e-01 0.000000000000000000e+00 1.379420609737280756e-06 1.699998974800109863e-01 0.000000000000000000e+00 7.000000000000000000e+00 8.191000000000000000e+03 0.000000000000000000e+00 1.000000000000000000e+00 2.755699872970581055e+00
2.380000114440917969e+01 1.800385117530822754e-01 0.000000000000000000e+00 1.846694090090750251e-06 1.799969226121902466e-01 0.000000000000000000e+00 7.000000000000000000e+00 8.191000000000000000e+03 0.000000000000000000e+00 1.000000000000000000e+00 2.755699872970581055e+00
2.400000000000000000e+01 1.900470256805419922e-01 0.000000000000000000e+00 2.410340812275535427e-06 1.899939626455307007e-01 0.000000000000000000e+00 7.000000000000000000e+00 8.191000000000000000e+03 0.000000000000000000e+00 1.000000000000000000e+00 2.755699872970581055e+00
2.420000076293945312e+01 2.000573426485061646e-01 0.000000000000000000e+00 3.060918515984667465e-06 2.000034898519515991e-01 0.000000000000000000e+00 7.000000000000000000e+00 8.191000000000000000e+03 0.000000000000000000e+00 1.000000000000000000e+00 2.756000041961669922e+00
2.439999961853027344e+01 2.100650817155838013e-01 0.000000000000000000e+00 3.737059159902855754e-06 2.100005298852920532e-01 0.000000000000000000e+00 7.000000000000000000e+00 8.191000000000000000e+03 0.000000000000000000e+00 1.000000000000000000e+00 2.756000041961669922e+00
2.460000038146972656e+01 2.200357317924499512e-01 0.000000000000000000e+00 4.392476967041147873e-06 2.199975699186325073e-01 0.000000000000000000e+00 7.000000000000000000e+00 8.191000000000000000e+03 0.000000000000000000e+00 1.000000000000000000e+00 2.756000041961669922e+00
2.480000114440917969e+01 2.300095707178115845e-01 0.000000000000000000e+00 4.958285899192560464e-06 2.299945950508117676e-01 0.000000000000000000e+00 7.000000000000000000e+00 8.191000000000000000e+03 0.000000000000000000e+00 1.000000000000000000e+00 2.756000041961669922e+00
2.500000000000000000e+01 2.400721013545989990e-01 0.000000000000000000e+00 5.389496436691842973e-06 2.400041371583938599e-01 0.000000000000000000e+00 7.000000000000000000e+00 8.191000000000000000e+03 0.000000000000000000e+00 1.000000000000000000e+00 2.756000041961669922e+00
2.520000076293945312e+01 2.500908970832824707e-01 0.000000000000000000e+00 5.661851901095360518e-06 2.500011622905731201e-01 0.000000000000000000e+00 7.000000000000000000e+00 8.191000000000000000e+03 0.000000000000000000e+00 1.000000000000000000e+00 2.756000041961669922e+00
2.539999961853027344e+01 2.600675523281097412e-01 0.000000000000000000e+00 5.790666818938916549e-06 2.599982023239135742e-01 0.000000000000000000e+00 7.000000000000000000e+00 8.191000000000000000e+03 0.000000000000000000e+00 1.000000000000000000e+00 2.756000041961669922e+00
2.560000038146972656e+01 2.700078785419464111e-01 0.000000000000000000e+00 5.807391062262468040e-06 2.699952423572540283e-01 0.000000000000000000e+00 7.000000000000000000e+00 8.191000000000000000e+03 0.000000000000000000e+00 1.000000000000000000e+00 2.756000041961669922e+00
2.580000114440917969e+01 2.800913453102111816e-01 0.000000000000000000e+00 5.744079317082650959e-06 2.800047695636749268e-01 0.000000000000000000e+00 7.000000000000000000e+00 8.191000000000000000e+03 0.000000000000000000e+00 1.000000000000000000e+00 2.756000041961669922e+00
2.600000000000000000e+01 2.900238335132598877e-01 0.000000000000000000e+00 5.642362339131068438e-06 2.900017797946929932e-01 0.000000000000000000e+00 7.000000000000000000e+00 8.191000000000000000e+03 0.000000000000000000e+00 1.000000000000000000e+00 2.756000041961669922e+00
2.620000076293945312e+01 3.000646829605102539e-01 0.000000000000000000e+00 5.524426342162769288e-06 2.999988198280334473e-01 0.000000000000000000e+00 7.000000000000000000e+00 8.191000000000000000e+03 0.000000000000000000e+00 1.000000000000000000e+00 2.756099939346313477e+00
2.639999961853027344e+01 2.900328338146209717e-01 0.000000000000000000e+00 4.490006631385767832e-06 2.900017797946929932e-01 0.000000000000000000e+00 7.000000000000000000e+00 8.191000000000000000e+03 0.000000000000000000e+00 1.000000000000000000e+00 2.756099939346313477e+00
2.660000038146972656e+01 2.800243496894836426e-01 0.000000000000000000e+00 3.733310222742147744e-06 2.800047695636749268e-01 0.000000000000000000e+00 7.000000000000000000e+00 8.191000000000000000e+03 0.000000000000000000e+00 1.000000000000000000e+00 2.756099939346313477e+00
2.680000114440917969e+01 2.700621783733367920e-01 0.000000000000000000e+00 3.041696118089021184e-06 2.699952423572540283e-01 0.000000000000000000e+00 7.000000000000000000e+00 8.191000000000000000e+03 0.000000000000000000e+00 1.000000000000000000e+00 2.756099939346313477e+00
2.700000000000000000e+01 2.600067555904388428e-01 0.000000000000000000e+00 2.332909616598044522e-06 2.599982023239135742e-01 0.000000000000000000e+00 7.000000000000000000e+00 8.191000000000000000e+03 0.000000000000000000e+00 1.000000000000000000e+00 2.756099939346313477e+00
2.720000076293945312e+01 2.500012516975402832e-01 0.000000000000000000e+00 1.584354095029993914e-06 2.500011622905731201e-01 0.000000000000000000e+00 7.000000000000000000e+00 8.191000000000000000e+03 0.000000000000000000e+00 1.000000000000000000e+00 2.755800008773803711e+00
2.739999961853027344e+01 2.400255203247070312e-01 0.000000000000000000e+00 7.779556199238868430e-07 2.400041371583938599e-01 0.000000000000000000e+00 7.000000000000000000e+00 8.191000000000000000e+03 0.000000000000000000e+00 1.000000000000000000e+00 2.755800008773803711e+00
2.760000038146972656e+01 2.300360053777694702e-01 0.000000000000000000e+00 -3.490103495096263941e-08 2.299945950508117676e-01 0.000000000000000000e+00 6.000000000000000000e+00 8.191000000000000000e+03 0.000000000000000000e+00 1.000000000000000000e+00 2.755800008773803711e+00
2.780000114440917969e+01 2.200518846511840820e-01 0.000000000000000000e+00 -1.092515233835911204e-07 2.199975699186325073e-01 0.000000000000000000e+00 5.000000000000000000e+00 7.164000000000000000e+03 0.000000000000000000e+00 1.000000000000000000e+00 2.755800008773803711e+00
2.800000000000000000e+01 2.100495696067810059e-01 0.000000000000000000e+00 -1.093766627491277177e-06 2.100005298852920532e-01 0.000000000000000000e+00 6.000000000000000000e+00 7.164000000000000000e+03 0.000000000000000000e+00 1.000000000000000000e+00 2.755800008773803711e+00
2.820000076293945312e+01 2.000807821750640869e-01 0.000000000000000000e+00 -2.067241666736663319e-06 2.000034898519515991e-01 0.000000000000000000e+00 7.000000000000000000e+00 8.191000000000000000e+03 0.000000000000000000e+00 1.000000000000000000e+00 2.755800008773803711e+00
2.839999961853027344e+01 1.900595128536224365e-01 0.000000000000000000e+00 -2.442827053528162651e-06 1.899939626455307007e-01 0.000000000000000000e+00 7.000000000000000000e+00 8.191000000000000000e+03 0.000000000000000000e+00 1.000000000000000000e+00 2.755800008773803711e+00
2.860000038146972656e+01 1.799986809492111206e-01 0.000000000000000000e+00 -2.631648385431617498e-06 1.799969226121902466e-01 0.000000000000000000e+00 7.000000000000000000e+00 8.191000000000000000e+03 0.000000000000000000e+00 1.000000000000000000e+00 2.755800008773803711e+00
2.880000114440917969e+01 1.700353324413299561e-01 0.000000000000000000e+00 -2.675845962585299276e-06 1.699998974800109863e-01 0.000000000000000000e+00 7.000000000000000000e+00 8.191000000000000000e+03 0.000000000000000000e+00 1.000000000000000000e+00 2.755800008773803711e+00
2.900000000000000000e+01 1.600494831800460815e-01 0.000000000000000000e+00 -2.612322532513644546e-06 1.600028574466705322e-01 0.000000000000000000e+00 7.000000000000000000e+00 8.191000000000000000e+03 0.000000000000000000e+00 1.000000000000000000e+00 2.755800008773803711e+00
2.920000076293945312e+01 1.500436365604400635e-01 0.000000000000000000e+00 -2.485084678482962772e-06 1.500058174133300781e-01 0.000000000000000000e+00 7.000000000000000000e+00 8.191000000000000000e+03 0.000000000000000000e+00 1.000000000000000000e+00 2.755899906158447266e+00
2.939999961853027344e+01 1.400135308504104614e-01 0.000000000000000000e+00 -2.324772367501282133e-06 1.399962902069091797e-01 0.000000000000000000e+00 7.000000000000000000e+00 8.191000000000000000e+03 0.000000000000000000e+00 1.000000000000000000e+00 2.755899906158447266e+00
2.960000038146972656e+01 1.300406605005264282e-01 0.000000000000000000e+00 -2.158948063879506662e-06 1.299992501735687256e-01 0.000000000000000000e+00 7.000000000000000000e+00 8.191000000000000000e+03 0.000000000000000000e+00 1.000000000000000000e+00 2.755899906158447266e+00
2.980000114440917969e+01 1.200202777981758118e-01 0.000000000000000000e+00 -1.990130840567871928e-06 1.200022250413894653e-01 0.000000000000000000e+00 7.000000000000000000e+00 8.191000000000000000e+03 0.000000000000000000e+00 1.000000000000000000e+00 2.755899906158447266e+00
3.000000000000000000e+01 1.100234314799308777e-01 0.000000000000000000e+00 -1.836412820921395905e-06 1.100051850080490112e-01 0.000000000000000000e+00 7.000000000000000000e+00 8.191000000000000000e+03 0.000000000000000000e+00 1.000000000000000000e+00 2.755899906158447266e+00
3.020000076293945312e+01 1.000299602746963501e-01 0.000000000000000000e+00 -1.699974973234930076e-06 9.999565780162811279e-02 0.000000000000000000e+00 7.000000000000000000e+00 8.191000000000000000e+03 0.000000000000000000e+00 1.000000000000000000e+00 2.755899906158447266e+00
3.039999961853027344e+01 9.001308679580688477e-02 0.000000000000000000e+00 -1.582410163791792002e-06 8.999861776828765869e-02 0.000000000000000000e+00 7.000000000000000000e+00 8.191000000000000000e+03 0.000000000000000000e+00 1.000000000000000000e+00 2.755899906158447266e+00
3.060000038146972656e+01 8.004377782344818115e-02 0.000000000000000000e+00 -1.466628759771992918e-06 8.000158518552780151e-02 0.000000000000000000e+00 7.000000000000000000e+00 8.191000000000000000e+03 0.000000000000000000e+00 1.000000000000000000e+00 2.755899906158447266e+00
3.080000114440917969e+01 7.003415375947952271e-02 0.000000000000000000e+00 -1.372805741084448528e-06 7.000455260276794434e-02 0.000000000000000000e+00 7.000000000000000000e+00 8.191000000000000000e+03 0.000000000000000000e+00 1.000000000000000000e+00 2.755899906158447266e+00
3.100000000000000000e+01 6.001609936356544495e-02 0.000000000000000000e+00 -1.286730707761307713e-06 5.999501794576644897e-02 0.000000000000000000e+00 7.000000000000000000e+00 8.191000000000000000e+03 0.000000000000000000e+00 1.000000000000000000e+00 2.755899906158447266e+00
3.120000076293945312e+01 5.001346766948699951e-02 0.000000000000000000e+00 -1.211461608363606501e-06 4.999798536300659180e-02 0.000000000000000000e+00 7.000000000000000000e+00 8.191000000000000000e+03 0.000000000000000000e+00 1.000000000000000000e+00 2.755899906158447266e+00
3.139999961853027344e+01 4.001149162650108337e-02 0.000000000000000000e+00 -1.148442152043571696e-06 4.000094905495643616e-02 0.000000000000000000e+00 7.000000000000000000e+00 8.191000000000000000e+03 0.000000000000000000e+00 1.000000000000000000e+00 2.755899906158447266e+00
3.160000038146972656e+01 3.002808429300785065e-02 0.000000000000000000e+00 -1.092471393349114805e-06 3.000391460955142975e-02 0.000000000000000000e+00 7.000000000000000000e+00 8.191000000000000000e+03 0.000000000000000000e+00 1.000000000000000000e+00 2.755899906158447266e+00
3.180000114440917969e+01 1.998115330934524536e-02 0.000000000000000000e+00 -1.042176563714747317e-06 1.999438367784023285e-02 0.000000000000000000e+00 7.000000000000000000e+00 8.191000000000000000e+03 0.000000000000000000e+00 1.000000000000000000e+00 2.755899906158447266e+00
3.200000000000000000e+01 1.002761069685220718e-02 0.000000000000000000e+00 -9.995601431000977755e-07 9.997349232435226440e-03 0.000000000000000000e+00 7.000000000000000000e+00 8.191000000000000000e+03 0.000000000000000000e+00 1.000000000000000000e+00 2.755899906158447266e+00
3.220000076293945312e+01 1.101623638533055782e-06 0.000000000000000000e+00 -9.572150929670897312e-07 3.129243850708007812e-07 0.000000000000000000e+00 7.000000000000000000e+00 8.191000000000000000e+03 0.000000000000000000e+00 1.000000000000000000e+00 2.755899906158447266e+00
3.240000152587890625e+01 -9.989868849515914917e-03 0.000000000000000000e+00 -9.303227557211357635e-07 -9.996719658374786377e-03 0.000000000000000000e+00 7.000000000000000000e+00 8.191000000000000000e+03 0.000000000000000000e+00 1.000000000000000000e+00 2.755899906158447266e+00
3.260000228881835938e+01 -2.004113048315048218e-02 0.000000000000000000e+00 -9.096278859033191111e-07 -1.999375596642494202e-02 0.000000000000000000e+00 7.000000000000000000e+00 8.191000000000000000e+03 0.000000000000000000e+00 1.000000000000000000e+00 2.755899906158447266e+00
3.279999923706054688e+01 -2.984623238444328308e-02 0.000000000000000000e+00 -8.896491294763109181e-07 -3.000328317284584045e-02 0.000000000000000000e+00 7.000000000000000000e+00 6.143000000000000000e+03 0.000000000000000000e+00 1.000000000000000000e+00 2.755899906158447266e+00
3.300000000000000000e+01 -3.997841104865074158e-02 0.000000000000000000e+00 -8.833705464894592296e-07 -4.000032320618629456e-02 0.000000000000000000e+00 7.000000000000000000e+00 8.191000000000000000e+03 0.000000000000000000e+00 1.000000000000000000e+00 2.755899906158447266e+00
3.320000076293945312e+01 -4.998630285263061523e-02 0.000000000000000000e+00 -8.843221621646080166e-07 -4.999735578894615173e-02 0.000000000000000000e+00 7.000000000000000000e+00 8.191000000000000000e+03 0.000000000000000000e+00 1.000000000000000000e+00 2.756099939346313477e+00
3.340000152587890625e+01 -5.997084453701972961e-02 0.000000000000000000e+00 -8.901027968022390269e-07 -5.999438837170600891e-02 0.000000000000000000e+00 7.000000000000000000e+00 8.191000000000000000e+03 0.000000000000000000e+00 1.000000000000000000e+00 2.756099939346313477e+00
3.360000228881835938e+01 -6.999027729034423828e-02 0.000000000000000000e+00 -9.098338296098518185e-07 -7.000392675399780273e-02 0.000000000000000000e+00 7.000000000000000000e+00 8.191000000000000000e+03 0.000000000000000000e+00 1.000000000000000000e+00 2.756099939346313477e+00
3.379999923706054688e+01 -7.999666035175323486e-02 0.000000000000000000e+00 -9.471071393818419892e-07 -8.000095188617706299e-02 0.000000000000000000e+00 7.000000000000000000e+00 8.191000000000000000e+03 0.000000000000000000e+00 1.000000000000000000e+00 2.756099939346313477e+00
3.400000000000000000e+01 -9.000290930271148682e-02 0.000000000000000000e+00 -1.001481791718106251e-06 -8.999799191951751709e-02 0.000000000000000000e+00 7.000000000000000000e+00 8.191000000000000000e+03 0.000000000000000000e+00 1.000000000000000000e+00 2.756099939346313477e+00
3.420000076293945312e+01 -1.000297218561172485e-01 0.000000000000000000e+00 -1.058822476807108615e-06 -9.999501705169677734e-02 0.000000000000000000e+00 7.000000000000000000e+00 8.191000000000000000e+03 0.000000000000000000e+00 1.000000000000000000e+00 2.755899906158447266e+00
3.440000152587890625e+01 -1.099849939346313477e-01 0.000000000000000000e+00 -1.152341724264260847e-06 -1.100045591592788696e-01 0.000000000000000000e+00 7.000000000000000000e+00 8.191000000000000000e+03 0.000000000000000000e+00 1.000000000000000000e+00 2.755899906158447266e+00
3.460000228881835938e+01 -1.199871674180030823e-01 0.000000000000000000e+00 -1.257186681868915912e-06 -1.200015842914581299e-01 0.000000000000000000e+00 7.000000000000000000e+00 8.191000000000000000e+03 0.000000000000000000e+00 1.000000000000000000e+00 2.755899906158447266e+00
3.479999923706054688e+01 -1.299680024385452271e-01 0.000000000000000000e+00 -1.398884933223598637e-06 -1.299986243247985840e-01 0.000000000000000000e+00 7.000000000000000000e+00 8.191000000000000000e+03 0.000000000000000000e+00 1.000000000000000000e+00 2.755899906158447266e+00
3.500000000000000000e+01 -1.400459408760070801e-01 0.000000000000000000e+00 -1.560990540383500047e-06 -1.399956643581390381e-01 0.000000000000000000e+00 7.000000000000000000e+00 8.191000000000000000e+03 0.000000000000000000e+00 1.000000000000000000e+00 2.755899906158447266e+00
3.520000076293945312e+01 -1.499921530485153198e-01 0.000000000000000000e+00 -1.758609414537204430e-06 -1.500051915645599365e-01 0.000000000000000000e+00 7.000000000000000000e+00 8.191000000000000000e+03 0.000000000000000000e+00 1.000000000000000000e+00 2.755800008773803711e+00
3.540000152587890625e+01 -1.599940806627273560e-01 0.000000000000000000e+00 -1.967361185961635783e-06 -1.600022166967391968e-01 0.000000000000000000e+00 7.000000000000000000e+00 8.191000000000000000e+03 0.000000000000000000e+00 1.000000000000000000e+00 2.755800008773803711e+00
3.560000228881835938e+01 -1.699779331684112549e-01 0.000000000000000000e+00 -2.197370804424281232e-06 -1.699992567300796509e-01 0.000000000000000000e+00 7.000000000000000000e+00 8.191000000000000000e+03 0.000000000000000000e+00 1.000000000000000000e+00 2.755800008773803711e+00
3.579999923706054688e+01 -1.800467669963836670e-01 0.000000000000000000e+00 -2.423199703116551973e-06 -1.799962967634201050e-01 0.000000000000000000e+00 7.000000000000000000e+00 8.191000000000000000e+03 0.000000000000000000e+00 1.000000000000000000e+00 2.755800008773803711e+00
3.600000000000000000e+01 -1.900097876787185669e-01 0.000000000000000000e+00 -2.620341774672851898e-06 -1.900058239698410034e-01 0.000000000000000000e+00 7.000000000000000000e+00 8.191000000000000000e+03 0.000000000000000000e+00 1.000000000000000000e+00 2.755800008773803711e+00
3.620000076293945312e+01 -2.000182271003723145e-01 0.000000000000000000e+00 -2.777851705104694702e-06 -2.000028640031814575e-01 0.000000000000000000e+00 7.000000000000000000e+00 8.191000000000000000e+03 0.000000000000000000e+00 1.000000000000000000e+00 2.755800008773803711e+00
3.640000152587890625e+01 -1.900004446506500244e-01 0.000000000000000000e+00 -2.144337940990226343e-06 -1.900058239698410034e-01 0.000000000000000000e+00 7.000000000000000000e+00 8.191000000000000000e+03 0.000000000000000000e+00 2.000000000000000000e+00 2.755800008773803711e+00
3.660000228881835938e+01 -1.799480170011520386e-01 0.000000000000000000e+00 -1.738118271532584913e-06 -1.799962967634201050e-01 0.000000000000000000e+00 7.000000000000000000e+00 8.191000000000000000e+03 0.000000000000000000e+00 2.000000000000000000e+00 2.755800008773803711e+00
3.679999923706054688e+01 -1.699811369180679321e-01 0.000000000000000000e+00 -1.445320663151505869e-06 -1.699992567300796509e-01 0.000000000000000000e+00 7.000000000000000000e+00 8.191000000000000000e+03 0.000000000000000000e+00 2.000000000000000000e+00 2.755800008773803711e+00
3.700000000000000000e+01 -1.599950194358825684e-01 0.000000000000000000e+00 -1.231445821758825332e-06 -1.600022166967391968e-01 0.000000000000000000e+00 7.000000000000000000e+00 8.191000000000000000e+03 0.000000000000000000e+00 2.000000000000000000e+00 2.755800008773803711e+00
3.720000076293945312e+01 -1.499951332807540894e-01 0.000000000000000000e+00 -1.058141151588642970e-06 -1.500051915645599365e-01 0.000000000000000000e+00 7.000000000000000000e+00 8.191000000000000000e+03 0.000000000000000000e+00 2.000000000000000000e+00 2.755800008773803711e+00
3.740000152587890625e+01 -1.399825215339660645e-01 0.000000000000000000e+00 -9.107448590839339886e-07 -1.399956643581390381e-01 0.000000000000000000e+00 7.000000000000000000e+00 8.191000000000000000e+03 0.000000000000000000e+00 2.000000000000000000e+00 2.755800008773803711e+00
3.760000228881835938e+01 -1.300256103277206421e-01 0.000000000000000000e+00 -7.913232025202887598e-07 -1.299986243247985840e-01 0.000000000000000000e+00 7.000000000000000000e+00 8.191000000000000000e+03 0.000000000000000000e+00 2.000000000000000000e+00 2.755800008773803711e+00
3.779999923706054688e+01 -1.199663355946540833e-01 0.000000000000000000e+00 -6.888181474096199963e-07 -1.200015842914581299e-01 0.000000000000000000e+00 6.000000000000000000e+00 8.191000000000000000e+03 0.000000000000000000e+00 2.000000000000000000e+00 2.755800008773803711e+00
3.800000000000000000e+01 -1.100001335144042969e-01 0.000000000000000000e+00 -6.022679031048028264e-07 -1.100045591592788696e-01 0.000000000000000000e+00 6.000000000000000000e+00 8.191000000000000000e+03 0.000000000000000000e+00 2.000000000000000000e+00 2.755800008773803711e+00
3.820000076293945312e+01 -1.000088378787040710e-01 0.000000000000000000e+00 -5.279350716591579840e-07 -9.999501705169677734e-02 0.000000000000000000e+00 6.000000000000000000e+00 8.191000000000000000e+03 0.000000000000000000e+00 2.000000000000000000e+00 2.755800008773803711e+00
3.840000152587890625e+01 -8.998026698827743530e-02 0.000000000000000000e+00 -4.649772051834588638e-07 -8.999799191951751709e-02 0.000000000000000000e+00 6.000000000000000000e+00 8.191000000000000000e+03 0.000000000000000000e+00 2.000000000000000000e+00 2.755800008773803711e+00
3.860000228881835938e+01 -7.998829334974288940e-02 0.000000000000000000e+00 -4.105791049369145185e-07 -8.000095188617706299e-02 0.000000000000000000e+00 6.000000000000000000e+00 8.191000000000000000e+03 0.000000000000000000e+00 2.000000000000000000e+00 2.755800008773803711e+00
3.879999923706054688e+01 -7.002552598714828491e-02 0.000000000000000000e+00 -3.648806625733413966e-07 -7.000392675399780273e-02 0.000000000000000000e+00 6.000000000000000000e+00 8.191000000000000000e+03 0.000000000000000000e+00 2.000000000000000000e+00 2.755800008773803711e+00
3.900000000000000000e+01 -6.000862270593643188e-02 0.000000000000000000e+00 -3.250202667004487012e-07 -5.999438837170600891e-02 0.000000000000000000e+00 6.000000000000000000e+00 8.191000000000000000e+03 0.000000000000000000e+00 2.000000000000000000e+00 2.755800008773803711e+00
3.920000076293945312e+01 -4.996208101511001587e-02 0.000000000000000000e+00 -2.904509699419577373e-07 -4.999735578894615173e-02 0.000000000000000000e+00 6.000000000000000000e+00 8.191000000000000000e+03 0.000000000000000000e+00 2.000000000000000000e+00 2.755800008773803711e+00
3.940000152587890625e+01 -4.003194347023963928e-02 0.000000000000000000e+00 -2.608610998322546948e-07 -4.000032320618629456e-02 0.000000000000000000e+00 6.000000000000000000e+00 8.191000000000000000e+03 0.000000000000000000e+00 2.000000000000000000e+00 2.755800008773803711e+00
3.960000228881835938e+01 -2.997726015746593475e-02 0.000000000000000000e+00 -2.334521695956937037e-07 -3.000328317284584045e-02 0.000000000000000000e+00 6.000000000000000000e+00 8.191000000000000000e+03 0.000000000000000000e+00 2.000000000000000000e+00 2.755800008773803711e+00
3.979999923706054688e+01 -1.991789601743221283e-02 0.000000000000000000e+00 -2.098789622095864615e-07 -1.999375596642494202e-02 0.000000000000000000e+00 6.000000000000000000e+00 8.191000000000000000e+03 0.000000000000000000e+00 2.000000000000000000e+00 2.755800008773803711e+00
4.000000000000000000e+01 -9.977598674595355988e-03 0.000000000000000000e+00 -1.885993015093845315e-07 -9.996719658374786377e-03 0.000000000000000000e+00 6.000000000000000000e+00 8.191000000000000000e+03 0.000000000000000000e+00 2.000000000000000000e+00 2.755800008773803711e+00
4.020000076293945312e+01 4.867813549935817719e-05 0.000000000000000000e+00 -1.692536244490838726e-07 3.129243850708007812e-07 0.000000000000000000e+00 6.000000000000000000e+00 8.191000000000000000e+03 0.000000000000000000e+00 2.000000000000000000e+00 2.755800008773803711e+00
4.040000152587890625e+01 1.007844600826501846e-02 0.000000000000000000e+00 -1.506447375732022920e-07 9.997349232435226440e-03 0.000000000000000000e+00 6.000000000000000000e+00 8.191000000000000000e+03 0.000000000000000000e+00 2.000000000000000000e+00 2.755800008773803711e+00
4.060000228881835938e+01 2.003822103142738342e-02 0.000000000000000000e+00 -1.328362770891544642e-07 1.999438367784023285e-02 0.000000000000000000e+00 6.000000000000000000e+00 8.191000000000000000e+03 0.000000000000000000e+00 2.000000000000000000e+00 2.755800008773803711e+00
4.079999923706054688e+01 2.979758195579051971e-02 0.000000000000000000e+00 -1.148543020690340200e-07 3.000391460955142975e-02 0.000000000000000000e+00 6.000000000000000000e+00 6.143000000000000000e+03 0.000000000000000000e+00 2.000000000000000000e+00 2.755800008773803711e+00
4.100000000000000000e+01 4.007963463664054871e-02 0.000000000000000000e+00 -9.821751234539988218e-08 4.000094905495643616e-02 0.000000000000000000e+00 6.000000000000000000e+00 8.191000000000000000e+03 0.000000000000000000e+00 2.000000000000000000e+00 2.755800008773803711e+00
4.120000076293945312e+01 5.000834912061691284e-02 0.000000000000000000e+00 -7.946304947381577222e-08 4.999798536300659180e-02 0.000000000000000000e+00 6.000000000000000000e+00 8.191000000000000000e+03 0.000000000000000000e+00 2.000000000000000000e+00 2.756000041961669922e+00
4.140000152587890625e+01 6.003299355506896973e-02 0.000000000000000000e+00 -6.256943407834114623e-08 5.999501794576644897e-02 0.000000000000000000e+00 5.000000000000000000e+00 8.191000000000000000e+03 0.000000000000000000e+00 2.000000000000000000e+00 2.756000041961669922e+00
4.160000228881835938e+01 7.007791846990585327e-02 0.000000000000000000e+00 -4.111241125315245881e-08 7.000455260276794434e-02 0.000000000000000000e+00 5.000000000000000000e+00 8.191000000000000000e+03 0.000000000000000000e+00 2.000000000000000000e+00 2.756000041961669922e+00
4.179999923706054688e+01 8.005238324403762817e-02 0.000000000000000000e+00 -1.575104491280399088e-08 8.000158518552780151e-02 0.000000000000000000e+00 5.000000000000000000e+00 8.191000000000000000e+03 0.000000000000000000e+00 2.000000000000000000e+00 2.756000041961669922e+00
4.200000000000000000e+01 9.001407027244567871e-02 0.000000000000000000e+00 1.543627270450542710e-08 8.999861776828765869e-02 0.000000000000000000e+00 5.000000000000000000e+00 8.191000000000000000e+03 0.000000000000000000e+00 2.000000000000000000e+00 2.756000041961669922e+00
4.220000076293945312e+01 1.000229343771934509e-01 0.000000000000000000e+00 5.601123476139946433e-08 9.999565780162811279e-02 0.000000000000000000e+00 5.000000000000000000e+00 8.191000000000000000e+03 0.000000000000000000e+00 2.000000000000000000e+00 2.755800008773803711e+00
4.240000152587890625e+01 1.100837811827659607e-01 0.000000000000000000e+00 1.053223925850943488e-07 1.100051850080490112e-01 0.000000000000000000e+00 5.000000000000000000e+00 7.164000000000000000e+03 0.000000000000000000e+00 2.000000000000000000e+00 2.755800008773803711e+00
4.260000228881835938e+01 1.200190186500549316e-01 0.000000000000000000e+00 1.810396099699573824e-07 1.200022250413894653e-01 0.000000000000000000e+00 6.000000000000000000e+00 8.191000000000000000e+03 0.000000000000000000e+00 2.000000000000000000e+00 2.755800008773803711e+00
4.279999923706054688e+01 1.300342679023742676e-01 0.000000000000000000e+00 2.748777205852093175e-07 1.299992501735687256e-01 0.000000000000000000e+00 6.000000000000000000e+00 8.191000000000000000e+03 0.000000000000000000e+00 2.000000000000000000e+00 2.755800008773803711e+00
4.300000000000000000e+01 1.400586366653442383e-01 0.000000000000000000e+00 4.027827458230603952e-07 1.399962902069091797e-01 0.000000000000000000e+00 6.000000000000000000e+00 8.191000000000000000e+03 0.000000000000000000e+00 2.000000000000000000e+00 2.755800008773803711e+00
4.320000076293945312e+01 1.500606685876846313e-01 0.000000000000000000e+00 5.779515959147829562e-07 1.500058174133300781e-01 0.000000000000000000e+00 6.000000000000000000e+00 8.191000000000000000e+03 0.000000000000000000e+00 2.000000000000000000e+00 2.755800008773803711e+00
4.340000152587890625e+01 1.600306183099746704e-01 0.000000000000000000e+00 8.172728485078550875e-07 1.600028574466705322e-01 0.000000000000000000e+00 6.000000000000000000e+00 8.191000000000000000e+03 0.000000000000000000e+00 2.000000000000000000e+00 2.755800008773803711e+00
4.360000228881835938e+01 1.700233966112136841e-01 0.000000000000000000e+00 1.090475620912911836e-06 1.699998974800109863e-01 0.000000000000000000e+00 6.000000000000000000e+00 7.164000000000000000e+03 0.000000000000000000e+00 2.000000000000000000e+00 2.755800008773803711e+00
4.379999923706054688e+01 1.800220608711242676e-01 0.000000000000000000e+00 1.560355144647473935e-06 1.799969226121902466e-01 0.000000000000000000e+00 7.000000000000000000e+00 8.191000000000000000e+03 0.000000000000000000e+00 2.000000000000000000e+00 2.755800008773803711e+00
4.400000000000000000e+01 1.900235116481781006e-01 0.000000000000000000e+00 2.088124574584071524e-06 1.899939626455307007e-01 0.000000000000000000e+00 7.000000000000000000e+00 8.191000000000000000e+03 0.000000000000000000e+00 2.000000000000000000e+00 2.755800008773803711e+00
4.420000076293945312e+01 2.000377327203750610e-01 0.000000000000000000e+00 2.717516963457455859e-06 2.000034898519515991e-01 0.000000000000000000e+00 7.000000000000000000e+00 8.191000000000000000e+03 0.000000000000000000e+00 2.000000000000000000e+00 2.755800008773803711e+00
4.440000152587890625e+01 2.100736945867538452e-01 0.000000000000000000e+00 3.408780230529373512e-06 2.100005298852920532e-01 0.000000000000000000e+00 7.000000000000000000e+00 8.191000000000000000e+03 0.000000000000000000e+00 2.000000000000000000e+00 2.755800008773803711e+00
4.460000228881835938e+01 2.200925350189208984e-01 0.000000000000000000e+00 4.127406100451480597e-06 2.199975699186325073e-01 0.000000000000000000e+00 7.000000000000000000e+00 8.191000000000000000e+03 0.000000000000000000e+00 2.000000000000000000e+00 2.755800008773803711e+00
4.479999923706054688e+01 2.300079613924026489e-01 0.000000000000000000e+00 4.797127076017204672e-06 2.299945950508117676e-01 0.000000000000000000e+00 7.000000000000000000e+00 8.191000000000000000e+03 0.000000000000000000e+00 2.000000000000000000e+00 2.755800008773803711e+00
4.500000000000000000e+01 2.400207668542861938e-01 0.000000000000000000e+00 5.358973339752992615e-06 2.400041371583938599e-01 0.000000000000000000e+00 7.000000000000000000e+00 8.191000000000000000e+03 0.000000000000000000e+00 2.000000000000000000e+00 2.755800008773803711e+00
4.520000076293945312e+01 2.500475943088531494e-01 0.000000000000000000e+00 5.763988156104460359e-06 2.500011622905731201e-01 0.000000000000000000e+00 7.000000000000000000e+00 8.191000000000000000e+03 0.000000000000000000e+00 2.000000000000000000e+00 2.755800008773803711e+00
4.540000152587890625e+01 2.600433230400085449e-01 0.000000000000000000e+00 5.997497737553203478e-06 2.599982023239135742e-01 0.000000000000000000e+00 7.000000000000000000e+00 8.191000000000000000e+03 0.000000000000000000e+00 2.000000000000000000e+00 2.755800008773803711e+00
4.560000228881835938e+01 2.700417339801788330e-01 0.000000000000000000e+00 6.089339422032935545e-06 2.699952423572540283e-01 0.000000000000000000e+00 7.000000000000000000e+00 8.191000000000000000e+03 0.000000000000000000e+00 2.000000000000000000e+00 2.755800008773803711e+00
4.579999923706054688e+01 2.800446152687072754e-01 0.000000000000000000e+00 6.062346983526367694e-06 2.800047695636749268e-01 0.000000000000000000e+00 7.000000000000000000e+00 8.191000000000000000e+03 0.000000000000000000e+00 2.000000000000000000e+00 2.755800008773803711e+00
4.600000000000000000e+01 2.900736331939697266e-01 0.000000000000000000e+00 5.974291525490116328e-06 2.900017797946929932e-01 0.000000000000000000e+00 7.000000000000000000e+00 8.191000000000000000e+03 0.000000000000000000e+00 2.000000000000000000e+00 2.755800008773803711e+00
4.620000076293945312e+01 3.000389039516448975e-01 0.000000000000000000e+00 5.850205980095779523e-06 2.999988198280334473e-01 0.000000000000000000e+00 7.000000000000000000e+00 8.191000000000000000e+03 0.000000000000000000e+00 2.000000000000000000e+00 2.755899906158447266e+00
4.640000152587890625e+01 2.900668084621429443e-01 0.000000000000000000e+00 4.670157068176195025e-06 2.900017797946929932e-01 0.000000000000000000e+00 7.000000000000000000e+00 8.191000000000000000e+03 0.000000000000000000e+00 2.000000000000000000e+00 2.755899906158447266e+00
4.660000228881835938e+01 2.800345420837402344e-01 0.000000000000000000e+00 3.801450247920001857e-06 2.800047695636749268e-01 0.000000000000000000e+00 7.000000000000000000e+00 8.191000000000000000e+03 0.000000000000000000e+00 2.000000000000000000e+00 2.755899906158447266e+00
4.679999923706054688e+01 2.700070142745971680e-01 0.000000000000000000e+00 2.982575097121298313e-06 2.699952423572540283e-01 0.000000000000000000e+00 7.000000000000000000e+00 8.191000000000000000e+03 0.000000000000000000e+00 2.000000000000000000e+00 2.755899906158447266e+00
4.700000000000000000e+01 2.600532770156860352e-01 0.000000000000000000e+00 2.153107516278396361e-06 2.599982023239135742e-01 0.000000000000000000e+00 7.000000000000000000e+00 8.191000000000000000e+03 0.000000000000000000e+00 2.000000000000000000e+00 2.755899906158447266e+00
4.720000076293945312e+01 2.500560581684112549e-01 0.000000000000000000e+00 1.296555865337722935e-06 2.500011622905731201e-01 0.000000000000000000e+00 7.000000000000000000e+00 8.191000000000000000e+03 0.000000000000000000e+00 2.000000000000000000e+00 2.755599975585937500e+00
4.740000152587890625e+01 2.400363683700561523e-01 0.000000000000000000e+00 4.097244925560517004e-07 2.400041371583938599e-01 0.000000000000000000e+00 7.000000000000000000e+00 8.191000000000000000e+03 0.000000000000000000e+00 2.000000000000000000e+00 2.755599975585937500e+00
4.760000228881835938e+01 2.300354689359664917e-01 0.000000000000000000e+00 -4.671443036841083085e-07 2.299945950508117676e-01 0.000000000000000000e+00 6.000000000000000000e+00 8.191000000000000000e+03 0.000000000000000000e+00 2.000000000000000000e+00 2.755599975585937500e+00
4.779999923706054688e+01 2.199861556291580200e-01 0.000000000000000000e+00 -1.093497303372714669e-06 2.199975699186325073e-01 0.000000000000000000e+00 6.000000000000000000e+00 7.164000000000000000e+03 0.000000000000000000e+00 2.000000000000000000e+00 2.755599975585937500e+00
4.800000000000000000e+01 2.100206315517425537e-01 0.000000000000000000e+00 -1.894403339974815026e-06 2.100005298852920532e-01 0.000000000000000000e+00 7.000000000000000000e+00 8.191000000000000000e+03 0.000000000000000000e+00 2.000000000000000000e+00 2.755599975585937500e+00
4.820000076293945312e+01 2.000379711389541626e-01 0.000000000000000000e+00 -2.365446562180295587e-06 2.000034898519515991e-01 0.000000000000000000e+00 7.000000000000000000e+00 8.191000000000000000e+03 0.000000000000000000e+00 2.000000000000000000e+00 2.755599975585937500e+00
4.840000152587890625e+01 1.900503039360046387e-01 0.000000000000000000e+00 -2.638767000462394208e-06 1.899939626455307007e-01 0.000000000000000000e+00 7.000000000000000000e+00 8.191000000000000000e+03 0.000000000000000000e+00 2.000000000000000000e+00 2.755599975585937500e+00
4.860000228881835938e+01 1.800146549940109253e-01 0.000000000000000000e+00 -2.743124696280574426e-06 1.799969226121902466e-01 0.000000000000000000e+00 7.000000000000000000e+00 8.191000000000000000e+03 0.000000000000000000e+00 2.000000000000000000e+00 2.755599975585937500e+00
4.879999923706054688e+01 1.699992418289184570e-01 0.000000000000000000e+00 -2.712207333388505504e-06 1.699998974800109863e-01 0.000000000000000000e+00 7.000000000000000000e+00 8.191000000000000000e+03 0.000000000000000000e+00 2.000000000000000000e+00 2.755599975585937500e+00
4.900000000000000000e+01 1.600315868854522705e-01 0.000000000000000000e+00 -2.605551571832620539e-06 1.600028574466705322e-01 0.000000000000000000e+00 7.000000000000000000e+00 8.191000000000000000e+03 0.000000000000000000e+00 2.000000000000000000e+00 2.755599975585937500e+00
4.920000076293945312e+01 1.500717848539352417e-01 0.000000000000000000e+00 -2.449389967296156101e-06 1.500058174133300781e-01 0.000000000000000000e+00 7.000000000000000000e+00 8.191000000000000000e+03 0.000000000000000000e+00 2.000000000000000000e+00 2.755800008773803711e+00
4.940000152587890625e+01 1.400435268878936768e-01 0.000000000000000000e+00 -2.280518401676090434e-06 1.399962902069091797e-01 0.000000000000000000e+00 7.000000000000000000e+00 8.191000000000000000e+03 0.000000000000000000e+00 2.000000000000000000e+00 2.755800008773803711e+00
4.960000228881835938e+01 1.300433278083801270e-01 0.000000000000000000e+00 -2.108038415826740675e-06 1.299992501735687256e-01 0.000000000000000000e+00 7.000000000000000000e+00 8.191000000000000000e+03 0.000000000000000000e+00 2.000000000000000000e+00 2.755800008773803711e+00
4.979999923706054688e+01 1.200293824076652527e-01 0.000000000000000000e+00 -1.945240910572465509e-06 1.200022250413894653e-01 0.000000000000000000e+00 7.000000000000000000e+00 8.191000000000000000e+03 0.000000000000000000e+00 2.000000000000000000e+00 2.755800008773803711e+00
5.000000000000000000e+01 1.100409775972366333e-01 0.000000000000000000e+00 -1.802526298888551537e-06 1.100051850080490112e-01 0.000000000000000000e+00 7.000000000000000000e+00 8.191000000000000000e+03 0.000000000000000000e+00 2.000000000000000000e+00 2.755800008773803711e+00
5.020000076293945312e+01 1.000362113118171692e-01 0.000000000000000000e+00 -1.665603008405014407e-06 9.999565780162811279e-02 0.000000000000000000e+00 7.000000000000000000e+00 8.191000000000000000e+03 0.000000000000000000e+00 2.000000000000000000e+00 2.755800008773803711e+00
5.040000152587890625e+01 9.003688395023345947e-02 0.000000000000000000e+00 -1.549842068016005214e-06 8.999861776828765869e-02 0.000000000000000000e+00 7.000000000000000000e+00 8.191000000000000000e+03 0.000000000000000000e+00 2.000000000000000000e+00 2.755800008773803711e+00
5.060000228881835938e+01 8.001971244812011719e-02 0.000000000000000000e+00 -1.439225115973385982e-06 8.000158518552780151e-02 0.000000000000000000e+00 7.000000000000000000e+00 8.191000000000000000e+03 0.000000000000000000e+00 2.000000000000000000e+00 2.755800008773803711e+00
5.079999923706054688e+01 7.000408321619033813e-02 0.000000000000000000e+00 -1.351169544250296894e-06 7.000455260276794434e-02 0.000000000000000000e+00 7.000000000000000000e+00 8.191000000000000000e+03 0.000000000000000000e+00 2.000000000000000000e+00 2.755800008773803711e+00
5.100000000000000000e+01 6.001181155443191528e-02 0.000000000000000000e+00 -1.269089693778369110e-06 5.999501794576644897e-02 0.000000000000000000e+00 7.000000000000000000e+00 8.191000000000000000e+03 0.000000000000000000e+00 2.000000000000000000e+00 2.755800008773803711e+00
5.120000076293945312e+01 5.002196505665779114e-02 0.000000000000000000e+00 -1.202939188260643277e-06 4.999798536300659180e-02 0.000000000000000000e+00 7.000000000000000000e+00 8.191000000000000000e+03 0.000000000000000000e+00 2.000000000000000000e+00 2.755800008773803711e+00
5.140000152587890625e+01 4.003175720572471619e-02 0.000000000000000000e+00 -1.138503762376785744e-06 4.000094905495643616e-02 0.000000000000000000e+00 7.000000000000000000e+00 8.191000000000000000e+03 0.000000000000000000e+00 2.000000000000000000e+00 2.755800008773803711e+00
5.160000228881835938e+01 3.003053553402423859e-02 0.000000000000000000e+00 -1.088644694391405210e-06 3.000391460955142975e-02 0.000000000000000000e+00 7.000000000000000000e+00 8.191000000000000000e+03 0.000000000000000000e+00 2.000000000000000000e+00 2.755800008773803711e+00
5.179999923706054688e+01 2.000104635953903198e-02 0.000000000000000000e+00 -1.038006075759767555e-06 1.999438367784023285e-02 0.000000000000000000e+00 7.000000000000000000e+00 8.191000000000000000e+03 0.000000000000000000e+00 2.000000000000000000e+00 2.755800008773803711e+00
5.200000000000000000e+01 1.000575255602598190e-02 0.000000000000000000e+00 -9.984438520405092277e-07 9.997349232435226440e-03 0.000000000000000000e+00 7.000000000000000000e+00 8.191000000000000000e+03 0.000000000000000000e+00 2.000000000000000000e+00 2.755800008773803711e+00
5.220000076293945312e+01 -5.314082955010235310e-06 0.000000000000000000e+00 -9.651294021750800312e-07 3.129243850708007812e-07 0.000000000000000000e+00 7.000000000000000000e+00 8.191000000000000000e+03 0.000000000000000000e+00 2.000000000000000000e+00 2.755699872970581055e+00
5.240000152587890625e+01 -1.000730041414499283e-02 0.000000000000000000e+00 -9.366310678160516545e-07 -9.996719658374786377e-03 0.000000000000000000e+00 7.000000000000000000e+00 8.191000000000000000e+03 0.000000000000000000e+00 2.000000000000000000e+00 2.755699872970581055e+00
5.260000228881835938e+01 -1.999552361667156219e-02 0.000000000000000000e+00 -9.144162049778969958e-07 -1.999375596642494202e-02 0.000000000000000000e+00 7.000000000000000000e+00 8.191000000000000000e+03 0.000000000000000000e+00 2.000000000000000000e+00 2.755699872970581055e+00
5.279999923706054688e+01 -2.987599745392799377e-02 0.000000000000000000e+00 -9.054509177985892165e-07 -3.000328317284584045e-02 0.000000000000000000e+00 7.000000000000000000e+00 6.143000000000000000e+03 0.000000000000000000e+00 2.000000000000000000e+00 2.755699872970581055e+00
5.300000000000000000e+01 -4.001661762595176697e-02 0.000000000000000000e+00 -8.972680802799004596e-07 -4.000032320618629456e-02 0.000000000000000000e+00 7.000000000000000000e+00 8.191000000000000000e+03 0.000000000000000000e+00 2.000000000000000000e+00 2.755699872970581055e+00
5.320000076293945312e+01 -4.997926205396652222e-02 0.000000000000000000e+00 -8.927946169023925904e-07 -4.999735578894615173e-02 0.000000000000000000e+00 7.000000000000000000e+00 8.191000000000000000e+03 0.000000000000000000e+00 2.000000000000000000e+00 2.755899906158447266e+00
5.340000152587890625e+01 -6.001330167055130005e-02 0.000000000000000000e+00 -9.127953148890810553e-07 -5.999438837170600891e-02 0.000000000000000000e+00 7.000000000000000000e+00 8.191000000000000000e+03 0.000000000000000000e+00 2.000000000000000000e+00 2.755899906158447266e+00
5.360000228881835938e+01 -6.999544054269790649e-02 0.000000000000000000e+00 -9.358536772197112441e-07 -7.000392675399780273e-02 0.000000000000000000e+00 7.000000000000000000e+00 8.191000000000000000e+03 0.000000000000000000e+00 2.000000000000000000e+00 2.755899906158447266e+00
5.379999923706054688e+01 -7.997538149356842041e-02 0.000000000000000000e+00 -9.749893479238380678e-07 -8.000095188617706299e-02 0.000000000000000000e+00 7.000000000000000000e+00 8.191000000000000000e+03 0.000000000000000000e+00 2.000000000000000000e+00 2.755899906158447266e+00
5.400000000000000000e+01 -9.001816809177398682e-02 0.000000000000000000e+00 -1.025545884658640716e-06 -8.999799191951751709e-02 0.000000000000000000e+00 7.000000000000000000e+00 8.191000000000000000e+03 0.000000000000000000e+00 2.000000000000000000e+00 2.755899906158447266e+00
5.420000076293945312e+01 -1.000028401613235474e-01 0.000000000000000000e+00 -1.089770648832200095e-06 -9.999501705169677734e-02 0.000000000000000000e+00 7.000000000000000000e+00 8.191000000000000000e+03 0.000000000000000000e+00 2.000000000000000000e+00 2.755699872970581055e+00
5.440000152587890625e+01 -1.100095808506011963e-01 0.000000000000000000e+00 -1.188865894619084429e-06 -1.100045591592788696e-01 0.000000000000000000e+00 7.000000000000000000e+00 8.191000000000000000e+03 0.000000000000000000e+00 2.000000000000000000e+00 2.755699872970581055e+00
5.460000228881835938e+01 -1.200325787067413330e-01 0.000000000000000000e+00 -1.294636831516982056e-06 -1.200015842914581299e-01 0.000000000000000000e+00 7.000000000000000000e+00 8.191000000000000000e+03 0.000000000000000000e+00 2.000000000000000000e+00 2.755699872970581055e+00
5.479999923706054688e+01 -1.299663484096527100e-01 0.000000000000000000e+00 -1.426840981366694905e-06 -1.299986243247985840e-01 0.000000000000000000e+00 7.000000000000000000e+00 8.191000000000000000e+03 0.000000000000000000e+00 2.000000000000000000e+00 2.755699872970581055e+00
5.500000000000000000e+01 -1.399910002946853638e-01 0.000000000000000000e+00 -1.590094029779720586e-06 -1.399956643581390381e-01 0.000000000000000000e+00 7.000000000000000000e+00 8.191000000000000000e+03 0.000000000000000000e+00 2.000000000000000000e+00 2.755699872970581055e+00
5.520000076293945312e+01 -1.500053852796554565e-01 0.000000000000000000e+00 -1.770302219483710360e-06 -1.500051915645599365e-01 0.000000000000000000e+00 7.000000000000000000e+00 8.191000000000000000e+03 0.000000000000000000e+00 2.000000000000000000e+00 2.755699872970581055e+00
5.540000152587890625e+01 -1.600130200386047363e-01 0.000000000000000000e+00 -1.960656845767516643e-06 -1.600022166967391968e-01 0.000000000000000000e+00 7.000000000000000000e+00 8.191000000000000000e+03 0.000000000000000000e+00 2.000000000000000000e+00 2.755699872970581055e+00
5.560000228881835938e+01 -1.699859499931335449e-01 0.000000000000000000e+00 -2.157066774088889360e-06 -1.699992567300796509e-01 0.000000000000000000e+00 7.000000000000000000e+00 8.191000000000000000e+03 0.000000000000000000e+00 2.000000000000000000e+00 2.755699872970581055e+00
5.579999923706054688e+01 -1.799694299697875977e-01 0.000000000000000000e+00 -2.346666860830737278e-06 -1.799962967634201050e-01 0.000000000000000000e+00 7.000000000000000000e+00 8.191000000000000000e+03 0.000000000000000000e+00 2.000000000000000000e+00 2.755699872970581055e+00
5.600000000000000000e+01 -1.899854540824890137e-01 0.000000000000000000e+00 -2.503708401491167024e-06 -1.900058239698410034e-01 0.000000000000000000e+00 7.000000000000000000e+00 8.191000000000000000e+03 0.000000000000000000e+00 2.000000000000000000e+00 2.755699872970581055e+00
5.620000076293945312e+01 -2.000218033790588379e-01 0.000000000000000000e+00 -2.644386995598324575e-06 -2.000028640031814575e-01 0.000000000000000000e+00 7.000000000000000000e+00 8.191000000000000000e+03 0.000000000000000000e+00 2.000000000000000000e+00 2.755699872970581055e+00
5.640000152587890625e+01 -1.900012791156768799e-01 0.000000000000000000e+00 -2.033483497143606655e-06 -1.900058239698410034e-01 0.000000000000000000e+00 7.000000000000000000e+00 8.191000000000000000e+03 0.000000000000000000e+00 3.000000000000000000e+00 2.755699872970581055e+00
5.660000228881835938e+01 -1.799953281879425049e-01 0.000000000000000000e+00 -1.634860836929874495e-06 -1.799962967634201050e-01 0.000000000000000000e+00 7.000000000000000000e+00 8.191000000000000000e+03 0.000000000000000000e+00 3.000000000000000000e+00 2.755699872970581055e+00
5.679999923706054688e+01 -1.700472831726074219e-01 0.000000000000000000e+00 -1.363219098493573256e-06 -1.699992567300796509e-01 0.000000000000000000e+00 7.000000000000000000e+00 8.191000000000000000e+03 0.000000000000000000e+00 3.000000000000000000e+00 2.755699872970581055e+00
5.700000000000000000e+01 -1.600142568349838257e-01 0.000000000000000000e+00 -1.160928945864725392e-06 -1.600022166967391968e-01 0.000000000000000000e+00 7.000000000000000000e+00 8.191000000000000000e+03 0.000000000000000000e+00 3.000000000000000000e+00 2.755699872970581055e+00
5.720000076293945312e+01 -1.499741971492767334e-01 0.000000000000000000e+00 -1.004285650196834467e-06 -1.500051915645599365e-01 0.000000000000000000e+00 7.000000000000000000e+00 8.191000000000000000e+03 0.000000000000000000e+00 3.000000000000000000e+00 2.755699872970581055e+00
5.740000152587890625e+01 -1.399768888950347900e-01 0.000000000000000000e+00 -8.813142926555883605e-07 -1.399956643581390381e-01 0.000000000000000000e+00 7.000000000000000000e+00 8.191000000000000000e+03 0.000000000000000000e+00 3.000000000000000000e+00 2.755699872970581055e+00
5.760000228881835938e+01 -1.299680024385452271e-01 0.000000000000000000e+00 -7.777674682074575685e-07 -1.299986243247985840e-01 0.000000000000000000e+00 7.000000000000000000e+00 8.191000000000000000e+03 0.000000000000000000e+00 3.000000000000000000e+00 2.755699872970581055e+00
5.779999923706054688e+01 -1.199774667620658875e-01 0.000000000000000000e+00 -6.884354206704301760e-07 -1.200015842914581299e-01 0.000000000000000000e+00 6.000000000000000000e+00 8.191000000000000000e+03 0.000000000000000000e+00 3.000000000000000000e+00 2.755699872970581055e+00
5.800000000000000000e+01 -1.099937036633491516e-01 0.000000000000000000e+00 -6.102965244281222112e-07 -1.100045591592788696e-01 0.000000000000000000e+00 6.000000000000000000e+00 8.191000000000000000e+03 0.000000000000000000e+00 3.000000000000000000e+00 2.755699872970581055e+00
5.820000076293945312e+01 -9.998247027397155762e-02 0.000000000000000000e+00 -5.414271413428650703e-07 -9.999501705169677734e-02 0.000000000000000000e+00 6.000000000000000000e+00 8.191000000000000000e+03 0.000000000000000000e+00 3.000000000000000000e+00 2.755699872970581055e+00
5.840000152587890625e+01 -9.001224488019943237e-02 0.000000000000000000e+00 -4.824809707315580454e-07 -8.999799191951751709e-02 0.000000000000000000e+00 6.000000000000000000e+00 8.191000000000000000e+03 0.000000000000000000e+00 3.000000000000000000e+00 2.755699872970581055e+00
5.860000228881835938e+01 -7.998768985271453857e-02 0.000000000000000000e+00 -4.309236771860014414e-07 -8.000095188617706299e-02 0.000000000000000000e+00 6.000000000000000000e+00 8.191000000000000000e+03 0.000000000000000000e+00 3.000000000000000000e+00 2.755699872970581055e+00
5.879999923706054688e+01 -7.001558691263198853e-02 0.000000000000000000e+00 -3.862251674036087934e-07 -7.000392675399780273e-02 0.000000000000000000e+00 6.000000000000000000e+00 8.191000000000000000e+03 0.000000000000000000e+00 3.000000000000000000e+00 2.755699872970581055e+00
5.900000000000000000e+01 -5.997800827026367188e-02 0.000000000000000000e+00 -3.475932430774264503e-07 -5.999438837170600891e-02 0.000000000000000000e+00 6.000000000000000000e+00 8.191000000000000000e+03 0.000000000000000000e+00 3.000000000000000000e+00 2.755699872970581055e+00
5.920000076293945312e+01 -4.999605938792228699e-02 0.000000000000000000e+00 -3.139131763418845367e-07 -4.999735578894615173e-02 0.000000000000000000e+00 6.000000000000000000e+00 8.191000000000000000e+03 0.000000000000000000e+00 3.000000000000000000e+00 2.755699872970581055e+00
5.940000152587890625e+01 -4.000521451234817505e-02 0.000000000000000000e+00 -2.836881094481213950e-07 -4.000032320618629456e-02 0.000000000000000000e+00 6.000000000000000000e+00 8.191000000000000000e+03 0.000000000000000000e+00 3.000000000000000000e+00 2.755699872970581055e+00
5.960000228881835938e+01 -3.000363893806934357e-02 0.000000000000000000e+00 -2.572471942130505340e-07 -3.000328317284584045e-02 0.000000000000000000e+00 6.000000000000000000e+00 8.191000000000000000e+03 0.000000000000000000e+00 3.000000000000000000e+00 2.755699872970581055e+00
5.979999923706054688e+01 -1.995751820504665375e-02 0.000000000000000000e+00 -2.332252648784560733e-07 -1.999375596642494202e-02 0.000000000000000000e+00 6.000000000000000000e+00 8.191000000000000000e+03 0.000000000000000000e+00 3.000000000000000000e+00 2.755699872970581055e+00
6.000000000000000000e+01 -9.971834719181060791e-03 0.000000000000000000e+00 -2.125485281112560187e-07 -9.996719658374786377e-03 0.000000000000000000e+00 6.000000000000000000e+00 8.191000000000000000e+03 0.000000000000000000e+00 3.000000000000000000e+00 2.755699872970581055e+00
6.020000076293945312e+01 -9.996467269957065582e-06 0.000000000000000000e+00 -1.923577315210422967e-07 3.129243850708007812e-07 0.000000000000000000e+00 6.000000000000000000e+00 8.191000000000000000e+03 0.000000000000000000e+00 3.000000000000000000e+00 2.755699872970581055e+00
