5.000000000000000000e-01 6.062414869666099548e-02 6.062414869666099548e-02 0.000000000000000000e+00 0.000000000000000000e+00 8.191000000000000000e+03 0.000000000000000000e+00 2.757400035858154297e+00
1.000000000000000000e+00 6.050821021199226379e-02 5.455507338047027588e-02 0.000000000000000000e+00 0.000000000000000000e+00 8.191000000000000000e+03 0.000000000000000000e+00 2.757400035858154297e+00
1.500000000000000000e+00 5.981292203068733215e-02 4.967452958226203918e-02 0.000000000000000000e+00 0.000000000000000000e+00 8.191000000000000000e+03 0.000000000000000000e+00 2.756799936294555664e+00
2.000000000000000000e+00 5.792013183236122131e-02 4.597152397036552429e-02 0.000000000000000000e+00 0.000000000000000000e+00 8.191000000000000000e+03 0.000000000000000000e+00 2.756799936294555664e+00
2.500000000000000000e+00 5.473693087697029114e-02 4.316420480608940125e-02 0.000000000000000000e+00 0.000000000000000000e+00 8.191000000000000000e+03 0.000000000000000000e+00 2.756899833679199219e+00
3.000000000000000000e+00 5.088669434189796448e-02 4.093477874994277954e-02 0.000000000000000000e+00 0.000000000000000000e+00 8.191000000000000000e+03 0.000000000000000000e+00 2.756899833679199219e+00
3.500000000000000000e+00 4.715511202812194824e-02 3.927554190158843994e-02 0.000000000000000000e+00 0.000000000000000000e+00 8.191000000000000000e+03 0.000000000000000000e+00 2.756899833679199219e+00
4.000000000000000000e+00 4.400699958205223083e-02 3.802956268191337585e-02 0.000000000000000000e+00 0.000000000000000000e+00 8.191000000000000000e+03 0.000000000000000000e+00 2.756899833679199219e+00
4.500000000000000000e+00 4.155074059963226318e-02 3.706284239888191223e-02 0.000000000000000000e+00 0.000000000000000000e+00 8.191000000000000000e+03 0.000000000000000000e+00 2.756899833679199219e+00
5.000000000000000000e+00 3.970075026154518127e-02 3.627572208642959595e-02 0.000000000000000000e+00 0.000000000000000000e+00 8.191000000000000000e+03 0.000000000000000000e+00 2.756899833679199219e+00
5.500000000000000000e+00 3.831494599580764771e-02 3.570859879255294800e-02 0.000000000000000000e+00 0.000000000000000000e+00 8.191000000000000000e+03 0.000000000000000000e+00 2.756899833679199219e+00
6.000000000000000000e+00 3.726457059383392334e-02 3.522349894046783447e-02 0.000000000000000000e+00 0.000000000000000000e+00 8.191000000000000000e+03 0.000000000000000000e+00 2.756899833679199219e+00
6.500000000000000000e+00 3.645722195506095886e-02 3.492378070950508118e-02 0.000000000000000000e+00 0.000000000000000000e+00 8.191000000000000000e+03 0.000000000000000000e+00 2.756899833679199219e+00
7.000000000000000000e+00 3.583332896232604980e-02 3.462690487504005432e-02 0.000000000000000000e+00 0.000000000000000000e+00 8.191000000000000000e+03 0.000000000000000000e+00 2.756899833679199219e+00
7.500000000000000000e+00 3.535215929150581360e-02 3.441308811306953430e-02 0.000000000000000000e+00 0.000000000000000000e+00 8.191000000000000000e+03 0.000000000000000000e+00 2.756899833679199219e+00
8.000000000000000000e+00 3.498005121946334839e-02 3.423215448856353760e-02 0.000000000000000000e+00 0.000000000000000000e+00 8.191000000000000000e+03 0.000000000000000000e+00 2.756899833679199219e+00
8.500000000000000000e+00 3.468925878405570984e-02 3.413354605436325073e-02 0.000000000000000000e+00 0.000000000000000000e+00 8.191000000000000000e+03 0.000000000000000000e+00 2.756899833679199219e+00
9.000000000000000000e+00 3.446132689714431763e-02 3.400438278913497925e-02 0.000000000000000000e+00 0.000000000000000000e+00 8.191000000000000000e+03 0.000000000000000000e+00 2.756899833679199219e+00
9.500000000000000000e+00 3.428462892770767212e-02 3.398099169135093689e-02 0.000000000000000000e+00 0.000000000000000000e+00 8.191000000000000000e+03 0.000000000000000000e+00 2.756899833679199219e+00
1.000000000000000000e+01 3.415215760469436646e-02 3.399385511875152588e-02 0.000000000000000000e+00 0.000000000000000000e+00 8.191000000000000000e+03 0.000000000000000000e+00 2.756899833679199219e+00
1.050000000000000000e+01 3.406115993857383728e-02 3.394025564193725586e-02 0.000000000000000000e+00 0.000000000000000000e+00 8.191000000000000000e+03 0.000000000000000000e+00 2.756899833679199219e+00
1.100000000000000000e+01 3.400592878460884094e-02 3.393485769629478455e-02 0.000000000000000000e+00 0.000000000000000000e+00 8.191000000000000000e+03 0.000000000000000000e+00 2.756899833679199219e+00
1.150000000000000000e+01 3.397450968623161316e-02 3.396657481789588928e-02 0.000000000000000000e+00 0.000000000000000000e+00 8.191000000000000000e+03 0.000000000000000000e+00 2.756899833679199219e+00
1.200000000000000000e+01 3.395887464284896851e-02 3.401893749833106995e-02 0.000000000000000000e+00 0.000000000000000000e+00 8.191000000000000000e+03 0.000000000000000000e+00 2.756899833679199219e+00
1.250000000000000000e+01 3.396008536219596863e-02 3.406664356589317322e-02 0.000000000000000000e+00 0.000000000000000000e+00 8.191000000000000000e+03 0.000000000000000000e+00 2.756899833679199219e+00
1.300000000000000000e+01 3.398083150386810303e-02 3.414360433816909790e-02 0.000000000000000000e+00 0.000000000000000000e+00 8.191000000000000000e+03 0.000000000000000000e+00 2.756899833679199219e+00
1.350000000000000000e+01 3.401979431509971619e-02 3.420282527804374695e-02 0.000000000000000000e+00 0.000000000000000000e+00 8.191000000000000000e+03 0.000000000000000000e+00 2.756899833679199219e+00
1.400000000000000000e+01 3.407297283411026001e-02 3.429321944713592529e-02 0.000000000000000000e+00 0.000000000000000000e+00 8.191000000000000000e+03 0.000000000000000000e+00 2.756899833679199219e+00
1.450000000000000000e+01 3.413744270801544189e-02 3.441755473613739014e-02 0.000000000000000000e+00 0.000000000000000000e+00 8.191000000000000000e+03 0.000000000000000000e+00 2.756799936294555664e+00
1.500000000000000000e+01 3.421372547745704651e-02 3.451365232467651367e-02 0.000000000000000000e+00 0.000000000000000000e+00 8.191000000000000000e+03 0.000000000000000000e+00 2.756799936294555664e+00
