2.000000029802322388e-01 2.214295091107487679e-05 0.000000000000000000e+00 4.999484826129219073e-09 3.129243850708007812e-07 0.000000000000000000e+00 8.000000000000000000e+00 8.191000000000000000e+03 0.000000000000000000e+00 0.000000000000000000e+00 2.757499933242797852e+00
4.000000059604644775e-01 1.014665514230728149e-02 0.000000000000000000e+00 1.027121143692966143e-07 9.997349232435226440e-03 0.000000000000000000e+00 7.000000000000000000e+00 8.191000000000000000e+03 0.000000000000000000e+00 0.000000000000000000e+00 2.757400035858154297e+00
6.000000238418579102e-01 2.014060504734516144e-02 0.000000000000000000e+00 1.728647021081997082e-07 1.999438367784023285e-02 0.000000000000000000e+00 6.000000000000000000e+00 8.191000000000000000e+03 0.000000000000000000e+00 0.000000000000000000e+00 2.757400035858154297e+00
8.000000119209289551e-01 2.932890690863132477e-02 0.000000000000000000e+00 2.496362014881015057e-07 3.000391460955142975e-02 0.000000000000000000e+00 6.000000000000000000e+00 6.143000000000000000e+03 0.000000000000000000e+00 0.000000000000000000e+00 2.757400035858154297e+00
1.000000000000000000e+00 4.005280509591102600e-02 0.000000000000000000e+00 3.343542971379065420e-07 4.000094905495643616e-02 0.000000000000000000e+00 6.000000000000000000e+00 8.191000000000000000e+03 0.000000000000000000e+00 0.000000000000000000e+00 2.757400035858154297e+00
1.200000047683715820e+00 5.016540363430976868e-02 0.000000000000000000e+00 4.276142533399251988e-07 4.999798536300659180e-02 0.000000000000000000e+00 6.000000000000000000e+00 8.191000000000000000e+03 0.000000000000000000e+00 0.000000000000000000e+00 2.757400035858154297e+00
1.399999976158142090e+00 6.016883254051208496e-02 0.000000000000000000e+00 5.301600936036265921e-07 5.999501794576644897e-02 0.000000000000000000e+00 6.000000000000000000e+00 8.191000000000000000e+03 0.000000000000000000e+00 0.000000000000000000e+00 2.756500005722045898e+00
1.600000023841857910e+00 7.014357298612594604e-02 0.000000000000000000e+00 6.364886075971298851e-07 7.000455260276794434e-02 0.000000000000000000e+00 6.000000000000000000e+00 8.191000000000000000e+03 0.000000000000000000e+00 0.000000000000000000e+00 2.756500005722045898e+00
1.800000071525573730e+00 8.014258742332458496e-02 0.000000000000000000e+00 7.413584626192459837e-07 8.000158518552780151e-02 0.000000000000000000e+00 6.000000000000000000e+00 8.191000000000000000e+03 0.000000000000000000e+00 0.000000000000000000e+00 2.756500005722045898e+00
2.000000000000000000e+00 9.012959897518157959e-02 0.000000000000000000e+00 8.370872137675178237e-07 8.999861776828765869e-02 0.000000000000000000e+00 6.000000000000000000e+00 8.191000000000000000e+03 0.000000000000000000e+00 0.000000000000000000e+00 2.756500005722045898e+00
2.200000047683715820e+00 1.001996099948883057e-01 0.000000000000000000e+00 9.199827104566793423e-07 9.999565780162811279e-02 0.000000000000000000e+00 6.000000000000000000e+00 8.191000000000000000e+03 0.000000000000000000e+00 0.000000000000000000e+00 2.756500005722045898e+00
2.400000095367431641e+00 1.101401150226593018e-01 0.000000000000000000e+00 9.967765208784840070e-07 1.100051850080490112e-01 0.000000000000000000e+00 7.000000000000000000e+00 8.191000000000000000e+03 0.000000000000000000e+00 0.000000000000000000e+00 2.756599903106689453e+00
2.600000143051147461e+00 1.201833933591842651e-01 0.000000000000000000e+00 1.060611111824982800e-06 1.200022250413894653e-01 0.000000000000000000e+00 7.000000000000000000e+00 8.191000000000000000e+03 0.000000000000000000e+00 0.000000000000000000e+00 2.756599903106689453e+00
2.799999952316284180e+00 1.301708966493606567e-01 0.000000000000000000e+00 1.111169922296539880e-06 1.299992501735687256e-01 0.000000000000000000e+00 7.000000000000000000e+00 8.191000000000000000e+03 0.000000000000000000e+00 0.000000000000000000e+00 2.756599903106689453e+00
3.000000000000000000e+00 1.401043385267257690e-01 0.000000000000000000e+00 1.169007873613736592e-06 1.399962902069091797e-01 0.000000000000000000e+00 7.000000000000000000e+00 8.191000000000000000e+03 0.000000000000000000e+00 0.000000000000000000e+00 2.756599903106689453e+00
3.200000047683715820e+00 1.501919180154800415e-01 0.000000000000000000e+00 1.226742710969119798e-06 1.500058174133300781e-01 0.000000000000000000e+00 7.000000000000000000e+00 8.191000000000000000e+03 0.000000000000000000e+00 0.000000000000000000e+00 2.756599903106689453e+00
3.400000095367431641e+00 1.601784527301788330e-01 0.000000000000000000e+00 1.291319563279103022e-06 1.600028574466705322e-01 0.000000000000000000e+00 7.000000000000000000e+00 8.191000000000000000e+03 0.000000000000000000e+00 0.000000000000000000e+00 2.756500005722045898e+00
3.600000143051147461e+00 1.701320409774780273e-01 0.000000000000000000e+00 1.365383582196955103e-06 1.699998974800109863e-01 0.000000000000000000e+00 7.000000000000000000e+00 8.191000000000000000e+03 0.000000000000000000e+00 0.000000000000000000e+00 2.756500005722045898e+00
3.799999952316284180e+00 1.800809055566787720e-01 0.000000000000000000e+00 1.449243768547603395e-06 1.799969226121902466e-01 0.000000000000000000e+00 7.000000000000000000e+00 8.191000000000000000e+03 0.000000000000000000e+00 0.000000000000000000e+00 2.756500005722045898e+00
4.000000000000000000e+00 1.901414245367050171e-01 0.000000000000000000e+00 1.541855681352899410e-06 1.899939626455307007e-01 0.000000000000000000e+00 7.000000000000000000e+00 8.191000000000000000e+03 0.000000000000000000e+00 0.000000000000000000e+00 2.756500005722045898e+00
4.200000286102294922e+00 2.001896500587463379e-01 0.000000000000000000e+00 1.640921141188300680e-06 2.000034898519515991e-01 0.000000000000000000e+00 7.000000000000000000e+00 8.191000000000000000e+03 0.000000000000000000e+00 0.000000000000000000e+00 2.756500005722045898e+00
4.400000095367431641e+00 2.101591527462005615e-01 0.000000000000000000e+00 1.751627223711693659e-06 2.100005298852920532e-01 0.000000000000000000e+00 7.000000000000000000e+00 8.191000000000000000e+03 0.000000000000000000e+00 0.000000000000000000e+00 2.756599903106689453e+00
4.599999904632568359e+00 2.201662808656692505e-01 0.000000000000000000e+00 1.864126033979118802e-06 2.199975699186325073e-01 0.000000000000000000e+00 7.000000000000000000e+00 8.191000000000000000e+03 0.000000000000000000e+00 0.000000000000000000e+00 2.756599903106689453e+00
4.800000190734863281e+00 2.301308959722518921e-01 0.000000000000000000e+00 1.980670276680029929e-06 2.299945950508117676e-01 0.000000000000000000e+00 7.000000000000000000e+00 8.191000000000000000e+03 0.000000000000000000e+00 0.000000000000000000e+00 2.756599903106689453e+00
5.000000000000000000e+00 2.401580512523651123e-01 0.000000000000000000e+00 2.097285232594003901e-06 2.400041371583938599e-01 0.000000000000000000e+00 7.000000000000000000e+00 8.191000000000000000e+03 0.000000000000000000e+00 0.000000000000000000e+00 2.756599903106689453e+00
5.200000286102294922e+00 2.502127289772033691e-01 0.000000000000000000e+00 2.214095729868859053e-06 2.500011622905731201e-01 0.000000000000000000e+00 7.000000000000000000e+00 8.191000000000000000e+03 0.000000000000000000e+00 0.000000000000000000e+00 2.756599903106689453e+00
5.400000095367431641e+00 2.601913809776306152e-01 0.000000000000000000e+00 2.330756615265272558e-06 2.599982023239135742e-01 0.000000000000000000e+00 7.000000000000000000e+00 8.191000000000000000e+03 0.000000000000000000e+00 0.000000000000000000e+00 2.756599903106689453e+00
5.599999904632568359e+00 2.702475488185882568e-01 0.000000000000000000e+00 2.439549916743999347e-06 2.699952423572540283e-01 0.000000000000000000e+00 7.000000000000000000e+00 8.191000000000000000e+03 0.000000000000000000e+00 0.000000000000000000e+00 2.756599903106689453e+00
5.800000190734863281e+00 2.801557779312133789e-01 0.000000000000000000e+00 2.549382770666852593e-06 2.800047695636749268e-01 0.000000000000000000e+00 7.000000000000000000e+00 8.191000000000000000e+03 0.000000000000000000e+00 0.000000000000000000e+00 2.756599903106689453e+00
6.000000000000000000e+00 2.901635766029357910e-01 0.000000000000000000e+00 2.643488642206648365e-06 2.900017797946929932e-01 0.000000000000000000e+00 7.000000000000000000e+00 8.191000000000000000e+03 0.000000000000000000e+00 0.000000000000000000e+00 2.756599903106689453e+00
6.200000286102294922e+00 3.001610636711120605e-01 0.000000000000000000e+00 2.735479256443795748e-06 2.999988198280334473e-01 0.000000000000000000e+00 7.000000000000000000e+00 8.191000000000000000e+03 0.000000000000000000e+00 0.000000000000000000e+00 2.756599903106689453e+00
6.400000095367431641e+00 2.901191711425781250e-01 0.000000000000000000e+00 1.653115873523347545e-06 2.900017797946929932e-01 0.000000000000000000e+00 7.000000000000000000e+00 8.191000000000000000e+03 0.000000000000000000e+00 0.000000000000000000e+00 2.756599903106689453e+00
6.599999904632568359e+00 2.801256179809570312e-01 0.000000000000000000e+00 1.136782657340518199e-06 2.800047695636749268e-01 0.000000000000000000e+00 7.000000000000000000e+00 8.191000000000000000e+03 0.000000000000000000e+00 0.000000000000000000e+00 2.756599903106689453e+00
6.800000190734863281e+00 2.701258063316345215e-01 0.000000000000000000e+00 8.237226438723155297e-07 2.699952423572540283e-01 0.000000000000000000e+00 7.000000000000000000e+00 8.191000000000000000e+03 0.000000000000000000e+00 0.000000000000000000e+00 2.756599903106689453e+00
7.000000000000000000e+00 2.601339221000671387e-01 0.000000000000000000e+00 5.982796551506908145e-07 2.599982023239135742e-01 0.000000000000000000e+00 7.000000000000000000e+00 8.191000000000000000e+03 0.000000000000000000e+00 0.000000000000000000e+00 2.756599903106689453e+00
7.200000286102294922e+00 2.501194179058074951e-01 0.000000000000000000e+00 4.384021679015859263e-07 2.500011622905731201e-01 0.000000000000000000e+00 6.000000000000000000e+00 8.191000000000000000e+03 0.000000000000000000e+00 0.000000000000000000e+00 2.756599903106689453e+00
7.400000095367431641e+00 2.402492761611938477e-01 0.000000000000000000e+00 3.186598860338563100e-07 2.400041371583938599e-01 0.000000000000000000e+00 6.000000000000000000e+00 8.191000000000000000e+03 0.000000000000000000e+00 0.000000000000000000e+00 2.756299972534179688e+00
7.599999904632568359e+00 2.301452606916427612e-01 0.000000000000000000e+00 2.241146290771212080e-07 2.299945950508117676e-01 0.000000000000000000e+00 6.000000000000000000e+00 8.191000000000000000e+03 0.000000000000000000e+00 0.000000000000000000e+00 2.756299972534179688e+00
7.800000190734863281e+00 2.202037721872329712e-01 0.000000000000000000e+00 1.470592536634285352e-07 2.199975699186325073e-01 0.000000000000000000e+00 6.000000000000000000e+00 8.191000000000000000e+03 0.000000000000000000e+00 0.000000000000000000e+00 2.756299972534179688e+00
8.000000000000000000e+00 2.101627290248870850e-01 0.000000000000000000e+00 8.252509786643713596e-08 2.100005298852920532e-01 0.000000000000000000e+00 6.000000000000000000e+00 8.191000000000000000e+03 0.000000000000000000e+00 0.000000000000000000e+00 2.756299972534179688e+00
8.199999809265136719e+00 2.001038938760757446e-01 0.000000000000000000e+00 2.564322620912662387e-08 2.000034898519515991e-01 0.000000000000000000e+00 6.000000000000000000e+00 8.191000000000000000e+03 0.000000000000000000e+00 0.000000000000000000e+00 2.756299972534179688e+00
8.400000572204589844e+00 1.901633888483047485e-01 0.000000000000000000e+00 2.498865114830550738e-09 1.899939626455307007e-01 0.000000000000000000e+00 5.000000000000000000e+00 8.191000000000000000e+03 0.000000000000000000e+00 0.000000000000000000e+00 2.756299972534179688e+00
8.600000381469726562e+00 1.800988018512725830e-01 0.000000000000000000e+00 -1.094613644170294720e-08 1.799969226121902466e-01 0.000000000000000000e+00 4.000000000000000000e+00 6.908000000000000000e+03 0.000000000000000000e+00 0.000000000000000000e+00 2.756299972534179688e+00
8.800000190734863281e+00 1.701224148273468018e-01 0.000000000000000000e+00 -1.094613644170294720e-08 1.699998974800109863e-01 0.000000000000000000e+00 4.000000000000000000e+00 6.908000000000000000e+03 0.000000000000000000e+00 0.000000000000000000e+00 2.756299972534179688e+00
9.000000000000000000e+00 1.602043211460113525e-01 0.000000000000000000e+00 -1.094613644170294720e-08 1.600028574466705322e-01 0.000000000000000000e+00 4.000000000000000000e+00 7.164000000000000000e+03 0.000000000000000000e+00 0.000000000000000000e+00 2.756299972534179688e+00
9.199999809265136719e+00 1.501820087432861328e-01 0.000000000000000000e+00 -1.092515233835911204e-07 1.500058174133300781e-01 0.000000000000000000e+00 5.000000000000000000e+00 7.164000000000000000e+03 0.000000000000000000e+00 0.000000000000000000e+00 2.756299972534179688e+00
9.400000572204589844e+00 1.401251554489135742e-01 0.000000000000000000e+00 -2.581961950909317238e-07 1.399962902069091797e-01 0.000000000000000000e+00 6.000000000000000000e+00 8.191000000000000000e+03 0.000000000000000000e+00 0.000000000000000000e+00 2.756299972534179688e+00
9.600000381469726562e+00 1.301715970039367676e-01 0.000000000000000000e+00 -3.134315988972957712e-07 1.299992501735687256e-01 0.000000000000000000e+00 6.000000000000000000e+00 8.191000000000000000e+03 0.000000000000000000e+00 0.000000000000000000e+00 2.756299972534179688e+00
9.800000190734863281e+00 1.201925128698348999e-01 0.000000000000000000e+00 -3.754998090244043851e-07 1.200022250413894653e-01 0.000000000000000000e+00 6.000000000000000000e+00 8.191000000000000000e+03 0.000000000000000000e+00 0.000000000000000000e+00 2.756299972534179688e+00
1.000000000000000000e+01 1.101486533880233765e-01 0.000000000000000000e+00 -4.462298761609417852e-07 1.100051850080490112e-01 0.000000000000000000e+00 6.000000000000000000e+00 8.191000000000000000e+03 0.000000000000000000e+00 0.000000000000000000e+00 2.756299972534179688e+00
1.019999980926513672e+01 1.001258939504623413e-01 0.000000000000000000e+00 -5.240179916654597037e-07 9.999565780162811279e-02 0.000000000000000000e+00 6.000000000000000000e+00 8.191000000000000000e+03 0.000000000000000000e+00 0.000000000000000000e+00 2.756299972534179688e+00
1.040000057220458984e+01 9.013800323009490967e-02 0.000000000000000000e+00 -6.066066475796105806e-07 8.999861776828765869e-02 0.000000000000000000e+00 6.000000000000000000e+00 8.191000000000000000e+03 0.000000000000000000e+00 0.000000000000000000e+00 2.756299972534179688e+00
1.060000038146972656e+01 8.012386411428451538e-02 0.000000000000000000e+00 -6.867954311928770039e-07 8.000158518552780151e-02 0.000000000000000000e+00 6.000000000000000000e+00 8.191000000000000000e+03 0.000000000000000000e+00 0.000000000000000000e+00 2.756299972534179688e+00
1.080000019073486328e+01 7.013933360576629639e-02 0.000000000000000000e+00 -7.561765755781379994e-07 7.000455260276794434e-02 0.000000000000000000e+00 6.000000000000000000e+00 8.191000000000000000e+03 0.000000000000000000e+00 0.000000000000000000e+00 2.756299972534179688e+00
1.100000000000000000e+01 6.010104715824127197e-02 0.000000000000000000e+00 -8.110121143545256928e-07 5.999501794576644897e-02 0.000000000000000000e+00 6.000000000000000000e+00 8.191000000000000000e+03 0.000000000000000000e+00 0.000000000000000000e+00 2.756299972534179688e+00
1.119999980926513672e+01 5.017505958676338196e-02 0.000000000000000000e+00 -8.456909199594520032e-07 4.999798536300659180e-02 0.000000000000000000e+00 6.000000000000000000e+00 8.191000000000000000e+03 0.000000000000000000e+00 0.000000000000000000e+00 2.756299972534179688e+00
1.140000057220458984e+01 4.013042896986007690e-02 0.000000000000000000e+00 -8.609903261458384804e-07 4.000094905495643616e-02 0.000000000000000000e+00 6.000000000000000000e+00 8.191000000000000000e+03 0.000000000000000000e+00 0.000000000000000000e+00 2.756299972534179688e+00
1.160000038146972656e+01 3.012921474874019623e-02 0.000000000000000000e+00 -8.605925927440694068e-07 3.000391460955142975e-02 0.000000000000000000e+00 6.000000000000000000e+00 8.191000000000000000e+03 0.000000000000000000e+00 0.000000000000000000e+00 2.756299972534179688e+00
1.180000019073486328e+01 2.009315229952335358e-02 0.000000000000000000e+00 -8.500110197928734124e-07 1.999438367784023285e-02 0.000000000000000000e+00 6.000000000000000000e+00 8.191000000000000000e+03 0.000000000000000000e+00 0.000000000000000000e+00 2.756299972534179688e+00
1.200000000000000000e+01 1.012853626161813736e-02 0.000000000000000000e+00 -8.330832770298002288e-07 9.997349232435226440e-03 0.000000000000000000e+00 6.000000000000000000e+00 8.191000000000000000e+03 0.000000000000000000e+00 0.000000000000000000e+00 2.756299972534179688e+00
1.219999980926513672e+01 1.204787986353039742e-04 0.000000000000000000e+00 -8.146201935232966207e-07 3.129243850708007812e-07 0.000000000000000000e+00 6.000000000000000000e+00 8.191000000000000000e+03 0.000000000000000000e+00 0.000000000000000000e+00 2.756299972534179688e+00
1.240000057220458984e+01 -9.925061836838722229e-03 0.000000000000000000e+00 -7.972112143761478364e-07 -9.996719658374786377e-03 0.000000000000000000e+00 6.000000000000000000e+00 8.191000000000000000e+03 0.000000000000000000e+00 0.000000000000000000e+00 2.755899906158447266e+00
1.260000038146972656e+01 -1.984026096761226654e-02 0.000000000000000000e+00 -7.841877049941103905e-07 -1.999375596642494202e-02 0.000000000000000000e+00 6.000000000000000000e+00 6.143000000000000000e+03 0.000000000000000000e+00 0.000000000000000000e+00 2.755899906158447266e+00
1.280000019073486328e+01 -2.988045662641525269e-02 0.000000000000000000e+00 -7.730035918029898312e-07 -3.000328317284584045e-02 0.000000000000000000e+00 6.000000000000000000e+00 8.191000000000000000e+03 0.000000000000000000e+00 0.000000000000000000e+00 2.755899906158447266e+00
1.300000000000000000e+01 -3.985061496496200562e-02 0.000000000000000000e+00 -7.664729082534904592e-07 -4.000032320618629456e-02 0.000000000000000000e+00 6.000000000000000000e+00 8.191000000000000000e+03 0.000000000000000000e+00 0.000000000000000000e+00 2.755899906158447266e+00
1.319999980926513672e+01 -4.983584955334663391e-02 0.000000000000000000e+00 -7.630925438206759281e-07 -4.999735578894615173e-02 0.000000000000000000e+00 6.000000000000000000e+00 8.191000000000000000e+03 0.000000000000000000e+00 0.000000000000000000e+00 2.755899906158447266e+00
1.340000057220458984e+01 -5.983522534370422363e-02 0.000000000000000000e+00 -7.655257263650128152e-07 -5.999438837170600891e-02 0.000000000000000000e+00 6.000000000000000000e+00 8.191000000000000000e+03 0.000000000000000000e+00 0.000000000000000000e+00 2.756500005722045898e+00
1.360000038146972656e+01 -6.990101933479309082e-02 0.000000000000000000e+00 -7.707418490099371411e-07 -7.000392675399780273e-02 0.000000000000000000e+00 6.000000000000000000e+00 8.191000000000000000e+03 0.000000000000000000e+00 0.000000000000000000e+00 2.756500005722045898e+00
1.380000019073486328e+01 -7.991016656160354614e-02 0.000000000000000000e+00 -7.804595156812865753e-07 -8.000095188617706299e-02 0.000000000000000000e+00 6.000000000000000000e+00 8.191000000000000000e+03 0.000000000000000000e+00 0.000000000000000000e+00 2.756500005722045898e+00
1.400000000000000000e+01 -8.990619331598281860e-02 0.000000000000000000e+00 -7.953040039865300059e-07 -8.999799191951751709e-02 0.000000000000000000e+00 6.000000000000000000e+00 8.191000000000000000e+03 0.000000000000000000e+00 0.000000000000000000e+00 2.756500005722045898e+00
1.419999980926513672e+01 -9.986374527215957642e-02 0.000000000000000000e+00 -8.124434316414408386e-07 -9.999501705169677734e-02 0.000000000000000000e+00 6.000000000000000000e+00 8.191000000000000000e+03 0.000000000000000000e+00 0.000000000000000000e+00 2.756500005722045898e+00
1.440000057220458984e+01 -1.098746731877326965e-01 0.000000000000000000e+00 -8.359112371181254275e-07 -1.100045591592788696e-01 0.000000000000000000e+00 6.000000000000000000e+00 8.191000000000000000e+03 0.000000000000000000e+00 0.000000000000000000e+00 2.756399869918823242e+00
1.460000038146972656e+01 -1.198778301477432251e-01 0.000000000000000000e+00 -8.678139238327275962e-07 -1.200015842914581299e-01 0.000000000000000000e+00 6.000000000000000000e+00 8.191000000000000000e+03 0.000000000000000000e+00 0.000000000000000000e+00 2.756399869918823242e+00
1.480000019073486328e+01 -1.298077702522277832e-01 0.000000000000000000e+00 -9.087197554435988422e-07 -1.299986243247985840e-01 0.000000000000000000e+00 6.000000000000000000e+00 8.191000000000000000e+03 0.000000000000000000e+00 0.000000000000000000e+00 2.756399869918823242e+00
1.500000000000000000e+01 -1.399291008710861206e-01 0.000000000000000000e+00 -9.619806178307044320e-07 -1.399956643581390381e-01 0.000000000000000000e+00 7.000000000000000000e+00 8.191000000000000000e+03 0.000000000000000000e+00 0.000000000000000000e+00 2.756399869918823242e+00
1.519999980926513672e+01 -1.498246490955352783e-01 0.000000000000000000e+00 -1.029812210617819801e-06 -1.500051915645599365e-01 0.000000000000000000e+00 7.000000000000000000e+00 8.191000000000000000e+03 0.000000000000000000e+00 0.000000000000000000e+00 2.756399869918823242e+00
1.540000057220458984e+01 -1.598460972309112549e-01 0.000000000000000000e+00 -1.121929926739539951e-06 -1.600022166967391968e-01 0.000000000000000000e+00 7.000000000000000000e+00 8.191000000000000000e+03 0.000000000000000000e+00 0.000000000000000000e+00 2.756299972534179688e+00
1.560000038146972656e+01 -1.699508577585220337e-01 0.000000000000000000e+00 -1.254518906534940470e-06 -1.699992567300796509e-01 0.000000000000000000e+00 7.000000000000000000e+00 8.191000000000000000e+03 0.000000000000000000e+00 0.000000000000000000e+00 2.756299972534179688e+00
1.580000019073486328e+01 -1.798259168863296509e-01 0.000000000000000000e+00 -1.407261720487440471e-06 -1.799962967634201050e-01 0.000000000000000000e+00 7.000000000000000000e+00 8.191000000000000000e+03 0.000000000000000000e+00 0.000000000000000000e+00 2.756299972534179688e+00
1.600000000000000000e+01 -1.899208873510360718e-01 0.000000000000000000e+00 -1.616376835045230109e-06 -1.900058239698410034e-01 0.000000000000000000e+00 7.000000000000000000e+00 8.191000000000000000e+03 0.000000000000000000e+00 0.000000000000000000e+00 2.756299972534179688e+00
1.620000076293945312e+01 -1.998753100633621216e-01 0.000000000000000000e+00 -1.879965680018358398e-06 -2.000028640031814575e-01 0.000000000000000000e+00 7.000000000000000000e+00 8.191000000000000000e+03 0.000000000000000000e+00 0.000000000000000000e+00 2.756299972534179688e+00
1.639999961853027344e+01 -1.898600161075592041e-01 0.000000000000000000e+00 -1.354110167994804215e-06 -1.900058239698410034e-01 0.000000000000000000e+00 7.000000000000000000e+00 8.191000000000000000e+03 0.000000000000000000e+00 1.000000000000000000e+00 2.756299972534179688e+00
1.660000038146972656e+01 -1.799315363168716431e-01 0.000000000000000000e+00 -1.007229684546473436e-06 -1.799962967634201050e-01 0.000000000000000000e+00 7.000000000000000000e+00 8.191000000000000000e+03 0.000000000000000000e+00 1.000000000000000000e+00 2.756299972534179688e+00
1.680000114440917969e+01 -1.699559092521667480e-01 0.000000000000000000e+00 -7.529791332672175486e-07 -1.699992567300796509e-01 0.000000000000000000e+00 7.000000000000000000e+00 8.191000000000000000e+03 0.000000000000000000e+00 1.000000000000000000e+00 2.756299972534179688e+00
1.700000000000000000e+01 -1.598526090383529663e-01 0.000000000000000000e+00 -5.674208409800485242e-07 -1.600022166967391968e-01 0.000000000000000000e+00 6.000000000000000000e+00 8.191000000000000000e+03 0.000000000000000000e+00 1.000000000000000000e+00 2.756299972534179688e+00
1.720000076293945312e+01 -1.498329639434814453e-01 0.000000000000000000e+00 -4.228927252825087635e-07 -1.500051915645599365e-01 0.000000000000000000e+00 6.000000000000000000e+00 8.191000000000000000e+03 0.000000000000000000e+00 1.000000000000000000e+00 2.756299972534179688e+00
1.739999961853027344e+01 -1.398521363735198975e-01 0.000000000000000000e+00 -3.106986525835964130e-07 -1.399956643581390381e-01 0.000000000000000000e+00 6.000000000000000000e+00 8.191000000000000000e+03 0.000000000000000000e+00 1.000000000000000000e+00 2.756299972534179688e+00
1.760000038146972656e+01 -1.298735290765762329e-01 0.000000000000000000e+00 -2.230385973689408274e-07 -1.299986243247985840e-01 0.000000000000000000e+00 6.000000000000000000e+00 8.191000000000000000e+03 0.000000000000000000e+00 1.000000000000000000e+00 2.756299972534179688e+00
1.780000114440917969e+01 -1.199182942509651184e-01 0.000000000000000000e+00 -1.531143709598836722e-07 -1.200015842914581299e-01 0.000000000000000000e+00 6.000000000000000000e+00 8.191000000000000000e+03 0.000000000000000000e+00 1.000000000000000000e+00 2.756299972534179688e+00
1.800000000000000000e+01 -1.099199578166007996e-01 0.000000000000000000e+00 -9.553559721098281443e-08 -1.100045591592788696e-01 0.000000000000000000e+00 6.000000000000000000e+00 8.191000000000000000e+03 0.000000000000000000e+00 1.000000000000000000e+00 2.756299972534179688e+00
1.820000076293945312e+01 -9.990307688713073730e-02 0.000000000000000000e+00 -4.795228747411783843e-08 -9.999501705169677734e-02 0.000000000000000000e+00 6.000000000000000000e+00 8.191000000000000000e+03 0.000000000000000000e+00 1.000000000000000000e+00 2.756299972534179688e+00
1.839999961853027344e+01 -8.986349403858184814e-02 0.000000000000000000e+00 -1.533582327795102174e-08 -8.999799191951751709e-02 0.000000000000000000e+00 5.000000000000000000e+00 8.191000000000000000e+03 0.000000000000000000e+00 1.000000000000000000e+00 2.756299972534179688e+00
1.860000038146972656e+01 -7.991323620080947876e-02 0.000000000000000000e+00 2.163095302876172354e-08 -8.000095188617706299e-02 0.000000000000000000e+00 5.000000000000000000e+00 8.191000000000000000e+03 0.000000000000000000e+00 1.000000000000000000e+00 2.756299972534179688e+00
1.880000114440917969e+01 -6.986534595489501953e-02 0.000000000000000000e+00 5.482985443450161256e-08 -7.000392675399780273e-02 0.000000000000000000e+00 5.000000000000000000e+00 8.191000000000000000e+03 0.000000000000000000e+00 1.000000000000000000e+00 2.756299972534179688e+00
1.900000000000000000e+01 -5.989706143736839294e-02 0.000000000000000000e+00 8.658545169737408287e-08 -5.999438837170600891e-02 0.000000000000000000e+00 5.000000000000000000e+00 7.164000000000000000e+03 0.000000000000000000e+00 1.000000000000000000e+00 2.756299972534179688e+00
1.920000076293945312e+01 -4.978252574801445007e-02 0.000000000000000000e+00 1.078439311186230043e-07 -4.999735578894615173e-02 0.000000000000000000e+00 5.000000000000000000e+00 7.164000000000000000e+03 0.000000000000000000e+00 1.000000000000000000e+00 2.756299972534179688e+00
1.939999961853027344e+01 -3.990579769015312195e-02 0.000000000000000000e+00 1.442772230575428694e-07 -4.000032320618629456e-02 0.000000000000000000e+00 6.000000000000000000e+00 8.191000000000000000e+03 0.000000000000000000e+00 1.000000000000000000e+00 2.756199836730957031e+00
1.960000038146972656e+01 -2.984229475259780884e-02 0.000000000000000000e+00 1.737248709332561702e-07 -3.000328317284584045e-02 0.000000000000000000e+00 6.000000000000000000e+00 8.191000000000000000e+03 0.000000000000000000e+00 1.000000000000000000e+00 2.756199836730957031e+00
1.980000114440917969e+01 -1.978339254856109619e-02 0.000000000000000000e+00 2.054073036106274230e-07 -1.999375596642494202e-02 0.000000000000000000e+00 6.000000000000000000e+00 8.191000000000000000e+03 0.000000000000000000e+00 1.000000000000000000e+00 2.756199836730957031e+00
2.000000000000000000e+01 -9.843030944466590881e-03 0.000000000000000000e+00 2.390570728039165260e-07 -9.996719658374786377e-03 0.000000000000000000e+00 6.000000000000000000e+00 8.191000000000000000e+03 0.000000000000000000e+00 1.000000000000000000e+00 2.756199836730957031e+00
2.020000076293945312e+01 1.355335116386413574e-04 0.000000000000000000e+00 2.769105833522189641e-07 3.129243850708007812e-07 0.000000000000000000e+00 6.000000000000000000e+00 8.191000000000000000e+03 0.000000000000000000e+00 1.000000000000000000e+00 2.756199836730957031e+00
2.039999961853027344e+01 1.015095226466655731e-02 0.000000000000000000e+00 3.222310738237865735e-07 9.997349232435226440e-03 0.000000000000000000e+00 6.000000000000000000e+00 8.191000000000000000e+03 0.000000000000000000e+00 1.000000000000000000e+00 2.756199836730957031e+00
2.060000038146972656e+01 2.005319483578205109e-02 0.000000000000000000e+00 3.741994021311256802e-07 1.999438367784023285e-02 0.000000000000000000e+00 6.000000000000000000e+00 6.143000000000000000e+03 0.000000000000000000e+00 1.000000000000000000e+00 2.756199836730957031e+00
2.080000114440917969e+01 3.010927513241767883e-02 0.000000000000000000e+00 4.373524120637739543e-07 3.000391460955142975e-02 0.000000000000000000e+00 6.000000000000000000e+00 8.191000000000000000e+03 0.000000000000000000e+00 1.000000000000000000e+00 2.756199836730957031e+00
2.100000000000000000e+01 4.010639339685440063e-02 0.000000000000000000e+00 5.127298550178238656e-07 4.000094905495643616e-02 0.000000000000000000e+00 6.000000000000000000e+00 8.191000000000000000e+03 0.000000000000000000e+00 1.000000000000000000e+00 2.756199836730957031e+00
2.120000076293945312e+01 5.010791122913360596e-02 0.000000000000000000e+00 5.997724770168133546e-07 4.999798536300659180e-02 0.000000000000000000e+00 6.000000000000000000e+00 8.191000000000000000e+03 0.000000000000000000e+00 1.000000000000000000e+00 2.756199836730957031e+00
2.139999961853027344e+01 6.016171351075172424e-02 0.000000000000000000e+00 6.974088364586350508e-07 5.999501794576644897e-02 0.000000000000000000e+00 6.000000000000000000e+00 8.191000000000000000e+03 0.000000000000000000e+00 1.000000000000000000e+00 2.756399869918823242e+00
2.160000038146972656e+01 7.010683417320251465e-02 0.000000000000000000e+00 8.006244911484827753e-07 7.000455260276794434e-02 0.000000000000000000e+00 6.000000000000000000e+00 8.191000000000000000e+03 0.000000000000000000e+00 1.000000000000000000e+00 2.756399869918823242e+00
2.180000114440917969e+01 8.021526038646697998e-02 0.000000000000000000e+00 9.028165095514850691e-07 8.000158518552780151e-02 0.000000000000000000e+00 6.000000000000000000e+00 8.191000000000000000e+03 0.000000000000000000e+00 1.000000000000000000e+00 2.756399869918823242e+00
2.200000000000000000e+01 9.012684971094131470e-02 0.000000000000000000e+00 9.976795354305068031e-07 8.999861776828765869e-02 0.000000000000000000e+00 7.000000000000000000e+00 8.191000000000000000e+03 0.000000000000000000e+00 1.000000000000000000e+00 2.756399869918823242e+00
2.220000076293945312e+01 1.001054123044013977e-01 0.000000000000000000e+00 1.082381004380295053e-06 9.999565780162811279e-02 0.000000000000000000e+00 7.000000000000000000e+00 8.191000000000000000e+03 0.000000000000000000e+00 1.000000000000000000e+00 2.756399869918823242e+00
2.239999961853027344e+01 1.102060601115226746e-01 0.000000000000000000e+00 1.146446834354719613e-06 1.100051850080490112e-01 0.000000000000000000e+00 7.000000000000000000e+00 8.191000000000000000e+03 0.000000000000000000e+00 1.000000000000000000e+00 2.756099939346313477e+00
2.260000038146972656e+01 1.201042979955673218e-01 0.000000000000000000e+00 1.199946495944459457e-06 1.200022250413894653e-01 0.000000000000000000e+00 7.000000000000000000e+00 8.191000000000000000e+03 0.000000000000000000e+00 1.000000000000000000e+00 2.756099939346313477e+00
2.280000114440917969e+01 1.301602572202682495e-01 0.000000000000000000e+00 1.245916109837708063e-06 1.299992501735687256e-01 0.000000000000000000e+00 7.000000000000000000e+00 8.191000000000000000e+03 0.000000000000000000e+00 1.000000000000000000e+00 2.756099939346313477e+00
2.300000000000000000e+01 1.401592195034027100e-01 0.000000000000000000e+00 1.286455244553508237e-06 1.399962902069091797e-01 0.000000000000000000e+00 7.000000000000000000e+00 8.191000000000000000e+03 0.000000000000000000e+00 1.000000000000000000e+00 2.756099939346313477e+00
2.320000076293945312e+01 1.501378268003463745e-01 0.000000000000000000e+00 1.332214765170647297e-06 1.500058174133300781e-01 0.000000000000000000e+00 7.000000000000000000e+00 8.191000000000000000e+03 0.000000000000000000e+00 1.000000000000000000e+00 2.756099939346313477e+00
2.339999961853027344e+01 1.601714342832565308e-01 0.000000000000000000e+00 1.371569055663712788e-06 1.600028574466705322e-01 0.000000000000000000e+00 7.000000000000000000e+00 8.191000000000000000e+03 0.000000000000000000e+00 1.000000000000000000e+00 2.756299972534179688e+00
2.360000038146972656e+01 1.702169477939605713e-01 0.000000000000000000e+00 1.429663711860484909e-06 1.699998974800109863e-01 0.000000000000000000e+00 7.000000000000000000e+00 8.191000000000000000e+03 0.000000000000000000e+00 1.000000000000000000e+00 2.756299972534179688e+00
2.380000114440917969e+01 1.801767051219940186e-01 0.000000000000000000e+00 1.486097062297631055e-06 1.799969226121902466e-01 0.000000000000000000e+00 7.000000000000000000e+00 8.191000000000000000e+03 0.000000000000000000e+00 1.000000000000000000e+00 2.756299972534179688e+00
2.400000000000000000e+01 1.901632547378540039e-01 0.000000000000000000e+00 1.555472294967330527e-06 1.899939626455307007e-01 0.000000000000000000e+00 7.000000000000000000e+00 8.191000000000000000e+03 0.000000000000000000e+00 1.000000000000000000e+00 2.756299972534179688e+00
2.420000076293945312e+01 2.001757174730300903e-01 0.000000000000000000e+00 1.631452960282331333e-06 2.000034898519515991e-01 0.000000000000000000e+00 7.000000000000000000e+00 8.191000000000000000e+03 0.000000000000000000e+00 1.000000000000000000e+00 2.756299972534179688e+00
2.439999961853027344e+01 2.102112770080566406e-01 0.000000000000000000e+00 1.714883978820580523e-06 2.100005298852920532e-01 0.000000000000000000e+00 7.000000000000000000e+00 8.191000000000000000e+03 0.000000000000000000e+00 1.000000000000000000e+00 2.756299972534179688e+00
2.460000038146972656e+01 2.201455682516098022e-01 0.000000000000000000e+00 1.797955519577953964e-06 2.199975699186325073e-01 0.000000000000000000e+00 7.000000000000000000e+00 8.191000000000000000e+03 0.000000000000000000e+00 1.000000000000000000e+00 2.756299972534179688e+00
2.480000114440917969e+01 2.301185578107833862e-01 0.000000000000000000e+00 1.896445724014483858e-06 2.299945950508117676e-01 0.000000000000000000e+00 7.000000000000000000e+00 8.191000000000000000e+03 0.000000000000000000e+00 1.000000000000000000e+00 2.756299972534179688e+00
2.500000000000000000e+01 2.401060760021209717e-01 0.000000000000000000e+00 1.996694436456891708e-06 2.400041371583938599e-01 0.000000000000000000e+00 7.000000000000000000e+00 8.191000000000000000e+03 0.000000000000000000e+00 1.000000000000000000e+00 2.756299972534179688e+00
2.520000076293945312e+01 2.502398490905761719e-01 0.000000000000000000e+00 2.089132749460986815e-06 2.500011622905731201e-01 0.000000000000000000e+00 7.000000000000000000e+00 8.191000000000000000e+03 0.000000000000000000e+00 1.000000000000000000e+00 2.756299972534179688e+00
2.539999961853027344e+01 2.601393163204193115e-01 0.000000000000000000e+00 2.188304051742306910e-06 2.599982023239135742e-01 0.000000000000000000e+00 7.000000000000000000e+00 8.191000000000000000e+03 0.000000000000000000e+00 1.000000000000000000e+00 2.756299972534179688e+00
2.560000038146972656e+01 2.701788842678070068e-01 0.000000000000000000e+00 2.286815515617490746e-06 2.699952423572540283e-01 0.000000000000000000e+00 7.000000000000000000e+00 8.191000000000000000e+03 0.000000000000000000e+00 1.000000000000000000e+00 2.756299972534179688e+00
2.580000114440917969e+01 2.801805436611175537e-01 0.000000000000000000e+00 2.382358161412412301e-06 2.800047695636749268e-01 0.000000000000000000e+00 7.000000000000000000e+00 8.191000000000000000e+03 0.000000000000000000e+00 1.000000000000000000e+00 2.756299972534179688e+00
2.600000000000000000e+01 2.902630567550659180e-01 0.000000000000000000e+00 2.472508640494197607e-06 2.900017797946929932e-01 0.000000000000000000e+00 7.000000000000000000e+00 8.191000000000000000e+03 0.000000000000000000e+00 1.000000000000000000e+00 2.756299972534179688e+00
2.620000076293945312e+01 3.002079129219055176e-01 0.000000000000000000e+00 2.560176653787493706e-06 2.999988198280334473e-01 0.000000000000000000e+00 7.000000000000000000e+00 8.191000000000000000e+03 0.000000000000000000e+00 1.000000000000000000e+00 2.756299972534179688e+00
2.639999961853027344e+01 2.901368737220764160e-01 0.000000000000000000e+00 1.517422674623958301e-06 2.900017797946929932e-01 0.000000000000000000e+00 7.000000000000000000e+00 8.191000000000000000e+03 0.000000000000000000e+00 1.000000000000000000e+00 2.756299972534179688e+00
2.660000038146972656e+01 2.801284790039062500e-01 0.000000000000000000e+00 1.023903337227238808e-06 2.800047695636749268e-01 0.000000000000000000e+00 7.000000000000000000e+00 8.191000000000000000e+03 0.000000000000000000e+00 1.000000000000000000e+00 2.756299972534179688e+00
2.680000114440917969e+01 2.701307237148284912e-01 0.000000000000000000e+00 7.277124041138449684e-07 2.699952423572540283e-01 0.000000000000000000e+00 7.000000000000000000e+00 8.191000000000000000e+03 0.000000000000000000e+00 1.000000000000000000e+00 2.756299972534179688e+00
2.700000000000000000e+01 2.600928544998168945e-01 0.000000000000000000e+00 5.252851451587048359e-07 2.599982023239135742e-01 0.000000000000000000e+00 6.000000000000000000e+00 8.191000000000000000e+03 0.000000000000000000e+00 1.000000000000000000e+00 2.756299972534179688e+00
2.720000076293945312e+01 2.500670254230499268e-01 0.000000000000000000e+00 3.737903284672938753e-07 2.500011622905731201e-01 0.000000000000000000e+00 6.000000000000000000e+00 8.191000000000000000e+03 0.000000000000000000e+00 1.000000000000000000e+00 2.756299972534179688e+00
2.739999961853027344e+01 2.402011752128601074e-01 0.000000000000000000e+00 2.662267775122018065e-07 2.400041371583938599e-01 0.000000000000000000e+00 6.000000000000000000e+00 8.191000000000000000e+03 0.000000000000000000e+00 1.000000000000000000e+00 2.756099939346313477e+00
2.760000038146972656e+01 2.301775366067886353e-01 0.000000000000000000e+00 1.757722145612206077e-07 2.299945950508117676e-01 0.000000000000000000e+00 6.000000000000000000e+00 8.191000000000000000e+03 0.000000000000000000e+00 1.000000000000000000e+00 2.756099939346313477e+00
2.780000114440917969e+01 2.201968282461166382e-01 0.000000000000000000e+00 1.024712119601645099e-07 2.199975699186325073e-01 0.000000000000000000e+00 6.000000000000000000e+00 8.191000000000000000e+03 0.000000000000000000e+00 1.000000000000000000e+00 2.756099939346313477e+00
2.800000000000000000e+01 2.102016657590866089e-01 0.000000000000000000e+00 4.076224513482884504e-08 2.100005298852920532e-01 0.000000000000000000e+00 6.000000000000000000e+00 8.191000000000000000e+03 0.000000000000000000e+00 1.000000000000000000e+00 2.756099939346313477e+00
2.820000076293945312e+01 2.000648379325866699e-01 0.000000000000000000e+00 1.549496353447921138e-08 2.000034898519515991e-01 0.000000000000000000e+00 5.000000000000000000e+00 8.191000000000000000e+03 0.000000000000000000e+00 1.000000000000000000e+00 2.756099939346313477e+00
2.839999961853027344e+01 1.900620460510253906e-01 0.000000000000000000e+00 -4.107837980882322881e-08 1.899939626455307007e-01 0.000000000000000000e+00 5.000000000000000000e+00 8.191000000000000000e+03 0.000000000000000000e+00 1.000000000000000000e+00 2.756000041961669922e+00
2.860000038146972656e+01 1.801396906375885010e-01 0.000000000000000000e+00 -9.291981939441029681e-08 1.799969226121902466e-01 0.000000000000000000e+00 5.000000000000000000e+00 7.164000000000000000e+03 0.000000000000000000e+00 1.000000000000000000e+00 2.756000041961669922e+00
2.880000114440917969e+01 1.701663434505462646e-01 0.000000000000000000e+00 -1.618206084685880342e-07 1.699998974800109863e-01 0.000000000000000000e+00 6.000000000000000000e+00 8.191000000000000000e+03 0.000000000000000000e+00 1.000000000000000000e+00 2.756000041961669922e+00
2.900000000000000000e+01 1.601889580488204956e-01 0.000000000000000000e+00 -2.111986532327136956e-07 1.600028574466705322e-01 0.000000000000000000e+00 6.000000000000000000e+00 8.191000000000000000e+03 0.000000000000000000e+00 1.000000000000000000e+00 2.756000041961669922e+00
2.920000076293945312e+01 1.501633971929550171e-01 0.000000000000000000e+00 -2.615004461858916329e-07 1.500058174133300781e-01 0.000000000000000000e+00 6.000000000000000000e+00 8.191000000000000000e+03 0.000000000000000000e+00 1.000000000000000000e+00 2.756000041961669922e+00
2.939999961853027344e+01 1.400892287492752075e-01 0.000000000000000000e+00 -3.163218309509829851e-07 1.399962902069091797e-01 0.000000000000000000e+00 6.000000000000000000e+00 8.191000000000000000e+03 0.000000000000000000e+00 1.000000000000000000e+00 2.756000041961669922e+00
2.960000038146972656e+01 1.301254183053970337e-01 0.000000000000000000e+00 -3.771450565182021819e-07 1.299992501735687256e-01 0.000000000000000000e+00 6.000000000000000000e+00 8.191000000000000000e+03 0.000000000000000000e+00 1.000000000000000000e+00 2.756000041961669922e+00
2.980000114440917969e+01 1.202149093151092529e-01 0.000000000000000000e+00 -4.441033922830683878e-07 1.200022250413894653e-01 0.000000000000000000e+00 6.000000000000000000e+00 8.191000000000000000e+03 0.000000000000000000e+00 1.000000000000000000e+00 2.756000041961669922e+00
3.000000000000000000e+01 1.102653443813323975e-01 0.000000000000000000e+00 -5.201534349907888100e-07 1.100051850080490112e-01 0.000000000000000000e+00 6.000000000000000000e+00 8.191000000000000000e+03 0.000000000000000000e+00 1.000000000000000000e+00 2.756000041961669922e+00
3.020000076293945312e+01 1.001641079783439636e-01 0.000000000000000000e+00 -6.036283366483985446e-07 9.999565780162811279e-02 0.000000000000000000e+00 6.000000000000000000e+00 8.191000000000000000e+03 0.000000000000000000e+00 1.000000000000000000e+00 2.756000041961669922e+00
3.039999961853027344e+01 9.018270671367645264e-02 0.000000000000000000e+00 -6.897254252180573530e-07 8.999861776828765869e-02 0.000000000000000000e+00 6.000000000000000000e+00 8.191000000000000000e+03 0.000000000000000000e+00 1.000000000000000000e+00 2.756199836730957031e+00
3.060000038146972656e+01 8.016170561313629150e-02 0.000000000000000000e+00 -7.708593443567224313e-07 8.000158518552780151e-02 0.000000000000000000e+00 6.000000000000000000e+00 8.191000000000000000e+03 0.000000000000000000e+00 1.000000000000000000e+00 2.756199836730957031e+00
3.080000114440917969e+01 7.019130885601043701e-02 0.000000000000000000e+00 -8.406624374401872046e-07 7.000455260276794434e-02 0.000000000000000000e+00 6.000000000000000000e+00 8.191000000000000000e+03 0.000000000000000000e+00 1.000000000000000000e+00 2.756199836730957031e+00
3.100000000000000000e+01 6.018033623695373535e-02 0.000000000000000000e+00 -8.926167538447771221e-07 5.999501794576644897e-02 0.000000000000000000e+00 6.000000000000000000e+00 8.191000000000000000e+03 0.000000000000000000e+00 1.000000000000000000e+00 2.756199836730957031e+00
3.120000076293945312e+01 5.021263659000396729e-02 0.000000000000000000e+00 -9.262662388209719211e-07 4.999798536300659180e-02 0.000000000000000000e+00 7.000000000000000000e+00 8.191000000000000000e+03 0.000000000000000000e+00 1.000000000000000000e+00 2.756199836730957031e+00
3.139999961853027344e+01 4.018217697739601135e-02 0.000000000000000000e+00 -9.352332313028455246e-07 4.000094905495643616e-02 0.000000000000000000e+00 7.000000000000000000e+00 8.191000000000000000e+03 0.000000000000000000e+00 1.000000000000000000e+00 2.755699872970581055e+00
3.160000038146972656e+01 3.013453632593154907e-02 0.000000000000000000e+00 -9.281417305828654207e-07 3.000391460955142975e-02 0.000000000000000000e+00 7.000000000000000000e+00 8.191000000000000000e+03 0.000000000000000000e+00 1.000000000000000000e+00 2.755699872970581055e+00
3.180000114440917969e+01 2.008638530969619751e-02 0.000000000000000000e+00 -9.129194609158730600e-07 1.999438367784023285e-02 0.000000000000000000e+00 7.000000000000000000e+00 8.191000000000000000e+03 0.000000000000000000e+00 1.000000000000000000e+00 2.755699872970581055e+00
3.200000000000000000e+01 1.009439956396818161e-02 0.000000000000000000e+00 -8.950001983976108022e-07 9.997349232435226440e-03 0.000000000000000000e+00 7.000000000000000000e+00 8.191000000000000000e+03 0.000000000000000000e+00 1.000000000000000000e+00 2.755699872970581055e+00
3.220000076293945312e+01 1.608945894986391068e-04 0.000000000000000000e+00 -8.776530080467637163e-07 3.129243850708007812e-07 0.000000000000000000e+00 7.000000000000000000e+00 8.191000000000000000e+03 0.000000000000000000e+00 1.000000000000000000e+00 2.755699872970581055e+00
3.240000152587890625e+01 -9.920668788254261017e-03 0.000000000000000000e+00 -8.654250223116832785e-07 -9.996719658374786377e-03 0.000000000000000000e+00 7.000000000000000000e+00 8.191000000000000000e+03 0.000000000000000000e+00 1.000000000000000000e+00 2.756099939346313477e+00
3.260000228881835938e+01 -1.990187354385852814e-02 0.000000000000000000e+00 -8.461159382022742648e-07 -1.999375596642494202e-02 0.000000000000000000e+00 7.000000000000000000e+00 6.143000000000000000e+03 0.000000000000000000e+00 1.000000000000000000e+00 2.756099939346313477e+00
3.279999923706054688e+01 -2.986090257763862610e-02 0.000000000000000000e+00 -8.386764420720282942e-07 -3.000328317284584045e-02 0.000000000000000000e+00 7.000000000000000000e+00 8.191000000000000000e+03 0.000000000000000000e+00 1.000000000000000000e+00 2.756099939346313477e+00
3.300000000000000000e+01 -3.992478549480438232e-02 0.000000000000000000e+00 -8.334786230079771485e-07 -4.000032320618629456e-02 0.000000000000000000e+00 7.000000000000000000e+00 8.191000000000000000e+03 0.000000000000000000e+00 1.000000000000000000e+00 2.756099939346313477e+00
3.320000076293945312e+01 -4.990755021572113037e-02 0.000000000000000000e+00 -8.269647082670417149e-07 -4.999735578894615173e-02 0.000000000000000000e+00 7.000000000000000000e+00 8.191000000000000000e+03 0.000000000000000000e+00 1.000000000000000000e+00 2.756099939346313477e+00
3.340000152587890625e+01 -5.989426374435424805e-02 0.000000000000000000e+00 -8.287375408144725952e-07 -5.999438837170600891e-02 0.000000000000000000e+00 7.000000000000000000e+00 8.191000000000000000e+03 0.000000000000000000e+00 1.000000000000000000e+00 2.756299972534179688e+00
3.360000228881835938e+01 -6.992886960506439209e-02 0.000000000000000000e+00 -8.324824989358603489e-07 -7.000392675399780273e-02 0.000000000000000000e+00 7.000000000000000000e+00 8.191000000000000000e+03 0.000000000000000000e+00 1.000000000000000000e+00 2.756299972534179688e+00
3.379999923706054688e+01 -7.986943423748016357e-02 0.000000000000000000e+00 -8.386151080230774824e-07 -8.000095188617706299e-02 0.000000000000000000e+00 7.000000000000000000e+00 8.191000000000000000e+03 0.000000000000000000e+00 1.000000000000000000e+00 2.756299972534179688e+00
3.400000000000000000e+01 -8.992856740951538086e-02 0.000000000000000000e+00 -8.495763950122636743e-07 -8.999799191951751709e-02 0.000000000000000000e+00 7.000000000000000000e+00 8.191000000000000000e+03 0.000000000000000000e+00 1.000000000000000000e+00 2.756299972534179688e+00
3.420000076293945312e+01 -9.983548521995544434e-02 0.000000000000000000e+00 -8.602431762483320199e-07 -9.999501705169677734e-02 0.000000000000000000e+00 7.000000000000000000e+00 8.191000000000000000e+03 0.000000000000000000e+00 1.000000000000000000e+00 2.756299972534179688e+00
3.440000152587890625e+01 -1.098210066556930542e-01 0.000000000000000000e+00 -8.812620535536552779e-07 -1.100045591592788696e-01 0.000000000000000000e+00 7.000000000000000000e+00 8.191000000000000000e+03 0.000000000000000000e+00 1.000000000000000000e+00 2.756099939346313477e+00
3.460000228881835938e+01 -1.198691129684448242e-01 0.000000000000000000e+00 -9.047965932040824555e-07 -1.200015842914581299e-01 0.000000000000000000e+00 7.000000000000000000e+00 8.191000000000000000e+03 0.000000000000000000e+00 1.000000000000000000e+00 2.756099939346313477e+00
3.479999923706054688e+01 -1.298040300607681274e-01 0.000000000000000000e+00 -9.412053714186185971e-07 -1.299986243247985840e-01 0.000000000000000000e+00 7.000000000000000000e+00 8.191000000000000000e+03 0.000000000000000000e+00 1.000000000000000000e+00 2.756099939346313477e+00
3.500000000000000000e+01 -1.398984938859939575e-01 0.000000000000000000e+00 -9.854994686975260265e-07 -1.399956643581390381e-01 0.000000000000000000e+00 7.000000000000000000e+00 8.191000000000000000e+03 0.000000000000000000e+00 1.000000000000000000e+00 2.756099939346313477e+00
3.520000076293945312e+01 -1.498602032661437988e-01 0.000000000000000000e+00 -1.058872385328868404e-06 -1.500051915645599365e-01 0.000000000000000000e+00 7.000000000000000000e+00 8.191000000000000000e+03 0.000000000000000000e+00 1.000000000000000000e+00 2.756099939346313477e+00
3.540000152587890625e+01 -1.598837822675704956e-01 0.000000000000000000e+00 -1.142919927588081919e-06 -1.600022166967391968e-01 0.000000000000000000e+00 7.000000000000000000e+00 8.191000000000000000e+03 0.000000000000000000e+00 1.000000000000000000e+00 2.756099939346313477e+00
3.560000228881835938e+01 -1.699029803276062012e-01 0.000000000000000000e+00 -1.261986426470684819e-06 -1.699992567300796509e-01 0.000000000000000000e+00 7.000000000000000000e+00 8.191000000000000000e+03 0.000000000000000000e+00 1.000000000000000000e+00 2.756099939346313477e+00
3.579999923706054688e+01 -1.798803061246871948e-01 0.000000000000000000e+00 -1.422638547410315368e-06 -1.799962967634201050e-01 0.000000000000000000e+00 7.000000000000000000e+00 8.191000000000000000e+03 0.000000000000000000e+00 1.000000000000000000e+00 2.756099939346313477e+00
3.600000000000000000e+01 -1.898896247148513794e-01 0.000000000000000000e+00 -1.629056896490510553e-06 -1.900058239698410034e-01 0.000000000000000000e+00 7.000000000000000000e+00 8.191000000000000000e+03 0.000000000000000000e+00 1.000000000000000000e+00 2.756099939346313477e+00
3.620000076293945312e+01 -1.999082565307617188e-01 0.000000000000000000e+00 -1.899299377328134142e-06 -2.000028640031814575e-01 0.000000000000000000e+00 7.000000000000000000e+00 8.191000000000000000e+03 0.000000000000000000e+00 1.000000000000000000e+00 2.756099939346313477e+00
3.640000152587890625e+01 -1.898917704820632935e-01 0.000000000000000000e+00 -1.381610445605474524e-06 -1.900058239698410034e-01 0.000000000000000000e+00 7.000000000000000000e+00 8.191000000000000000e+03 0.000000000000000000e+00 2.000000000000000000e+00 2.756099939346313477e+00
3.660000228881835938e+01 -1.798907071352005005e-01 0.000000000000000000e+00 -1.039573476191435475e-06 -1.799962967634201050e-01 0.000000000000000000e+00 7.000000000000000000e+00 8.191000000000000000e+03 0.000000000000000000e+00 2.000000000000000000e+00 2.756099939346313477e+00
3.679999923706054688e+01 -1.698875278234481812e-01 0.000000000000000000e+00 -7.826178602954314556e-07 -1.699992567300796509e-01 0.000000000000000000e+00 7.000000000000000000e+00 8.191000000000000000e+03 0.000000000000000000e+00 2.000000000000000000e+00 2.756099939346313477e+00
3.700000000000000000e+01 -1.599088907241821289e-01 0.000000000000000000e+00 -5.914052962907589972e-07 -1.600022166967391968e-01 0.000000000000000000e+00 6.000000000000000000e+00 8.191000000000000000e+03 0.000000000000000000e+00 2.000000000000000000e+00 2.756099939346313477e+00
3.720000076293945312e+01 -1.499419510364532471e-01 0.000000000000000000e+00 -4.449076698165299604e-07 -1.500051915645599365e-01 0.000000000000000000e+00 6.000000000000000000e+00 8.191000000000000000e+03 0.000000000000000000e+00 2.000000000000000000e+00 2.756099939346313477e+00
3.740000152587890625e+01 -1.399265825748443604e-01 0.000000000000000000e+00 -3.312394767363002757e-07 -1.399956643581390381e-01 0.000000000000000000e+00 6.000000000000000000e+00 8.191000000000000000e+03 0.000000000000000000e+00 2.000000000000000000e+00 2.756099939346313477e+00
3.760000228881835938e+01 -1.298152357339859009e-01 0.000000000000000000e+00 -2.421290048459923128e-07 -1.299986243247985840e-01 0.000000000000000000e+00 6.000000000000000000e+00 8.191000000000000000e+03 0.000000000000000000e+00 2.000000000000000000e+00 2.756099939346313477e+00
3.779999923706054688e+01 -1.199216470122337341e-01 0.000000000000000000e+00 -1.702073859632946551e-07 -1.200015842914581299e-01 0.000000000000000000e+00 6.000000000000000000e+00 8.191000000000000000e+03 0.000000000000000000e+00 2.000000000000000000e+00 2.756099939346313477e+00
3.800000000000000000e+01 -1.098939403891563416e-01 0.000000000000000000e+00 -1.127891664509661496e-07 -1.100045591592788696e-01 0.000000000000000000e+00 6.000000000000000000e+00 8.191000000000000000e+03 0.000000000000000000e+00 2.000000000000000000e+00 2.756099939346313477e+00
3.820000076293945312e+01 -9.992922097444534302e-02 0.000000000000000000e+00 -6.397596763463297975e-08 -9.999501705169677734e-02 0.000000000000000000e+00 6.000000000000000000e+00 8.191000000000000000e+03 0.000000000000000000e+00 2.000000000000000000e+00 2.756099939346313477e+00
3.840000152587890625e+01 -8.989031612873077393e-02 0.000000000000000000e+00 -3.084295485678012483e-08 -8.999799191951751709e-02 0.000000000000000000e+00 5.000000000000000000e+00 8.191000000000000000e+03 0.000000000000000000e+00 2.000000000000000000e+00 2.756099939346313477e+00
3.860000228881835938e+01 -7.987418770790100098e-02 0.000000000000000000e+00 7.049372641176887555e-09 -8.000095188617706299e-02 0.000000000000000000e+00 5.000000000000000000e+00 8.191000000000000000e+03 0.000000000000000000e+00 2.000000000000000000e+00 2.756099939346313477e+00
3.879999923706054688e+01 -6.999796628952026367e-02 0.000000000000000000e+00 1.093948842623149176e-08 -7.000392675399780273e-02 0.000000000000000000e+00 4.000000000000000000e+00 6.908000000000000000e+03 0.000000000000000000e+00 2.000000000000000000e+00 2.756099939346313477e+00
3.900000000000000000e+01 -5.982841551303863525e-02 0.000000000000000000e+00 1.093948842623149176e-08 -5.999438837170600891e-02 0.000000000000000000e+00 4.000000000000000000e+00 6.908000000000000000e+03 0.000000000000000000e+00 2.000000000000000000e+00 2.756099939346313477e+00
3.920000076293945312e+01 -4.991983994841575623e-02 0.000000000000000000e+00 1.093948842623149176e-08 -4.999735578894615173e-02 0.000000000000000000e+00 4.000000000000000000e+00 7.164000000000000000e+03 0.000000000000000000e+00 2.000000000000000000e+00 2.756099939346313477e+00
3.940000152587890625e+01 -3.987260162830352783e-02 0.000000000000000000e+00 1.091851729029258422e-07 -4.000032320618629456e-02 0.000000000000000000e+00 5.000000000000000000e+00 7.164000000000000000e+03 0.000000000000000000e+00 2.000000000000000000e+00 2.756000041961669922e+00
3.960000228881835938e+01 -2.992967702448368073e-02 0.000000000000000000e+00 1.637958888522916823e-07 -3.000328317284584045e-02 0.000000000000000000e+00 6.000000000000000000e+00 8.191000000000000000e+03 0.000000000000000000e+00 2.000000000000000000e+00 2.756000041961669922e+00
3.979999923706054688e+01 -1.985464990139007568e-02 0.000000000000000000e+00 1.954540209680999396e-07 -1.999375596642494202e-02 0.000000000000000000e+00 6.000000000000000000e+00 8.191000000000000000e+03 0.000000000000000000e+00 2.000000000000000000e+00 2.756000041961669922e+00
4.000000000000000000e+01 -9.848267771303653717e-03 0.000000000000000000e+00 2.291570524448616197e-07 -9.996719658374786377e-03 0.000000000000000000e+00 6.000000000000000000e+00 8.191000000000000000e+03 0.000000000000000000e+00 2.000000000000000000e+00 2.756000041961669922e+00
4.020000076293945312e+01 1.118151412811130285e-04 0.000000000000000000e+00 2.676540873380872654e-07 3.129243850708007812e-07 0.000000000000000000e+00 6.000000000000000000e+00 8.191000000000000000e+03 0.000000000000000000e+00 2.000000000000000000e+00 2.756000041961669922e+00
4.040000152587890625e+01 1.017032191157341003e-02 0.000000000000000000e+00 3.126633316696825204e-07 9.997349232435226440e-03 0.000000000000000000e+00 6.000000000000000000e+00 8.191000000000000000e+03 0.000000000000000000e+00 2.000000000000000000e+00 2.755699872970581055e+00
4.060000228881835938e+01 2.016905695199966431e-02 0.000000000000000000e+00 3.641494288331159623e-07 1.999438367784023285e-02 0.000000000000000000e+00 6.000000000000000000e+00 6.143000000000000000e+03 0.000000000000000000e+00 2.000000000000000000e+00 2.755699872970581055e+00
4.079999923706054688e+01 3.022230044007301331e-02 0.000000000000000000e+00 4.263076505139906658e-07 3.000391460955142975e-02 0.000000000000000000e+00 6.000000000000000000e+00 8.191000000000000000e+03 0.000000000000000000e+00 2.000000000000000000e+00 2.755699872970581055e+00
4.100000000000000000e+01 4.013964533805847168e-02 0.000000000000000000e+00 4.993659672436479013e-07 4.000094905495643616e-02 0.000000000000000000e+00 6.000000000000000000e+00 8.191000000000000000e+03 0.000000000000000000e+00 2.000000000000000000e+00 2.755699872970581055e+00
4.120000076293945312e+01 5.017488822340965271e-02 0.000000000000000000e+00 5.855396238985122181e-07 4.999798536300659180e-02 0.000000000000000000e+00 6.000000000000000000e+00 8.191000000000000000e+03 0.000000000000000000e+00 2.000000000000000000e+00 2.755699872970581055e+00
4.140000152587890625e+01 6.015659868717193604e-02 0.000000000000000000e+00 6.825854939052078407e-07 5.999501794576644897e-02 0.000000000000000000e+00 6.000000000000000000e+00 8.191000000000000000e+03 0.000000000000000000e+00 2.000000000000000000e+00 2.756199836730957031e+00
4.160000228881835938e+01 7.011250406503677368e-02 0.000000000000000000e+00 7.867755016377486754e-07 7.000455260276794434e-02 0.000000000000000000e+00 6.000000000000000000e+00 8.191000000000000000e+03 0.000000000000000000e+00 2.000000000000000000e+00 2.756199836730957031e+00
4.179999923706054688e+01 8.016219735145568848e-02 0.000000000000000000e+00 8.920860068428737577e-07 8.000158518552780151e-02 0.000000000000000000e+00 6.000000000000000000e+00 8.191000000000000000e+03 0.000000000000000000e+00 2.000000000000000000e+00 2.756199836730957031e+00
4.200000000000000000e+01 9.016046673059463501e-02 0.000000000000000000e+00 9.880353672997443937e-07 8.999861776828765869e-02 0.000000000000000000e+00 7.000000000000000000e+00 8.191000000000000000e+03 0.000000000000000000e+00 2.000000000000000000e+00 2.756199836730957031e+00
4.220000076293945312e+01 1.000736951828002930e-01 0.000000000000000000e+00 1.079891490007867105e-06 9.999565780162811279e-02 0.000000000000000000e+00 7.000000000000000000e+00 8.191000000000000000e+03 0.000000000000000000e+00 2.000000000000000000e+00 2.756199836730957031e+00
4.240000152587890625e+01 1.101071387529373169e-01 0.000000000000000000e+00 1.146811200669617392e-06 1.100051850080490112e-01 0.000000000000000000e+00 7.000000000000000000e+00 8.191000000000000000e+03 0.000000000000000000e+00 2.000000000000000000e+00 2.755899906158447266e+00
4.260000228881835938e+01 1.201112046837806702e-01 0.000000000000000000e+00 1.202698740598862059e-06 1.200022250413894653e-01 0.000000000000000000e+00 7.000000000000000000e+00 8.191000000000000000e+03 0.000000000000000000e+00 2.000000000000000000e+00 2.755899906158447266e+00
4.279999923706054688e+01 1.301481723785400391e-01 0.000000000000000000e+00 1.248848207069386262e-06 1.299992501735687256e-01 0.000000000000000000e+00 7.000000000000000000e+00 8.191000000000000000e+03 0.000000000000000000e+00 2.000000000000000000e+00 2.755899906158447266e+00
4.300000000000000000e+01 1.401892453432083130e-01 0.000000000000000000e+00 1.290648015128681436e-06 1.399962902069091797e-01 0.000000000000000000e+00 7.000000000000000000e+00 8.191000000000000000e+03 0.000000000000000000e+00 2.000000000000000000e+00 2.755899906158447266e+00
4.320000076293945312e+01 1.501748710870742798e-01 0.000000000000000000e+00 1.326861024608660955e-06 1.500058174133300781e-01 0.000000000000000000e+00 7.000000000000000000e+00 8.191000000000000000e+03 0.000000000000000000e+00 2.000000000000000000e+00 2.755899906158447266e+00
4.340000152587890625e+01 1.601610779762268066e-01 0.000000000000000000e+00 1.373959435113647487e-06 1.600028574466705322e-01 0.000000000000000000e+00 7.000000000000000000e+00 8.191000000000000000e+03 0.000000000000000000e+00 2.000000000000000000e+00 2.756000041961669922e+00
4.360000228881835938e+01 1.702030599117279053e-01 0.000000000000000000e+00 1.420903913640358951e-06 1.699998974800109863e-01 0.000000000000000000e+00 7.000000000000000000e+00 8.191000000000000000e+03 0.000000000000000000e+00 2.000000000000000000e+00 2.756000041961669922e+00
4.379999923706054688e+01 1.801142990589141846e-01 0.000000000000000000e+00 1.472085727982630488e-06 1.799969226121902466e-01 0.000000000000000000e+00 7.000000000000000000e+00 8.191000000000000000e+03 0.000000000000000000e+00 2.000000000000000000e+00 2.756000041961669922e+00
4.400000000000000000e+01 1.901570856571197510e-01 0.000000000000000000e+00 1.535757064630161040e-06 1.899939626455307007e-01 0.000000000000000000e+00 7.000000000000000000e+00 8.191000000000000000e+03 0.000000000000000000e+00 2.000000000000000000e+00 2.756000041961669922e+00
4.420000076293945312e+01 2.001936286687850952e-01 0.000000000000000000e+00 1.603356508894648869e-06 2.000034898519515991e-01 0.000000000000000000e+00 7.000000000000000000e+00 8.191000000000000000e+03 0.000000000000000000e+00 2.000000000000000000e+00 2.756000041961669922e+00
4.440000152587890625e+01 2.101237177848815918e-01 0.000000000000000000e+00 1.680766899880836718e-06 2.100005298852920532e-01 0.000000000000000000e+00 7.000000000000000000e+00 8.191000000000000000e+03 0.000000000000000000e+00 2.000000000000000000e+00 2.756099939346313477e+00
4.460000228881835938e+01 2.201542407274246216e-01 0.000000000000000000e+00 1.768878064467571676e-06 2.199975699186325073e-01 0.000000000000000000e+00 7.000000000000000000e+00 8.191000000000000000e+03 0.000000000000000000e+00 2.000000000000000000e+00 2.756099939346313477e+00
4.479999923706054688e+01 2.302055060863494873e-01 0.000000000000000000e+00 1.858135078691702802e-06 2.299945950508117676e-01 0.000000000000000000e+00 7.000000000000000000e+00 8.191000000000000000e+03 0.000000000000000000e+00 2.000000000000000000e+00 2.756099939346313477e+00
4.500000000000000000e+01 2.402042448520660400e-01 0.000000000000000000e+00 1.947571945493109524e-06 2.400041371583938599e-01 0.000000000000000000e+00 7.000000000000000000e+00 8.191000000000000000e+03 0.000000000000000000e+00 2.000000000000000000e+00 2.756099939346313477e+00
4.520000076293945312e+01 2.501537799835205078e-01 0.000000000000000000e+00 2.039365199379972182e-06 2.500011622905731201e-01 0.000000000000000000e+00 7.000000000000000000e+00 8.191000000000000000e+03 0.000000000000000000e+00 2.000000000000000000e+00 2.756099939346313477e+00
4.540000152587890625e+01 2.601699531078338623e-01 0.000000000000000000e+00 2.134445594492717646e-06 2.599982023239135742e-01 0.000000000000000000e+00 7.000000000000000000e+00 8.191000000000000000e+03 0.000000000000000000e+00 2.000000000000000000e+00 2.756099939346313477e+00
4.560000228881835938e+01 2.700815498828887939e-01 0.000000000000000000e+00 2.225998741778312251e-06 2.699952423572540283e-01 0.000000000000000000e+00 7.000000000000000000e+00 8.191000000000000000e+03 0.000000000000000000e+00 2.000000000000000000e+00 2.756099939346313477e+00
4.579999923706054688e+01 2.801976799964904785e-01 0.000000000000000000e+00 2.313737695658346638e-06 2.800047695636749268e-01 0.000000000000000000e+00 7.000000000000000000e+00 8.191000000000000000e+03 0.000000000000000000e+00 2.000000000000000000e+00 2.756099939346313477e+00
4.600000000000000000e+01 2.901482582092285156e-01 0.000000000000000000e+00 2.406392241027788259e-06 2.900017797946929932e-01 0.000000000000000000e+00 7.000000000000000000e+00 8.191000000000000000e+03 0.000000000000000000e+00 2.000000000000000000e+00 2.756099939346313477e+00
4.620000076293945312e+01 3.002068996429443359e-01 0.000000000000000000e+00 2.491053010089672171e-06 2.999988198280334473e-01 0.000000000000000000e+00 7.000000000000000000e+00 8.191000000000000000e+03 0.000000000000000000e+00 2.000000000000000000e+00 2.756099939346313477e+00
4.640000152587890625e+01 2.901947200298309326e-01 0.000000000000000000e+00 1.461720103179686703e-06 2.900017797946929932e-01 0.000000000000000000e+00 7.000000000000000000e+00 8.191000000000000000e+03 0.000000000000000000e+00 2.000000000000000000e+00 2.756099939346313477e+00
4.660000228881835938e+01 2.801408767700195312e-01 0.000000000000000000e+00 9.860683576334849931e-07 2.800047695636749268e-01 0.000000000000000000e+00 7.000000000000000000e+00 8.191000000000000000e+03 0.000000000000000000e+00 2.000000000000000000e+00 2.756099939346313477e+00
4.679999923706054688e+01 2.701618969440460205e-01 0.000000000000000000e+00 6.945040809114289004e-07 2.699952423572540283e-01 0.000000000000000000e+00 7.000000000000000000e+00 8.191000000000000000e+03 0.000000000000000000e+00 2.000000000000000000e+00 2.756099939346313477e+00
4.700000000000000000e+01 2.600943446159362793e-01 0.000000000000000000e+00 4.955210215484839864e-07 2.599982023239135742e-01 0.000000000000000000e+00 6.000000000000000000e+00 8.191000000000000000e+03 0.000000000000000000e+00 2.000000000000000000e+00 2.756099939346313477e+00
4.720000076293945312e+01 2.501339018344879150e-01 0.000000000000000000e+00 3.515539788168098312e-07 2.500011622905731201e-01 0.000000000000000000e+00 6.000000000000000000e+00 8.191000000000000000e+03 0.000000000000000000e+00 2.000000000000000000e+00 2.756099939346313477e+00
4.740000152587890625e+01 2.401238679885864258e-01 0.000000000000000000e+00 2.406411852007295238e-07 2.400041371583938599e-01 0.000000000000000000e+00 6.000000000000000000e+00 8.191000000000000000e+03 0.000000000000000000e+00 2.000000000000000000e+00 2.755899906158447266e+00
4.760000228881835938e+01 2.301663756370544434e-01 0.000000000000000000e+00 1.525612844943680102e-07 2.299945950508117676e-01 0.000000000000000000e+00 6.000000000000000000e+00 8.191000000000000000e+03 0.000000000000000000e+00 2.000000000000000000e+00 2.755899906158447266e+00
4.779999923706054688e+01 2.201640903949737549e-01 0.000000000000000000e+00 8.309334731393391849e-08 2.199975699186325073e-01 0.000000000000000000e+00 6.000000000000000000e+00 8.191000000000000000e+03 0.000000000000000000e+00 2.000000000000000000e+00 2.755899906158447266e+00
4.800000000000000000e+01 2.102151662111282349e-01 0.000000000000000000e+00 2.150126832134446886e-08 2.100005298852920532e-01 0.000000000000000000e+00 6.000000000000000000e+00 8.191000000000000000e+03 0.000000000000000000e+00 2.000000000000000000e+00 2.755899906158447266e+00
4.820000076293945312e+01 2.000322788953781128e-01 0.000000000000000000e+00 -5.961524163211606719e-09 2.000034898519515991e-01 0.000000000000000000e+00 5.000000000000000000e+00 8.191000000000000000e+03 0.000000000000000000e+00 2.000000000000000000e+00 2.755899906158447266e+00
4.840000152587890625e+01 1.901987046003341675e-01 0.000000000000000000e+00 -1.094613644170294720e-08 1.899939626455307007e-01 0.000000000000000000e+00 4.000000000000000000e+00 6.908000000000000000e+03 0.000000000000000000e+00 2.000000000000000000e+00 2.755800008773803711e+00
4.860000228881835938e+01 1.801478266716003418e-01 0.000000000000000000e+00 -1.094613644170294720e-08 1.799969226121902466e-01 0.000000000000000000e+00 4.000000000000000000e+00 6.908000000000000000e+03 0.000000000000000000e+00 2.000000000000000000e+00 2.755800008773803711e+00
4.879999923706054688e+01 1.701333969831466675e-01 0.000000000000000000e+00 -1.094613644170294720e-08 1.699998974800109863e-01 0.000000000000000000e+00 4.000000000000000000e+00 7.164000000000000000e+03 0.000000000000000000e+00 2.000000000000000000e+00 2.755800008773803711e+00
4.900000000000000000e+01 1.602605283260345459e-01 0.000000000000000000e+00 -1.092515233835911204e-07 1.600028574466705322e-01 0.000000000000000000e+00 5.000000000000000000e+00 7.164000000000000000e+03 0.000000000000000000e+00 2.000000000000000000e+00 2.755800008773803711e+00
4.920000076293945312e+01 1.501800417900085449e-01 0.000000000000000000e+00 -2.816276492012548260e-07 1.500058174133300781e-01 0.000000000000000000e+00 6.000000000000000000e+00 8.191000000000000000e+03 0.000000000000000000e+00 2.000000000000000000e+00 2.755800008773803711e+00
4.940000152587890625e+01 1.401838064193725586e-01 0.000000000000000000e+00 -3.385867159977351548e-07 1.399962902069091797e-01 0.000000000000000000e+00 6.000000000000000000e+00 8.191000000000000000e+03 0.000000000000000000e+00 2.000000000000000000e+00 2.755899906158447266e+00
4.960000228881835938e+01 1.301595717668533325e-01 0.000000000000000000e+00 -4.016746970592066646e-07 1.299992501735687256e-01 0.000000000000000000e+00 6.000000000000000000e+00 8.191000000000000000e+03 0.000000000000000000e+00 2.000000000000000000e+00 2.755899906158447266e+00
4.979999923706054688e+01 1.202007234096527100e-01 0.000000000000000000e+00 -4.722219273389782757e-07 1.200022250413894653e-01 0.000000000000000000e+00 6.000000000000000000e+00 8.191000000000000000e+03 0.000000000000000000e+00 2.000000000000000000e+00 2.755899906158447266e+00
5.000000000000000000e+01 1.101868972182273865e-01 0.000000000000000000e+00 -5.518857619790651370e-07 1.100051850080490112e-01 0.000000000000000000e+00 6.000000000000000000e+00 8.191000000000000000e+03 0.000000000000000000e+00 2.000000000000000000e+00 2.755899906158447266e+00
5.020000076293945312e+01 1.002094522118568420e-01 0.000000000000000000e+00 -6.372645771079987753e-07 9.999565780162811279e-02 0.000000000000000000e+00 6.000000000000000000e+00 8.191000000000000000e+03 0.000000000000000000e+00 2.000000000000000000e+00 2.755899906158447266e+00
5.040000152587890625e+01 9.019309282302856445e-02 0.000000000000000000e+00 -7.226293519124737941e-07 8.999861776828765869e-02 0.000000000000000000e+00 6.000000000000000000e+00 8.191000000000000000e+03 0.000000000000000000e+00 2.000000000000000000e+00 2.755899906158447266e+00
5.060000228881835938e+01 8.011213690042495728e-02 0.000000000000000000e+00 -8.038326768655679189e-07 8.000158518552780151e-02 0.000000000000000000e+00 6.000000000000000000e+00 8.191000000000000000e+03 0.000000000000000000e+00 2.000000000000000000e+00 2.755899906158447266e+00
5.079999923706054688e+01 7.017377018928527832e-02 0.000000000000000000e+00 -8.706932703717029653e-07 7.000455260276794434e-02 0.000000000000000000e+00 6.000000000000000000e+00 8.191000000000000000e+03 0.000000000000000000e+00 2.000000000000000000e+00 2.755899906158447266e+00
5.100000000000000000e+01 6.011646240949630737e-02 0.000000000000000000e+00 -9.182128906104480848e-07 5.999501794576644897e-02 0.000000000000000000e+00 6.000000000000000000e+00 8.191000000000000000e+03 0.000000000000000000e+00 2.000000000000000000e+00 2.755899906158447266e+00
5.120000076293945312e+01 5.014577507972717285e-02 0.000000000000000000e+00 -9.436151344743848313e-07 4.999798536300659180e-02 0.000000000000000000e+00 7.000000000000000000e+00 8.191000000000000000e+03 0.000000000000000000e+00 2.000000000000000000e+00 2.755899906158447266e+00
5.140000152587890625e+01 4.007727280259132385e-02 0.000000000000000000e+00 -9.511590519650781062e-07 4.000094905495643616e-02 0.000000000000000000e+00 7.000000000000000000e+00 8.191000000000000000e+03 0.000000000000000000e+00 2.000000000000000000e+00 2.755399942398071289e+00
5.160000228881835938e+01 3.012212365865707397e-02 0.000000000000000000e+00 -9.472050237491203006e-07 3.000391460955142975e-02 0.000000000000000000e+00 7.000000000000000000e+00 8.191000000000000000e+03 0.000000000000000000e+00 2.000000000000000000e+00 2.755399942398071289e+00
5.179999923706054688e+01 2.019708417356014252e-02 0.000000000000000000e+00 -9.323806011707347352e-07 1.999438367784023285e-02 0.000000000000000000e+00 7.000000000000000000e+00 8.191000000000000000e+03 0.000000000000000000e+00 2.000000000000000000e+00 2.755399942398071289e+00
5.200000000000000000e+01 1.016363967210054398e-02 0.000000000000000000e+00 -9.123391464527230710e-07 9.997349232435226440e-03 0.000000000000000000e+00 7.000000000000000000e+00 8.191000000000000000e+03 0.000000000000000000e+00 2.000000000000000000e+00 2.755399942398071289e+00
5.220000076293945312e+01 1.058397465385496616e-04 0.000000000000000000e+00 -8.973974559012276586e-07 3.129243850708007812e-07 0.000000000000000000e+00 7.000000000000000000e+00 8.191000000000000000e+03 0.000000000000000000e+00 2.000000000000000000e+00 2.755399942398071289e+00
5.240000152587890625e+01 -9.854173287749290466e-03 0.000000000000000000e+00 -8.789530170361103956e-07 -9.996719658374786377e-03 0.000000000000000000e+00 7.000000000000000000e+00 8.191000000000000000e+03 0.000000000000000000e+00 2.000000000000000000e+00 2.755899906158447266e+00
5.260000228881835938e+01 -1.989011093974113464e-02 0.000000000000000000e+00 -8.671587465869379230e-07 -1.999375596642494202e-02 0.000000000000000000e+00 7.000000000000000000e+00 6.143000000000000000e+03 0.000000000000000000e+00 2.000000000000000000e+00 2.755899906158447266e+00
5.279999923706054688e+01 -2.986483462154865265e-02 0.000000000000000000e+00 -8.584094643993012141e-07 -3.000328317284584045e-02 0.000000000000000000e+00 7.000000000000000000e+00 8.191000000000000000e+03 0.000000000000000000e+00 2.000000000000000000e+00 2.755899906158447266e+00
5.300000000000000000e+01 -3.986319154500961304e-02 0.000000000000000000e+00 -8.474593755636306014e-07 -4.000032320618629456e-02 0.000000000000000000e+00 7.000000000000000000e+00 8.191000000000000000e+03 0.000000000000000000e+00 2.000000000000000000e+00 2.755899906158447266e+00
5.320000076293945312e+01 -4.984554275870323181e-02 0.000000000000000000e+00 -8.418929837716859765e-07 -4.999735578894615173e-02 0.000000000000000000e+00 7.000000000000000000e+00 8.191000000000000000e+03 0.000000000000000000e+00 2.000000000000000000e+00 2.755899906158447266e+00
5.340000152587890625e+01 -5.988796427845954895e-02 0.000000000000000000e+00 -8.445416597169241868e-07 -5.999438837170600891e-02 0.000000000000000000e+00 7.000000000000000000e+00 8.191000000000000000e+03 0.000000000000000000e+00 2.000000000000000000e+00 2.756099939346313477e+00
5.360000228881835938e+01 -6.994690746068954468e-02 0.000000000000000000e+00 -8.478504014419740997e-07 -7.000392675399780273e-02 0.000000000000000000e+00 7.000000000000000000e+00 8.191000000000000000e+03 0.000000000000000000e+00 2.000000000000000000e+00 2.756099939346313477e+00
5.379999923706054688e+01 -7.988756150007247925e-02 0.000000000000000000e+00 -8.506879680680867750e-07 -8.000095188617706299e-02 0.000000000000000000e+00 7.000000000000000000e+00 8.191000000000000000e+03 0.000000000000000000e+00 2.000000000000000000e+00 2.756099939346313477e+00
5.400000000000000000e+01 -8.987939357757568359e-02 0.000000000000000000e+00 -8.571705052418110427e-07 -8.999799191951751709e-02 0.000000000000000000e+00 7.000000000000000000e+00 8.191000000000000000e+03 0.000000000000000000e+00 2.000000000000000000e+00 2.756099939346313477e+00
5.420000076293945312e+01 -9.985888749361038208e-02 0.000000000000000000e+00 -8.743343187234131619e-07 -9.999501705169677734e-02 0.000000000000000000e+00 7.000000000000000000e+00 8.191000000000000000e+03 0.000000000000000000e+00 2.000000000000000000e+00 2.756099939346313477e+00
5.440000152587890625e+01 -1.099425256252288818e-01 0.000000000000000000e+00 -8.904630135475599673e-07 -1.100045591592788696e-01 0.000000000000000000e+00 7.000000000000000000e+00 8.191000000000000000e+03 0.000000000000000000e+00 2.000000000000000000e+00 2.755899906158447266e+00
5.460000228881835938e+01 -1.198737174272537231e-01 0.000000000000000000e+00 -9.156095188700419385e-07 -1.200015842914581299e-01 0.000000000000000000e+00 7.000000000000000000e+00 8.191000000000000000e+03 0.000000000000000000e+00 2.000000000000000000e+00 2.755899906158447266e+00
5.479999923706054688e+01 -1.298883706331253052e-01 0.000000000000000000e+00 -9.481272513767180499e-07 -1.299986243247985840e-01 0.000000000000000000e+00 7.000000000000000000e+00 8.191000000000000000e+03 0.000000000000000000e+00 2.000000000000000000e+00 2.755899906158447266e+00
5.500000000000000000e+01 -1.398696899414062500e-01 0.000000000000000000e+00 -9.978625712392386049e-07 -1.399956643581390381e-01 0.000000000000000000e+00 7.000000000000000000e+00 8.191000000000000000e+03 0.000000000000000000e+00 2.000000000000000000e+00 2.755899906158447266e+00
5.520000076293945312e+01 -1.499017328023910522e-01 0.000000000000000000e+00 -1.062408387042523827e-06 -1.500051915645599365e-01 0.000000000000000000e+00 7.000000000000000000e+00 8.191000000000000000e+03 0.000000000000000000e+00 2.000000000000000000e+00 2.755899906158447266e+00
5.540000152587890625e+01 -1.599278748035430908e-01 0.000000000000000000e+00 -1.150873572441923898e-06 -1.600022166967391968e-01 0.000000000000000000e+00 7.000000000000000000e+00 8.191000000000000000e+03 0.000000000000000000e+00 2.000000000000000000e+00 2.755899906158447266e+00
5.560000228881835938e+01 -1.698596626520156860e-01 0.000000000000000000e+00 -1.273333737117354758e-06 -1.699992567300796509e-01 0.000000000000000000e+00 7.000000000000000000e+00 8.191000000000000000e+03 0.000000000000000000e+00 2.000000000000000000e+00 2.755899906158447266e+00
5.579999923706054688e+01 -1.798602193593978882e-01 0.000000000000000000e+00 -1.429410531272878870e-06 -1.799962967634201050e-01 0.000000000000000000e+00 7.000000000000000000e+00 8.191000000000000000e+03 0.000000000000000000e+00 2.000000000000000000e+00 2.755899906158447266e+00
5.600000000000000000e+01 -1.898801922798156738e-01 0.000000000000000000e+00 -1.647478370614408050e-06 -1.900058239698410034e-01 0.000000000000000000e+00 7.000000000000000000e+00 8.191000000000000000e+03 0.000000000000000000e+00 2.000000000000000000e+00 2.755899906158447266e+00
5.620000076293945312e+01 -1.999379545450210571e-01 0.000000000000000000e+00 -1.915211669256677851e-06 -2.000028640031814575e-01 0.000000000000000000e+00 7.000000000000000000e+00 8.191000000000000000e+03 0.000000000000000000e+00 2.000000000000000000e+00 2.755899906158447266e+00
5.640000152587890625e+01 -1.998076140880584717e-01 0.000000000000000000e+00 -1.789646830729907379e-06 -2.000028640031814575e-01 0.000000000000000000e+00 7.000000000000000000e+00 8.191000000000000000e+03 0.000000000000000000e+00 3.000000000000000000e+00 2.755899906158447266e+00
