5.000000000000000000e-01 -5.999463796615600586e-02 -5.999463796615600586e-02 0.000000000000000000e+00 0.000000000000000000e+00 8.191000000000000000e+03 0.000000000000000000e+00 2.757200002670288086e+00
1.000000000000000000e+00 -5.989231914281845093e-02 -5.463894456624984741e-02 0.000000000000000000e+00 0.000000000000000000e+00 8.191000000000000000e+03 0.000000000000000000e+00 2.757200002670288086e+00
1.500000000000000000e+00 -5.927272886037826538e-02 -5.001630261540412903e-02 0.000000000000000000e+00 0.000000000000000000e+00 8.191000000000000000e+03 0.000000000000000000e+00 2.756999969482421875e+00
2.000000000000000000e+00 -5.756589770317077637e-02 -4.647603631019592285e-02 0.000000000000000000e+00 0.000000000000000000e+00 8.191000000000000000e+03 0.000000000000000000e+00 2.756999969482421875e+00
2.500000000000000000e+00 -5.465322732925415039e-02 -4.363285377621650696e-02 0.000000000000000000e+00 0.000000000000000000e+00 8.191000000000000000e+03 0.000000000000000000e+00 2.757200002670288086e+00
3.000000000000000000e+00 -5.106730759143829346e-02 -4.144866019487380981e-02 0.000000000000000000e+00 0.000000000000000000e+00 8.191000000000000000e+03 0.000000000000000000e+00 2.757200002670288086e+00
3.500000000000000000e+00 -4.751580208539962769e-02 -3.945682197809219360e-02 0.000000000000000000e+00 0.000000000000000000e+00 8.191000000000000000e+03 0.000000000000000000e+00 2.757200002670288086e+00
4.000000000000000000e+00 -4.442733526229858398e-02 -3.787691146135330200e-02 0.000000000000000000e+00 0.000000000000000000e+00 8.191000000000000000e+03 0.000000000000000000e+00 2.757200002670288086e+00
4.500000000000000000e+00 -4.189593344926834106e-02 -3.645711392164230347e-02 0.000000000000000000e+00 0.000000000000000000e+00 8.191000000000000000e+03 0.000000000000000000e+00 2.757200002670288086e+00
5.000000000000000000e+00 -3.983760997653007507e-02 -3.522982075810432434e-02 0.000000000000000000e+00 0.000000000000000000e+00 8.191000000000000000e+03 0.000000000000000000e+00 2.757200002670288086e+00
5.500000000000000000e+00 -3.813419491052627563e-02 -3.427336364984512329e-02 0.000000000000000000e+00 0.000000000000000000e+00 8.191000000000000000e+03 0.000000000000000000e+00 2.757200002670288086e+00
6.000000000000000000e+00 -3.669640421867370605e-02 -3.331912681460380554e-02 0.000000000000000000e+00 0.000000000000000000e+00 8.191000000000000000e+03 0.000000000000000000e+00 2.757200002670288086e+00
6.500000000000000000e+00 -3.546885401010513306e-02 -3.261640295386314392e-02 0.000000000000000000e+00 0.000000000000000000e+00 8.191000000000000000e+03 0.000000000000000000e+00 2.757200002670288086e+00
7.000000000000000000e+00 -3.441703319549560547e-02 -3.203029185533523560e-02 0.000000000000000000e+00 0.000000000000000000e+00 8.191000000000000000e+03 0.000000000000000000e+00 2.757200002670288086e+00
7.500000000000000000e+00 -3.351816907525062561e-02 -3.136162832379341125e-02 0.000000000000000000e+00 0.000000000000000000e+00 8.191000000000000000e+03 0.000000000000000000e+00 2.757099866867065430e+00
8.000000000000000000e+00 -3.274714946746826172e-02 -3.082506544888019562e-02 0.000000000000000000e+00 0.000000000000000000e+00 8.191000000000000000e+03 0.000000000000000000e+00 2.757099866867065430e+00
8.500000000000000000e+00 -3.207154572010040283e-02 -3.039597161114215851e-02 0.000000000000000000e+00 0.000000000000000000e+00 8.191000000000000000e+03 0.000000000000000000e+00 2.757099866867065430e+00
9.000000000000000000e+00 -3.147007897496223450e-02 -3.003759309649467468e-02 0.000000000000000000e+00 0.000000000000000000e+00 8.191000000000000000e+03 0.000000000000000000e+00 2.757099866867065430e+00
9.500000000000000000e+00 -3.093998506665229797e-02 -2.966809645295143127e-02 0.000000000000000000e+00 0.000000000000000000e+00 8.191000000000000000e+03 0.000000000000000000e+00 2.757200002670288086e+00
1.000000000000000000e+01 -3.047966770827770233e-02 -2.935132198035717010e-02 0.000000000000000000e+00 0.000000000000000000e+00 8.191000000000000000e+03 0.000000000000000000e+00 2.757200002670288086e+00
1.050000000000000000e+01 -3.007644042372703552e-02 -2.899622172117233276e-02 0.000000000000000000e+00 0.000000000000000000e+00 8.191000000000000000e+03 0.000000000000000000e+00 2.757200002670288086e+00
1.100000000000000000e+01 -2.971578761935234070e-02 -2.892696112394332886e-02 0.000000000000000000e+00 0.000000000000000000e+00 8.191000000000000000e+03 0.000000000000000000e+00 2.757200002670288086e+00
1.150000000000000000e+01 -2.939750067889690399e-02 -2.869159169495105743e-02 0.000000000000000000e+00 0.000000000000000000e+00 8.191000000000000000e+03 0.000000000000000000e+00 2.757099866867065430e+00
1.200000000000000000e+01 -2.912854030728340149e-02 -2.845074422657489777e-02 0.000000000000000000e+00 0.000000000000000000e+00 8.191000000000000000e+03 0.000000000000000000e+00 2.757099866867065430e+00
1.250000000000000000e+01 -2.890038117766380310e-02 -2.829946391284465790e-02 0.000000000000000000e+00 0.000000000000000000e+00 8.191000000000000000e+03 0.000000000000000000e+00 2.757099866867065430e+00
1.300000000000000000e+01 -2.869638055562973022e-02 -2.826286107301712036e-02 0.000000000000000000e+00 0.000000000000000000e+00 8.191000000000000000e+03 0.000000000000000000e+00 2.757099866867065430e+00
1.350000000000000000e+01 -2.851639129221439362e-02 -2.815332822501659393e-02 0.000000000000000000e+00 0.000000000000000000e+00 8.191000000000000000e+03 0.000000000000000000e+00 2.757099866867065430e+00
1.400000000000000000e+01 -2.837054058909416199e-02 -2.808737754821777344e-02 0.000000000000000000e+00 0.000000000000000000e+00 8.191000000000000000e+03 0.000000000000000000e+00 2.757099866867065430e+00
1.450000000000000000e+01 -2.825663238763809204e-02 -2.792120724916458130e-02 0.000000000000000000e+00 0.000000000000000000e+00 8.191000000000000000e+03 0.000000000000000000e+00 2.757099866867065430e+00
1.500000000000000000e+01 -2.815759554505348206e-02 -2.782939933240413666e-02 0.000000000000000000e+00 0.000000000000000000e+00 8.191000000000000000e+03 0.000000000000000000e+00 2.757099866867065430e+00
