2.000000029802322388e-01 -4.376546712592244148e-06 0.000000000000000000e+00 1.682334982433530968e-07 3.129243850708007812e-07 0.000000000000000000e+00 7.000000000000000000e+00 8.191000000000000000e+03 0.000000000000000000e+00 0.000000000000000000e+00 2.757299900054931641e+00
4.000000059604644775e-01 1.007147505879402161e-02 0.000000000000000000e+00 3.632844993717299076e-07 9.997349232435226440e-03 0.000000000000000000e+00 6.000000000000000000e+00 8.191000000000000000e+03 0.000000000000000000e+00 0.000000000000000000e+00 2.757299900054931641e+00
6.000000238418579102e-01 2.013866789638996124e-02 0.000000000000000000e+00 5.680465164914494380e-07 1.999438367784023285e-02 0.000000000000000000e+00 6.000000000000000000e+00 8.191000000000000000e+03 0.000000000000000000e+00 0.000000000000000000e+00 2.757299900054931641e+00
8.000000119209289551e-01 2.916165627539157867e-02 0.000000000000000000e+00 8.141826128849061206e-07 3.000391460955142975e-02 0.000000000000000000e+00 6.000000000000000000e+00 6.143000000000000000e+03 0.000000000000000000e+00 0.000000000000000000e+00 2.757299900054931641e+00
1.000000000000000000e+00 4.008045792579650879e-02 0.000000000000000000e+00 1.085733629224705510e-06 4.000094905495643616e-02 0.000000000000000000e+00 6.000000000000000000e+00 7.164000000000000000e+03 0.000000000000000000e+00 0.000000000000000000e+00 2.757299900054931641e+00
1.200000047683715820e+00 5.015400424599647522e-02 0.000000000000000000e+00 1.463800344936316833e-06 4.999798536300659180e-02 0.000000000000000000e+00 7.000000000000000000e+00 8.191000000000000000e+03 0.000000000000000000e+00 0.000000000000000000e+00 2.757299900054931641e+00
1.399999976158142090e+00 6.010949611663818359e-02 0.000000000000000000e+00 1.841035214056319091e-06 5.999501794576644897e-02 0.000000000000000000e+00 7.000000000000000000e+00 8.191000000000000000e+03 0.000000000000000000e+00 0.000000000000000000e+00 2.756599903106689453e+00
1.600000023841857910e+00 7.016672194004058838e-02 0.000000000000000000e+00 2.228263383585726842e-06 7.000455260276794434e-02 0.000000000000000000e+00 7.000000000000000000e+00 8.191000000000000000e+03 0.000000000000000000e+00 0.000000000000000000e+00 2.756599903106689453e+00
1.800000071525573730e+00 8.009044826030731201e-02 0.000000000000000000e+00 2.583657760624191724e-06 8.000158518552780151e-02 0.000000000000000000e+00 7.000000000000000000e+00 8.191000000000000000e+03 0.000000000000000000e+00 0.000000000000000000e+00 2.756599903106689453e+00
2.000000000000000000e+00 9.013578295707702637e-02 0.000000000000000000e+00 2.873872745112748817e-06 8.999861776828765869e-02 0.000000000000000000e+00 7.000000000000000000e+00 8.191000000000000000e+03 0.000000000000000000e+00 0.000000000000000000e+00 2.756599903106689453e+00
2.200000047683715820e+00 1.001695096492767334e-01 0.000000000000000000e+00 3.086537844865233637e-06 9.999565780162811279e-02 0.000000000000000000e+00 7.000000000000000000e+00 8.191000000000000000e+03 0.000000000000000000e+00 0.000000000000000000e+00 2.756599903106689453e+00
2.400000095367431641e+00 1.101547628641128540e-01 0.000000000000000000e+00 3.216498043911997229e-06 1.100051850080490112e-01 0.000000000000000000e+00 7.000000000000000000e+00 8.191000000000000000e+03 0.000000000000000000e+00 0.000000000000000000e+00 2.756599903106689453e+00
2.600000143051147461e+00 1.201478540897369385e-01 0.000000000000000000e+00 3.275867811680654995e-06 1.200022250413894653e-01 0.000000000000000000e+00 7.000000000000000000e+00 8.191000000000000000e+03 0.000000000000000000e+00 0.000000000000000000e+00 2.756599903106689453e+00
2.799999952316284180e+00 1.301362812519073486e-01 0.000000000000000000e+00 3.291760549473110586e-06 1.299992501735687256e-01 0.000000000000000000e+00 7.000000000000000000e+00 8.191000000000000000e+03 0.000000000000000000e+00 0.000000000000000000e+00 2.756599903106689453e+00
3.000000000000000000e+00 1.402152180671691895e-01 0.000000000000000000e+00 3.279737939010374248e-06 1.399962902069091797e-01 0.000000000000000000e+00 7.000000000000000000e+00 8.191000000000000000e+03 0.000000000000000000e+00 0.000000000000000000e+00 2.756599903106689453e+00
3.200000047683715820e+00 1.501607596874237061e-01 0.000000000000000000e+00 3.260152425355045125e-06 1.500058174133300781e-01 0.000000000000000000e+00 7.000000000000000000e+00 8.191000000000000000e+03 0.000000000000000000e+00 0.000000000000000000e+00 2.756599903106689453e+00
3.400000095367431641e+00 1.602192968130111694e-01 0.000000000000000000e+00 3.244476147301611491e-06 1.600028574466705322e-01 0.000000000000000000e+00 7.000000000000000000e+00 8.191000000000000000e+03 0.000000000000000000e+00 0.000000000000000000e+00 2.756599903106689453e+00
3.600000143051147461e+00 1.701765358448028564e-01 0.000000000000000000e+00 3.243853143430897035e-06 1.699998974800109863e-01 0.000000000000000000e+00 7.000000000000000000e+00 8.191000000000000000e+03 0.000000000000000000e+00 0.000000000000000000e+00 2.756599903106689453e+00
3.799999952316284180e+00 1.801285147666931152e-01 0.000000000000000000e+00 3.258235892644734122e-06 1.799969226121902466e-01 0.000000000000000000e+00 7.000000000000000000e+00 8.191000000000000000e+03 0.000000000000000000e+00 0.000000000000000000e+00 2.756599903106689453e+00
4.000000000000000000e+00 1.901703774929046631e-01 0.000000000000000000e+00 3.283415480836993083e-06 1.899939626455307007e-01 0.000000000000000000e+00 7.000000000000000000e+00 8.191000000000000000e+03 0.000000000000000000e+00 0.000000000000000000e+00 2.756599903106689453e+00
4.200000286102294922e+00 2.000691145658493042e-01 0.000000000000000000e+00 3.334056145831709728e-06 2.000034898519515991e-01 0.000000000000000000e+00 7.000000000000000000e+00 8.191000000000000000e+03 0.000000000000000000e+00 0.000000000000000000e+00 2.756599903106689453e+00
4.400000095367431641e+00 2.102096676826477051e-01 0.000000000000000000e+00 3.385047193660284393e-06 2.100005298852920532e-01 0.000000000000000000e+00 7.000000000000000000e+00 8.191000000000000000e+03 0.000000000000000000e+00 0.000000000000000000e+00 2.756599903106689453e+00
4.599999904632568359e+00 2.201772034168243408e-01 0.000000000000000000e+00 3.456143076618900523e-06 2.199975699186325073e-01 0.000000000000000000e+00 7.000000000000000000e+00 8.191000000000000000e+03 0.000000000000000000e+00 0.000000000000000000e+00 2.756599903106689453e+00
4.800000190734863281e+00 2.301530689001083374e-01 0.000000000000000000e+00 3.532122718752361834e-06 2.299945950508117676e-01 0.000000000000000000e+00 7.000000000000000000e+00 8.191000000000000000e+03 0.000000000000000000e+00 0.000000000000000000e+00 2.756599903106689453e+00
5.000000000000000000e+00 2.401550412178039551e-01 0.000000000000000000e+00 3.614756451497669332e-06 2.400041371583938599e-01 0.000000000000000000e+00 7.000000000000000000e+00 8.191000000000000000e+03 0.000000000000000000e+00 0.000000000000000000e+00 2.756599903106689453e+00
5.200000286102294922e+00 2.501675486564636230e-01 0.000000000000000000e+00 3.694398174047819339e-06 2.500011622905731201e-01 0.000000000000000000e+00 7.000000000000000000e+00 8.191000000000000000e+03 0.000000000000000000e+00 0.000000000000000000e+00 2.756599903106689453e+00
5.400000095367431641e+00 2.601257562637329102e-01 0.000000000000000000e+00 3.776832272706087679e-06 2.599982023239135742e-01 0.000000000000000000e+00 7.000000000000000000e+00 8.191000000000000000e+03 0.000000000000000000e+00 0.000000000000000000e+00 2.756599903106689453e+00
5.599999904632568359e+00 2.701702117919921875e-01 0.000000000000000000e+00 3.848057986033381894e-06 2.699952423572540283e-01 0.000000000000000000e+00 7.000000000000000000e+00 8.191000000000000000e+03 0.000000000000000000e+00 0.000000000000000000e+00 2.756599903106689453e+00
5.800000190734863281e+00 2.801438271999359131e-01 0.000000000000000000e+00 3.923191343346843496e-06 2.800047695636749268e-01 0.000000000000000000e+00 7.000000000000000000e+00 8.191000000000000000e+03 0.000000000000000000e+00 0.000000000000000000e+00 2.756599903106689453e+00
6.000000000000000000e+00 2.901487052440643311e-01 0.000000000000000000e+00 3.987051059084478766e-06 2.900017797946929932e-01 0.000000000000000000e+00 7.000000000000000000e+00 8.191000000000000000e+03 0.000000000000000000e+00 0.000000000000000000e+00 2.756599903106689453e+00
6.200000286102294922e+00 3.001461625099182129e-01 0.000000000000000000e+00 4.046667072543641552e-06 2.999988198280334473e-01 0.000000000000000000e+00 7.000000000000000000e+00 8.191000000000000000e+03 0.000000000000000000e+00 0.000000000000000000e+00 2.756599903106689453e+00
6.400000095367431641e+00 2.901508808135986328e-01 0.000000000000000000e+00 2.919538246715092100e-06 2.900017797946929932e-01 0.000000000000000000e+00 7.000000000000000000e+00 8.191000000000000000e+03 0.000000000000000000e+00 0.000000000000000000e+00 2.756700038909912109e+00
6.599999904632568359e+00 2.801086008548736572e-01 0.000000000000000000e+00 2.339621005376102403e-06 2.800047695636749268e-01 0.000000000000000000e+00 7.000000000000000000e+00 8.191000000000000000e+03 0.000000000000000000e+00 0.000000000000000000e+00 2.756700038909912109e+00
6.800000190734863281e+00 2.701533436775207520e-01 0.000000000000000000e+00 1.961388306881417520e-06 2.699952423572540283e-01 0.000000000000000000e+00 7.000000000000000000e+00 8.191000000000000000e+03 0.000000000000000000e+00 0.000000000000000000e+00 2.756700038909912109e+00
7.000000000000000000e+00 2.601311206817626953e-01 0.000000000000000000e+00 1.696487970548332669e-06 2.599982023239135742e-01 0.000000000000000000e+00 7.000000000000000000e+00 8.191000000000000000e+03 0.000000000000000000e+00 0.000000000000000000e+00 2.756700038909912109e+00
7.200000286102294922e+00 2.501078546047210693e-01 0.000000000000000000e+00 1.499021891504526138e-06 2.500011622905731201e-01 0.000000000000000000e+00 7.000000000000000000e+00 8.191000000000000000e+03 0.000000000000000000e+00 0.000000000000000000e+00 2.756700038909912109e+00
7.400000095367431641e+00 2.401497066020965576e-01 0.000000000000000000e+00 1.344767724731354974e-06 2.400041371583938599e-01 0.000000000000000000e+00 7.000000000000000000e+00 8.191000000000000000e+03 0.000000000000000000e+00 0.000000000000000000e+00 2.756299972534179688e+00
7.599999904632568359e+00 2.301277518272399902e-01 0.000000000000000000e+00 1.216180294250079896e-06 2.299945950508117676e-01 0.000000000000000000e+00 7.000000000000000000e+00 8.191000000000000000e+03 0.000000000000000000e+00 0.000000000000000000e+00 2.756299972534179688e+00
7.800000190734863281e+00 2.201372534036636353e-01 0.000000000000000000e+00 1.111247115659352858e-06 2.199975699186325073e-01 0.000000000000000000e+00 7.000000000000000000e+00 8.191000000000000000e+03 0.000000000000000000e+00 0.000000000000000000e+00 2.756299972534179688e+00
8.000000000000000000e+00 2.101703137159347534e-01 0.000000000000000000e+00 1.016748342408391181e-06 2.100005298852920532e-01 0.000000000000000000e+00 7.000000000000000000e+00 8.191000000000000000e+03 0.000000000000000000e+00 0.000000000000000000e+00 2.756299972534179688e+00
8.199999809265136719e+00 2.001462876796722412e-01 0.000000000000000000e+00 9.297416454501217231e-07 2.000034898519515991e-01 0.000000000000000000e+00 7.000000000000000000e+00 8.191000000000000000e+03 0.000000000000000000e+00 0.000000000000000000e+00 2.756299972534179688e+00
8.400000572204589844e+00 1.901265829801559448e-01 0.000000000000000000e+00 8.435356448899256065e-07 1.899939626455307007e-01 0.000000000000000000e+00 7.000000000000000000e+00 8.191000000000000000e+03 0.000000000000000000e+00 0.000000000000000000e+00 2.756299972534179688e+00
8.600000381469726562e+00 1.802060008049011230e-01 0.000000000000000000e+00 7.562821338069625199e-07 1.799969226121902466e-01 0.000000000000000000e+00 7.000000000000000000e+00 8.191000000000000000e+03 0.000000000000000000e+00 0.000000000000000000e+00 2.756299972534179688e+00
8.800000190734863281e+00 1.700808405876159668e-01 0.000000000000000000e+00 6.618842007810599171e-07 1.699998974800109863e-01 0.000000000000000000e+00 6.000000000000000000e+00 8.191000000000000000e+03 0.000000000000000000e+00 0.000000000000000000e+00 2.756299972534179688e+00
9.000000000000000000e+00 1.601718962192535400e-01 0.000000000000000000e+00 5.562710043705010321e-07 1.600028574466705322e-01 0.000000000000000000e+00 6.000000000000000000e+00 8.191000000000000000e+03 0.000000000000000000e+00 0.000000000000000000e+00 2.756299972534179688e+00
9.199999809265136719e+00 1.501529961824417114e-01 0.000000000000000000e+00 4.320545485825277865e-07 1.500058174133300781e-01 0.000000000000000000e+00 6.000000000000000000e+00 8.191000000000000000e+03 0.000000000000000000e+00 0.000000000000000000e+00 2.756299972534179688e+00
9.400000572204589844e+00 1.401662528514862061e-01 0.000000000000000000e+00 2.791383337807928910e-07 1.399962902069091797e-01 0.000000000000000000e+00 6.000000000000000000e+00 8.191000000000000000e+03 0.000000000000000000e+00 0.000000000000000000e+00 2.756599903106689453e+00
9.600000381469726562e+00 1.300781071186065674e-01 0.000000000000000000e+00 9.147525759090058273e-08 1.299992501735687256e-01 0.000000000000000000e+00 6.000000000000000000e+00 8.191000000000000000e+03 0.000000000000000000e+00 0.000000000000000000e+00 2.756599903106689453e+00
9.800000190734863281e+00 1.201734766364097595e-01 0.000000000000000000e+00 -1.406055076813572668e-07 1.200022250413894653e-01 0.000000000000000000e+00 6.000000000000000000e+00 8.191000000000000000e+03 0.000000000000000000e+00 0.000000000000000000e+00 2.756599903106689453e+00
1.000000000000000000e+01 1.101395636796951294e-01 0.000000000000000000e+00 -4.228262469041510485e-07 1.100051850080490112e-01 0.000000000000000000e+00 6.000000000000000000e+00 8.191000000000000000e+03 0.000000000000000000e+00 0.000000000000000000e+00 2.756599903106689453e+00
1.019999980926513672e+01 1.001443043351173401e-01 0.000000000000000000e+00 -7.553850309705012478e-07 9.999565780162811279e-02 0.000000000000000000e+00 6.000000000000000000e+00 8.191000000000000000e+03 0.000000000000000000e+00 0.000000000000000000e+00 2.756599903106689453e+00
1.040000057220458984e+01 9.018553793430328369e-02 0.000000000000000000e+00 -1.083303800442081410e-06 8.999861776828765869e-02 0.000000000000000000e+00 6.000000000000000000e+00 7.164000000000000000e+03 0.000000000000000000e+00 0.000000000000000000e+00 2.756500005722045898e+00
1.060000038146972656e+01 8.012262731790542603e-02 0.000000000000000000e+00 -1.493255354034772608e-06 8.000158518552780151e-02 0.000000000000000000e+00 7.000000000000000000e+00 8.191000000000000000e+03 0.000000000000000000e+00 0.000000000000000000e+00 2.756500005722045898e+00
1.080000019073486328e+01 7.023048400878906250e-02 0.000000000000000000e+00 -1.834670342759636696e-06 7.000455260276794434e-02 0.000000000000000000e+00 7.000000000000000000e+00 8.191000000000000000e+03 0.000000000000000000e+00 0.000000000000000000e+00 2.756500005722045898e+00
1.100000000000000000e+01 6.013795360922813416e-02 0.000000000000000000e+00 -2.115159304594271816e-06 5.999501794576644897e-02 0.000000000000000000e+00 7.000000000000000000e+00 8.191000000000000000e+03 0.000000000000000000e+00 0.000000000000000000e+00 2.756500005722045898e+00
1.119999980926513672e+01 5.017172545194625854e-02 0.000000000000000000e+00 -2.308445118615054525e-06 4.999798536300659180e-02 0.000000000000000000e+00 7.000000000000000000e+00 8.191000000000000000e+03 0.000000000000000000e+00 0.000000000000000000e+00 2.756500005722045898e+00
1.140000057220458984e+01 4.014940559864044189e-02 0.000000000000000000e+00 -2.396528770987060852e-06 4.000094905495643616e-02 0.000000000000000000e+00 7.000000000000000000e+00 8.191000000000000000e+03 0.000000000000000000e+00 0.000000000000000000e+00 2.756199836730957031e+00
1.160000038146972656e+01 3.006971441209316254e-02 0.000000000000000000e+00 -2.404201495664892718e-06 3.000391460955142975e-02 0.000000000000000000e+00 7.000000000000000000e+00 8.191000000000000000e+03 0.000000000000000000e+00 0.000000000000000000e+00 2.756199836730957031e+00
1.180000019073486328e+01 2.004328370094299316e-02 0.000000000000000000e+00 -2.354397338422131725e-06 1.999438367784023285e-02 0.000000000000000000e+00 7.000000000000000000e+00 8.191000000000000000e+03 0.000000000000000000e+00 0.000000000000000000e+00 2.756199836730957031e+00
1.200000000000000000e+01 1.007067039608955383e-02 0.000000000000000000e+00 -2.264656131956144236e-06 9.997349232435226440e-03 0.000000000000000000e+00 7.000000000000000000e+00 8.191000000000000000e+03 0.000000000000000000e+00 0.000000000000000000e+00 2.756199836730957031e+00
1.219999980926513672e+01 1.745711488183587790e-04 0.000000000000000000e+00 -2.160056737920967862e-06 3.129243850708007812e-07 0.000000000000000000e+00 7.000000000000000000e+00 8.191000000000000000e+03 0.000000000000000000e+00 0.000000000000000000e+00 2.756199836730957031e+00
1.240000057220458984e+01 -9.798740968108177185e-03 0.000000000000000000e+00 -2.044882876361953095e-06 -9.996719658374786377e-03 0.000000000000000000e+00 7.000000000000000000e+00 8.191000000000000000e+03 0.000000000000000000e+00 0.000000000000000000e+00 2.756399869918823242e+00
1.260000038146972656e+01 -1.988067664206027985e-02 0.000000000000000000e+00 -1.938723926286911592e-06 -1.999375596642494202e-02 0.000000000000000000e+00 7.000000000000000000e+00 6.143000000000000000e+03 0.000000000000000000e+00 0.000000000000000000e+00 2.756399869918823242e+00
1.280000019073486328e+01 -2.984045259654521942e-02 0.000000000000000000e+00 -1.839836500039382372e-06 -3.000328317284584045e-02 0.000000000000000000e+00 7.000000000000000000e+00 8.191000000000000000e+03 0.000000000000000000e+00 0.000000000000000000e+00 2.756399869918823242e+00
1.300000000000000000e+01 -3.988104686141014099e-02 0.000000000000000000e+00 -1.757700943016970996e-06 -4.000032320618629456e-02 0.000000000000000000e+00 7.000000000000000000e+00 8.191000000000000000e+03 0.000000000000000000e+00 0.000000000000000000e+00 2.756399869918823242e+00
1.319999980926513672e+01 -4.990596324205398560e-02 0.000000000000000000e+00 -1.683170467003947124e-06 -4.999735578894615173e-02 0.000000000000000000e+00 7.000000000000000000e+00 8.191000000000000000e+03 0.000000000000000000e+00 0.000000000000000000e+00 2.756399869918823242e+00
1.340000057220458984e+01 -5.985644087195396423e-02 0.000000000000000000e+00 -1.623087769075937103e-06 -5.999438837170600891e-02 0.000000000000000000e+00 7.000000000000000000e+00 8.191000000000000000e+03 0.000000000000000000e+00 0.000000000000000000e+00 2.756599903106689453e+00
1.360000038146972656e+01 -6.986353546380996704e-02 0.000000000000000000e+00 -1.568575953569961712e-06 -7.000392675399780273e-02 0.000000000000000000e+00 7.000000000000000000e+00 8.191000000000000000e+03 0.000000000000000000e+00 0.000000000000000000e+00 2.756599903106689453e+00
1.380000019073486328e+01 -7.992359995841979980e-02 0.000000000000000000e+00 -1.522839511380880140e-06 -8.000095188617706299e-02 0.000000000000000000e+00 7.000000000000000000e+00 8.191000000000000000e+03 0.000000000000000000e+00 0.000000000000000000e+00 2.756599903106689453e+00
1.400000000000000000e+01 -8.999842405319213867e-02 0.000000000000000000e+00 -1.491173179601901211e-06 -8.999799191951751709e-02 0.000000000000000000e+00 7.000000000000000000e+00 8.191000000000000000e+03 0.000000000000000000e+00 0.000000000000000000e+00 2.756599903106689453e+00
1.419999980926513672e+01 -9.994776546955108643e-02 0.000000000000000000e+00 -1.464869910705601797e-06 -9.999501705169677734e-02 0.000000000000000000e+00 7.000000000000000000e+00 8.191000000000000000e+03 0.000000000000000000e+00 0.000000000000000000e+00 2.756599903106689453e+00
1.440000057220458984e+01 -1.098380386829376221e-01 0.000000000000000000e+00 -1.449389287699887063e-06 -1.100045591592788696e-01 0.000000000000000000e+00 7.000000000000000000e+00 8.191000000000000000e+03 0.000000000000000000e+00 0.000000000000000000e+00 2.756399869918823242e+00
1.460000038146972656e+01 -1.199139207601547241e-01 0.000000000000000000e+00 -1.448076773158391006e-06 -1.200015842914581299e-01 0.000000000000000000e+00 7.000000000000000000e+00 8.191000000000000000e+03 0.000000000000000000e+00 0.000000000000000000e+00 2.756399869918823242e+00
1.480000019073486328e+01 -1.297891885042190552e-01 0.000000000000000000e+00 -1.451163029742019717e-06 -1.299986243247985840e-01 0.000000000000000000e+00 7.000000000000000000e+00 8.191000000000000000e+03 0.000000000000000000e+00 0.000000000000000000e+00 2.756399869918823242e+00
1.500000000000000000e+01 -1.399268358945846558e-01 0.000000000000000000e+00 -1.483229993937129620e-06 -1.399956643581390381e-01 0.000000000000000000e+00 7.000000000000000000e+00 8.191000000000000000e+03 0.000000000000000000e+00 0.000000000000000000e+00 2.756399869918823242e+00
1.519999980926513672e+01 -1.499314457178115845e-01 0.000000000000000000e+00 -1.528905727354867849e-06 -1.500051915645599365e-01 0.000000000000000000e+00 7.000000000000000000e+00 8.191000000000000000e+03 0.000000000000000000e+00 0.000000000000000000e+00 2.756399869918823242e+00
1.540000057220458984e+01 -1.598508208990097046e-01 0.000000000000000000e+00 -1.601907911208400037e-06 -1.600022166967391968e-01 0.000000000000000000e+00 7.000000000000000000e+00 8.191000000000000000e+03 0.000000000000000000e+00 0.000000000000000000e+00 2.756399869918823242e+00
1.560000038146972656e+01 -1.699907630681991577e-01 0.000000000000000000e+00 -1.714302470645634457e-06 -1.699992567300796509e-01 0.000000000000000000e+00 7.000000000000000000e+00 8.191000000000000000e+03 0.000000000000000000e+00 0.000000000000000000e+00 2.756399869918823242e+00
1.580000019073486328e+01 -1.799641400575637817e-01 0.000000000000000000e+00 -1.877315753517905250e-06 -1.799962967634201050e-01 0.000000000000000000e+00 7.000000000000000000e+00 8.191000000000000000e+03 0.000000000000000000e+00 0.000000000000000000e+00 2.756399869918823242e+00
1.600000000000000000e+01 -1.899013221263885498e-01 0.000000000000000000e+00 -2.088849896608735435e-06 -1.900058239698410034e-01 0.000000000000000000e+00 7.000000000000000000e+00 8.191000000000000000e+03 0.000000000000000000e+00 0.000000000000000000e+00 2.756399869918823242e+00
1.620000076293945312e+01 -1.999100297689437866e-01 0.000000000000000000e+00 -2.375452822889201343e-06 -2.000028640031814575e-01 0.000000000000000000e+00 7.000000000000000000e+00 8.191000000000000000e+03 0.000000000000000000e+00 0.000000000000000000e+00 2.756399869918823242e+00
1.639999961853027344e+01 -1.899210661649703979e-01 0.000000000000000000e+00 -1.834976387726783287e-06 -1.900058239698410034e-01 0.000000000000000000e+00 7.000000000000000000e+00 8.191000000000000000e+03 0.000000000000000000e+00 1.000000000000000000e+00 2.756399869918823242e+00
1.660000038146972656e+01 -1.798591315746307373e-01 0.000000000000000000e+00 -1.462750901737308595e-06 -1.799962967634201050e-01 0.000000000000000000e+00 7.000000000000000000e+00 8.191000000000000000e+03 0.000000000000000000e+00 1.000000000000000000e+00 2.756399869918823242e+00
1.680000114440917969e+01 -1.698925942182540894e-01 0.000000000000000000e+00 -1.184187112812651321e-06 -1.699992567300796509e-01 0.000000000000000000e+00 7.000000000000000000e+00 8.191000000000000000e+03 0.000000000000000000e+00 1.000000000000000000e+00 2.756399869918823242e+00
1.700000000000000000e+01 -1.599082052707672119e-01 0.000000000000000000e+00 -9.722583627080894075e-07 -1.600022166967391968e-01 0.000000000000000000e+00 7.000000000000000000e+00 8.191000000000000000e+03 0.000000000000000000e+00 1.000000000000000000e+00 2.756399869918823242e+00
1.720000076293945312e+01 -1.498688906431198120e-01 0.000000000000000000e+00 -8.072228183664265089e-07 -1.500051915645599365e-01 0.000000000000000000e+00 7.000000000000000000e+00 8.191000000000000000e+03 0.000000000000000000e+00 1.000000000000000000e+00 2.756399869918823242e+00
1.739999961853027344e+01 -1.399653553962707520e-01 0.000000000000000000e+00 -6.813946811234927736e-07 -1.399956643581390381e-01 0.000000000000000000e+00 6.000000000000000000e+00 8.191000000000000000e+03 0.000000000000000000e+00 1.000000000000000000e+00 2.756399869918823242e+00
1.760000038146972656e+01 -1.299027353525161743e-01 0.000000000000000000e+00 -5.778733793704304844e-07 -1.299986243247985840e-01 0.000000000000000000e+00 6.000000000000000000e+00 8.191000000000000000e+03 0.000000000000000000e+00 1.000000000000000000e+00 2.756399869918823242e+00
1.780000114440917969e+01 -1.198462396860122681e-01 0.000000000000000000e+00 -4.936845243719290011e-07 -1.200015842914581299e-01 0.000000000000000000e+00 6.000000000000000000e+00 8.191000000000000000e+03 0.000000000000000000e+00 1.000000000000000000e+00 2.756399869918823242e+00
1.800000000000000000e+01 -1.098889037966728210e-01 0.000000000000000000e+00 -4.237727182498929324e-07 -1.100045591592788696e-01 0.000000000000000000e+00 6.000000000000000000e+00 8.191000000000000000e+03 0.000000000000000000e+00 1.000000000000000000e+00 2.756399869918823242e+00
1.820000076293945312e+01 -9.994509816169738770e-02 0.000000000000000000e+00 -3.651067856935696909e-07 -9.999501705169677734e-02 0.000000000000000000e+00 6.000000000000000000e+00 8.191000000000000000e+03 0.000000000000000000e+00 1.000000000000000000e+00 2.756399869918823242e+00
1.839999961853027344e+01 -8.990397304296493530e-02 0.000000000000000000e+00 -3.133739028271520510e-07 -8.999799191951751709e-02 0.000000000000000000e+00 6.000000000000000000e+00 8.191000000000000000e+03 0.000000000000000000e+00 1.000000000000000000e+00 2.756399869918823242e+00
1.860000038146972656e+01 -7.987538725137710571e-02 0.000000000000000000e+00 -2.666234877324313857e-07 -8.000095188617706299e-02 0.000000000000000000e+00 6.000000000000000000e+00 8.191000000000000000e+03 0.000000000000000000e+00 1.000000000000000000e+00 2.756399869918823242e+00
1.880000114440917969e+01 -6.988119333982467651e-02 0.000000000000000000e+00 -2.222472375024153735e-07 -7.000392675399780273e-02 0.000000000000000000e+00 6.000000000000000000e+00 8.191000000000000000e+03 0.000000000000000000e+00 1.000000000000000000e+00 2.756399869918823242e+00
1.900000000000000000e+01 -5.983612686395645142e-02 0.000000000000000000e+00 -1.786022778560436564e-07 -5.999438837170600891e-02 0.000000000000000000e+00 6.000000000000000000e+00 8.191000000000000000e+03 0.000000000000000000e+00 1.000000000000000000e+00 2.756399869918823242e+00
1.920000076293945312e+01 -4.987378790974617004e-02 0.000000000000000000e+00 -1.337073882723416318e-07 -4.999735578894615173e-02 0.000000000000000000e+00 6.000000000000000000e+00 8.191000000000000000e+03 0.000000000000000000e+00 1.000000000000000000e+00 2.756399869918823242e+00
1.939999961853027344e+01 -3.989547491073608398e-02 0.000000000000000000e+00 -8.413082497327195597e-08 -4.000032320618629456e-02 0.000000000000000000e+00 6.000000000000000000e+00 8.191000000000000000e+03 0.000000000000000000e+00 1.000000000000000000e+00 2.756299972534179688e+00
1.960000038146972656e+01 -2.993157505989074707e-02 0.000000000000000000e+00 -2.703269252890549978e-08 -3.000328317284584045e-02 0.000000000000000000e+00 6.000000000000000000e+00 8.191000000000000000e+03 0.000000000000000000e+00 1.000000000000000000e+00 2.756299972534179688e+00
1.980000114440917969e+01 -1.982954889535903931e-02 0.000000000000000000e+00 4.465394454200577457e-08 -1.999375596642494202e-02 0.000000000000000000e+00 5.000000000000000000e+00 8.191000000000000000e+03 0.000000000000000000e+00 1.000000000000000000e+00 2.756299972534179688e+00
2.000000000000000000e+01 -9.774161502718925476e-03 0.000000000000000000e+00 1.091691430588070943e-07 -9.996719658374786377e-03 0.000000000000000000e+00 5.000000000000000000e+00 7.164000000000000000e+03 0.000000000000000000e+00 1.000000000000000000e+00 2.756299972534179688e+00
2.020000076293945312e+01 1.554196351207792759e-04 0.000000000000000000e+00 2.402980214810668258e-07 3.129243850708007812e-07 0.000000000000000000e+00 6.000000000000000000e+00 8.191000000000000000e+03 0.000000000000000000e+00 1.000000000000000000e+00 2.756299972534179688e+00
2.039999961853027344e+01 1.012826338410377502e-02 0.000000000000000000e+00 3.838184454707516124e-07 9.997349232435226440e-03 0.000000000000000000e+00 6.000000000000000000e+00 8.191000000000000000e+03 0.000000000000000000e+00 1.000000000000000000e+00 2.756299972534179688e+00
2.060000038146972656e+01 2.013632468879222870e-02 0.000000000000000000e+00 5.687357997885555960e-07 1.999438367784023285e-02 0.000000000000000000e+00 6.000000000000000000e+00 6.143000000000000000e+03 0.000000000000000000e+00 1.000000000000000000e+00 2.756299972534179688e+00
2.080000114440917969e+01 3.009777516126632690e-02 0.000000000000000000e+00 8.061288667704502586e-07 3.000391460955142975e-02 0.000000000000000000e+00 6.000000000000000000e+00 8.191000000000000000e+03 0.000000000000000000e+00 1.000000000000000000e+00 2.756299972534179688e+00
2.100000000000000000e+01 4.017127305269241333e-02 0.000000000000000000e+00 1.079570097317628097e-06 4.000094905495643616e-02 0.000000000000000000e+00 6.000000000000000000e+00 7.164000000000000000e+03 0.000000000000000000e+00 1.000000000000000000e+00 2.756299972534179688e+00
2.120000076293945312e+01 5.017823353409767151e-02 0.000000000000000000e+00 1.447719455427431967e-06 4.999798536300659180e-02 0.000000000000000000e+00 7.000000000000000000e+00 8.191000000000000000e+03 0.000000000000000000e+00 1.000000000000000000e+00 2.756299972534179688e+00
2.139999961853027344e+01 6.019030883908271790e-02 0.000000000000000000e+00 1.837176796470885165e-06 5.999501794576644897e-02 0.000000000000000000e+00 7.000000000000000000e+00 8.191000000000000000e+03 0.000000000000000000e+00 1.000000000000000000e+00 2.756500005722045898e+00
2.160000038146972656e+01 7.019291073083877563e-02 0.000000000000000000e+00 2.233386339867138304e-06 7.000455260276794434e-02 0.000000000000000000e+00 7.000000000000000000e+00 8.191000000000000000e+03 0.000000000000000000e+00 1.000000000000000000e+00 2.756500005722045898e+00
2.180000114440917969e+01 8.004664629697799683e-02 0.000000000000000000e+00 2.602468157419934869e-06 8.000158518552780151e-02 0.000000000000000000e+00 7.000000000000000000e+00 8.191000000000000000e+03 0.000000000000000000e+00 1.000000000000000000e+00 2.756500005722045898e+00
2.200000000000000000e+01 9.020301699638366699e-02 0.000000000000000000e+00 2.908965370806981809e-06 8.999861776828765869e-02 0.000000000000000000e+00 7.000000000000000000e+00 8.191000000000000000e+03 0.000000000000000000e+00 1.000000000000000000e+00 2.756500005722045898e+00
2.220000076293945312e+01 1.001201719045639038e-01 0.000000000000000000e+00 3.135609631499391980e-06 9.999565780162811279e-02 0.000000000000000000e+00 7.000000000000000000e+00 8.191000000000000000e+03 0.000000000000000000e+00 1.000000000000000000e+00 2.756500005722045898e+00
2.239999961853027344e+01 1.102070808410644531e-01 0.000000000000000000e+00 3.272025651313015260e-06 1.100051850080490112e-01 0.000000000000000000e+00 7.000000000000000000e+00 8.191000000000000000e+03 0.000000000000000000e+00 1.000000000000000000e+00 2.756299972534179688e+00
2.260000038146972656e+01 1.201404333114624023e-01 0.000000000000000000e+00 3.334533630550140515e-06 1.200022250413894653e-01 0.000000000000000000e+00 7.000000000000000000e+00 8.191000000000000000e+03 0.000000000000000000e+00 1.000000000000000000e+00 2.756299972534179688e+00
2.280000114440917969e+01 1.301476061344146729e-01 0.000000000000000000e+00 3.341744559293147177e-06 1.299992501735687256e-01 0.000000000000000000e+00 7.000000000000000000e+00 8.191000000000000000e+03 0.000000000000000000e+00 1.000000000000000000e+00 2.756299972534179688e+00
2.300000000000000000e+01 1.401808857917785645e-01 0.000000000000000000e+00 3.312317176096257754e-06 1.399962902069091797e-01 0.000000000000000000e+00 7.000000000000000000e+00 8.191000000000000000e+03 0.000000000000000000e+00 1.000000000000000000e+00 2.756299972534179688e+00
2.320000076293945312e+01 1.501629948616027832e-01 0.000000000000000000e+00 3.281471435911953449e-06 1.500058174133300781e-01 0.000000000000000000e+00 7.000000000000000000e+00 8.191000000000000000e+03 0.000000000000000000e+00 1.000000000000000000e+00 2.756299972534179688e+00
2.339999961853027344e+01 1.601620912551879883e-01 0.000000000000000000e+00 3.241317244828678668e-06 1.600028574466705322e-01 0.000000000000000000e+00 7.000000000000000000e+00 8.191000000000000000e+03 0.000000000000000000e+00 1.000000000000000000e+00 2.756299972534179688e+00
2.360000038146972656e+01 1.701930165290832520e-01 0.000000000000000000e+00 3.216173809050815180e-06 1.699998974800109863e-01 0.000000000000000000e+00 7.000000000000000000e+00 8.191000000000000000e+03 0.000000000000000000e+00 1.000000000000000000e+00 2.756299972534179688e+00
2.380000114440917969e+01 1.801245957612991333e-01 0.000000000000000000e+00 3.196256329829338938e-06 1.799969226121902466e-01 0.000000000000000000e+00 7.000000000000000000e+00 8.191000000000000000e+03 0.000000000000000000e+00 1.000000000000000000e+00 2.756299972534179688e+00
2.400000000000000000e+01 1.901749670505523682e-01 0.000000000000000000e+00 3.196846819264465012e-06 1.899939626455307007e-01 0.000000000000000000e+00 7.000000000000000000e+00 8.191000000000000000e+03 0.000000000000000000e+00 1.000000000000000000e+00 2.756299972534179688e+00
2.420000076293945312e+01 2.000893950462341309e-01 0.000000000000000000e+00 3.219873178750276566e-06 2.000034898519515991e-01 0.000000000000000000e+00 7.000000000000000000e+00 8.191000000000000000e+03 0.000000000000000000e+00 1.000000000000000000e+00 2.756299972534179688e+00
2.439999961853027344e+01 2.101535499095916748e-01 0.000000000000000000e+00 3.246329015382798389e-06 2.100005298852920532e-01 0.000000000000000000e+00 7.000000000000000000e+00 8.191000000000000000e+03 0.000000000000000000e+00 1.000000000000000000e+00 2.756299972534179688e+00
2.460000038146972656e+01 2.201687395572662354e-01 0.000000000000000000e+00 3.290904260211391374e-06 2.199975699186325073e-01 0.000000000000000000e+00 7.000000000000000000e+00 8.191000000000000000e+03 0.000000000000000000e+00 1.000000000000000000e+00 2.756299972534179688e+00
2.480000114440917969e+01 2.301849424839019775e-01 0.000000000000000000e+00 3.341422143421368673e-06 2.299945950508117676e-01 0.000000000000000000e+00 7.000000000000000000e+00 8.191000000000000000e+03 0.000000000000000000e+00 1.000000000000000000e+00 2.756299972534179688e+00
2.500000000000000000e+01 2.401587665081024170e-01 0.000000000000000000e+00 3.401582034712191671e-06 2.400041371583938599e-01 0.000000000000000000e+00 7.000000000000000000e+00 8.191000000000000000e+03 0.000000000000000000e+00 1.000000000000000000e+00 2.756299972534179688e+00
2.520000076293945312e+01 2.502198517322540283e-01 0.000000000000000000e+00 3.464025894572841935e-06 2.500011622905731201e-01 0.000000000000000000e+00 7.000000000000000000e+00 8.191000000000000000e+03 0.000000000000000000e+00 1.000000000000000000e+00 2.756299972534179688e+00
2.539999961853027344e+01 2.602242529392242432e-01 0.000000000000000000e+00 3.525378133417689241e-06 2.599982023239135742e-01 0.000000000000000000e+00 7.000000000000000000e+00 8.191000000000000000e+03 0.000000000000000000e+00 1.000000000000000000e+00 2.756399869918823242e+00
2.560000038146972656e+01 2.701700925827026367e-01 0.000000000000000000e+00 3.593597057260922156e-06 2.699952423572540283e-01 0.000000000000000000e+00 7.000000000000000000e+00 8.191000000000000000e+03 0.000000000000000000e+00 1.000000000000000000e+00 2.756399869918823242e+00
2.580000114440917969e+01 2.801443040370941162e-01 0.000000000000000000e+00 3.660818720163661055e-06 2.800047695636749268e-01 0.000000000000000000e+00 7.000000000000000000e+00 8.191000000000000000e+03 0.000000000000000000e+00 1.000000000000000000e+00 2.756399869918823242e+00
2.600000000000000000e+01 2.901710271835327148e-01 0.000000000000000000e+00 3.717168965522432700e-06 2.900017797946929932e-01 0.000000000000000000e+00 7.000000000000000000e+00 8.191000000000000000e+03 0.000000000000000000e+00 1.000000000000000000e+00 2.756399869918823242e+00
2.620000076293945312e+01 3.002139031887054443e-01 0.000000000000000000e+00 3.773098796955309808e-06 2.999988198280334473e-01 0.000000000000000000e+00 7.000000000000000000e+00 8.191000000000000000e+03 0.000000000000000000e+00 1.000000000000000000e+00 2.756399869918823242e+00
2.639999961853027344e+01 2.901043891906738281e-01 0.000000000000000000e+00 2.687235337361926213e-06 2.900017797946929932e-01 0.000000000000000000e+00 7.000000000000000000e+00 8.191000000000000000e+03 0.000000000000000000e+00 1.000000000000000000e+00 2.756399869918823242e+00
2.660000038146972656e+01 2.800798714160919189e-01 0.000000000000000000e+00 2.138497393389116041e-06 2.800047695636749268e-01 0.000000000000000000e+00 7.000000000000000000e+00 8.191000000000000000e+03 0.000000000000000000e+00 1.000000000000000000e+00 2.756399869918823242e+00
2.680000114440917969e+01 2.701219320297241211e-01 0.000000000000000000e+00 1.789359203030471690e-06 2.699952423572540283e-01 0.000000000000000000e+00 7.000000000000000000e+00 8.191000000000000000e+03 0.000000000000000000e+00 1.000000000000000000e+00 2.756399869918823242e+00
2.700000000000000000e+01 2.600760161876678467e-01 0.000000000000000000e+00 1.537309913146600593e-06 2.599982023239135742e-01 0.000000000000000000e+00 7.000000000000000000e+00 8.191000000000000000e+03 0.000000000000000000e+00 1.000000000000000000e+00 2.756399869918823242e+00
2.720000076293945312e+01 2.501036226749420166e-01 0.000000000000000000e+00 1.351451942355197389e-06 2.500011622905731201e-01 0.000000000000000000e+00 7.000000000000000000e+00 8.191000000000000000e+03 0.000000000000000000e+00 1.000000000000000000e+00 2.756399869918823242e+00
2.739999961853027344e+01 2.401073426008224487e-01 0.000000000000000000e+00 1.204484078698442318e-06 2.400041371583938599e-01 0.000000000000000000e+00 7.000000000000000000e+00 8.191000000000000000e+03 0.000000000000000000e+00 1.000000000000000000e+00 2.756099939346313477e+00
2.760000038146972656e+01 2.301747500896453857e-01 0.000000000000000000e+00 1.094067329177050851e-06 2.299945950508117676e-01 0.000000000000000000e+00 7.000000000000000000e+00 8.191000000000000000e+03 0.000000000000000000e+00 1.000000000000000000e+00 2.756099939346313477e+00
2.780000114440917969e+01 2.202150970697402954e-01 0.000000000000000000e+00 9.952220807463163510e-07 2.199975699186325073e-01 0.000000000000000000e+00 7.000000000000000000e+00 8.191000000000000000e+03 0.000000000000000000e+00 1.000000000000000000e+00 2.756099939346313477e+00
2.800000000000000000e+01 2.101932466030120850e-01 0.000000000000000000e+00 9.040903705681557767e-07 2.100005298852920532e-01 0.000000000000000000e+00 7.000000000000000000e+00 8.191000000000000000e+03 0.000000000000000000e+00 1.000000000000000000e+00 2.756099939346313477e+00
2.820000076293945312e+01 2.001816481351852417e-01 0.000000000000000000e+00 8.199392027563590091e-07 2.000034898519515991e-01 0.000000000000000000e+00 7.000000000000000000e+00 8.191000000000000000e+03 0.000000000000000000e+00 1.000000000000000000e+00 2.756099939346313477e+00
2.839999961853027344e+01 1.901098787784576416e-01 0.000000000000000000e+00 7.370931029981875326e-07 1.899939626455307007e-01 0.000000000000000000e+00 7.000000000000000000e+00 8.191000000000000000e+03 0.000000000000000000e+00 1.000000000000000000e+00 2.756099939346313477e+00
2.860000038146972656e+01 1.801560372114181519e-01 0.000000000000000000e+00 6.506797376459871884e-07 1.799969226121902466e-01 0.000000000000000000e+00 6.000000000000000000e+00 8.191000000000000000e+03 0.000000000000000000e+00 1.000000000000000000e+00 2.756099939346313477e+00
2.880000114440917969e+01 1.701619029045104980e-01 0.000000000000000000e+00 5.561632860917598009e-07 1.699998974800109863e-01 0.000000000000000000e+00 6.000000000000000000e+00 8.191000000000000000e+03 0.000000000000000000e+00 1.000000000000000000e+00 2.756099939346313477e+00
2.900000000000000000e+01 1.601628214120864868e-01 0.000000000000000000e+00 4.483279951728036394e-07 1.600028574466705322e-01 0.000000000000000000e+00 6.000000000000000000e+00 8.191000000000000000e+03 0.000000000000000000e+00 1.000000000000000000e+00 2.756099939346313477e+00
2.920000076293945312e+01 1.501306146383285522e-01 0.000000000000000000e+00 3.193250677213654853e-07 1.500058174133300781e-01 0.000000000000000000e+00 6.000000000000000000e+00 8.191000000000000000e+03 0.000000000000000000e+00 1.000000000000000000e+00 2.756099939346313477e+00
2.939999961853027344e+01 1.401264071464538574e-01 0.000000000000000000e+00 1.613749844864287297e-07 1.399962902069091797e-01 0.000000000000000000e+00 6.000000000000000000e+00 8.191000000000000000e+03 0.000000000000000000e+00 1.000000000000000000e+00 2.756299972534179688e+00
2.960000038146972656e+01 1.302032172679901123e-01 0.000000000000000000e+00 -3.741201837215157866e-08 1.299992501735687256e-01 0.000000000000000000e+00 6.000000000000000000e+00 8.191000000000000000e+03 0.000000000000000000e+00 1.000000000000000000e+00 2.756299972534179688e+00
2.980000114440917969e+01 1.200116351246833801e-01 0.000000000000000000e+00 -1.092515233835911204e-07 1.200022250413894653e-01 0.000000000000000000e+00 5.000000000000000000e+00 7.164000000000000000e+03 0.000000000000000000e+00 1.000000000000000000e+00 2.756299972534179688e+00
3.000000000000000000e+01 1.101812571287155151e-01 0.000000000000000000e+00 -5.769219910689571407e-07 1.100051850080490112e-01 0.000000000000000000e+00 6.000000000000000000e+00 8.191000000000000000e+03 0.000000000000000000e+00 1.000000000000000000e+00 2.756299972534179688e+00
3.020000076293945312e+01 1.001546308398246765e-01 0.000000000000000000e+00 -9.261200375476619229e-07 9.999565780162811279e-02 0.000000000000000000e+00 6.000000000000000000e+00 8.190000000000000000e+03 0.000000000000000000e+00 1.000000000000000000e+00 2.756299972534179688e+00
3.039999961853027344e+01 9.015873074531555176e-02 0.000000000000000000e+00 -1.301272618547955062e-06 8.999861776828765869e-02 0.000000000000000000e+00 7.000000000000000000e+00 8.191000000000000000e+03 0.000000000000000000e+00 1.000000000000000000e+00 2.756299972534179688e+00
3.060000038146972656e+01 8.015189319849014282e-02 0.000000000000000000e+00 -1.689130954218853731e-06 8.000158518552780151e-02 0.000000000000000000e+00 7.000000000000000000e+00 8.191000000000000000e+03 0.000000000000000000e+00 1.000000000000000000e+00 2.756299972534179688e+00
3.080000114440917969e+01 7.017221301794052124e-02 0.000000000000000000e+00 -2.040934305114205927e-06 7.000455260276794434e-02 0.000000000000000000e+00 7.000000000000000000e+00 8.191000000000000000e+03 0.000000000000000000e+00 1.000000000000000000e+00 2.756299972534179688e+00
3.100000000000000000e+01 6.009658053517341614e-02 0.000000000000000000e+00 -2.323759417777182534e-06 5.999501794576644897e-02 0.000000000000000000e+00 7.000000000000000000e+00 8.191000000000000000e+03 0.000000000000000000e+00 1.000000000000000000e+00 2.756299972534179688e+00
3.120000076293945312e+01 5.017337948083877563e-02 0.000000000000000000e+00 -2.506751570763299242e-06 4.999798536300659180e-02 0.000000000000000000e+00 7.000000000000000000e+00 8.191000000000000000e+03 0.000000000000000000e+00 1.000000000000000000e+00 2.756299972534179688e+00
3.139999961853027344e+01 4.015640541911125183e-02 0.000000000000000000e+00 -2.595642399683129042e-06 4.000094905495643616e-02 0.000000000000000000e+00 7.000000000000000000e+00 8.191000000000000000e+03 0.000000000000000000e+00 1.000000000000000000e+00 2.756199836730957031e+00
3.160000038146972656e+01 3.020764514803886414e-02 0.000000000000000000e+00 -2.606601583465817384e-06 3.000391460955142975e-02 0.000000000000000000e+00 7.000000000000000000e+00 8.191000000000000000e+03 0.000000000000000000e+00 1.000000000000000000e+00 2.756199836730957031e+00
3.180000114440917969e+01 2.006239630281925201e-02 0.000000000000000000e+00 -2.541631829444668256e-06 1.999438367784023285e-02 0.000000000000000000e+00 7.000000000000000000e+00 8.191000000000000000e+03 0.000000000000000000e+00 1.000000000000000000e+00 2.756199836730957031e+00
3.200000000000000000e+01 1.012802962213754654e-02 0.000000000000000000e+00 -2.448620762152131647e-06 9.997349232435226440e-03 0.000000000000000000e+00 7.000000000000000000e+00 8.191000000000000000e+03 0.000000000000000000e+00 1.000000000000000000e+00 2.756199836730957031e+00
3.220000076293945312e+01 3.451242810115218163e-05 0.000000000000000000e+00 -2.334559439987060614e-06 3.129243850708007812e-07 0.000000000000000000e+00 7.000000000000000000e+00 8.191000000000000000e+03 0.000000000000000000e+00 1.000000000000000000e+00 2.756199836730957031e+00
3.240000152587890625e+01 -9.875565767288208008e-03 0.000000000000000000e+00 -2.223642013632343151e-06 -9.996719658374786377e-03 0.000000000000000000e+00 7.000000000000000000e+00 8.191000000000000000e+03 0.000000000000000000e+00 1.000000000000000000e+00 2.756199836730957031e+00
3.260000228881835938e+01 -1.988295838236808777e-02 0.000000000000000000e+00 -2.112612264681956731e-06 -1.999375596642494202e-02 0.000000000000000000e+00 7.000000000000000000e+00 6.143000000000000000e+03 0.000000000000000000e+00 1.000000000000000000e+00 2.756199836730957031e+00
3.279999923706054688e+01 -2.988352254033088684e-02 0.000000000000000000e+00 -2.016709458985133097e-06 -3.000328317284584045e-02 0.000000000000000000e+00 7.000000000000000000e+00 8.191000000000000000e+03 0.000000000000000000e+00 1.000000000000000000e+00 2.756199836730957031e+00
3.300000000000000000e+01 -3.989145159721374512e-02 0.000000000000000000e+00 -1.927738821905222721e-06 -4.000032320618629456e-02 0.000000000000000000e+00 7.000000000000000000e+00 8.191000000000000000e+03 0.000000000000000000e+00 1.000000000000000000e+00 2.756199836730957031e+00
3.320000076293945312e+01 -4.986363276839256287e-02 0.000000000000000000e+00 -1.852067839536175597e-06 -4.999735578894615173e-02 0.000000000000000000e+00 7.000000000000000000e+00 8.191000000000000000e+03 0.000000000000000000e+00 1.000000000000000000e+00 2.756199836730957031e+00
3.340000152587890625e+01 -5.989854782819747925e-02 0.000000000000000000e+00 -1.786978373274905607e-06 -5.999438837170600891e-02 0.000000000000000000e+00 7.000000000000000000e+00 8.191000000000000000e+03 0.000000000000000000e+00 1.000000000000000000e+00 2.756399869918823242e+00
3.360000228881835938e+01 -6.989845633506774902e-02 0.000000000000000000e+00 -1.727110884530702606e-06 -7.000392675399780273e-02 0.000000000000000000e+00 7.000000000000000000e+00 8.191000000000000000e+03 0.000000000000000000e+00 1.000000000000000000e+00 2.756399869918823242e+00
3.379999923706054688e+01 -7.980819046497344971e-02 0.000000000000000000e+00 -1.683535401753033511e-06 -8.000095188617706299e-02 0.000000000000000000e+00 7.000000000000000000e+00 8.191000000000000000e+03 0.000000000000000000e+00 1.000000000000000000e+00 2.756399869918823242e+00
3.400000000000000000e+01 -8.992230147123336792e-02 0.000000000000000000e+00 -1.642561414882948156e-06 -8.999799191951751709e-02 0.000000000000000000e+00 7.000000000000000000e+00 8.191000000000000000e+03 0.000000000000000000e+00 1.000000000000000000e+00 2.756399869918823242e+00
3.420000076293945312e+01 -9.987139701843261719e-02 0.000000000000000000e+00 -1.616725398889684584e-06 -9.999501705169677734e-02 0.000000000000000000e+00 7.000000000000000000e+00 8.191000000000000000e+03 0.000000000000000000e+00 1.000000000000000000e+00 2.756399869918823242e+00
3.440000152587890625e+01 -1.098688542842864990e-01 0.000000000000000000e+00 -1.589541057001042645e-06 -1.100045591592788696e-01 0.000000000000000000e+00 7.000000000000000000e+00 8.191000000000000000e+03 0.000000000000000000e+00 1.000000000000000000e+00 2.756199836730957031e+00
3.460000228881835938e+01 -1.199264451861381531e-01 0.000000000000000000e+00 -1.583065227350743953e-06 -1.200015842914581299e-01 0.000000000000000000e+00 7.000000000000000000e+00 8.191000000000000000e+03 0.000000000000000000e+00 1.000000000000000000e+00 2.756199836730957031e+00
3.479999923706054688e+01 -1.299139857292175293e-01 0.000000000000000000e+00 -1.586375788065197412e-06 -1.299986243247985840e-01 0.000000000000000000e+00 7.000000000000000000e+00 8.191000000000000000e+03 0.000000000000000000e+00 1.000000000000000000e+00 2.756199836730957031e+00
3.500000000000000000e+01 -1.398910731077194214e-01 0.000000000000000000e+00 -1.606970727152656764e-06 -1.399956643581390381e-01 0.000000000000000000e+00 7.000000000000000000e+00 8.191000000000000000e+03 0.000000000000000000e+00 1.000000000000000000e+00 2.756199836730957031e+00
3.520000076293945312e+01 -1.499293297529220581e-01 0.000000000000000000e+00 -1.652366108828573488e-06 -1.500051915645599365e-01 0.000000000000000000e+00 7.000000000000000000e+00 8.191000000000000000e+03 0.000000000000000000e+00 1.000000000000000000e+00 2.756199836730957031e+00
3.540000152587890625e+01 -1.599151492118835449e-01 0.000000000000000000e+00 -1.722034994600107893e-06 -1.600022166967391968e-01 0.000000000000000000e+00 7.000000000000000000e+00 8.191000000000000000e+03 0.000000000000000000e+00 1.000000000000000000e+00 2.756199836730957031e+00
3.560000228881835938e+01 -1.699067503213882446e-01 0.000000000000000000e+00 -1.833439341680787038e-06 -1.699992567300796509e-01 0.000000000000000000e+00 7.000000000000000000e+00 8.191000000000000000e+03 0.000000000000000000e+00 1.000000000000000000e+00 2.756199836730957031e+00
3.579999923706054688e+01 -1.798939704895019531e-01 0.000000000000000000e+00 -1.990146301977802068e-06 -1.799962967634201050e-01 0.000000000000000000e+00 7.000000000000000000e+00 8.191000000000000000e+03 0.000000000000000000e+00 1.000000000000000000e+00 2.756199836730957031e+00
3.600000000000000000e+01 -1.898626238107681274e-01 0.000000000000000000e+00 -2.195107526858919300e-06 -1.900058239698410034e-01 0.000000000000000000e+00 7.000000000000000000e+00 8.191000000000000000e+03 0.000000000000000000e+00 1.000000000000000000e+00 2.756199836730957031e+00
3.620000076293945312e+01 -1.999198794364929199e-01 0.000000000000000000e+00 -2.481933279341319576e-06 -2.000028640031814575e-01 0.000000000000000000e+00 7.000000000000000000e+00 8.191000000000000000e+03 0.000000000000000000e+00 1.000000000000000000e+00 2.756199836730957031e+00
3.640000152587890625e+01 -1.898656636476516724e-01 0.000000000000000000e+00 -1.944812538567930460e-06 -1.900058239698410034e-01 0.000000000000000000e+00 7.000000000000000000e+00 8.191000000000000000e+03 0.000000000000000000e+00 2.000000000000000000e+00 2.756199836730957031e+00
3.660000228881835938e+01 -1.798632591962814331e-01 0.000000000000000000e+00 -1.565926254443184007e-06 -1.799962967634201050e-01 0.000000000000000000e+00 7.000000000000000000e+00 8.191000000000000000e+03 0.000000000000000000e+00 2.000000000000000000e+00 2.756199836730957031e+00
3.679999923706054688e+01 -1.698724031448364258e-01 0.000000000000000000e+00 -1.282524749512958806e-06 -1.699992567300796509e-01 0.000000000000000000e+00 7.000000000000000000e+00 8.191000000000000000e+03 0.000000000000000000e+00 2.000000000000000000e+00 2.756199836730957031e+00
3.700000000000000000e+01 -1.599360108375549316e-01 0.000000000000000000e+00 -1.065747824213758577e-06 -1.600022166967391968e-01 0.000000000000000000e+00 7.000000000000000000e+00 8.191000000000000000e+03 0.000000000000000000e+00 2.000000000000000000e+00 2.756199836730957031e+00
3.720000076293945312e+01 -1.498956084251403809e-01 0.000000000000000000e+00 -8.964590278992545791e-07 -1.500051915645599365e-01 0.000000000000000000e+00 7.000000000000000000e+00 8.191000000000000000e+03 0.000000000000000000e+00 2.000000000000000000e+00 2.756199836730957031e+00
3.740000152587890625e+01 -1.398806869983673096e-01 0.000000000000000000e+00 -7.649908297935326118e-07 -1.399956643581390381e-01 0.000000000000000000e+00 7.000000000000000000e+00 8.191000000000000000e+03 0.000000000000000000e+00 2.000000000000000000e+00 2.756199836730957031e+00
3.760000228881835938e+01 -1.297910809516906738e-01 0.000000000000000000e+00 -6.630712050537113100e-07 -1.299986243247985840e-01 0.000000000000000000e+00 6.000000000000000000e+00 8.191000000000000000e+03 0.000000000000000000e+00 2.000000000000000000e+00 2.756199836730957031e+00
3.779999923706054688e+01 -1.198309957981109619e-01 0.000000000000000000e+00 -5.764732691204699222e-07 -1.200015842914581299e-01 0.000000000000000000e+00 6.000000000000000000e+00 8.191000000000000000e+03 0.000000000000000000e+00 2.000000000000000000e+00 2.756199836730957031e+00
3.800000000000000000e+01 -1.098568737506866455e-01 0.000000000000000000e+00 -5.046130127084325068e-07 -1.100045591592788696e-01 0.000000000000000000e+00 6.000000000000000000e+00 8.191000000000000000e+03 0.000000000000000000e+00 2.000000000000000000e+00 2.756199836730957031e+00
3.820000076293945312e+01 -9.983711689710617065e-02 0.000000000000000000e+00 -4.431239233326778049e-07 -9.999501705169677734e-02 0.000000000000000000e+00 6.000000000000000000e+00 8.191000000000000000e+03 0.000000000000000000e+00 2.000000000000000000e+00 2.756199836730957031e+00
3.840000152587890625e+01 -8.987073600292205811e-02 0.000000000000000000e+00 -3.891885853590792976e-07 -8.999799191951751709e-02 0.000000000000000000e+00 6.000000000000000000e+00 8.191000000000000000e+03 0.000000000000000000e+00 2.000000000000000000e+00 2.756199836730957031e+00
3.860000228881835938e+01 -7.996918261051177979e-02 0.000000000000000000e+00 -3.402291497422993416e-07 -8.000095188617706299e-02 0.000000000000000000e+00 6.000000000000000000e+00 8.191000000000000000e+03 0.000000000000000000e+00 2.000000000000000000e+00 2.756199836730957031e+00
3.879999923706054688e+01 -6.987474113702774048e-02 0.000000000000000000e+00 -2.938551801889843773e-07 -7.000392675399780273e-02 0.000000000000000000e+00 6.000000000000000000e+00 8.191000000000000000e+03 0.000000000000000000e+00 2.000000000000000000e+00 2.756199836730957031e+00
3.900000000000000000e+01 -5.988643690943717957e-02 0.000000000000000000e+00 -2.484249250755965477e-07 -5.999438837170600891e-02 0.000000000000000000e+00 6.000000000000000000e+00 8.191000000000000000e+03 0.000000000000000000e+00 2.000000000000000000e+00 2.756199836730957031e+00
3.920000076293945312e+01 -4.987328872084617615e-02 0.000000000000000000e+00 -2.007213169008537079e-07 -4.999735578894615173e-02 0.000000000000000000e+00 6.000000000000000000e+00 8.191000000000000000e+03 0.000000000000000000e+00 2.000000000000000000e+00 2.756199836730957031e+00
3.940000152587890625e+01 -3.983694314956665039e-02 0.000000000000000000e+00 -1.483953013803329668e-07 -4.000032320618629456e-02 0.000000000000000000e+00 6.000000000000000000e+00 8.191000000000000000e+03 0.000000000000000000e+00 2.000000000000000000e+00 2.756099939346313477e+00
3.960000228881835938e+01 -2.984632924199104309e-02 0.000000000000000000e+00 -8.875382917494789581e-08 -3.000328317284584045e-02 0.000000000000000000e+00 6.000000000000000000e+00 8.191000000000000000e+03 0.000000000000000000e+00 2.000000000000000000e+00 2.756099939346313477e+00
3.979999923706054688e+01 -1.983680017292499542e-02 0.000000000000000000e+00 -1.775917546353866783e-08 -1.999375596642494202e-02 0.000000000000000000e+00 6.000000000000000000e+00 8.191000000000000000e+03 0.000000000000000000e+00 2.000000000000000000e+00 2.756099939346313477e+00
4.000000000000000000e+01 -9.836552664637565613e-03 0.000000000000000000e+00 7.737970264543037047e-08 -9.996719658374786377e-03 0.000000000000000000e+00 5.000000000000000000e+00 8.188000000000000000e+03 0.000000000000000000e+00 2.000000000000000000e+00 2.756099939346313477e+00
4.020000076293945312e+01 7.487562834285199642e-05 0.000000000000000000e+00 1.091851729029258422e-07 3.129243850708007812e-07 0.000000000000000000e+00 5.000000000000000000e+00 7.164000000000000000e+03 0.000000000000000000e+00 2.000000000000000000e+00 2.756099939346313477e+00
4.040000152587890625e+01 1.023762486875057220e-02 0.000000000000000000e+00 3.304066922282800078e-07 9.997349232435226440e-03 0.000000000000000000e+00 6.000000000000000000e+00 8.191000000000000000e+03 0.000000000000000000e+00 2.000000000000000000e+00 2.756099939346313477e+00
4.060000228881835938e+01 2.016914635896682739e-02 0.000000000000000000e+00 5.199171368985844310e-07 1.999438367784023285e-02 0.000000000000000000e+00 6.000000000000000000e+00 6.143000000000000000e+03 0.000000000000000000e+00 2.000000000000000000e+00 2.756099939346313477e+00
4.079999923706054688e+01 3.011595644056797028e-02 0.000000000000000000e+00 7.612517833877063822e-07 3.000391460955142975e-02 0.000000000000000000e+00 6.000000000000000000e+00 8.191000000000000000e+03 0.000000000000000000e+00 2.000000000000000000e+00 2.756099939346313477e+00
4.100000000000000000e+01 4.016721993684768677e-02 0.000000000000000000e+00 1.055082066159229726e-06 4.000094905495643616e-02 0.000000000000000000e+00 6.000000000000000000e+00 7.164000000000000000e+03 0.000000000000000000e+00 2.000000000000000000e+00 2.756099939346313477e+00
4.120000076293945312e+01 5.009838566184043884e-02 0.000000000000000000e+00 1.419678596903395373e-06 4.999798536300659180e-02 0.000000000000000000e+00 7.000000000000000000e+00 8.191000000000000000e+03 0.000000000000000000e+00 2.000000000000000000e+00 2.756099939346313477e+00
4.140000152587890625e+01 6.008875370025634766e-02 0.000000000000000000e+00 1.813189101085299626e-06 5.999501794576644897e-02 0.000000000000000000e+00 7.000000000000000000e+00 8.191000000000000000e+03 0.000000000000000000e+00 2.000000000000000000e+00 2.756299972534179688e+00
4.160000228881835938e+01 7.017841935157775879e-02 0.000000000000000000e+00 2.226810011052293703e-06 7.000455260276794434e-02 0.000000000000000000e+00 7.000000000000000000e+00 8.191000000000000000e+03 0.000000000000000000e+00 2.000000000000000000e+00 2.756299972534179688e+00
4.179999923706054688e+01 8.014680445194244385e-02 0.000000000000000000e+00 2.616037136249360628e-06 8.000158518552780151e-02 0.000000000000000000e+00 7.000000000000000000e+00 8.191000000000000000e+03 0.000000000000000000e+00 2.000000000000000000e+00 2.756299972534179688e+00
4.200000000000000000e+01 9.011277556419372559e-02 0.000000000000000000e+00 2.935338216047966853e-06 8.999861776828765869e-02 0.000000000000000000e+00 7.000000000000000000e+00 8.191000000000000000e+03 0.000000000000000000e+00 2.000000000000000000e+00 2.756299972534179688e+00
4.220000076293945312e+01 1.000974327325820923e-01 0.000000000000000000e+00 3.173698360114940442e-06 9.999565780162811279e-02 0.000000000000000000e+00 7.000000000000000000e+00 8.191000000000000000e+03 0.000000000000000000e+00 2.000000000000000000e+00 2.756299972534179688e+00
4.240000152587890625e+01 1.101586148142814636e-01 0.000000000000000000e+00 3.321900749142514542e-06 1.100051850080490112e-01 0.000000000000000000e+00 7.000000000000000000e+00 8.191000000000000000e+03 0.000000000000000000e+00 2.000000000000000000e+00 2.756099939346313477e+00
4.260000228881835938e+01 1.201310232281684875e-01 0.000000000000000000e+00 3.388946879567811266e-06 1.200022250413894653e-01 0.000000000000000000e+00 7.000000000000000000e+00 8.191000000000000000e+03 0.000000000000000000e+00 2.000000000000000000e+00 2.756099939346313477e+00
4.279999923706054688e+01 1.301606297492980957e-01 0.000000000000000000e+00 3.394697387193446048e-06 1.299992501735687256e-01 0.000000000000000000e+00 7.000000000000000000e+00 8.191000000000000000e+03 0.000000000000000000e+00 2.000000000000000000e+00 2.756099939346313477e+00
4.300000000000000000e+01 1.401995420455932617e-01 0.000000000000000000e+00 3.365088105056202039e-06 1.399962902069091797e-01 0.000000000000000000e+00 7.000000000000000000e+00 8.191000000000000000e+03 0.000000000000000000e+00 2.000000000000000000e+00 2.756099939346313477e+00
4.320000076293945312e+01 1.501558572053909302e-01 0.000000000000000000e+00 3.319416236990946345e-06 1.500058174133300781e-01 0.000000000000000000e+00 7.000000000000000000e+00 8.191000000000000000e+03 0.000000000000000000e+00 2.000000000000000000e+00 2.756099939346313477e+00
4.340000152587890625e+01 1.602252721786499023e-01 0.000000000000000000e+00 3.277049017924582586e-06 1.600028574466705322e-01 0.000000000000000000e+00 7.000000000000000000e+00 8.191000000000000000e+03 0.000000000000000000e+00 2.000000000000000000e+00 2.756099939346313477e+00
4.360000228881835938e+01 1.701124906539916992e-01 0.000000000000000000e+00 3.243191713409032673e-06 1.699998974800109863e-01 0.000000000000000000e+00 7.000000000000000000e+00 8.191000000000000000e+03 0.000000000000000000e+00 2.000000000000000000e+00 2.756099939346313477e+00
4.379999923706054688e+01 1.802033483982086182e-01 0.000000000000000000e+00 3.218572828700416721e-06 1.799969226121902466e-01 0.000000000000000000e+00 7.000000000000000000e+00 8.191000000000000000e+03 0.000000000000000000e+00 2.000000000000000000e+00 2.756099939346313477e+00
4.400000000000000000e+01 1.901160329580307007e-01 0.000000000000000000e+00 3.206944938938249834e-06 1.899939626455307007e-01 0.000000000000000000e+00 7.000000000000000000e+00 8.191000000000000000e+03 0.000000000000000000e+00 2.000000000000000000e+00 2.756099939346313477e+00
4.420000076293945312e+01 2.001242041587829590e-01 0.000000000000000000e+00 3.213997160855797119e-06 2.000034898519515991e-01 0.000000000000000000e+00 7.000000000000000000e+00 8.191000000000000000e+03 0.000000000000000000e+00 2.000000000000000000e+00 2.756099939346313477e+00
4.440000152587890625e+01 2.101215571165084839e-01 0.000000000000000000e+00 3.237053306293091737e-06 2.100005298852920532e-01 0.000000000000000000e+00 7.000000000000000000e+00 8.191000000000000000e+03 0.000000000000000000e+00 2.000000000000000000e+00 2.756199836730957031e+00
4.460000228881835938e+01 2.201399952173233032e-01 0.000000000000000000e+00 3.269541366535122506e-06 2.199975699186325073e-01 0.000000000000000000e+00 7.000000000000000000e+00 8.191000000000000000e+03 0.000000000000000000e+00 2.000000000000000000e+00 2.756199836730957031e+00
4.479999923706054688e+01 2.301394939422607422e-01 0.000000000000000000e+00 3.311288310214877129e-06 2.299945950508117676e-01 0.000000000000000000e+00 7.000000000000000000e+00 8.191000000000000000e+03 0.000000000000000000e+00 2.000000000000000000e+00 2.756199836730957031e+00
4.500000000000000000e+01 2.401771396398544312e-01 0.000000000000000000e+00 3.367565113876480609e-06 2.400041371583938599e-01 0.000000000000000000e+00 7.000000000000000000e+00 8.191000000000000000e+03 0.000000000000000000e+00 2.000000000000000000e+00 2.756199836730957031e+00
4.520000076293945312e+01 2.501564621925354004e-01 0.000000000000000000e+00 3.419124823267338797e-06 2.500011622905731201e-01 0.000000000000000000e+00 7.000000000000000000e+00 8.191000000000000000e+03 0.000000000000000000e+00 2.000000000000000000e+00 2.756199836730957031e+00
4.540000152587890625e+01 2.601613402366638184e-01 0.000000000000000000e+00 3.478865892247995362e-06 2.599982023239135742e-01 0.000000000000000000e+00 7.000000000000000000e+00 8.191000000000000000e+03 0.000000000000000000e+00 2.000000000000000000e+00 2.756199836730957031e+00
4.560000228881835938e+01 2.701517343521118164e-01 0.000000000000000000e+00 3.537039447110146284e-06 2.699952423572540283e-01 0.000000000000000000e+00 7.000000000000000000e+00 8.191000000000000000e+03 0.000000000000000000e+00 2.000000000000000000e+00 2.756199836730957031e+00
4.579999923706054688e+01 2.801854312419891357e-01 0.000000000000000000e+00 3.591739641706226394e-06 2.800047695636749268e-01 0.000000000000000000e+00 7.000000000000000000e+00 8.191000000000000000e+03 0.000000000000000000e+00 2.000000000000000000e+00 2.756199836730957031e+00
4.600000000000000000e+01 2.901578247547149658e-01 0.000000000000000000e+00 3.649437985586700961e-06 2.900017797946929932e-01 0.000000000000000000e+00 7.000000000000000000e+00 8.191000000000000000e+03 0.000000000000000000e+00 2.000000000000000000e+00 2.756199836730957031e+00
4.620000076293945312e+01 3.001467287540435791e-01 0.000000000000000000e+00 3.701560444824281149e-06 2.999988198280334473e-01 0.000000000000000000e+00 7.000000000000000000e+00 8.191000000000000000e+03 0.000000000000000000e+00 2.000000000000000000e+00 2.756199836730957031e+00
4.640000152587890625e+01 2.900717258453369141e-01 0.000000000000000000e+00 2.633968279042164795e-06 2.900017797946929932e-01 0.000000000000000000e+00 7.000000000000000000e+00 8.191000000000000000e+03 0.000000000000000000e+00 2.000000000000000000e+00 2.756199836730957031e+00
4.660000228881835938e+01 2.801080048084259033e-01 0.000000000000000000e+00 2.089882627842598595e-06 2.800047695636749268e-01 0.000000000000000000e+00 7.000000000000000000e+00 8.191000000000000000e+03 0.000000000000000000e+00 2.000000000000000000e+00 2.756199836730957031e+00
4.679999923706054688e+01 2.701337635517120361e-01 0.000000000000000000e+00 1.740983066156331915e-06 2.699952423572540283e-01 0.000000000000000000e+00 7.000000000000000000e+00 8.191000000000000000e+03 0.000000000000000000e+00 2.000000000000000000e+00 2.756199836730957031e+00
4.700000000000000000e+01 2.600923776626586914e-01 0.000000000000000000e+00 1.500731741543859243e-06 2.599982023239135742e-01 0.000000000000000000e+00 7.000000000000000000e+00 8.191000000000000000e+03 0.000000000000000000e+00 2.000000000000000000e+00 2.756199836730957031e+00
4.720000076293945312e+01 2.501659095287322998e-01 0.000000000000000000e+00 1.317205828854639549e-06 2.500011622905731201e-01 0.000000000000000000e+00 7.000000000000000000e+00 8.191000000000000000e+03 0.000000000000000000e+00 2.000000000000000000e+00 2.756199836730957031e+00
4.740000152587890625e+01 2.401107698678970337e-01 0.000000000000000000e+00 1.182050141323998105e-06 2.400041371583938599e-01 0.000000000000000000e+00 7.000000000000000000e+00 8.191000000000000000e+03 0.000000000000000000e+00 2.000000000000000000e+00 2.755899906158447266e+00
4.760000228881835938e+01 2.301406860351562500e-01 0.000000000000000000e+00 1.066387767423293553e-06 2.299945950508117676e-01 0.000000000000000000e+00 7.000000000000000000e+00 8.191000000000000000e+03 0.000000000000000000e+00 2.000000000000000000e+00 2.755899906158447266e+00
4.779999923706054688e+01 2.202219516038894653e-01 0.000000000000000000e+00 9.694756499811774120e-07 2.199975699186325073e-01 0.000000000000000000e+00 7.000000000000000000e+00 8.191000000000000000e+03 0.000000000000000000e+00 2.000000000000000000e+00 2.755899906158447266e+00
4.800000000000000000e+01 2.101949453353881836e-01 0.000000000000000000e+00 8.806980531517183408e-07 2.100005298852920532e-01 0.000000000000000000e+00 7.000000000000000000e+00 8.191000000000000000e+03 0.000000000000000000e+00 2.000000000000000000e+00 2.755899906158447266e+00
4.820000076293945312e+01 2.001952528953552246e-01 0.000000000000000000e+00 8.004345204426499549e-07 2.000034898519515991e-01 0.000000000000000000e+00 7.000000000000000000e+00 8.191000000000000000e+03 0.000000000000000000e+00 2.000000000000000000e+00 2.755899906158447266e+00
4.840000152587890625e+01 1.901768594980239868e-01 0.000000000000000000e+00 7.102882477738603484e-07 1.899939626455307007e-01 0.000000000000000000e+00 6.000000000000000000e+00 8.191000000000000000e+03 0.000000000000000000e+00 2.000000000000000000e+00 2.755899906158447266e+00
4.860000228881835938e+01 1.801292002201080322e-01 0.000000000000000000e+00 6.230786766536766663e-07 1.799969226121902466e-01 0.000000000000000000e+00 6.000000000000000000e+00 8.191000000000000000e+03 0.000000000000000000e+00 2.000000000000000000e+00 2.755899906158447266e+00
4.879999923706054688e+01 1.701542437076568604e-01 0.000000000000000000e+00 5.274349632600205950e-07 1.699998974800109863e-01 0.000000000000000000e+00 6.000000000000000000e+00 8.191000000000000000e+03 0.000000000000000000e+00 2.000000000000000000e+00 2.755899906158447266e+00
4.900000000000000000e+01 1.601114571094512939e-01 0.000000000000000000e+00 4.165579809978225967e-07 1.600028574466705322e-01 0.000000000000000000e+00 6.000000000000000000e+00 8.191000000000000000e+03 0.000000000000000000e+00 2.000000000000000000e+00 2.755899906158447266e+00
4.920000076293945312e+01 1.501858234405517578e-01 0.000000000000000000e+00 2.834753161096159602e-07 1.500058174133300781e-01 0.000000000000000000e+00 6.000000000000000000e+00 8.191000000000000000e+03 0.000000000000000000e+00 2.000000000000000000e+00 2.755899906158447266e+00
4.940000152587890625e+01 1.401968747377395630e-01 0.000000000000000000e+00 1.190760769986809464e-07 1.399962902069091797e-01 0.000000000000000000e+00 6.000000000000000000e+00 8.191000000000000000e+03 0.000000000000000000e+00 2.000000000000000000e+00 2.756099939346313477e+00
4.960000228881835938e+01 1.301423013210296631e-01 0.000000000000000000e+00 -8.589572075834439602e-08 1.299992501735687256e-01 0.000000000000000000e+00 6.000000000000000000e+00 8.191000000000000000e+03 0.000000000000000000e+00 2.000000000000000000e+00 2.756099939346313477e+00
4.979999923706054688e+01 1.200950294733047485e-01 0.000000000000000000e+00 -3.395854264454101212e-07 1.200022250413894653e-01 0.000000000000000000e+00 6.000000000000000000e+00 8.191000000000000000e+03 0.000000000000000000e+00 2.000000000000000000e+00 2.756099939346313477e+00
5.000000000000000000e+01 1.101552397012710571e-01 0.000000000000000000e+00 -6.489868837888934650e-07 1.100051850080490112e-01 0.000000000000000000e+00 6.000000000000000000e+00 8.191000000000000000e+03 0.000000000000000000e+00 2.000000000000000000e+00 2.756099939346313477e+00
5.020000076293945312e+01 1.001804098486900330e-01 0.000000000000000000e+00 -1.009823108688578941e-06 9.999565780162811279e-02 0.000000000000000000e+00 6.000000000000000000e+00 7.164000000000000000e+03 0.000000000000000000e+00 2.000000000000000000e+00 2.756099939346313477e+00
5.040000152587890625e+01 9.018737822771072388e-02 0.000000000000000000e+00 -1.396634502270899247e-06 8.999861776828765869e-02 0.000000000000000000e+00 7.000000000000000000e+00 8.191000000000000000e+03 0.000000000000000000e+00 2.000000000000000000e+00 2.756099939346313477e+00
5.060000228881835938e+01 8.018583059310913086e-02 0.000000000000000000e+00 -1.796153242139553186e-06 8.000158518552780151e-02 0.000000000000000000e+00 7.000000000000000000e+00 8.191000000000000000e+03 0.000000000000000000e+00 2.000000000000000000e+00 2.756099939346313477e+00
5.079999923706054688e+01 7.012389600276947021e-02 0.000000000000000000e+00 -2.154105004592565820e-06 7.000455260276794434e-02 0.000000000000000000e+00 7.000000000000000000e+00 8.191000000000000000e+03 0.000000000000000000e+00 2.000000000000000000e+00 2.756099939346313477e+00
5.100000000000000000e+01 6.012254953384399414e-02 0.000000000000000000e+00 -2.440312073304085061e-06 5.999501794576644897e-02 0.000000000000000000e+00 7.000000000000000000e+00 8.191000000000000000e+03 0.000000000000000000e+00 2.000000000000000000e+00 2.756099939346313477e+00
5.120000076293945312e+01 5.015978962182998657e-02 0.000000000000000000e+00 -2.627624098749947734e-06 4.999798536300659180e-02 0.000000000000000000e+00 7.000000000000000000e+00 8.191000000000000000e+03 0.000000000000000000e+00 2.000000000000000000e+00 2.756099939346313477e+00
5.140000152587890625e+01 4.013463109731674194e-02 0.000000000000000000e+00 -2.709946329559898004e-06 4.000094905495643616e-02 0.000000000000000000e+00 7.000000000000000000e+00 8.191000000000000000e+03 0.000000000000000000e+00 2.000000000000000000e+00 2.756000041961669922e+00
5.160000228881835938e+01 3.012050315737724304e-02 0.000000000000000000e+00 -2.710553417273331434e-06 3.000391460955142975e-02 0.000000000000000000e+00 7.000000000000000000e+00 8.191000000000000000e+03 0.000000000000000000e+00 2.000000000000000000e+00 2.756000041961669922e+00
5.179999923706054688e+01 2.016467228531837463e-02 0.000000000000000000e+00 -2.649918542374507524e-06 1.999438367784023285e-02 0.000000000000000000e+00 7.000000000000000000e+00 8.191000000000000000e+03 0.000000000000000000e+00 2.000000000000000000e+00 2.756000041961669922e+00
5.200000000000000000e+01 1.019420661032199860e-02 0.000000000000000000e+00 -2.549039891164284199e-06 9.997349232435226440e-03 0.000000000000000000e+00 7.000000000000000000e+00 8.191000000000000000e+03 0.000000000000000000e+00 2.000000000000000000e+00 2.756000041961669922e+00
5.220000076293945312e+01 1.975678605958819389e-04 0.000000000000000000e+00 -2.435073611195548438e-06 3.129243850708007812e-07 0.000000000000000000e+00 7.000000000000000000e+00 8.191000000000000000e+03 0.000000000000000000e+00 2.000000000000000000e+00 2.756000041961669922e+00
5.240000152587890625e+01 -9.845538064837455750e-03 0.000000000000000000e+00 -2.318131464562611654e-06 -9.996719658374786377e-03 0.000000000000000000e+00 7.000000000000000000e+00 8.191000000000000000e+03 0.000000000000000000e+00 2.000000000000000000e+00 2.756000041961669922e+00
5.260000228881835938e+01 -1.989528723061084747e-02 0.000000000000000000e+00 -2.205655619036406279e-06 -1.999375596642494202e-02 0.000000000000000000e+00 7.000000000000000000e+00 6.143000000000000000e+03 0.000000000000000000e+00 2.000000000000000000e+00 2.756000041961669922e+00
5.279999923706054688e+01 -2.987899817526340485e-02 0.000000000000000000e+00 -2.106454076056252234e-06 -3.000328317284584045e-02 0.000000000000000000e+00 7.000000000000000000e+00 8.191000000000000000e+03 0.000000000000000000e+00 2.000000000000000000e+00 2.756000041961669922e+00
5.300000000000000000e+01 -3.988015279173851013e-02 0.000000000000000000e+00 -2.015033942370791920e-06 -4.000032320618629456e-02 0.000000000000000000e+00 7.000000000000000000e+00 8.191000000000000000e+03 0.000000000000000000e+00 2.000000000000000000e+00 2.756000041961669922e+00
5.320000076293945312e+01 -4.989789053797721863e-02 0.000000000000000000e+00 -1.941841446750913747e-06 -4.999735578894615173e-02 0.000000000000000000e+00 7.000000000000000000e+00 8.191000000000000000e+03 0.000000000000000000e+00 2.000000000000000000e+00 2.756000041961669922e+00
5.340000152587890625e+01 -5.988572165369987488e-02 0.000000000000000000e+00 -1.870631990641413722e-06 -5.999438837170600891e-02 0.000000000000000000e+00 7.000000000000000000e+00 8.191000000000000000e+03 0.000000000000000000e+00 2.000000000000000000e+00 2.756199836730957031e+00
5.360000228881835938e+01 -6.993138045072555542e-02 0.000000000000000000e+00 -1.813342350942548364e-06 -7.000392675399780273e-02 0.000000000000000000e+00 7.000000000000000000e+00 8.191000000000000000e+03 0.000000000000000000e+00 2.000000000000000000e+00 2.756199836730957031e+00
5.379999923706054688e+01 -7.989629358053207397e-02 0.000000000000000000e+00 -1.761563225954887457e-06 -8.000095188617706299e-02 0.000000000000000000e+00 7.000000000000000000e+00 8.191000000000000000e+03 0.000000000000000000e+00 2.000000000000000000e+00 2.756199836730957031e+00
5.400000000000000000e+01 -8.987398445606231689e-02 0.000000000000000000e+00 -1.721622766126529314e-06 -8.999799191951751709e-02 0.000000000000000000e+00 7.000000000000000000e+00 8.191000000000000000e+03 0.000000000000000000e+00 2.000000000000000000e+00 2.756199836730957031e+00
5.420000076293945312e+01 -9.985121339559555054e-02 0.000000000000000000e+00 -1.688341967565065715e-06 -9.999501705169677734e-02 0.000000000000000000e+00 7.000000000000000000e+00 8.191000000000000000e+03 0.000000000000000000e+00 2.000000000000000000e+00 2.756199836730957031e+00
5.440000152587890625e+01 -1.098593771457672119e-01 0.000000000000000000e+00 -1.667661081228288822e-06 -1.100045591592788696e-01 0.000000000000000000e+00 7.000000000000000000e+00 8.191000000000000000e+03 0.000000000000000000e+00 2.000000000000000000e+00 2.756000041961669922e+00
5.460000228881835938e+01 -1.199523881077766418e-01 0.000000000000000000e+00 -1.653661684031249024e-06 -1.200015842914581299e-01 0.000000000000000000e+00 7.000000000000000000e+00 8.191000000000000000e+03 0.000000000000000000e+00 2.000000000000000000e+00 2.756000041961669922e+00
5.479999923706054688e+01 -1.299506872892379761e-01 0.000000000000000000e+00 -1.652661353546136525e-06 -1.299986243247985840e-01 0.000000000000000000e+00 7.000000000000000000e+00 8.191000000000000000e+03 0.000000000000000000e+00 2.000000000000000000e+00 2.756000041961669922e+00
5.500000000000000000e+01 -1.399622857570648193e-01 0.000000000000000000e+00 -1.670309870860364754e-06 -1.399956643581390381e-01 0.000000000000000000e+00 7.000000000000000000e+00 8.191000000000000000e+03 0.000000000000000000e+00 2.000000000000000000e+00 2.756000041961669922e+00
5.520000076293945312e+01 -1.499209702014923096e-01 0.000000000000000000e+00 -1.712329890324326698e-06 -1.500051915645599365e-01 0.000000000000000000e+00 7.000000000000000000e+00 8.191000000000000000e+03 0.000000000000000000e+00 2.000000000000000000e+00 2.756000041961669922e+00
5.540000152587890625e+01 -1.599045097827911377e-01 0.000000000000000000e+00 -1.783592665560718160e-06 -1.600022166967391968e-01 0.000000000000000000e+00 7.000000000000000000e+00 8.191000000000000000e+03 0.000000000000000000e+00 2.000000000000000000e+00 2.756000041961669922e+00
5.560000228881835938e+01 -1.699552237987518311e-01 0.000000000000000000e+00 -1.891027181954996195e-06 -1.699992567300796509e-01 0.000000000000000000e+00 7.000000000000000000e+00 8.191000000000000000e+03 0.000000000000000000e+00 2.000000000000000000e+00 2.756000041961669922e+00
5.579999923706054688e+01 -1.798891276121139526e-01 0.000000000000000000e+00 -2.044949496848857962e-06 -1.799962967634201050e-01 0.000000000000000000e+00 7.000000000000000000e+00 8.191000000000000000e+03 0.000000000000000000e+00 2.000000000000000000e+00 2.756000041961669922e+00
5.600000000000000000e+01 -1.899420469999313354e-01 0.000000000000000000e+00 -2.257259893667651340e-06 -1.900058239698410034e-01 0.000000000000000000e+00 7.000000000000000000e+00 8.191000000000000000e+03 0.000000000000000000e+00 2.000000000000000000e+00 2.756000041961669922e+00
5.620000076293945312e+01 -1.998528391122817993e-01 0.000000000000000000e+00 -2.532839062041603029e-06 -2.000028640031814575e-01 0.000000000000000000e+00 7.000000000000000000e+00 8.191000000000000000e+03 0.000000000000000000e+00 2.000000000000000000e+00 2.756000041961669922e+00
5.640000152587890625e+01 -1.998807638883590698e-01 0.000000000000000000e+00 -2.401747678959509358e-06 -2.000028640031814575e-01 0.000000000000000000e+00 7.000000000000000000e+00 8.191000000000000000e+03 0.000000000000000000e+00 3.000000000000000000e+00 2.756000041961669922e+00
