5.000000000000000000e-01 2.662407606840133667e-02 2.662407606840133667e-02 0.000000000000000000e+00 0.000000000000000000e+00 8.191000000000000000e+03 0.000000000000000000e+00 2.756599903106689453e+00
1.000000000000000000e+00 2.662935666739940643e-02 2.690060622990131378e-02 0.000000000000000000e+00 0.000000000000000000e+00 8.191000000000000000e+03 0.000000000000000000e+00 2.756599903106689453e+00
1.500000000000000000e+00 2.666487172245979309e-02 2.732364274561405182e-02 0.000000000000000000e+00 0.000000000000000000e+00 8.191000000000000000e+03 0.000000000000000000e+00 2.756599903106689453e+00
2.000000000000000000e+00 2.677681669592857361e-02 2.779579162597656250e-02 0.000000000000000000e+00 0.000000000000000000e+00 8.191000000000000000e+03 0.000000000000000000e+00 2.756199836730957031e+00
2.500000000000000000e+00 2.700242586433887482e-02 2.825001440942287445e-02 0.000000000000000000e+00 0.000000000000000000e+00 8.191000000000000000e+03 0.000000000000000000e+00 2.756199836730957031e+00
3.000000000000000000e+00 2.734072878956794739e-02 2.876288071274757385e-02 0.000000000000000000e+00 0.000000000000000000e+00 8.191000000000000000e+03 0.000000000000000000e+00 2.756399869918823242e+00
3.500000000000000000e+00 2.776106819510459900e-02 2.927891910076141357e-02 0.000000000000000000e+00 0.000000000000000000e+00 8.191000000000000000e+03 0.000000000000000000e+00 2.756399869918823242e+00
4.000000000000000000e+00 2.823025733232498169e-02 2.977683208882808685e-02 0.000000000000000000e+00 0.000000000000000000e+00 8.191000000000000000e+03 0.000000000000000000e+00 2.756399869918823242e+00
4.500000000000000000e+00 2.872544713318347931e-02 3.031440265476703644e-02 0.000000000000000000e+00 0.000000000000000000e+00 8.191000000000000000e+03 0.000000000000000000e+00 2.756399869918823242e+00
5.000000000000000000e+00 2.923448756337165833e-02 3.087181597948074341e-02 0.000000000000000000e+00 0.000000000000000000e+00 8.191000000000000000e+03 0.000000000000000000e+00 2.756399869918823242e+00
5.500000000000000000e+00 2.975621074438095093e-02 3.151136264204978943e-02 0.000000000000000000e+00 0.000000000000000000e+00 8.191000000000000000e+03 0.000000000000000000e+00 2.756399869918823242e+00
6.000000000000000000e+00 3.029757551848888397e-02 3.208769112825393677e-02 0.000000000000000000e+00 0.000000000000000000e+00 8.191000000000000000e+03 0.000000000000000000e+00 2.756399869918823242e+00
6.500000000000000000e+00 3.086508065462112427e-02 3.278305009007453918e-02 0.000000000000000000e+00 0.000000000000000000e+00 8.191000000000000000e+03 0.000000000000000000e+00 2.756399869918823242e+00
7.000000000000000000e+00 3.145705163478851318e-02 3.325218334794044495e-02 0.000000000000000000e+00 0.000000000000000000e+00 8.191000000000000000e+03 0.000000000000000000e+00 2.756399869918823242e+00
7.500000000000000000e+00 3.206193447113037109e-02 3.395803272724151611e-02 0.000000000000000000e+00 0.000000000000000000e+00 8.191000000000000000e+03 0.000000000000000000e+00 2.756399869918823242e+00
8.000000000000000000e+00 3.266787528991699219e-02 3.452771157026290894e-02 0.000000000000000000e+00 0.000000000000000000e+00 8.191000000000000000e+03 0.000000000000000000e+00 2.756399869918823242e+00
8.500000000000000000e+00 3.327269852161407471e-02 3.512736037373542786e-02 0.000000000000000000e+00 0.000000000000000000e+00 8.191000000000000000e+03 0.000000000000000000e+00 2.756399869918823242e+00
9.000000000000000000e+00 3.387677296996116638e-02 3.567904606461524963e-02 0.000000000000000000e+00 0.000000000000000000e+00 8.191000000000000000e+03 0.000000000000000000e+00 2.756399869918823242e+00
9.500000000000000000e+00 3.447527065873146057e-02 3.627229109406471252e-02 0.000000000000000000e+00 0.000000000000000000e+00 8.191000000000000000e+03 0.000000000000000000e+00 2.756399869918823242e+00
1.000000000000000000e+01 3.506489470601081848e-02 3.687310963869094849e-02 0.000000000000000000e+00 0.000000000000000000e+00 8.191000000000000000e+03 0.000000000000000000e+00 2.756399869918823242e+00
1.050000000000000000e+01 3.564879670739173889e-02 3.742539137601852417e-02 0.000000000000000000e+00 0.000000000000000000e+00 8.191000000000000000e+03 0.000000000000000000e+00 2.756399869918823242e+00
1.100000000000000000e+01 3.622949868440628052e-02 3.794497624039649963e-02 0.000000000000000000e+00 0.000000000000000000e+00 8.191000000000000000e+03 0.000000000000000000e+00 2.756399869918823242e+00
1.150000000000000000e+01 3.680239245295524597e-02 3.848617896437644958e-02 0.000000000000000000e+00 0.000000000000000000e+00 8.191000000000000000e+03 0.000000000000000000e+00 2.756399869918823242e+00
1.200000000000000000e+01 3.735865652561187744e-02 3.887406736612319946e-02 0.000000000000000000e+00 0.000000000000000000e+00 8.191000000000000000e+03 0.000000000000000000e+00 2.756399869918823242e+00
1.250000000000000000e+01 3.789073601365089417e-02 3.945269435644149780e-02 0.000000000000000000e+00 0.000000000000000000e+00 8.191000000000000000e+03 0.000000000000000000e+00 2.756399869918823242e+00
1.300000000000000000e+01 3.839727118611335754e-02 3.980719670653343201e-02 0.000000000000000000e+00 0.000000000000000000e+00 8.191000000000000000e+03 0.000000000000000000e+00 2.756399869918823242e+00
1.350000000000000000e+01 3.888229280710220337e-02 4.029147699475288391e-02 0.000000000000000000e+00 0.000000000000000000e+00 8.191000000000000000e+03 0.000000000000000000e+00 2.756399869918823242e+00
1.400000000000000000e+01 3.935004398226737976e-02 4.076290503144264221e-02 0.000000000000000000e+00 0.000000000000000000e+00 8.191000000000000000e+03 0.000000000000000000e+00 2.756399869918823242e+00
1.450000000000000000e+01 3.980561345815658569e-02 4.112598299980163574e-02 0.000000000000000000e+00 0.000000000000000000e+00 8.191000000000000000e+03 0.000000000000000000e+00 2.756399869918823242e+00
1.500000000000000000e+01 4.025230556726455688e-02 4.158014059066772461e-02 0.000000000000000000e+00 0.000000000000000000e+00 8.191000000000000000e+03 0.000000000000000000e+00 2.756399869918823242e+00
