5.000000000000000000e-01 2.649548987392336130e-04 2.649548987392336130e-04 0.000000000000000000e+00 0.000000000000000000e+00 8.191000000000000000e+03 0.000000000000000000e+00 2.754600048065185547e+00
1.000000000000000000e+00 2.623508044052869081e-04 1.286418701056391001e-04 0.000000000000000000e+00 0.000000000000000000e+00 8.191000000000000000e+03 0.000000000000000000e+00 2.755199909210205078e+00
1.500000000000000000e+00 2.485925797373056412e-04 1.162898552138358355e-04 0.000000000000000000e+00 0.000000000000000000e+00 8.191000000000000000e+03 0.000000000000000000e+00 2.755199909210205078e+00
2.000000000000000000e+00 2.172322419937700033e-04 1.118129002861678600e-04 0.000000000000000000e+00 0.000000000000000000e+00 8.191000000000000000e+03 0.000000000000000000e+00 2.755199909210205078e+00
2.500000000000000000e+00 1.761771127348765731e-04 1.111703459173440933e-04 0.000000000000000000e+00 0.000000000000000000e+00 8.191000000000000000e+03 0.000000000000000000e+00 2.755199909210205078e+00
3.000000000000000000e+00 1.412329875165596604e-04 1.117735519073903561e-04 0.000000000000000000e+00 0.000000000000000000e+00 8.191000000000000000e+03 0.000000000000000000e+00 2.755599975585937500e+00
3.500000000000000000e+00 1.205222652060911059e-04 1.114967453759163618e-04 0.000000000000000000e+00 0.000000000000000000e+00 8.191000000000000000e+03 0.000000000000000000e+00 2.755599975585937500e+00
4.000000000000000000e+00 1.119729131460189819e-04 1.110411540139466524e-04 0.000000000000000000e+00 0.000000000000000000e+00 8.191000000000000000e+03 0.000000000000000000e+00 2.755599975585937500e+00
4.500000000000000000e+00 1.100107110687531531e-04 1.123999245464801788e-04 0.000000000000000000e+00 0.000000000000000000e+00 8.191000000000000000e+03 0.000000000000000000e+00 2.755599975585937500e+00
5.000000000000000000e+00 1.103852191590704024e-04 1.118127547670155764e-04 0.000000000000000000e+00 0.000000000000000000e+00 8.191000000000000000e+03 0.000000000000000000e+00 2.755599975585937500e+00
5.500000000000000000e+00 1.111263845814391971e-04 1.118500076700001955e-04 0.000000000000000000e+00 0.000000000000000000e+00 8.191000000000000000e+03 0.000000000000000000e+00 2.755599975585937500e+00
6.000000000000000000e+00 1.116472267312929034e-04 1.123725378420203924e-04 0.000000000000000000e+00 0.000000000000000000e+00 8.191000000000000000e+03 0.000000000000000000e+00 2.755599975585937500e+00
6.500000000000000000e+00 1.119106964324600995e-04 1.119227672461420298e-04 0.000000000000000000e+00 0.000000000000000000e+00 8.191000000000000000e+03 0.000000000000000000e+00 2.755599975585937500e+00
7.000000000000000000e+00 1.120331580750644207e-04 1.123503316193819046e-04 0.000000000000000000e+00 0.000000000000000000e+00 8.191000000000000000e+03 0.000000000000000000e+00 2.755599975585937500e+00
7.500000000000000000e+00 1.121025998145341873e-04 1.122327812481671572e-04 0.000000000000000000e+00 0.000000000000000000e+00 8.191000000000000000e+03 0.000000000000000000e+00 2.755599975585937500e+00
8.000000000000000000e+00 1.121530294767580926e-04 1.120633387472480536e-04 0.000000000000000000e+00 0.000000000000000000e+00 8.191000000000000000e+03 0.000000000000000000e+00 2.755599975585937500e+00
8.500000000000000000e+00 1.121816530940122902e-04 1.120803935918956995e-04 0.000000000000000000e+00 0.000000000000000000e+00 8.191000000000000000e+03 0.000000000000000000e+00 2.755599975585937500e+00
9.000000000000000000e+00 1.121818640967831016e-04 1.125170965678989887e-04 0.000000000000000000e+00 0.000000000000000000e+00 8.191000000000000000e+03 0.000000000000000000e+00 2.755599975585937500e+00
9.500000000000000000e+00 1.121731984312646091e-04 1.115882478188723326e-04 0.000000000000000000e+00 0.000000000000000000e+00 8.191000000000000000e+03 0.000000000000000000e+00 2.755599975585937500e+00
1.000000000000000000e+01 1.121500608860515058e-04 1.119133958127349615e-04 0.000000000000000000e+00 0.000000000000000000e+00 8.191000000000000000e+03 0.000000000000000000e+00 2.755599975585937500e+00
1.050000000000000000e+01 1.120696106227114797e-04 1.113901962526142597e-04 0.000000000000000000e+00 0.000000000000000000e+00 8.191000000000000000e+03 0.000000000000000000e+00 2.755599975585937500e+00
1.100000000000000000e+01 1.119259977713227272e-04 1.116050698328763247e-04 0.000000000000000000e+00 0.000000000000000000e+00 8.191000000000000000e+03 0.000000000000000000e+00 2.755599975585937500e+00
1.150000000000000000e+01 1.117600331781432033e-04 1.112424652092158794e-04 0.000000000000000000e+00 0.000000000000000000e+00 8.191000000000000000e+03 0.000000000000000000e+00 2.755599975585937500e+00
1.200000000000000000e+01 1.116019775508902967e-04 1.110656885430216789e-04 0.000000000000000000e+00 0.000000000000000000e+00 8.191000000000000000e+03 0.000000000000000000e+00 2.755599975585937500e+00
1.250000000000000000e+01 1.114514670916832983e-04 1.111623714677989483e-04 0.000000000000000000e+00 0.000000000000000000e+00 8.191000000000000000e+03 0.000000000000000000e+00 2.755599975585937500e+00
1.300000000000000000e+01 1.113286562031134963e-04 1.120080705732107162e-04 0.000000000000000000e+00 0.000000000000000000e+00 8.191000000000000000e+03 0.000000000000000000e+00 2.755599975585937500e+00
1.350000000000000000e+01 1.113058096962049603e-04 1.117124338634312153e-04 0.000000000000000000e+00 0.000000000000000000e+00 8.191000000000000000e+03 0.000000000000000000e+00 2.755599975585937500e+00
1.400000000000000000e+01 1.114222686737775803e-04 1.121457898989319801e-04 0.000000000000000000e+00 0.000000000000000000e+00 8.191000000000000000e+03 0.000000000000000000e+00 2.755599975585937500e+00
1.450000000000000000e+01 1.116312050726264715e-04 1.125593262258917093e-04 0.000000000000000000e+00 0.000000000000000000e+00 8.191000000000000000e+03 0.000000000000000000e+00 2.755599975585937500e+00
1.500000000000000000e+01 1.118627769756130874e-04 1.117758511099964380e-04 0.000000000000000000e+00 0.000000000000000000e+00 8.191000000000000000e+03 0.000000000000000000e+00 2.755599975585937500e+00
