5.000000000000000000e-01 4.856154322624206543e-02 4.856154322624206543e-02 0.000000000000000000e+00 0.000000000000000000e+00 8.191000000000000000e+03 0.000000000000000000e+00 2.757400035858154297e+00
1.000000000000000000e+00 4.847835376858711243e-02 4.420701414346694946e-02 0.000000000000000000e+00 0.000000000000000000e+00 8.191000000000000000e+03 0.000000000000000000e+00 2.757400035858154297e+00
1.500000000000000000e+00 4.798647761344909668e-02 4.107094928622245789e-02 0.000000000000000000e+00 0.000000000000000000e+00 8.191000000000000000e+03 0.000000000000000000e+00 2.756799936294555664e+00
2.000000000000000000e+00 4.667388647794723511e-02 3.889540955424308777e-02 0.000000000000000000e+00 0.000000000000000000e+00 8.191000000000000000e+03 0.000000000000000000e+00 2.756799936294555664e+00
2.500000000000000000e+00 4.452579468488693237e-02 3.727274760603904724e-02 0.000000000000000000e+00 0.000000000000000000e+00 8.191000000000000000e+03 0.000000000000000000e+00 2.756899833679199219e+00
3.000000000000000000e+00 4.201797768473625183e-02 3.609893843531608582e-02 0.000000000000000000e+00 0.000000000000000000e+00 8.191000000000000000e+03 0.000000000000000000e+00 2.756899833679199219e+00
3.500000000000000000e+00 3.968945145606994629e-02 3.515975922346115112e-02 0.000000000000000000e+00 0.000000000000000000e+00 8.191000000000000000e+03 0.000000000000000000e+00 2.756899833679199219e+00
4.000000000000000000e+00 3.781491145491600037e-02 3.449755162000656128e-02 0.000000000000000000e+00 0.000000000000000000e+00 8.191000000000000000e+03 0.000000000000000000e+00 2.756899833679199219e+00
4.500000000000000000e+00 3.641421347856521606e-02 3.394767642021179199e-02 0.000000000000000000e+00 0.000000000000000000e+00 8.191000000000000000e+03 0.000000000000000000e+00 2.756899833679199219e+00
5.000000000000000000e+00 3.539183363318443298e-02 3.357225283980369568e-02 0.000000000000000000e+00 0.000000000000000000e+00 8.191000000000000000e+03 0.000000000000000000e+00 2.756899833679199219e+00
5.500000000000000000e+00 3.464254364371299744e-02 3.336212411522865295e-02 0.000000000000000000e+00 0.000000000000000000e+00 8.191000000000000000e+03 0.000000000000000000e+00 2.756899833679199219e+00
6.000000000000000000e+00 3.409164398908615112e-02 3.312012553215026855e-02 0.000000000000000000e+00 0.000000000000000000e+00 8.191000000000000000e+03 0.000000000000000000e+00 2.756899833679199219e+00
6.500000000000000000e+00 3.368940204381942749e-02 3.297678381204605103e-02 0.000000000000000000e+00 0.000000000000000000e+00 8.191000000000000000e+03 0.000000000000000000e+00 2.756899833679199219e+00
7.000000000000000000e+00 3.339549154043197632e-02 3.287368267774581909e-02 0.000000000000000000e+00 0.000000000000000000e+00 8.191000000000000000e+03 0.000000000000000000e+00 2.756899833679199219e+00
7.500000000000000000e+00 3.317897021770477295e-02 3.282694891095161438e-02 0.000000000000000000e+00 0.000000000000000000e+00 8.191000000000000000e+03 0.000000000000000000e+00 2.756899833679199219e+00
8.000000000000000000e+00 3.302241861820220947e-02 3.281315416097640991e-02 0.000000000000000000e+00 0.000000000000000000e+00 8.191000000000000000e+03 0.000000000000000000e+00 2.756899833679199219e+00
8.500000000000000000e+00 3.291682526469230652e-02 3.280756622552871704e-02 0.000000000000000000e+00 0.000000000000000000e+00 8.191000000000000000e+03 0.000000000000000000e+00 2.756899833679199219e+00
9.000000000000000000e+00 3.285444155335426331e-02 3.284399211406707764e-02 0.000000000000000000e+00 0.000000000000000000e+00 8.191000000000000000e+03 0.000000000000000000e+00 2.756899833679199219e+00
9.500000000000000000e+00 3.282747790217399597e-02 3.290799260139465332e-02 0.000000000000000000e+00 0.000000000000000000e+00 8.191000000000000000e+03 0.000000000000000000e+00 2.756899833679199219e+00
1.000000000000000000e+01 3.283033519983291626e-02 3.296777978539466858e-02 0.000000000000000000e+00 0.000000000000000000e+00 8.191000000000000000e+03 0.000000000000000000e+00 2.756899833679199219e+00
1.050000000000000000e+01 3.285846114158630371e-02 3.303360566496849060e-02 0.000000000000000000e+00 0.000000000000000000e+00 8.191000000000000000e+03 0.000000000000000000e+00 2.756899833679199219e+00
1.100000000000000000e+01 3.290636837482452393e-02 3.314691781997680664e-02 0.000000000000000000e+00 0.000000000000000000e+00 8.191000000000000000e+03 0.000000000000000000e+00 2.756899833679199219e+00
1.150000000000000000e+01 3.297069668769836426e-02 3.327683731913566589e-02 0.000000000000000000e+00 0.000000000000000000e+00 8.191000000000000000e+03 0.000000000000000000e+00 2.756899833679199219e+00
1.200000000000000000e+01 3.305267542600631714e-02 3.341079875826835632e-02 0.000000000000000000e+00 0.000000000000000000e+00 8.191000000000000000e+03 0.000000000000000000e+00 2.756899833679199219e+00
1.250000000000000000e+01 3.315270692110061646e-02 3.348330780863761902e-02 0.000000000000000000e+00 0.000000000000000000e+00 8.191000000000000000e+03 0.000000000000000000e+00 2.756799936294555664e+00
1.300000000000000000e+01 3.326538577675819397e-02 3.367266803979873657e-02 0.000000000000000000e+00 0.000000000000000000e+00 8.191000000000000000e+03 0.000000000000000000e+00 2.756799936294555664e+00
1.350000000000000000e+01 3.338544815778732300e-02 3.380073979496955872e-02 0.000000000000000000e+00 0.000000000000000000e+00 8.191000000000000000e+03 0.000000000000000000e+00 2.756799936294555664e+00
1.400000000000000000e+01 3.351383656263351440e-02 3.397416695952415466e-02 0.000000000000000000e+00 0.000000000000000000e+00 8.191000000000000000e+03 0.000000000000000000e+00 2.756799936294555664e+00
1.450000000000000000e+01 3.365264832973480225e-02 3.411032259464263916e-02 0.000000000000000000e+00 0.000000000000000000e+00 8.191000000000000000e+03 0.000000000000000000e+00 2.756799936294555664e+00
1.500000000000000000e+01 3.379959613084793091e-02 3.425775468349456787e-02 0.000000000000000000e+00 0.000000000000000000e+00 8.191000000000000000e+03 0.000000000000000000e+00 2.756799936294555664e+00
