2.000000029802322388e-01 -3.273073525633662939e-05 0.000000000000000000e+00 -5.049785301025622175e-08 0.000000000000000000e+00 0.000000000000000000e+00 6.000000000000000000e+00 8.191000000000000000e+03 0.000000000000000000e+00 0.000000000000000000e+00 2.757200002670288086e+00
4.000000059604644775e-01 9.982700459659099579e-03 0.000000000000000000e+00 8.209417146076702920e-09 9.997034445405006409e-03 0.000000000000000000e+00 5.000000000000000000e+00 8.191000000000000000e+03 0.000000000000000000e+00 0.000000000000000000e+00 2.757200002670288086e+00
6.000000238418579102e-01 2.003791369497776031e-02 0.000000000000000000e+00 4.007574716524686664e-08 1.999406889081001282e-02 0.000000000000000000e+00 5.000000000000000000e+00 8.191000000000000000e+03 0.000000000000000000e+00 0.000000000000000000e+00 2.757200002670288086e+00
8.000000119209289551e-01 2.988127060234546661e-02 0.000000000000000000e+00 6.405817742916042334e-08 3.000359982252120972e-02 0.000000000000000000e+00 5.000000000000000000e+00 6.143000000000000000e+03 0.000000000000000000e+00 0.000000000000000000e+00 2.757099866867065430e+00
1.000000000000000000e+00 3.996786102652549744e-02 0.000000000000000000e+00 8.442282251053256914e-08 4.000063613057136536e-02 0.000000000000000000e+00 5.000000000000000000e+00 8.191000000000000000e+03 0.000000000000000000e+00 0.000000000000000000e+00 2.757099866867065430e+00
1.200000047683715820e+00 5.002512037754058838e-02 0.000000000000000000e+00 1.030600245144341898e-07 4.999766871333122253e-02 0.000000000000000000e+00 5.000000000000000000e+00 7.164000000000000000e+03 0.000000000000000000e+00 0.000000000000000000e+00 2.757099866867065430e+00
1.399999976158142090e+00 5.998280644416809082e-02 0.000000000000000000e+00 1.255655917020703782e-07 5.999470502138137817e-02 0.000000000000000000e+00 6.000000000000000000e+00 8.191000000000000000e+03 0.000000000000000000e+00 0.000000000000000000e+00 2.757099866867065430e+00
1.600000023841857910e+00 7.006348669528961182e-02 0.000000000000000000e+00 1.461299632410373306e-07 7.000423967838287354e-02 0.000000000000000000e+00 6.000000000000000000e+00 8.191000000000000000e+03 0.000000000000000000e+00 0.000000000000000000e+00 2.757099866867065430e+00
1.800000071525573730e+00 8.003193140029907227e-02 0.000000000000000000e+00 1.673973599736200413e-07 8.000127226114273071e-02 0.000000000000000000e+00 6.000000000000000000e+00 8.191000000000000000e+03 0.000000000000000000e+00 0.000000000000000000e+00 2.756299972534179688e+00
2.000000000000000000e+00 9.004092216491699219e-02 0.000000000000000000e+00 1.919210887990629999e-07 8.999830484390258789e-02 0.000000000000000000e+00 6.000000000000000000e+00 8.191000000000000000e+03 0.000000000000000000e+00 0.000000000000000000e+00 2.756299972534179688e+00
2.200000047683715820e+00 1.000557392835617065e-01 0.000000000000000000e+00 2.196679815824609250e-07 9.999533742666244507e-02 0.000000000000000000e+00 6.000000000000000000e+00 8.191000000000000000e+03 0.000000000000000000e+00 0.000000000000000000e+00 2.756299972534179688e+00
2.400000095367431641e+00 1.100481227040290833e-01 0.000000000000000000e+00 2.532375447117374279e-07 1.100048720836639404e-01 0.000000000000000000e+00 6.000000000000000000e+00 8.191000000000000000e+03 0.000000000000000000e+00 0.000000000000000000e+00 2.756299972534179688e+00
2.600000143051147461e+00 1.200146824121475220e-01 0.000000000000000000e+00 2.947904818029201124e-07 1.200019046664237976e-01 0.000000000000000000e+00 6.000000000000000000e+00 8.191000000000000000e+03 0.000000000000000000e+00 0.000000000000000000e+00 2.756299972534179688e+00
2.799999952316284180e+00 1.300095766782760620e-01 0.000000000000000000e+00 3.456286776781780645e-07 1.299989372491836548e-01 0.000000000000000000e+00 6.000000000000000000e+00 8.191000000000000000e+03 0.000000000000000000e+00 0.000000000000000000e+00 2.756199836730957031e+00
3.000000000000000000e+00 1.400390565395355225e-01 0.000000000000000000e+00 4.087413287834351650e-07 1.399959772825241089e-01 0.000000000000000000e+00 6.000000000000000000e+00 8.191000000000000000e+03 0.000000000000000000e+00 0.000000000000000000e+00 2.756199836730957031e+00
3.200000047683715820e+00 1.500274538993835449e-01 0.000000000000000000e+00 4.870439056503528263e-07 1.500055044889450073e-01 0.000000000000000000e+00 6.000000000000000000e+00 8.191000000000000000e+03 0.000000000000000000e+00 0.000000000000000000e+00 2.756199836730957031e+00
3.400000095367431641e+00 1.600317060947418213e-01 0.000000000000000000e+00 5.813653842778876424e-07 1.600025445222854614e-01 0.000000000000000000e+00 6.000000000000000000e+00 8.191000000000000000e+03 0.000000000000000000e+00 0.000000000000000000e+00 2.756199836730957031e+00
3.600000143051147461e+00 1.700068712234497070e-01 0.000000000000000000e+00 6.928476636858249549e-07 1.699995696544647217e-01 0.000000000000000000e+00 6.000000000000000000e+00 8.191000000000000000e+03 0.000000000000000000e+00 0.000000000000000000e+00 2.756199836730957031e+00
3.799999952316284180e+00 1.799563914537429810e-01 0.000000000000000000e+00 8.176661481229530182e-07 1.799966096878051758e-01 0.000000000000000000e+00 6.000000000000000000e+00 8.191000000000000000e+03 0.000000000000000000e+00 0.000000000000000000e+00 2.756299972534179688e+00
4.000000000000000000e+00 1.900328546762466431e-01 0.000000000000000000e+00 9.493310813013522420e-07 1.900061368942260742e-01 0.000000000000000000e+00 6.000000000000000000e+00 8.191000000000000000e+03 0.000000000000000000e+00 0.000000000000000000e+00 2.756299972534179688e+00
4.200000286102294922e+00 2.000664621591567993e-01 0.000000000000000000e+00 1.079675030268845148e-06 2.000031769275665283e-01 0.000000000000000000e+00 7.000000000000000000e+00 8.191000000000000000e+03 0.000000000000000000e+00 0.000000000000000000e+00 2.756299972534179688e+00
4.400000095367431641e+00 2.100200504064559937e-01 0.000000000000000000e+00 1.202152702717285138e-06 2.100002169609069824e-01 0.000000000000000000e+00 7.000000000000000000e+00 8.191000000000000000e+03 0.000000000000000000e+00 0.000000000000000000e+00 2.756299972534179688e+00
4.599999904632568359e+00 2.200636714696884155e-01 0.000000000000000000e+00 1.312996573687996715e-06 2.199972420930862427e-01 0.000000000000000000e+00 7.000000000000000000e+00 8.191000000000000000e+03 0.000000000000000000e+00 0.000000000000000000e+00 2.756299972534179688e+00
4.800000190734863281e+00 2.300149500370025635e-01 0.000000000000000000e+00 1.408347088727168739e-06 2.299942821264266968e-01 0.000000000000000000e+00 7.000000000000000000e+00 8.191000000000000000e+03 0.000000000000000000e+00 0.000000000000000000e+00 2.755899906158447266e+00
5.000000000000000000e+00 2.400370836257934570e-01 0.000000000000000000e+00 1.499959580542054027e-06 2.400038093328475952e-01 0.000000000000000000e+00 7.000000000000000000e+00 8.191000000000000000e+03 0.000000000000000000e+00 0.000000000000000000e+00 2.755899906158447266e+00
5.200000286102294922e+00 2.500317394733428955e-01 0.000000000000000000e+00 1.579010586283402517e-06 2.500008344650268555e-01 0.000000000000000000e+00 7.000000000000000000e+00 8.191000000000000000e+03 0.000000000000000000e+00 0.000000000000000000e+00 2.755899906158447266e+00
5.400000095367431641e+00 2.600721716880798340e-01 0.000000000000000000e+00 1.657780444475065451e-06 2.599978744983673096e-01 0.000000000000000000e+00 7.000000000000000000e+00 8.191000000000000000e+03 0.000000000000000000e+00 0.000000000000000000e+00 2.755899906158447266e+00
5.599999904632568359e+00 2.700285911560058594e-01 0.000000000000000000e+00 1.737820412017754279e-06 2.699949145317077637e-01 0.000000000000000000e+00 7.000000000000000000e+00 8.191000000000000000e+03 0.000000000000000000e+00 0.000000000000000000e+00 2.755899906158447266e+00
5.800000190734863281e+00 2.800582945346832275e-01 0.000000000000000000e+00 1.826633820201095659e-06 2.800044417381286621e-01 0.000000000000000000e+00 7.000000000000000000e+00 8.191000000000000000e+03 0.000000000000000000e+00 0.000000000000000000e+00 2.756299972534179688e+00
6.000000000000000000e+00 2.900592386722564697e-01 0.000000000000000000e+00 1.915619122883072123e-06 2.900014817714691162e-01 0.000000000000000000e+00 7.000000000000000000e+00 8.191000000000000000e+03 0.000000000000000000e+00 0.000000000000000000e+00 2.756299972534179688e+00
6.200000286102294922e+00 3.000438809394836426e-01 0.000000000000000000e+00 2.008597448366344906e-06 2.999985218048095703e-01 0.000000000000000000e+00 7.000000000000000000e+00 8.191000000000000000e+03 0.000000000000000000e+00 0.000000000000000000e+00 2.756299972534179688e+00
6.400000095367431641e+00 2.900216877460479736e-01 0.000000000000000000e+00 1.424783704351284541e-06 2.900014817714691162e-01 0.000000000000000000e+00 7.000000000000000000e+00 8.191000000000000000e+03 0.000000000000000000e+00 0.000000000000000000e+00 2.756299972534179688e+00
6.599999904632568359e+00 2.800251841545104980e-01 0.000000000000000000e+00 1.091043372980493587e-06 2.800044417381286621e-01 0.000000000000000000e+00 7.000000000000000000e+00 8.191000000000000000e+03 0.000000000000000000e+00 0.000000000000000000e+00 2.756299972534179688e+00
6.800000190734863281e+00 2.700119316577911377e-01 0.000000000000000000e+00 8.552136705475277267e-07 2.699949145317077637e-01 0.000000000000000000e+00 7.000000000000000000e+00 8.191000000000000000e+03 0.000000000000000000e+00 0.000000000000000000e+00 2.756000041961669922e+00
7.000000000000000000e+00 2.600585520267486572e-01 0.000000000000000000e+00 6.684616664642817341e-07 2.599978744983673096e-01 0.000000000000000000e+00 7.000000000000000000e+00 8.191000000000000000e+03 0.000000000000000000e+00 0.000000000000000000e+00 2.756000041961669922e+00
7.200000286102294922e+00 2.499766051769256592e-01 0.000000000000000000e+00 5.096974859952752013e-07 2.500008344650268555e-01 0.000000000000000000e+00 6.000000000000000000e+00 8.191000000000000000e+03 0.000000000000000000e+00 0.000000000000000000e+00 2.756000041961669922e+00
7.400000095367431641e+00 2.400063872337341309e-01 0.000000000000000000e+00 3.642859098818007624e-07 2.400038093328475952e-01 0.000000000000000000e+00 6.000000000000000000e+00 8.191000000000000000e+03 0.000000000000000000e+00 0.000000000000000000e+00 2.756000041961669922e+00
7.599999904632568359e+00 2.300304323434829712e-01 0.000000000000000000e+00 2.237555207784680533e-07 2.299942821264266968e-01 0.000000000000000000e+00 6.000000000000000000e+00 8.191000000000000000e+03 0.000000000000000000e+00 0.000000000000000000e+00 2.756000041961669922e+00
7.800000190734863281e+00 2.200277596712112427e-01 0.000000000000000000e+00 8.704967768835558672e-08 2.199972420930862427e-01 0.000000000000000000e+00 6.000000000000000000e+00 8.191000000000000000e+03 0.000000000000000000e+00 0.000000000000000000e+00 2.756000041961669922e+00
8.000000000000000000e+00 2.100292444229125977e-01 0.000000000000000000e+00 -4.694759780932145077e-08 2.100002169609069824e-01 0.000000000000000000e+00 6.000000000000000000e+00 8.191000000000000000e+03 0.000000000000000000e+00 0.000000000000000000e+00 2.756000041961669922e+00
8.199999809265136719e+00 2.000650614500045776e-01 0.000000000000000000e+00 -1.092515233835911204e-07 2.000031769275665283e-01 0.000000000000000000e+00 5.000000000000000000e+00 7.164000000000000000e+03 0.000000000000000000e+00 0.000000000000000000e+00 2.756000041961669922e+00
8.400000572204589844e+00 1.900147944688796997e-01 0.000000000000000000e+00 -2.828411993505142163e-07 1.900061368942260742e-01 0.000000000000000000e+00 6.000000000000000000e+00 8.191000000000000000e+03 0.000000000000000000e+00 0.000000000000000000e+00 2.756000041961669922e+00
8.600000381469726562e+00 1.800403743982315063e-01 0.000000000000000000e+00 -3.713720957421173807e-07 1.799966096878051758e-01 0.000000000000000000e+00 6.000000000000000000e+00 8.191000000000000000e+03 0.000000000000000000e+00 0.000000000000000000e+00 2.756000041961669922e+00
8.800000190734863281e+00 1.700375974178314209e-01 0.000000000000000000e+00 -4.334913796810724307e-07 1.699995696544647217e-01 0.000000000000000000e+00 6.000000000000000000e+00 8.191000000000000000e+03 0.000000000000000000e+00 0.000000000000000000e+00 2.756199836730957031e+00
9.000000000000000000e+00 1.600307375192642212e-01 0.000000000000000000e+00 -4.698524946888937848e-07 1.600025445222854614e-01 0.000000000000000000e+00 6.000000000000000000e+00 8.191000000000000000e+03 0.000000000000000000e+00 0.000000000000000000e+00 2.756199836730957031e+00
9.199999809265136719e+00 1.500272452831268311e-01 0.000000000000000000e+00 -4.856279360865300987e-07 1.500055044889450073e-01 0.000000000000000000e+00 6.000000000000000000e+00 8.191000000000000000e+03 0.000000000000000000e+00 0.000000000000000000e+00 2.756199836730957031e+00
9.400000572204589844e+00 1.400020867586135864e-01 0.000000000000000000e+00 -4.862300215791037772e-07 1.399959772825241089e-01 0.000000000000000000e+00 6.000000000000000000e+00 8.191000000000000000e+03 0.000000000000000000e+00 0.000000000000000000e+00 2.756199836730957031e+00
9.600000381469726562e+00 1.300587058067321777e-01 0.000000000000000000e+00 -4.773693262904998846e-07 1.299989372491836548e-01 0.000000000000000000e+00 6.000000000000000000e+00 8.191000000000000000e+03 0.000000000000000000e+00 0.000000000000000000e+00 2.756199836730957031e+00
9.800000190734863281e+00 1.200397759675979614e-01 0.000000000000000000e+00 -4.627153487035684520e-07 1.200019046664237976e-01 0.000000000000000000e+00 6.000000000000000000e+00 8.191000000000000000e+03 0.000000000000000000e+00 0.000000000000000000e+00 2.756199836730957031e+00
1.000000000000000000e+01 1.099995747208595276e-01 0.000000000000000000e+00 -4.456064175428764429e-07 1.100048720836639404e-01 0.000000000000000000e+00 6.000000000000000000e+00 8.191000000000000000e+03 0.000000000000000000e+00 0.000000000000000000e+00 2.756199836730957031e+00
1.019999980926513672e+01 1.000579446554183960e-01 0.000000000000000000e+00 -4.289084927222575061e-07 9.999533742666244507e-02 0.000000000000000000e+00 6.000000000000000000e+00 8.191000000000000000e+03 0.000000000000000000e+00 0.000000000000000000e+00 2.756199836730957031e+00
1.040000057220458984e+01 9.004823863506317139e-02 0.000000000000000000e+00 -4.124248107473249547e-07 8.999830484390258789e-02 0.000000000000000000e+00 6.000000000000000000e+00 8.191000000000000000e+03 0.000000000000000000e+00 0.000000000000000000e+00 2.756199836730957031e+00
1.060000038146972656e+01 8.005492389202117920e-02 0.000000000000000000e+00 -3.981204201863874914e-07 8.000127226114273071e-02 0.000000000000000000e+00 6.000000000000000000e+00 8.191000000000000000e+03 0.000000000000000000e+00 0.000000000000000000e+00 2.756199836730957031e+00
1.080000019073486328e+01 7.003536820411682129e-02 0.000000000000000000e+00 -3.846364791115775006e-07 7.000423967838287354e-02 0.000000000000000000e+00 6.000000000000000000e+00 8.191000000000000000e+03 0.000000000000000000e+00 0.000000000000000000e+00 2.756199836730957031e+00
1.100000000000000000e+01 6.001062318682670593e-02 0.000000000000000000e+00 -3.734011215783539228e-07 5.999470502138137817e-02 0.000000000000000000e+00 6.000000000000000000e+00 8.191000000000000000e+03 0.000000000000000000e+00 0.000000000000000000e+00 2.756199836730957031e+00
1.119999980926513672e+01 5.003898218274116516e-02 0.000000000000000000e+00 -3.629244247349561192e-07 4.999766871333122253e-02 0.000000000000000000e+00 6.000000000000000000e+00 8.191000000000000000e+03 0.000000000000000000e+00 0.000000000000000000e+00 2.756199836730957031e+00
1.140000057220458984e+01 4.001439735293388367e-02 0.000000000000000000e+00 -3.546002460552699631e-07 4.000063613057136536e-02 0.000000000000000000e+00 6.000000000000000000e+00 8.191000000000000000e+03 0.000000000000000000e+00 0.000000000000000000e+00 2.756199836730957031e+00
1.160000038146972656e+01 3.001972101628780365e-02 0.000000000000000000e+00 -3.480313637282961281e-07 3.000359982252120972e-02 0.000000000000000000e+00 6.000000000000000000e+00 8.191000000000000000e+03 0.000000000000000000e+00 0.000000000000000000e+00 2.756199836730957031e+00
1.180000019073486328e+01 2.003184333443641663e-02 0.000000000000000000e+00 -3.431302957324078307e-07 1.999406889081001282e-02 0.000000000000000000e+00 6.000000000000000000e+00 8.191000000000000000e+03 0.000000000000000000e+00 0.000000000000000000e+00 2.756099939346313477e+00
1.200000000000000000e+01 1.002268772572278976e-02 0.000000000000000000e+00 -3.396872614302992588e-07 9.997034445405006409e-03 0.000000000000000000e+00 6.000000000000000000e+00 8.191000000000000000e+03 0.000000000000000000e+00 0.000000000000000000e+00 2.756099939346313477e+00
1.219999980926513672e+01 1.575650821905583143e-05 0.000000000000000000e+00 -3.381659610113274539e-07 0.000000000000000000e+00 0.000000000000000000e+00 6.000000000000000000e+00 8.191000000000000000e+03 0.000000000000000000e+00 0.000000000000000000e+00 2.756099939346313477e+00
1.240000057220458984e+01 -1.004416309297084808e-02 0.000000000000000000e+00 -3.383193245554139139e-07 -9.997034445405006409e-03 0.000000000000000000e+00 6.000000000000000000e+00 8.191000000000000000e+03 0.000000000000000000e+00 0.000000000000000000e+00 2.756099939346313477e+00
1.260000038146972656e+01 -1.998472213745117188e-02 0.000000000000000000e+00 -3.425006980251055211e-07 -1.999406889081001282e-02 0.000000000000000000e+00 6.000000000000000000e+00 8.191000000000000000e+03 0.000000000000000000e+00 0.000000000000000000e+00 2.756099939346313477e+00
1.280000019073486328e+01 -2.998694777488708496e-02 0.000000000000000000e+00 -3.500870775496878196e-07 -3.000359982252120972e-02 0.000000000000000000e+00 6.000000000000000000e+00 6.143000000000000000e+03 0.000000000000000000e+00 0.000000000000000000e+00 2.756099939346313477e+00
1.300000000000000000e+01 -3.997872024774551392e-02 0.000000000000000000e+00 -3.614400441165344091e-07 -4.000063613057136536e-02 0.000000000000000000e+00 6.000000000000000000e+00 8.191000000000000000e+03 0.000000000000000000e+00 0.000000000000000000e+00 2.756099939346313477e+00
1.319999980926513672e+01 -5.000781267881393433e-02 0.000000000000000000e+00 -3.793139171648363117e-07 -4.999766871333122253e-02 0.000000000000000000e+00 6.000000000000000000e+00 8.191000000000000000e+03 0.000000000000000000e+00 0.000000000000000000e+00 2.756099939346313477e+00
1.340000057220458984e+01 -6.002762168645858765e-02 0.000000000000000000e+00 -4.046863466555805644e-07 -5.999470502138137817e-02 0.000000000000000000e+00 6.000000000000000000e+00 8.191000000000000000e+03 0.000000000000000000e+00 0.000000000000000000e+00 2.756099939346313477e+00
1.360000038146972656e+01 -7.000575214624404907e-02 0.000000000000000000e+00 -4.399012425437831553e-07 -7.000423967838287354e-02 0.000000000000000000e+00 6.000000000000000000e+00 8.191000000000000000e+03 0.000000000000000000e+00 0.000000000000000000e+00 2.756099939346313477e+00
1.380000019073486328e+01 -7.999178022146224976e-02 0.000000000000000000e+00 -4.867263783125963528e-07 -8.000127226114273071e-02 0.000000000000000000e+00 6.000000000000000000e+00 8.191000000000000000e+03 0.000000000000000000e+00 0.000000000000000000e+00 2.756099939346313477e+00
1.400000000000000000e+01 -9.005448222160339355e-02 0.000000000000000000e+00 -5.495726327353622764e-07 -8.999830484390258789e-02 0.000000000000000000e+00 6.000000000000000000e+00 8.191000000000000000e+03 0.000000000000000000e+00 0.000000000000000000e+00 2.756099939346313477e+00
1.419999980926513672e+01 -1.000415384769439697e-01 0.000000000000000000e+00 -6.309286391115165316e-07 -9.999533742666244507e-02 0.000000000000000000e+00 6.000000000000000000e+00 8.191000000000000000e+03 0.000000000000000000e+00 0.000000000000000000e+00 2.756099939346313477e+00
1.440000057220458984e+01 -1.099633798003196716e-01 0.000000000000000000e+00 -7.368834076260100119e-07 -1.100048720836639404e-01 0.000000000000000000e+00 6.000000000000000000e+00 8.191000000000000000e+03 0.000000000000000000e+00 0.000000000000000000e+00 2.756099939346313477e+00
1.460000038146972656e+01 -1.200145557522773743e-01 0.000000000000000000e+00 -8.714087016414850950e-07 -1.200019046664237976e-01 0.000000000000000000e+00 6.000000000000000000e+00 8.191000000000000000e+03 0.000000000000000000e+00 0.000000000000000000e+00 2.756099939346313477e+00
1.480000019073486328e+01 -1.299707591533660889e-01 0.000000000000000000e+00 -1.040333586388442200e-06 -1.299989372491836548e-01 0.000000000000000000e+00 6.000000000000000000e+00 7.164000000000000000e+03 0.000000000000000000e+00 0.000000000000000000e+00 2.756099939346313477e+00
1.500000000000000000e+01 -1.400065869092941284e-01 0.000000000000000000e+00 -1.245109274350397754e-06 -1.399959772825241089e-01 0.000000000000000000e+00 7.000000000000000000e+00 8.191000000000000000e+03 0.000000000000000000e+00 0.000000000000000000e+00 2.756099939346313477e+00
1.519999980926513672e+01 -1.500196307897567749e-01 0.000000000000000000e+00 -1.495677793172944803e-06 -1.500055044889450073e-01 0.000000000000000000e+00 7.000000000000000000e+00 8.191000000000000000e+03 0.000000000000000000e+00 0.000000000000000000e+00 2.756099939346313477e+00
1.540000057220458984e+01 -1.600344628095626831e-01 0.000000000000000000e+00 -1.784500568646762986e-06 -1.600025445222854614e-01 0.000000000000000000e+00 7.000000000000000000e+00 8.191000000000000000e+03 0.000000000000000000e+00 0.000000000000000000e+00 2.756099939346313477e+00
1.560000038146972656e+01 -1.700258105993270874e-01 0.000000000000000000e+00 -2.105922931150416844e-06 -1.699995696544647217e-01 0.000000000000000000e+00 7.000000000000000000e+00 8.191000000000000000e+03 0.000000000000000000e+00 0.000000000000000000e+00 2.756099939346313477e+00
1.580000019073486328e+01 -1.800209879875183105e-01 0.000000000000000000e+00 -2.428595735182170756e-06 -1.799966096878051758e-01 0.000000000000000000e+00 7.000000000000000000e+00 8.191000000000000000e+03 0.000000000000000000e+00 0.000000000000000000e+00 2.755599975585937500e+00
1.600000000000000000e+01 -1.899814158678054810e-01 0.000000000000000000e+00 -2.731575250436435454e-06 -1.900061368942260742e-01 0.000000000000000000e+00 7.000000000000000000e+00 8.191000000000000000e+03 0.000000000000000000e+00 0.000000000000000000e+00 2.755599975585937500e+00
1.620000076293945312e+01 -2.000000029802322388e-01 0.000000000000000000e+00 -2.984677394124446437e-06 -2.000031769275665283e-01 0.000000000000000000e+00 7.000000000000000000e+00 8.191000000000000000e+03 0.000000000000000000e+00 0.000000000000000000e+00 2.755599975585937500e+00
1.639999961853027344e+01 -2.100741565227508545e-01 0.000000000000000000e+00 -3.196304760422208346e-06 -2.100002169609069824e-01 0.000000000000000000e+00 7.000000000000000000e+00 8.191000000000000000e+03 0.000000000000000000e+00 0.000000000000000000e+00 2.755599975585937500e+00
1.660000038146972656e+01 -2.200037240982055664e-01 0.000000000000000000e+00 -3.402520178497070447e-06 -2.199972420930862427e-01 0.000000000000000000e+00 7.000000000000000000e+00 8.191000000000000000e+03 0.000000000000000000e+00 0.000000000000000000e+00 2.755599975585937500e+00
1.680000114440917969e+01 -2.300006151199340820e-01 0.000000000000000000e+00 -3.650710596048156731e-06 -2.299942821264266968e-01 0.000000000000000000e+00 7.000000000000000000e+00 8.191000000000000000e+03 0.000000000000000000e+00 0.000000000000000000e+00 2.756000041961669922e+00
1.700000000000000000e+01 -2.400210350751876831e-01 0.000000000000000000e+00 -3.981529516750015318e-06 -2.400038093328475952e-01 0.000000000000000000e+00 7.000000000000000000e+00 8.191000000000000000e+03 0.000000000000000000e+00 0.000000000000000000e+00 2.756000041961669922e+00
1.720000076293945312e+01 -2.500226497650146484e-01 0.000000000000000000e+00 -4.398920282255858183e-06 -2.500008344650268555e-01 0.000000000000000000e+00 7.000000000000000000e+00 8.191000000000000000e+03 0.000000000000000000e+00 0.000000000000000000e+00 2.756000041961669922e+00
1.739999961853027344e+01 -2.600112855434417725e-01 0.000000000000000000e+00 -4.931981493427883834e-06 -2.599978744983673096e-01 0.000000000000000000e+00 7.000000000000000000e+00 8.191000000000000000e+03 0.000000000000000000e+00 0.000000000000000000e+00 2.756000041961669922e+00
1.760000038146972656e+01 -2.699669301509857178e-01 0.000000000000000000e+00 -5.581018285738537088e-06 -2.699949145317077637e-01 0.000000000000000000e+00 7.000000000000000000e+00 8.191000000000000000e+03 0.000000000000000000e+00 0.000000000000000000e+00 2.756000041961669922e+00
1.780000114440917969e+01 -2.800143063068389893e-01 0.000000000000000000e+00 -6.335657417366746813e-06 -2.800044417381286621e-01 0.000000000000000000e+00 7.000000000000000000e+00 8.191000000000000000e+03 0.000000000000000000e+00 0.000000000000000000e+00 2.756000041961669922e+00
1.800000000000000000e+01 -2.900609672069549561e-01 0.000000000000000000e+00 -7.169659966166364029e-06 -2.900014817714691162e-01 0.000000000000000000e+00 7.000000000000000000e+00 8.191000000000000000e+03 0.000000000000000000e+00 0.000000000000000000e+00 2.756000041961669922e+00
1.820000076293945312e+01 -3.000301718711853027e-01 0.000000000000000000e+00 -8.037044608499854803e-06 -2.999985218048095703e-01 0.000000000000000000e+00 7.000000000000000000e+00 8.191000000000000000e+03 0.000000000000000000e+00 0.000000000000000000e+00 2.756000041961669922e+00
1.839999961853027344e+01 -2.900289595127105713e-01 0.000000000000000000e+00 -5.952580067969392985e-06 -2.900014817714691162e-01 0.000000000000000000e+00 7.000000000000000000e+00 8.191000000000000000e+03 0.000000000000000000e+00 1.000000000000000000e+00 2.756000041961669922e+00
1.860000038146972656e+01 -2.800385057926177979e-01 0.000000000000000000e+00 -4.548071956378407776e-06 -2.800044417381286621e-01 0.000000000000000000e+00 7.000000000000000000e+00 8.191000000000000000e+03 0.000000000000000000e+00 1.000000000000000000e+00 2.756000041961669922e+00
1.880000114440917969e+01 -2.700569331645965576e-01 0.000000000000000000e+00 -3.541472096912912093e-06 -2.699949145317077637e-01 0.000000000000000000e+00 7.000000000000000000e+00 8.191000000000000000e+03 0.000000000000000000e+00 1.000000000000000000e+00 2.755899906158447266e+00
1.900000000000000000e+01 -2.600482702255249023e-01 0.000000000000000000e+00 -2.792148961816565134e-06 -2.599978744983673096e-01 0.000000000000000000e+00 7.000000000000000000e+00 8.191000000000000000e+03 0.000000000000000000e+00 1.000000000000000000e+00 2.755899906158447266e+00
1.920000076293945312e+01 -2.500216960906982422e-01 0.000000000000000000e+00 -2.214286041635205038e-06 -2.500008344650268555e-01 0.000000000000000000e+00 7.000000000000000000e+00 8.191000000000000000e+03 0.000000000000000000e+00 1.000000000000000000e+00 2.755899906158447266e+00
1.939999961853027344e+01 -2.400120198726654053e-01 0.000000000000000000e+00 -1.766158561622432899e-06 -2.400038093328475952e-01 0.000000000000000000e+00 7.000000000000000000e+00 8.191000000000000000e+03 0.000000000000000000e+00 1.000000000000000000e+00 2.755899906158447266e+00
1.960000038146972656e+01 -2.300371676683425903e-01 0.000000000000000000e+00 -1.404117369929736014e-06 -2.299942821264266968e-01 0.000000000000000000e+00 7.000000000000000000e+00 8.191000000000000000e+03 0.000000000000000000e+00 1.000000000000000000e+00 2.755899906158447266e+00
1.980000114440917969e+01 -2.200268357992172241e-01 0.000000000000000000e+00 -1.119054104492533952e-06 -2.199972420930862427e-01 0.000000000000000000e+00 7.000000000000000000e+00 8.191000000000000000e+03 0.000000000000000000e+00 1.000000000000000000e+00 2.755899906158447266e+00
2.000000000000000000e+01 -2.100174129009246826e-01 0.000000000000000000e+00 -8.912601856536639389e-07 -2.100002169609069824e-01 0.000000000000000000e+00 7.000000000000000000e+00 8.191000000000000000e+03 0.000000000000000000e+00 1.000000000000000000e+00 2.755899906158447266e+00
2.020000076293945312e+01 -2.000555396080017090e-01 0.000000000000000000e+00 -7.105132340257114265e-07 -2.000031769275665283e-01 0.000000000000000000e+00 7.000000000000000000e+00 8.191000000000000000e+03 0.000000000000000000e+00 1.000000000000000000e+00 2.755899906158447266e+00
2.039999961853027344e+01 -1.899835914373397827e-01 0.000000000000000000e+00 -5.685533892574312631e-07 -1.900061368942260742e-01 0.000000000000000000e+00 6.000000000000000000e+00 8.191000000000000000e+03 0.000000000000000000e+00 1.000000000000000000e+00 2.755899906158447266e+00
2.060000038146972656e+01 -1.800156384706497192e-01 0.000000000000000000e+00 -4.514746763106813887e-07 -1.799966096878051758e-01 0.000000000000000000e+00 6.000000000000000000e+00 8.191000000000000000e+03 0.000000000000000000e+00 1.000000000000000000e+00 2.755899906158447266e+00
2.080000114440917969e+01 -1.700155884027481079e-01 0.000000000000000000e+00 -3.581895100523979636e-07 -1.699995696544647217e-01 0.000000000000000000e+00 6.000000000000000000e+00 8.191000000000000000e+03 0.000000000000000000e+00 1.000000000000000000e+00 2.756000041961669922e+00
2.100000000000000000e+01 -1.600607484579086304e-01 0.000000000000000000e+00 -2.831098697697598254e-07 -1.600025445222854614e-01 0.000000000000000000e+00 6.000000000000000000e+00 8.191000000000000000e+03 0.000000000000000000e+00 1.000000000000000000e+00 2.756000041961669922e+00
2.120000076293945312e+01 -1.500642150640487671e-01 0.000000000000000000e+00 -2.218989720859099180e-07 -1.500055044889450073e-01 0.000000000000000000e+00 6.000000000000000000e+00 8.191000000000000000e+03 0.000000000000000000e+00 1.000000000000000000e+00 2.756000041961669922e+00
2.139999961853027344e+01 -1.400332748889923096e-01 0.000000000000000000e+00 -1.727715641663962742e-07 -1.399959772825241089e-01 0.000000000000000000e+00 6.000000000000000000e+00 8.191000000000000000e+03 0.000000000000000000e+00 1.000000000000000000e+00 2.756000041961669922e+00
2.160000038146972656e+01 -1.300366520881652832e-01 0.000000000000000000e+00 -1.323569165379012702e-07 -1.299989372491836548e-01 0.000000000000000000e+00 6.000000000000000000e+00 8.191000000000000000e+03 0.000000000000000000e+00 1.000000000000000000e+00 2.756000041961669922e+00
2.180000114440917969e+01 -1.200145632028579712e-01 0.000000000000000000e+00 -9.848633197862000088e-08 -1.200019046664237976e-01 0.000000000000000000e+00 6.000000000000000000e+00 8.191000000000000000e+03 0.000000000000000000e+00 1.000000000000000000e+00 2.756000041961669922e+00
2.200000000000000000e+01 -1.100163087248802185e-01 0.000000000000000000e+00 -6.949282749246776802e-08 -1.100048720836639404e-01 0.000000000000000000e+00 6.000000000000000000e+00 8.191000000000000000e+03 0.000000000000000000e+00 1.000000000000000000e+00 2.756000041961669922e+00
2.220000076293945312e+01 -9.999284893274307251e-02 0.000000000000000000e+00 -3.881988419607296237e-08 -9.999533742666244507e-02 0.000000000000000000e+00 5.000000000000000000e+00 8.191000000000000000e+03 0.000000000000000000e+00 1.000000000000000000e+00 2.756000041961669922e+00
2.239999961853027344e+01 -9.003114700317382812e-02 0.000000000000000000e+00 -1.686018791247079207e-08 -8.999830484390258789e-02 0.000000000000000000e+00 5.000000000000000000e+00 8.191000000000000000e+03 0.000000000000000000e+00 1.000000000000000000e+00 2.756000041961669922e+00
2.260000038146972656e+01 -8.001305162906646729e-02 0.000000000000000000e+00 3.065905307408911540e-09 -8.000127226114273071e-02 0.000000000000000000e+00 5.000000000000000000e+00 8.191000000000000000e+03 0.000000000000000000e+00 1.000000000000000000e+00 2.756000041961669922e+00
2.280000114440917969e+01 -6.991685181856155396e-02 0.000000000000000000e+00 1.093948842623149176e-08 -7.000423967838287354e-02 0.000000000000000000e+00 4.000000000000000000e+00 6.908000000000000000e+03 0.000000000000000000e+00 1.000000000000000000e+00 2.755899906158447266e+00
2.300000000000000000e+01 -5.995239689946174622e-02 0.000000000000000000e+00 1.093948842623149176e-08 -5.999470502138137817e-02 0.000000000000000000e+00 4.000000000000000000e+00 6.908000000000000000e+03 0.000000000000000000e+00 1.000000000000000000e+00 2.755899906158447266e+00
2.320000076293945312e+01 -4.999139904975891113e-02 0.000000000000000000e+00 1.093948842623149176e-08 -4.999766871333122253e-02 0.000000000000000000e+00 4.000000000000000000e+00 7.164000000000000000e+03 0.000000000000000000e+00 1.000000000000000000e+00 2.755899906158447266e+00
2.339999961853027344e+01 -4.003171250224113464e-02 0.000000000000000000e+00 6.943530905800798791e-08 -4.000063613057136536e-02 0.000000000000000000e+00 5.000000000000000000e+00 8.191000000000000000e+03 0.000000000000000000e+00 1.000000000000000000e+00 2.755899906158447266e+00
2.360000038146972656e+01 -2.995833195745944977e-02 0.000000000000000000e+00 8.412286689463144285e-08 -3.000359982252120972e-02 0.000000000000000000e+00 5.000000000000000000e+00 8.191000000000000000e+03 0.000000000000000000e+00 1.000000000000000000e+00 2.755899906158447266e+00
2.380000114440917969e+01 -2.000971138477325439e-02 0.000000000000000000e+00 9.911747156365890987e-08 -1.999406889081001282e-02 0.000000000000000000e+00 5.000000000000000000e+00 8.190000000000000000e+03 0.000000000000000000e+00 1.000000000000000000e+00 2.755699872970581055e+00
2.400000000000000000e+01 -1.000755000859498978e-02 0.000000000000000000e+00 1.140519216846769268e-07 -9.997034445405006409e-03 0.000000000000000000e+00 6.000000000000000000e+00 8.191000000000000000e+03 0.000000000000000000e+00 1.000000000000000000e+00 2.755699872970581055e+00
2.420000076293945312e+01 2.409168519079685211e-05 0.000000000000000000e+00 1.286468460648393375e-07 0.000000000000000000e+00 0.000000000000000000e+00 6.000000000000000000e+00 8.191000000000000000e+03 0.000000000000000000e+00 1.000000000000000000e+00 2.755699872970581055e+00
2.439999961853027344e+01 1.003560144454240799e-02 0.000000000000000000e+00 1.432709950677235611e-07 9.997034445405006409e-03 0.000000000000000000e+00 6.000000000000000000e+00 8.191000000000000000e+03 0.000000000000000000e+00 1.000000000000000000e+00 2.755699872970581055e+00
2.460000038146972656e+01 2.003240026533603668e-02 0.000000000000000000e+00 1.570248997495582444e-07 1.999406889081001282e-02 0.000000000000000000e+00 6.000000000000000000e+00 8.191000000000000000e+03 0.000000000000000000e+00 1.000000000000000000e+00 2.755699872970581055e+00
2.480000114440917969e+01 2.992778085172176361e-02 0.000000000000000000e+00 1.700378930991064408e-07 3.000359982252120972e-02 0.000000000000000000e+00 6.000000000000000000e+00 6.143000000000000000e+03 0.000000000000000000e+00 1.000000000000000000e+00 2.755599975585937500e+00
2.500000000000000000e+01 4.006621241569519043e-02 0.000000000000000000e+00 1.834510783282894408e-07 4.000063613057136536e-02 0.000000000000000000e+00 6.000000000000000000e+00 8.191000000000000000e+03 0.000000000000000000e+00 1.000000000000000000e+00 2.755599975585937500e+00
2.520000076293945312e+01 4.999746754765510559e-02 0.000000000000000000e+00 1.979055213041647221e-07 4.999766871333122253e-02 0.000000000000000000e+00 6.000000000000000000e+00 8.191000000000000000e+03 0.000000000000000000e+00 1.000000000000000000e+00 2.755599975585937500e+00
2.539999961853027344e+01 6.002019345760345459e-02 0.000000000000000000e+00 2.127481621982951765e-07 5.999470502138137817e-02 0.000000000000000000e+00 6.000000000000000000e+00 8.191000000000000000e+03 0.000000000000000000e+00 1.000000000000000000e+00 2.755599975585937500e+00
2.560000038146972656e+01 7.005444914102554321e-02 0.000000000000000000e+00 2.282642270756696234e-07 7.000423967838287354e-02 0.000000000000000000e+00 6.000000000000000000e+00 8.191000000000000000e+03 0.000000000000000000e+00 1.000000000000000000e+00 2.755599975585937500e+00
2.580000114440917969e+01 8.004250377416610718e-02 0.000000000000000000e+00 2.452345313486148370e-07 8.000127226114273071e-02 0.000000000000000000e+00 6.000000000000000000e+00 8.191000000000000000e+03 0.000000000000000000e+00 1.000000000000000000e+00 2.756099939346313477e+00
2.600000000000000000e+01 9.000292420387268066e-02 0.000000000000000000e+00 2.636067506500694435e-07 8.999830484390258789e-02 0.000000000000000000e+00 6.000000000000000000e+00 8.191000000000000000e+03 0.000000000000000000e+00 1.000000000000000000e+00 2.756099939346313477e+00
2.620000076293945312e+01 1.000486984848976135e-01 0.000000000000000000e+00 2.855054788142297184e-07 9.999533742666244507e-02 0.000000000000000000e+00 6.000000000000000000e+00 8.191000000000000000e+03 0.000000000000000000e+00 1.000000000000000000e+00 2.756099939346313477e+00
2.639999961853027344e+01 1.100422590970993042e-01 0.000000000000000000e+00 3.118778124644450145e-07 1.100048720836639404e-01 0.000000000000000000e+00 6.000000000000000000e+00 8.191000000000000000e+03 0.000000000000000000e+00 1.000000000000000000e+00 2.756099939346313477e+00
2.660000038146972656e+01 1.200007870793342590e-01 0.000000000000000000e+00 3.420082066440954804e-07 1.200019046664237976e-01 0.000000000000000000e+00 6.000000000000000000e+00 8.191000000000000000e+03 0.000000000000000000e+00 1.000000000000000000e+00 2.756099939346313477e+00
2.680000114440917969e+01 1.300742179155349731e-01 0.000000000000000000e+00 3.802742298830708023e-07 1.299989372491836548e-01 0.000000000000000000e+00 6.000000000000000000e+00 8.191000000000000000e+03 0.000000000000000000e+00 1.000000000000000000e+00 2.755899906158447266e+00
2.700000000000000000e+01 1.400077044963836670e-01 0.000000000000000000e+00 4.267469364549469901e-07 1.399959772825241089e-01 0.000000000000000000e+00 6.000000000000000000e+00 8.191000000000000000e+03 0.000000000000000000e+00 1.000000000000000000e+00 2.755899906158447266e+00
2.720000076293945312e+01 1.500627249479293823e-01 0.000000000000000000e+00 4.860020794694719370e-07 1.500055044889450073e-01 0.000000000000000000e+00 6.000000000000000000e+00 8.191000000000000000e+03 0.000000000000000000e+00 1.000000000000000000e+00 2.755899906158447266e+00
2.739999961853027344e+01 1.600553244352340698e-01 0.000000000000000000e+00 5.579314574788440950e-07 1.600025445222854614e-01 0.000000000000000000e+00 6.000000000000000000e+00 8.191000000000000000e+03 0.000000000000000000e+00 1.000000000000000000e+00 2.755899906158447266e+00
2.760000038146972656e+01 1.699698865413665771e-01 0.000000000000000000e+00 6.461203838625806384e-07 1.699995696544647217e-01 0.000000000000000000e+00 6.000000000000000000e+00 8.191000000000000000e+03 0.000000000000000000e+00 1.000000000000000000e+00 2.755899906158447266e+00
2.780000114440917969e+01 1.800228953361511230e-01 0.000000000000000000e+00 7.485430160159012303e-07 1.799966096878051758e-01 0.000000000000000000e+00 6.000000000000000000e+00 8.191000000000000000e+03 0.000000000000000000e+00 1.000000000000000000e+00 2.755899906158447266e+00
2.800000000000000000e+01 1.900667697191238403e-01 0.000000000000000000e+00 8.628675232102978043e-07 1.900061368942260742e-01 0.000000000000000000e+00 6.000000000000000000e+00 8.191000000000000000e+03 0.000000000000000000e+00 1.000000000000000000e+00 2.755899906158447266e+00
2.820000076293945312e+01 2.000044286251068115e-01 0.000000000000000000e+00 9.826956102187978104e-07 2.000031769275665283e-01 0.000000000000000000e+00 6.000000000000000000e+00 8.190000000000000000e+03 0.000000000000000000e+00 1.000000000000000000e+00 2.755899906158447266e+00
2.839999961853027344e+01 2.100370228290557861e-01 0.000000000000000000e+00 1.102917735806840938e-06 2.100002169609069824e-01 0.000000000000000000e+00 7.000000000000000000e+00 8.191000000000000000e+03 0.000000000000000000e+00 1.000000000000000000e+00 2.755899906158447266e+00
2.860000038146972656e+01 2.200226336717605591e-01 0.000000000000000000e+00 1.210367258863698225e-06 2.199972420930862427e-01 0.000000000000000000e+00 7.000000000000000000e+00 8.191000000000000000e+03 0.000000000000000000e+00 1.000000000000000000e+00 2.755899906158447266e+00
2.880000114440917969e+01 2.300037294626235962e-01 0.000000000000000000e+00 1.309536287408263888e-06 2.299942821264266968e-01 0.000000000000000000e+00 7.000000000000000000e+00 8.191000000000000000e+03 0.000000000000000000e+00 1.000000000000000000e+00 2.755499839782714844e+00
2.900000000000000000e+01 2.400408983230590820e-01 0.000000000000000000e+00 1.392709236824885011e-06 2.400038093328475952e-01 0.000000000000000000e+00 7.000000000000000000e+00 8.191000000000000000e+03 0.000000000000000000e+00 1.000000000000000000e+00 2.755499839782714844e+00
2.920000076293945312e+01 2.500766813755035400e-01 0.000000000000000000e+00 1.470633606004412286e-06 2.500008344650268555e-01 0.000000000000000000e+00 7.000000000000000000e+00 8.191000000000000000e+03 0.000000000000000000e+00 1.000000000000000000e+00 2.755499839782714844e+00
2.939999961853027344e+01 2.600291669368743896e-01 0.000000000000000000e+00 1.546726252854568884e-06 2.599978744983673096e-01 0.000000000000000000e+00 7.000000000000000000e+00 8.191000000000000000e+03 0.000000000000000000e+00 1.000000000000000000e+00 2.755499839782714844e+00
2.960000038146972656e+01 2.700614333152770996e-01 0.000000000000000000e+00 1.615004634913930204e-06 2.699949145317077637e-01 0.000000000000000000e+00 7.000000000000000000e+00 8.191000000000000000e+03 0.000000000000000000e+00 1.000000000000000000e+00 2.755499839782714844e+00
2.980000114440917969e+01 2.800342440605163574e-01 0.000000000000000000e+00 1.702295890027016867e-06 2.800044417381286621e-01 0.000000000000000000e+00 7.000000000000000000e+00 8.191000000000000000e+03 0.000000000000000000e+00 1.000000000000000000e+00 2.756000041961669922e+00
3.000000000000000000e+01 2.900557219982147217e-01 0.000000000000000000e+00 1.785258064046502113e-06 2.900014817714691162e-01 0.000000000000000000e+00 7.000000000000000000e+00 8.191000000000000000e+03 0.000000000000000000e+00 1.000000000000000000e+00 2.756000041961669922e+00
3.020000076293945312e+01 3.000613152980804443e-01 0.000000000000000000e+00 1.871318090707063675e-06 2.999985218048095703e-01 0.000000000000000000e+00 7.000000000000000000e+00 8.191000000000000000e+03 0.000000000000000000e+00 1.000000000000000000e+00 2.756000041961669922e+00
3.039999961853027344e+01 2.900539338588714600e-01 0.000000000000000000e+00 1.310693619416269939e-06 2.900014817714691162e-01 0.000000000000000000e+00 7.000000000000000000e+00 8.191000000000000000e+03 0.000000000000000000e+00 1.000000000000000000e+00 2.756000041961669922e+00
3.060000038146972656e+01 2.800562679767608643e-01 0.000000000000000000e+00 9.901895055008935742e-07 2.800044417381286621e-01 0.000000000000000000e+00 7.000000000000000000e+00 8.191000000000000000e+03 0.000000000000000000e+00 1.000000000000000000e+00 2.756000041961669922e+00
3.080000114440917969e+01 2.700799405574798584e-01 0.000000000000000000e+00 7.630430332028481644e-07 2.699949145317077637e-01 0.000000000000000000e+00 7.000000000000000000e+00 8.191000000000000000e+03 0.000000000000000000e+00 1.000000000000000000e+00 2.755699872970581055e+00
3.100000000000000000e+01 2.600175440311431885e-01 0.000000000000000000e+00 5.785760208709689323e-07 2.599978744983673096e-01 0.000000000000000000e+00 6.000000000000000000e+00 8.191000000000000000e+03 0.000000000000000000e+00 1.000000000000000000e+00 2.755699872970581055e+00
3.120000076293945312e+01 2.500030100345611572e-01 0.000000000000000000e+00 4.203717764994507888e-07 2.500008344650268555e-01 0.000000000000000000e+00 6.000000000000000000e+00 8.191000000000000000e+03 0.000000000000000000e+00 1.000000000000000000e+00 2.755699872970581055e+00
3.139999961853027344e+01 2.400200366973876953e-01 0.000000000000000000e+00 2.749979444160999265e-07 2.400038093328475952e-01 0.000000000000000000e+00 6.000000000000000000e+00 8.191000000000000000e+03 0.000000000000000000e+00 1.000000000000000000e+00 2.755699872970581055e+00
3.160000038146972656e+01 2.300704717636108398e-01 0.000000000000000000e+00 1.349945080164616229e-07 2.299942821264266968e-01 0.000000000000000000e+00 6.000000000000000000e+00 8.191000000000000000e+03 0.000000000000000000e+00 1.000000000000000000e+00 2.755699872970581055e+00
3.180000114440917969e+01 2.200648188591003418e-01 0.000000000000000000e+00 1.136110761024156091e-09 2.199972420930862427e-01 0.000000000000000000e+00 6.000000000000000000e+00 8.191000000000000000e+03 0.000000000000000000e+00 1.000000000000000000e+00 2.755699872970581055e+00
3.200000000000000000e+01 2.100017815828323364e-01 0.000000000000000000e+00 -1.083868070850257936e-07 2.100002169609069824e-01 0.000000000000000000e+00 5.000000000000000000e+00 7.164000000000000000e+03 0.000000000000000000e+00 1.000000000000000000e+00 2.755699872970581055e+00
3.220000076293945312e+01 2.000285238027572632e-01 0.000000000000000000e+00 -2.375827961031973246e-07 2.000031769275665283e-01 0.000000000000000000e+00 6.000000000000000000e+00 8.191000000000000000e+03 0.000000000000000000e+00 1.000000000000000000e+00 2.755699872970581055e+00
3.240000152587890625e+01 1.900033056735992432e-01 0.000000000000000000e+00 -3.301349522644159151e-07 1.900061368942260742e-01 0.000000000000000000e+00 6.000000000000000000e+00 8.191000000000000000e+03 0.000000000000000000e+00 1.000000000000000000e+00 2.755699872970581055e+00
3.260000228881835938e+01 1.800039410591125488e-01 0.000000000000000000e+00 -3.978073834787210217e-07 1.799966096878051758e-01 0.000000000000000000e+00 6.000000000000000000e+00 8.191000000000000000e+03 0.000000000000000000e+00 1.000000000000000000e+00 2.755699872970581055e+00
3.279999923706054688e+01 1.700026988983154297e-01 0.000000000000000000e+00 -4.418352546053938568e-07 1.699995696544647217e-01 0.000000000000000000e+00 6.000000000000000000e+00 8.191000000000000000e+03 0.000000000000000000e+00 1.000000000000000000e+00 2.756000041961669922e+00
3.300000000000000000e+01 1.600266247987747192e-01 0.000000000000000000e+00 -4.647480125186120858e-07 1.600025445222854614e-01 0.000000000000000000e+00 6.000000000000000000e+00 8.191000000000000000e+03 0.000000000000000000e+00 1.000000000000000000e+00 2.756000041961669922e+00
3.320000076293945312e+01 1.500630974769592285e-01 0.000000000000000000e+00 -4.699470252944593085e-07 1.500055044889450073e-01 0.000000000000000000e+00 6.000000000000000000e+00 8.191000000000000000e+03 0.000000000000000000e+00 1.000000000000000000e+00 2.756000041961669922e+00
3.340000152587890625e+01 1.400282979011535645e-01 0.000000000000000000e+00 -4.664019002120767254e-07 1.399959772825241089e-01 0.000000000000000000e+00 6.000000000000000000e+00 8.191000000000000000e+03 0.000000000000000000e+00 1.000000000000000000e+00 2.756000041961669922e+00
3.360000228881835938e+01 1.300407499074935913e-01 0.000000000000000000e+00 -4.564209916679828893e-07 1.299989372491836548e-01 0.000000000000000000e+00 6.000000000000000000e+00 8.191000000000000000e+03 0.000000000000000000e+00 1.000000000000000000e+00 2.756000041961669922e+00
3.379999923706054688e+01 1.200612559914588928e-01 0.000000000000000000e+00 -4.432278331023553619e-07 1.200019046664237976e-01 0.000000000000000000e+00 6.000000000000000000e+00 8.191000000000000000e+03 0.000000000000000000e+00 1.000000000000000000e+00 2.755899906158447266e+00
3.400000000000000000e+01 1.100401207804679871e-01 0.000000000000000000e+00 -4.283985504116571974e-07 1.100048720836639404e-01 0.000000000000000000e+00 6.000000000000000000e+00 8.191000000000000000e+03 0.000000000000000000e+00 1.000000000000000000e+00 2.755899906158447266e+00
3.420000076293945312e+01 1.000618338584899902e-01 0.000000000000000000e+00 -4.155053829890675843e-07 9.999533742666244507e-02 0.000000000000000000e+00 6.000000000000000000e+00 8.191000000000000000e+03 0.000000000000000000e+00 1.000000000000000000e+00 2.755899906158447266e+00
3.440000152587890625e+01 9.004629403352737427e-02 0.000000000000000000e+00 -4.028691193980193930e-07 8.999830484390258789e-02 0.000000000000000000e+00 6.000000000000000000e+00 8.191000000000000000e+03 0.000000000000000000e+00 1.000000000000000000e+00 2.755899906158447266e+00
3.460000228881835938e+01 8.001846075057983398e-02 0.000000000000000000e+00 -3.910155896846845280e-07 8.000127226114273071e-02 0.000000000000000000e+00 6.000000000000000000e+00 8.191000000000000000e+03 0.000000000000000000e+00 1.000000000000000000e+00 2.755899906158447266e+00
3.479999923706054688e+01 7.002975046634674072e-02 0.000000000000000000e+00 -3.806077302215271629e-07 7.000423967838287354e-02 0.000000000000000000e+00 6.000000000000000000e+00 8.191000000000000000e+03 0.000000000000000000e+00 1.000000000000000000e+00 2.755899906158447266e+00
3.500000000000000000e+01 6.004720553755760193e-02 0.000000000000000000e+00 -3.725414785549219232e-07 5.999470502138137817e-02 0.000000000000000000e+00 6.000000000000000000e+00 8.191000000000000000e+03 0.000000000000000000e+00 1.000000000000000000e+00 2.755899906158447266e+00
3.520000076293945312e+01 5.004485696554183960e-02 0.000000000000000000e+00 -3.649695656804397004e-07 4.999766871333122253e-02 0.000000000000000000e+00 6.000000000000000000e+00 8.191000000000000000e+03 0.000000000000000000e+00 1.000000000000000000e+00 2.755899906158447266e+00
3.540000152587890625e+01 4.004726558923721313e-02 0.000000000000000000e+00 -3.587059040910389740e-07 4.000063613057136536e-02 0.000000000000000000e+00 6.000000000000000000e+00 8.191000000000000000e+03 0.000000000000000000e+00 1.000000000000000000e+00 2.755899906158447266e+00
3.560000228881835938e+01 3.003786690533161163e-02 0.000000000000000000e+00 -3.529970058480103035e-07 3.000359982252120972e-02 0.000000000000000000e+00 6.000000000000000000e+00 8.191000000000000000e+03 0.000000000000000000e+00 1.000000000000000000e+00 2.755899906158447266e+00
3.579999923706054688e+01 2.002177387475967407e-02 0.000000000000000000e+00 -3.492451128295215312e-07 1.999406889081001282e-02 0.000000000000000000e+00 6.000000000000000000e+00 8.191000000000000000e+03 0.000000000000000000e+00 1.000000000000000000e+00 2.755699872970581055e+00
3.600000000000000000e+01 9.984081611037254333e-03 0.000000000000000000e+00 -3.460771438312804094e-07 9.997034445405006409e-03 0.000000000000000000e+00 6.000000000000000000e+00 8.191000000000000000e+03 0.000000000000000000e+00 1.000000000000000000e+00 2.755699872970581055e+00
3.620000076293945312e+01 9.039460564963519573e-06 0.000000000000000000e+00 -3.447008793955319561e-07 0.000000000000000000e+00 0.000000000000000000e+00 6.000000000000000000e+00 8.191000000000000000e+03 0.000000000000000000e+00 1.000000000000000000e+00 2.755699872970581055e+00
3.640000152587890625e+01 -1.000086683779954910e-02 0.000000000000000000e+00 -3.446971845733060036e-07 -9.997034445405006409e-03 0.000000000000000000e+00 6.000000000000000000e+00 8.191000000000000000e+03 0.000000000000000000e+00 1.000000000000000000e+00 2.755699872970581055e+00
3.660000228881835938e+01 -2.002514712512493134e-02 0.000000000000000000e+00 -3.462832296463602688e-07 -1.999406889081001282e-02 0.000000000000000000e+00 6.000000000000000000e+00 8.191000000000000000e+03 0.000000000000000000e+00 1.000000000000000000e+00 2.755699872970581055e+00
3.679999923706054688e+01 -2.999918907880783081e-02 0.000000000000000000e+00 -3.511406134748540353e-07 -3.000359982252120972e-02 0.000000000000000000e+00 6.000000000000000000e+00 6.143000000000000000e+03 0.000000000000000000e+00 1.000000000000000000e+00 2.755800008773803711e+00
3.700000000000000000e+01 -3.997411206364631653e-02 0.000000000000000000e+00 -3.592303130517393583e-07 -4.000063613057136536e-02 0.000000000000000000e+00 6.000000000000000000e+00 8.191000000000000000e+03 0.000000000000000000e+00 1.000000000000000000e+00 2.755800008773803711e+00
3.720000076293945312e+01 -5.001106485724449158e-02 0.000000000000000000e+00 -3.701646562603855273e-07 -4.999766871333122253e-02 0.000000000000000000e+00 6.000000000000000000e+00 8.191000000000000000e+03 0.000000000000000000e+00 1.000000000000000000e+00 2.755800008773803711e+00
3.740000152587890625e+01 -5.999305471777915955e-02 0.000000000000000000e+00 -3.870530065341881709e-07 -5.999470502138137817e-02 0.000000000000000000e+00 6.000000000000000000e+00 8.191000000000000000e+03 0.000000000000000000e+00 1.000000000000000000e+00 2.755800008773803711e+00
3.760000228881835938e+01 -7.003000378608703613e-02 0.000000000000000000e+00 -4.107784832285688026e-07 -7.000423967838287354e-02 0.000000000000000000e+00 6.000000000000000000e+00 8.191000000000000000e+03 0.000000000000000000e+00 1.000000000000000000e+00 2.755800008773803711e+00
3.779999923706054688e+01 -7.997375726699829102e-02 0.000000000000000000e+00 -4.418149330831511179e-07 -8.000127226114273071e-02 0.000000000000000000e+00 6.000000000000000000e+00 8.191000000000000000e+03 0.000000000000000000e+00 1.000000000000000000e+00 2.756000041961669922e+00
3.800000000000000000e+01 -8.998266607522964478e-02 0.000000000000000000e+00 -4.827932116313604638e-07 -8.999830484390258789e-02 0.000000000000000000e+00 6.000000000000000000e+00 8.191000000000000000e+03 0.000000000000000000e+00 1.000000000000000000e+00 2.756000041961669922e+00
3.820000076293945312e+01 -1.000119969248771667e-01 0.000000000000000000e+00 -5.364242952055064961e-07 -9.999533742666244507e-02 0.000000000000000000e+00 6.000000000000000000e+00 8.191000000000000000e+03 0.000000000000000000e+00 1.000000000000000000e+00 2.756000041961669922e+00
3.840000152587890625e+01 -1.100023537874221802e-01 0.000000000000000000e+00 -6.027921699569560587e-07 -1.100048720836639404e-01 0.000000000000000000e+00 6.000000000000000000e+00 8.191000000000000000e+03 0.000000000000000000e+00 1.000000000000000000e+00 2.756000041961669922e+00
3.860000228881835938e+01 -1.200092434883117676e-01 0.000000000000000000e+00 -6.859698373773426283e-07 -1.200019046664237976e-01 0.000000000000000000e+00 6.000000000000000000e+00 8.191000000000000000e+03 0.000000000000000000e+00 1.000000000000000000e+00 2.756000041961669922e+00
3.879999923706054688e+01 -1.300160884857177734e-01 0.000000000000000000e+00 -7.852632393223757390e-07 -1.299989372491836548e-01 0.000000000000000000e+00 6.000000000000000000e+00 8.191000000000000000e+03 0.000000000000000000e+00 1.000000000000000000e+00 2.755800008773803711e+00
3.900000000000000000e+01 -1.400092989206314087e-01 0.000000000000000000e+00 -9.036060646394616924e-07 -1.399959772825241089e-01 0.000000000000000000e+00 6.000000000000000000e+00 8.191000000000000000e+03 0.000000000000000000e+00 1.000000000000000000e+00 2.755800008773803711e+00
3.920000076293945312e+01 -1.500045806169509888e-01 0.000000000000000000e+00 -1.041415998770389706e-06 -1.500055044889450073e-01 0.000000000000000000e+00 7.000000000000000000e+00 8.191000000000000000e+03 0.000000000000000000e+00 1.000000000000000000e+00 2.755800008773803711e+00
3.940000152587890625e+01 -1.599901914596557617e-01 0.000000000000000000e+00 -1.187481757369823754e-06 -1.600025445222854614e-01 0.000000000000000000e+00 7.000000000000000000e+00 8.191000000000000000e+03 0.000000000000000000e+00 1.000000000000000000e+00 2.755800008773803711e+00
3.960000228881835938e+01 -1.700505018234252930e-01 0.000000000000000000e+00 -1.346930844192684162e-06 -1.699995696544647217e-01 0.000000000000000000e+00 7.000000000000000000e+00 8.191000000000000000e+03 0.000000000000000000e+00 1.000000000000000000e+00 2.755800008773803711e+00
3.979999923706054688e+01 -1.800336092710494995e-01 0.000000000000000000e+00 -1.512038465989462566e-06 -1.799966096878051758e-01 0.000000000000000000e+00 7.000000000000000000e+00 8.191000000000000000e+03 0.000000000000000000e+00 1.000000000000000000e+00 2.755800008773803711e+00
4.000000000000000000e+01 -1.900269389152526855e-01 0.000000000000000000e+00 -1.683540290287055541e-06 -1.900061368942260742e-01 0.000000000000000000e+00 7.000000000000000000e+00 8.191000000000000000e+03 0.000000000000000000e+00 1.000000000000000000e+00 2.755800008773803711e+00
4.020000076293945312e+01 -1.999535709619522095e-01 0.000000000000000000e+00 -1.863650027189578395e-06 -2.000031769275665283e-01 0.000000000000000000e+00 7.000000000000000000e+00 8.191000000000000000e+03 0.000000000000000000e+00 1.000000000000000000e+00 2.755800008773803711e+00
4.040000152587890625e+01 -2.100268900394439697e-01 0.000000000000000000e+00 -2.066682100121397525e-06 -2.100002169609069824e-01 0.000000000000000000e+00 7.000000000000000000e+00 8.191000000000000000e+03 0.000000000000000000e+00 1.000000000000000000e+00 2.755800008773803711e+00
4.060000228881835938e+01 -2.199710905551910400e-01 0.000000000000000000e+00 -2.308773673576069996e-06 -2.199972420930862427e-01 0.000000000000000000e+00 7.000000000000000000e+00 8.191000000000000000e+03 0.000000000000000000e+00 1.000000000000000000e+00 2.755800008773803711e+00
4.079999923706054688e+01 -2.300035059452056885e-01 0.000000000000000000e+00 -2.609219109217519872e-06 -2.299942821264266968e-01 0.000000000000000000e+00 7.000000000000000000e+00 8.191000000000000000e+03 0.000000000000000000e+00 1.000000000000000000e+00 2.755800008773803711e+00
4.100000000000000000e+01 -2.400003075599670410e-01 0.000000000000000000e+00 -2.977004896820290014e-06 -2.400038093328475952e-01 0.000000000000000000e+00 7.000000000000000000e+00 8.191000000000000000e+03 0.000000000000000000e+00 1.000000000000000000e+00 2.755800008773803711e+00
4.120000076293945312e+01 -2.500339150428771973e-01 0.000000000000000000e+00 -3.433454594414797612e-06 -2.500008344650268555e-01 0.000000000000000000e+00 7.000000000000000000e+00 8.191000000000000000e+03 0.000000000000000000e+00 1.000000000000000000e+00 2.755800008773803711e+00
4.140000152587890625e+01 -2.600306570529937744e-01 0.000000000000000000e+00 -3.995750830654287711e-06 -2.599978744983673096e-01 0.000000000000000000e+00 7.000000000000000000e+00 8.191000000000000000e+03 0.000000000000000000e+00 1.000000000000000000e+00 2.755800008773803711e+00
4.160000228881835938e+01 -2.699947059154510498e-01 0.000000000000000000e+00 -4.654612439480843022e-06 -2.699949145317077637e-01 0.000000000000000000e+00 7.000000000000000000e+00 8.191000000000000000e+03 0.000000000000000000e+00 1.000000000000000000e+00 2.755800008773803711e+00
4.179999923706054688e+01 -2.800322473049163818e-01 0.000000000000000000e+00 -5.428255462902598083e-06 -2.800044417381286621e-01 0.000000000000000000e+00 7.000000000000000000e+00 8.191000000000000000e+03 0.000000000000000000e+00 1.000000000000000000e+00 2.755800008773803711e+00
4.200000000000000000e+01 -2.899829745292663574e-01 0.000000000000000000e+00 -6.284540631895652041e-06 -2.900014817714691162e-01 0.000000000000000000e+00 7.000000000000000000e+00 8.191000000000000000e+03 0.000000000000000000e+00 1.000000000000000000e+00 2.755800008773803711e+00
4.220000076293945312e+01 -2.999993264675140381e-01 0.000000000000000000e+00 -7.173987796704750508e-06 -2.999985218048095703e-01 0.000000000000000000e+00 7.000000000000000000e+00 8.191000000000000000e+03 0.000000000000000000e+00 1.000000000000000000e+00 2.755800008773803711e+00
4.240000152587890625e+01 -2.900463044643402100e-01 0.000000000000000000e+00 -5.312567282089730725e-06 -2.900014817714691162e-01 0.000000000000000000e+00 7.000000000000000000e+00 8.191000000000000000e+03 0.000000000000000000e+00 2.000000000000000000e+00 2.755800008773803711e+00
4.260000228881835938e+01 -2.800656557083129883e-01 0.000000000000000000e+00 -4.054588316648732871e-06 -2.800044417381286621e-01 0.000000000000000000e+00 7.000000000000000000e+00 8.191000000000000000e+03 0.000000000000000000e+00 2.000000000000000000e+00 2.755800008773803711e+00
4.279999923706054688e+01 -2.700631916522979736e-01 0.000000000000000000e+00 -3.150795691908570006e-06 -2.699949145317077637e-01 0.000000000000000000e+00 7.000000000000000000e+00 8.191000000000000000e+03 0.000000000000000000e+00 2.000000000000000000e+00 2.755699872970581055e+00
4.300000000000000000e+01 -2.600067555904388428e-01 0.000000000000000000e+00 -2.480925331838079728e-06 -2.599978744983673096e-01 0.000000000000000000e+00 7.000000000000000000e+00 8.191000000000000000e+03 0.000000000000000000e+00 2.000000000000000000e+00 2.755699872970581055e+00
4.320000076293945312e+01 -2.500562071800231934e-01 0.000000000000000000e+00 -1.968564674825756811e-06 -2.500008344650268555e-01 0.000000000000000000e+00 7.000000000000000000e+00 8.191000000000000000e+03 0.000000000000000000e+00 2.000000000000000000e+00 2.755699872970581055e+00
4.340000152587890625e+01 -2.400017380714416504e-01 0.000000000000000000e+00 -1.564599642733810470e-06 -2.400038093328475952e-01 0.000000000000000000e+00 7.000000000000000000e+00 8.191000000000000000e+03 0.000000000000000000e+00 2.000000000000000000e+00 2.755699872970581055e+00
4.360000228881835938e+01 -2.300083786249160767e-01 0.000000000000000000e+00 -1.248910052709106822e-06 -2.299942821264266968e-01 0.000000000000000000e+00 7.000000000000000000e+00 8.191000000000000000e+03 0.000000000000000000e+00 2.000000000000000000e+00 2.755699872970581055e+00
4.379999923706054688e+01 -2.200113087892532349e-01 0.000000000000000000e+00 -9.978747357308748178e-07 -2.199972420930862427e-01 0.000000000000000000e+00 7.000000000000000000e+00 8.191000000000000000e+03 0.000000000000000000e+00 2.000000000000000000e+00 2.755599975585937500e+00
4.400000000000000000e+01 -2.099789381027221680e-01 0.000000000000000000e+00 -7.972533921929425560e-07 -2.100002169609069824e-01 0.000000000000000000e+00 7.000000000000000000e+00 8.191000000000000000e+03 0.000000000000000000e+00 2.000000000000000000e+00 2.755599975585937500e+00
4.420000076293945312e+01 -2.000095248222351074e-01 0.000000000000000000e+00 -6.341481935123738367e-07 -2.000031769275665283e-01 0.000000000000000000e+00 6.000000000000000000e+00 8.191000000000000000e+03 0.000000000000000000e+00 2.000000000000000000e+00 2.755599975585937500e+00
4.440000152587890625e+01 -1.899631023406982422e-01 0.000000000000000000e+00 -5.041666781835374422e-07 -1.900061368942260742e-01 0.000000000000000000e+00 6.000000000000000000e+00 8.191000000000000000e+03 0.000000000000000000e+00 2.000000000000000000e+00 2.755599975585937500e+00
4.460000228881835938e+01 -1.799591332674026489e-01 0.000000000000000000e+00 -3.993712880401290022e-07 -1.799966096878051758e-01 0.000000000000000000e+00 6.000000000000000000e+00 8.191000000000000000e+03 0.000000000000000000e+00 2.000000000000000000e+00 2.755599975585937500e+00
4.479999923706054688e+01 -1.699942201375961304e-01 0.000000000000000000e+00 -3.148329597024712712e-07 -1.699995696544647217e-01 0.000000000000000000e+00 6.000000000000000000e+00 8.191000000000000000e+03 0.000000000000000000e+00 2.000000000000000000e+00 2.755800008773803711e+00
4.500000000000000000e+01 -1.599998027086257935e-01 0.000000000000000000e+00 -2.463650901063374477e-07 -1.600025445222854614e-01 0.000000000000000000e+00 6.000000000000000000e+00 8.191000000000000000e+03 0.000000000000000000e+00 2.000000000000000000e+00 2.755800008773803711e+00
4.520000076293945312e+01 -1.499973982572555542e-01 0.000000000000000000e+00 -1.911862739234493347e-07 -1.500055044889450073e-01 0.000000000000000000e+00 6.000000000000000000e+00 8.191000000000000000e+03 0.000000000000000000e+00 2.000000000000000000e+00 2.755800008773803711e+00
4.540000152587890625e+01 -1.399932950735092163e-01 0.000000000000000000e+00 -1.453530131811930914e-07 -1.399959772825241089e-01 0.000000000000000000e+00 6.000000000000000000e+00 8.191000000000000000e+03 0.000000000000000000e+00 2.000000000000000000e+00 2.755800008773803711e+00
4.560000228881835938e+01 -1.300190985202789307e-01 0.000000000000000000e+00 -1.074987849847275356e-07 -1.299989372491836548e-01 0.000000000000000000e+00 6.000000000000000000e+00 8.191000000000000000e+03 0.000000000000000000e+00 2.000000000000000000e+00 2.755800008773803711e+00
4.579999923706054688e+01 -1.200074926018714905e-01 0.000000000000000000e+00 -7.556013770226854831e-08 -1.200019046664237976e-01 0.000000000000000000e+00 6.000000000000000000e+00 8.191000000000000000e+03 0.000000000000000000e+00 2.000000000000000000e+00 2.755699872970581055e+00
4.600000000000000000e+01 -1.099901348352432251e-01 0.000000000000000000e+00 -4.622182814273401164e-08 -1.100048720836639404e-01 0.000000000000000000e+00 5.000000000000000000e+00 8.191000000000000000e+03 0.000000000000000000e+00 2.000000000000000000e+00 2.755699872970581055e+00
4.620000076293945312e+01 -9.996353089809417725e-02 0.000000000000000000e+00 -2.290081901890061999e-08 -9.999533742666244507e-02 0.000000000000000000e+00 5.000000000000000000e+00 8.191000000000000000e+03 0.000000000000000000e+00 2.000000000000000000e+00 2.755699872970581055e+00
4.640000152587890625e+01 -8.999620378017425537e-02 0.000000000000000000e+00 -3.171864770834531555e-09 -8.999830484390258789e-02 0.000000000000000000e+00 5.000000000000000000e+00 8.191000000000000000e+03 0.000000000000000000e+00 2.000000000000000000e+00 2.755699872970581055e+00
4.660000228881835938e+01 -7.989899814128875732e-02 0.000000000000000000e+00 1.093948842623149176e-08 -8.000127226114273071e-02 0.000000000000000000e+00 4.000000000000000000e+00 6.908000000000000000e+03 0.000000000000000000e+00 2.000000000000000000e+00 2.755699872970581055e+00
4.679999923706054688e+01 -6.993178278207778931e-02 0.000000000000000000e+00 1.093948842623149176e-08 -7.000423967838287354e-02 0.000000000000000000e+00 4.000000000000000000e+00 6.908000000000000000e+03 0.000000000000000000e+00 2.000000000000000000e+00 2.755699872970581055e+00
4.700000000000000000e+01 -6.004957109689712524e-02 0.000000000000000000e+00 1.093948842623149176e-08 -5.999470502138137817e-02 0.000000000000000000e+00 4.000000000000000000e+00 7.164000000000000000e+03 0.000000000000000000e+00 2.000000000000000000e+00 2.755699872970581055e+00
4.720000076293945312e+01 -5.002493411302566528e-02 0.000000000000000000e+00 6.043440237135655480e-08 -4.999766871333122253e-02 0.000000000000000000e+00 5.000000000000000000e+00 8.191000000000000000e+03 0.000000000000000000e+00 2.000000000000000000e+00 2.755699872970581055e+00
4.740000152587890625e+01 -4.000299423933029175e-02 0.000000000000000000e+00 7.386748990256819525e-08 -4.000063613057136536e-02 0.000000000000000000e+00 5.000000000000000000e+00 8.191000000000000000e+03 0.000000000000000000e+00 2.000000000000000000e+00 2.755699872970581055e+00
4.760000228881835938e+01 -3.000821173191070557e-02 0.000000000000000000e+00 8.718352972891807440e-08 -3.000359982252120972e-02 0.000000000000000000e+00 5.000000000000000000e+00 8.191000000000000000e+03 0.000000000000000000e+00 2.000000000000000000e+00 2.755699872970581055e+00
4.779999923706054688e+01 -1.998114399611949921e-02 0.000000000000000000e+00 1.009602783597074449e-07 -1.999406889081001282e-02 0.000000000000000000e+00 5.000000000000000000e+00 7.164000000000000000e+03 0.000000000000000000e+00 2.000000000000000000e+00 2.755499839782714844e+00
4.800000000000000000e+01 -1.000197138637304306e-02 0.000000000000000000e+00 1.178034310100883886e-07 -9.997034445405006409e-03 0.000000000000000000e+00 6.000000000000000000e+00 8.191000000000000000e+03 0.000000000000000000e+00 2.000000000000000000e+00 2.755499839782714844e+00
4.820000076293945312e+01 -3.661465598270297050e-05 0.000000000000000000e+00 1.315953994662777404e-07 0.000000000000000000e+00 0.000000000000000000e+00 6.000000000000000000e+00 8.191000000000000000e+03 0.000000000000000000e+00 2.000000000000000000e+00 2.755499839782714844e+00
4.840000152587890625e+01 1.001417078077793121e-02 0.000000000000000000e+00 1.453667692885574070e-07 9.997034445405006409e-03 0.000000000000000000e+00 6.000000000000000000e+00 8.191000000000000000e+03 0.000000000000000000e+00 2.000000000000000000e+00 2.755499839782714844e+00
4.860000228881835938e+01 1.998676545917987823e-02 0.000000000000000000e+00 1.593067224803235149e-07 1.999406889081001282e-02 0.000000000000000000e+00 6.000000000000000000e+00 8.191000000000000000e+03 0.000000000000000000e+00 2.000000000000000000e+00 2.755499839782714844e+00
4.879999923706054688e+01 2.992901392281055450e-02 0.000000000000000000e+00 1.723728928482159972e-07 3.000359982252120972e-02 0.000000000000000000e+00 6.000000000000000000e+00 6.143000000000000000e+03 0.000000000000000000e+00 2.000000000000000000e+00 2.755399942398071289e+00
4.900000000000000000e+01 4.001451656222343445e-02 0.000000000000000000e+00 1.863213299202470807e-07 4.000063613057136536e-02 0.000000000000000000e+00 6.000000000000000000e+00 8.191000000000000000e+03 0.000000000000000000e+00 2.000000000000000000e+00 2.755399942398071289e+00
4.920000076293945312e+01 5.005550011992454529e-02 0.000000000000000000e+00 1.997163110445399070e-07 4.999766871333122253e-02 0.000000000000000000e+00 6.000000000000000000e+00 8.191000000000000000e+03 0.000000000000000000e+00 2.000000000000000000e+00 2.755399942398071289e+00
4.940000152587890625e+01 6.003702804446220398e-02 0.000000000000000000e+00 2.140761807822855189e-07 5.999470502138137817e-02 0.000000000000000000e+00 6.000000000000000000e+00 8.191000000000000000e+03 0.000000000000000000e+00 2.000000000000000000e+00 2.755399942398071289e+00
4.960000228881835938e+01 7.000799477100372314e-02 0.000000000000000000e+00 2.294587346796106431e-07 7.000423967838287354e-02 0.000000000000000000e+00 6.000000000000000000e+00 8.191000000000000000e+03 0.000000000000000000e+00 2.000000000000000000e+00 2.755399942398071289e+00
4.979999923706054688e+01 8.000870048999786377e-02 0.000000000000000000e+00 2.451197076425160049e-07 8.000127226114273071e-02 0.000000000000000000e+00 6.000000000000000000e+00 8.191000000000000000e+03 0.000000000000000000e+00 2.000000000000000000e+00 2.755899906158447266e+00
5.000000000000000000e+01 9.004092216491699219e-02 0.000000000000000000e+00 2.626963748753041727e-07 8.999830484390258789e-02 0.000000000000000000e+00 6.000000000000000000e+00 8.191000000000000000e+03 0.000000000000000000e+00 2.000000000000000000e+00 2.755899906158447266e+00
5.020000076293945312e+01 1.000610813498497009e-01 0.000000000000000000e+00 2.828562628565123305e-07 9.999533742666244507e-02 0.000000000000000000e+00 6.000000000000000000e+00 8.191000000000000000e+03 0.000000000000000000e+00 2.000000000000000000e+00 2.755899906158447266e+00
5.040000152587890625e+01 1.100093200802803040e-01 0.000000000000000000e+00 3.061966538098204182e-07 1.100048720836639404e-01 0.000000000000000000e+00 6.000000000000000000e+00 8.191000000000000000e+03 0.000000000000000000e+00 2.000000000000000000e+00 2.755899906158447266e+00
5.060000228881835938e+01 1.200709342956542969e-01 0.000000000000000000e+00 3.329365370063896989e-07 1.200019046664237976e-01 0.000000000000000000e+00 6.000000000000000000e+00 8.191000000000000000e+03 0.000000000000000000e+00 2.000000000000000000e+00 2.755899906158447266e+00
5.079999923706054688e+01 1.299942731857299805e-01 0.000000000000000000e+00 3.663461995984107489e-07 1.299989372491836548e-01 0.000000000000000000e+00 6.000000000000000000e+00 8.191000000000000000e+03 0.000000000000000000e+00 2.000000000000000000e+00 2.755699872970581055e+00
5.100000000000000000e+01 1.400164514780044556e-01 0.000000000000000000e+00 4.074570085776940687e-07 1.399959772825241089e-01 0.000000000000000000e+00 6.000000000000000000e+00 8.191000000000000000e+03 0.000000000000000000e+00 2.000000000000000000e+00 2.755699872970581055e+00
5.120000076293945312e+01 1.500465720891952515e-01 0.000000000000000000e+00 4.581449672969029052e-07 1.500055044889450073e-01 0.000000000000000000e+00 6.000000000000000000e+00 8.191000000000000000e+03 0.000000000000000000e+00 2.000000000000000000e+00 2.755699872970581055e+00
5.140000152587890625e+01 1.600211113691329956e-01 0.000000000000000000e+00 5.215613327891333029e-07 1.600025445222854614e-01 0.000000000000000000e+00 6.000000000000000000e+00 8.191000000000000000e+03 0.000000000000000000e+00 2.000000000000000000e+00 2.755699872970581055e+00
5.160000228881835938e+01 1.700097769498825073e-01 0.000000000000000000e+00 5.992760065964830574e-07 1.699995696544647217e-01 0.000000000000000000e+00 6.000000000000000000e+00 8.191000000000000000e+03 0.000000000000000000e+00 2.000000000000000000e+00 2.755699872970581055e+00
5.179999923706054688e+01 1.799657642841339111e-01 0.000000000000000000e+00 6.915811354701872915e-07 1.799966096878051758e-01 0.000000000000000000e+00 6.000000000000000000e+00 8.191000000000000000e+03 0.000000000000000000e+00 2.000000000000000000e+00 2.755699872970581055e+00
5.200000000000000000e+01 1.900253593921661377e-01 0.000000000000000000e+00 7.985524348441686016e-07 1.900061368942260742e-01 0.000000000000000000e+00 6.000000000000000000e+00 8.191000000000000000e+03 0.000000000000000000e+00 2.000000000000000000e+00 2.755699872970581055e+00
5.220000076293945312e+01 2.000466436147689819e-01 0.000000000000000000e+00 9.118654133999370970e-07 2.000031769275665283e-01 0.000000000000000000e+00 6.000000000000000000e+00 8.191000000000000000e+03 0.000000000000000000e+00 2.000000000000000000e+00 2.755699872970581055e+00
5.240000152587890625e+01 2.100124657154083252e-01 0.000000000000000000e+00 1.036005528476380277e-06 2.100002169609069824e-01 0.000000000000000000e+00 7.000000000000000000e+00 8.191000000000000000e+03 0.000000000000000000e+00 2.000000000000000000e+00 2.755699872970581055e+00
5.260000228881835938e+01 2.200538069009780884e-01 0.000000000000000000e+00 1.143239501288917381e-06 2.199972420930862427e-01 0.000000000000000000e+00 7.000000000000000000e+00 8.191000000000000000e+03 0.000000000000000000e+00 2.000000000000000000e+00 2.755699872970581055e+00
5.279999923706054688e+01 2.300605326890945435e-01 0.000000000000000000e+00 1.240057599716237746e-06 2.299942821264266968e-01 0.000000000000000000e+00 7.000000000000000000e+00 8.191000000000000000e+03 0.000000000000000000e+00 2.000000000000000000e+00 2.755499839782714844e+00
5.300000000000000000e+01 2.400917857885360718e-01 0.000000000000000000e+00 1.329873498434608337e-06 2.400038093328475952e-01 0.000000000000000000e+00 7.000000000000000000e+00 8.191000000000000000e+03 0.000000000000000000e+00 2.000000000000000000e+00 2.755499839782714844e+00
5.320000076293945312e+01 2.500388026237487793e-01 0.000000000000000000e+00 1.412044184689875692e-06 2.500008344650268555e-01 0.000000000000000000e+00 7.000000000000000000e+00 8.191000000000000000e+03 0.000000000000000000e+00 2.000000000000000000e+00 2.755499839782714844e+00
5.340000152587890625e+01 2.600233256816864014e-01 0.000000000000000000e+00 1.488088059886649717e-06 2.599978744983673096e-01 0.000000000000000000e+00 7.000000000000000000e+00 8.191000000000000000e+03 0.000000000000000000e+00 2.000000000000000000e+00 2.755499839782714844e+00
5.360000228881835938e+01 2.700521945953369141e-01 0.000000000000000000e+00 1.558014446345623583e-06 2.699949145317077637e-01 0.000000000000000000e+00 7.000000000000000000e+00 8.191000000000000000e+03 0.000000000000000000e+00 2.000000000000000000e+00 2.755499839782714844e+00
5.379999923706054688e+01 2.800066173076629639e-01 0.000000000000000000e+00 1.632540147511463147e-06 2.800044417381286621e-01 0.000000000000000000e+00 7.000000000000000000e+00 8.191000000000000000e+03 0.000000000000000000e+00 2.000000000000000000e+00 2.755800008773803711e+00
5.400000000000000000e+01 2.900544404983520508e-01 0.000000000000000000e+00 1.713068968456354924e-06 2.900014817714691162e-01 0.000000000000000000e+00 7.000000000000000000e+00 8.191000000000000000e+03 0.000000000000000000e+00 2.000000000000000000e+00 2.755800008773803711e+00
5.420000076293945312e+01 3.000406324863433838e-01 0.000000000000000000e+00 1.800215841285535134e-06 2.999985218048095703e-01 0.000000000000000000e+00 7.000000000000000000e+00 8.191000000000000000e+03 0.000000000000000000e+00 2.000000000000000000e+00 2.755800008773803711e+00
5.440000152587890625e+01 2.900071442127227783e-01 0.000000000000000000e+00 1.259052055502252188e-06 2.900014817714691162e-01 0.000000000000000000e+00 7.000000000000000000e+00 8.191000000000000000e+03 0.000000000000000000e+00 2.000000000000000000e+00 2.755800008773803711e+00
5.460000228881835938e+01 2.800759971141815186e-01 0.000000000000000000e+00 9.444715942663606256e-07 2.800044417381286621e-01 0.000000000000000000e+00 7.000000000000000000e+00 8.191000000000000000e+03 0.000000000000000000e+00 2.000000000000000000e+00 2.755800008773803711e+00
5.479999923706054688e+01 2.700507938861846924e-01 0.000000000000000000e+00 7.210988997030653991e-07 2.699949145317077637e-01 0.000000000000000000e+00 7.000000000000000000e+00 8.191000000000000000e+03 0.000000000000000000e+00 2.000000000000000000e+00 2.755499839782714844e+00
5.500000000000000000e+01 2.600093483924865723e-01 0.000000000000000000e+00 5.381818937166826800e-07 2.599978744983673096e-01 0.000000000000000000e+00 6.000000000000000000e+00 8.191000000000000000e+03 0.000000000000000000e+00 2.000000000000000000e+00 2.755499839782714844e+00
5.520000076293945312e+01 2.500650882720947266e-01 0.000000000000000000e+00 3.807738551131478744e-07 2.500008344650268555e-01 0.000000000000000000e+00 6.000000000000000000e+00 8.191000000000000000e+03 0.000000000000000000e+00 2.000000000000000000e+00 2.755499839782714844e+00
5.540000152587890625e+01 2.400431632995605469e-01 0.000000000000000000e+00 2.360919495458801975e-07 2.400038093328475952e-01 0.000000000000000000e+00 6.000000000000000000e+00 8.191000000000000000e+03 0.000000000000000000e+00 2.000000000000000000e+00 2.755499839782714844e+00
5.560000228881835938e+01 2.300374656915664673e-01 0.000000000000000000e+00 9.738604944686812814e-08 2.299942821264266968e-01 0.000000000000000000e+00 6.000000000000000000e+00 8.191000000000000000e+03 0.000000000000000000e+00 2.000000000000000000e+00 2.755499839782714844e+00
5.579999923706054688e+01 2.200436294078826904e-01 0.000000000000000000e+00 -3.412361238019911980e-08 2.199972420930862427e-01 0.000000000000000000e+00 6.000000000000000000e+00 8.191000000000000000e+03 0.000000000000000000e+00 2.000000000000000000e+00 2.755499839782714844e+00
5.600000000000000000e+01 2.100064605474472046e-01 0.000000000000000000e+00 -1.092515233835911204e-07 2.100002169609069824e-01 0.000000000000000000e+00 5.000000000000000000e+00 7.164000000000000000e+03 0.000000000000000000e+00 2.000000000000000000e+00 2.755499839782714844e+00
5.620000076293945312e+01 2.000110447406768799e-01 0.000000000000000000e+00 -2.581739977358665783e-07 2.000031769275665283e-01 0.000000000000000000e+00 6.000000000000000000e+00 8.191000000000000000e+03 0.000000000000000000e+00 2.000000000000000000e+00 2.755499839782714844e+00
5.640000152587890625e+01 1.900488287210464478e-01 0.000000000000000000e+00 -3.404099686576955719e-07 1.900061368942260742e-01 0.000000000000000000e+00 6.000000000000000000e+00 8.191000000000000000e+03 0.000000000000000000e+00 2.000000000000000000e+00 2.755499839782714844e+00
5.660000228881835938e+01 1.799938678741455078e-01 0.000000000000000000e+00 -3.982792122769751586e-07 1.799966096878051758e-01 0.000000000000000000e+00 6.000000000000000000e+00 8.191000000000000000e+03 0.000000000000000000e+00 2.000000000000000000e+00 2.755499839782714844e+00
5.679999923706054688e+01 1.700290888547897339e-01 0.000000000000000000e+00 -4.324963072122045560e-07 1.699995696544647217e-01 0.000000000000000000e+00 6.000000000000000000e+00 8.191000000000000000e+03 0.000000000000000000e+00 2.000000000000000000e+00 2.755800008773803711e+00
5.700000000000000000e+01 1.600543707609176636e-01 0.000000000000000000e+00 -4.483293025714374380e-07 1.600025445222854614e-01 0.000000000000000000e+00 6.000000000000000000e+00 8.191000000000000000e+03 0.000000000000000000e+00 2.000000000000000000e+00 2.755800008773803711e+00
5.720000076293945312e+01 1.500461995601654053e-01 0.000000000000000000e+00 -4.509049347234395100e-07 1.500055044889450073e-01 0.000000000000000000e+00 6.000000000000000000e+00 8.191000000000000000e+03 0.000000000000000000e+00 2.000000000000000000e+00 2.755800008773803711e+00
5.740000152587890625e+01 1.400279700756072998e-01 0.000000000000000000e+00 -4.459876379314664518e-07 1.399959772825241089e-01 0.000000000000000000e+00 6.000000000000000000e+00 8.191000000000000000e+03 0.000000000000000000e+00 2.000000000000000000e+00 2.755800008773803711e+00
5.760000228881835938e+01 1.300006210803985596e-01 0.000000000000000000e+00 -4.354831446562457131e-07 1.299989372491836548e-01 0.000000000000000000e+00 6.000000000000000000e+00 8.191000000000000000e+03 0.000000000000000000e+00 2.000000000000000000e+00 2.755800008773803711e+00
5.779999923706054688e+01 1.200360283255577087e-01 0.000000000000000000e+00 -4.227709951010183431e-07 1.200019046664237976e-01 0.000000000000000000e+00 6.000000000000000000e+00 8.191000000000000000e+03 0.000000000000000000e+00 2.000000000000000000e+00 2.755699872970581055e+00
5.800000000000000000e+01 1.099982634186744690e-01 0.000000000000000000e+00 -4.099306920579692814e-07 1.100048720836639404e-01 0.000000000000000000e+00 6.000000000000000000e+00 8.191000000000000000e+03 0.000000000000000000e+00 2.000000000000000000e+00 2.755699872970581055e+00
5.820000076293945312e+01 1.000328212976455688e-01 0.000000000000000000e+00 -3.980691474225750426e-07 9.999533742666244507e-02 0.000000000000000000e+00 6.000000000000000000e+00 8.191000000000000000e+03 0.000000000000000000e+00 2.000000000000000000e+00 2.755699872970581055e+00
5.840000152587890625e+01 9.003811329603195190e-02 0.000000000000000000e+00 -3.867982059091445990e-07 8.999830484390258789e-02 0.000000000000000000e+00 6.000000000000000000e+00 8.191000000000000000e+03 0.000000000000000000e+00 2.000000000000000000e+00 2.755699872970581055e+00
5.860000228881835938e+01 8.005751669406890869e-02 0.000000000000000000e+00 -3.766590737086517038e-07 8.000127226114273071e-02 0.000000000000000000e+00 6.000000000000000000e+00 8.191000000000000000e+03 0.000000000000000000e+00 2.000000000000000000e+00 2.755699872970581055e+00
5.879999923706054688e+01 7.000344246625900269e-02 0.000000000000000000e+00 -3.675717152873403393e-07 7.000423967838287354e-02 0.000000000000000000e+00 6.000000000000000000e+00 8.191000000000000000e+03 0.000000000000000000e+00 2.000000000000000000e+00 2.755699872970581055e+00
5.900000000000000000e+01 6.002456322312355042e-02 0.000000000000000000e+00 -3.603446430133772083e-07 5.999470502138137817e-02 0.000000000000000000e+00 6.000000000000000000e+00 8.191000000000000000e+03 0.000000000000000000e+00 2.000000000000000000e+00 2.755699872970581055e+00
5.920000076293945312e+01 5.003350228071212769e-02 0.000000000000000000e+00 -3.533679944212053670e-07 4.999766871333122253e-02 0.000000000000000000e+00 6.000000000000000000e+00 8.191000000000000000e+03 0.000000000000000000e+00 2.000000000000000000e+00 2.755699872970581055e+00
5.940000152587890625e+01 4.005987942218780518e-02 0.000000000000000000e+00 -3.478997143702144967e-07 4.000063613057136536e-02 0.000000000000000000e+00 6.000000000000000000e+00 8.191000000000000000e+03 0.000000000000000000e+00 2.000000000000000000e+00 2.755699872970581055e+00
5.960000228881835938e+01 3.004755266010761261e-02 0.000000000000000000e+00 -3.429079526995337801e-07 3.000359982252120972e-02 0.000000000000000000e+00 6.000000000000000000e+00 8.191000000000000000e+03 0.000000000000000000e+00 2.000000000000000000e+00 2.755699872970581055e+00
5.979999923706054688e+01 2.003100328147411346e-02 0.000000000000000000e+00 -3.389084213267778978e-07 1.999406889081001282e-02 0.000000000000000000e+00 6.000000000000000000e+00 8.191000000000000000e+03 0.000000000000000000e+00 2.000000000000000000e+00 2.755599975585937500e+00
6.000000000000000000e+01 9.985983371734619141e-03 0.000000000000000000e+00 -3.357339153353677830e-07 9.997034445405006409e-03 0.000000000000000000e+00 6.000000000000000000e+00 8.191000000000000000e+03 0.000000000000000000e+00 2.000000000000000000e+00 2.755599975585937500e+00
6.020000076293945312e+01 8.891947800293564796e-07 0.000000000000000000e+00 -3.333023812501778593e-07 0.000000000000000000e+00 0.000000000000000000e+00 6.000000000000000000e+00 8.191000000000000000e+03 0.000000000000000000e+00 2.000000000000000000e+00 2.755599975585937500e+00
6.040000152587890625e+01 -9.994958527386188507e-03 0.000000000000000000e+00 -3.328364925891946768e-07 -9.997034445405006409e-03 0.000000000000000000e+00 6.000000000000000000e+00 8.191000000000000000e+03 0.000000000000000000e+00 2.000000000000000000e+00 2.755599975585937500e+00
6.060000228881835938e+01 -2.001675777137279510e-02 0.000000000000000000e+00 -3.325487512029212667e-07 -1.999406889081001282e-02 0.000000000000000000e+00 6.000000000000000000e+00 8.191000000000000000e+03 0.000000000000000000e+00 2.000000000000000000e+00 2.755599975585937500e+00
6.079999923706054688e+01 -2.998210117220878601e-02 0.000000000000000000e+00 -3.357367006628919626e-07 -3.000359982252120972e-02 0.000000000000000000e+00 6.000000000000000000e+00 6.143000000000000000e+03 0.000000000000000000e+00 2.000000000000000000e+00 2.755699872970581055e+00
6.100000000000000000e+01 -3.999731317162513733e-02 0.000000000000000000e+00 -3.402414563424827065e-07 -4.000063613057136536e-02 0.000000000000000000e+00 6.000000000000000000e+00 8.191000000000000000e+03 0.000000000000000000e+00 2.000000000000000000e+00 2.755699872970581055e+00
6.120000076293945312e+01 -4.998848959803581238e-02 0.000000000000000000e+00 -3.481715680209163111e-07 -4.999766871333122253e-02 0.000000000000000000e+00 6.000000000000000000e+00 8.191000000000000000e+03 0.000000000000000000e+00 2.000000000000000000e+00 2.755699872970581055e+00
6.140000152587890625e+01 -6.000896543264389038e-02 0.000000000000000000e+00 -3.600412981086265063e-07 -5.999470502138137817e-02 0.000000000000000000e+00 6.000000000000000000e+00 8.191000000000000000e+03 0.000000000000000000e+00 2.000000000000000000e+00 2.755699872970581055e+00
6.160000228881835938e+01 -7.002112269401550293e-02 0.000000000000000000e+00 -3.758898969863366801e-07 -7.000423967838287354e-02 0.000000000000000000e+00 6.000000000000000000e+00 8.191000000000000000e+03 0.000000000000000000e+00 2.000000000000000000e+00 2.755699872970581055e+00
6.179999923706054688e+01 -7.999718189239501953e-02 0.000000000000000000e+00 -3.974957962782355025e-07 -8.000127226114273071e-02 0.000000000000000000e+00 6.000000000000000000e+00 8.191000000000000000e+03 0.000000000000000000e+00 2.000000000000000000e+00 2.755800008773803711e+00
6.200000000000000000e+01 -9.000799804925918579e-02 0.000000000000000000e+00 -4.261073058842157479e-07 -8.999830484390258789e-02 0.000000000000000000e+00 6.000000000000000000e+00 8.191000000000000000e+03 0.000000000000000000e+00 2.000000000000000000e+00 2.755800008773803711e+00
6.220000076293945312e+01 -9.999383985996246338e-02 0.000000000000000000e+00 -4.630097407698485767e-07 -9.999533742666244507e-02 0.000000000000000000e+00 6.000000000000000000e+00 8.191000000000000000e+03 0.000000000000000000e+00 2.000000000000000000e+00 2.755800008773803711e+00
6.240000152587890625e+01 -1.099827140569686890e-01 0.000000000000000000e+00 -5.096407562632521149e-07 -1.100048720836639404e-01 0.000000000000000000e+00 6.000000000000000000e+00 8.191000000000000000e+03 0.000000000000000000e+00 2.000000000000000000e+00 2.755800008773803711e+00
6.260000228881835938e+01 -1.199753060936927795e-01 0.000000000000000000e+00 -5.667673121934058145e-07 -1.200019046664237976e-01 0.000000000000000000e+00 6.000000000000000000e+00 8.191000000000000000e+03 0.000000000000000000e+00 2.000000000000000000e+00 2.755800008773803711e+00
6.279999923706054688e+01 -1.299942433834075928e-01 0.000000000000000000e+00 -6.357695383485406637e-07 -1.299989372491836548e-01 0.000000000000000000e+00 6.000000000000000000e+00 8.191000000000000000e+03 0.000000000000000000e+00 2.000000000000000000e+00 2.755599975585937500e+00
6.300000000000000000e+01 -1.400386989116668701e-01 0.000000000000000000e+00 -7.163494615269883070e-07 -1.399959772825241089e-01 0.000000000000000000e+00 6.000000000000000000e+00 8.191000000000000000e+03 0.000000000000000000e+00 2.000000000000000000e+00 2.755599975585937500e+00
6.320000076293945312e+01 -1.499927341938018799e-01 0.000000000000000000e+00 -8.102177844193647616e-07 -1.500055044889450073e-01 0.000000000000000000e+00 6.000000000000000000e+00 8.191000000000000000e+03 0.000000000000000000e+00 2.000000000000000000e+00 2.755599975585937500e+00
6.340000152587890625e+01 -1.600411087274551392e-01 0.000000000000000000e+00 -9.150326150120235980e-07 -1.600025445222854614e-01 0.000000000000000000e+00 6.000000000000000000e+00 8.191000000000000000e+03 0.000000000000000000e+00 2.000000000000000000e+00 2.755599975585937500e+00
6.360000228881835938e+01 -1.699683815240859985e-01 0.000000000000000000e+00 -1.033308308251434937e-06 -1.699995696544647217e-01 0.000000000000000000e+00 7.000000000000000000e+00 8.191000000000000000e+03 0.000000000000000000e+00 2.000000000000000000e+00 2.755599975585937500e+00
6.379999923706054688e+01 -1.800011247396469116e-01 0.000000000000000000e+00 -1.161197133114910685e-06 -1.799966096878051758e-01 0.000000000000000000e+00 7.000000000000000000e+00 8.191000000000000000e+03 0.000000000000000000e+00 2.000000000000000000e+00 2.755699872970581055e+00
6.400000000000000000e+01 -1.899953186511993408e-01 0.000000000000000000e+00 -1.304728357354179025e-06 -1.900061368942260742e-01 0.000000000000000000e+00 7.000000000000000000e+00 8.191000000000000000e+03 0.000000000000000000e+00 2.000000000000000000e+00 2.755699872970581055e+00
6.420000457763671875e+01 -2.000057250261306763e-01 0.000000000000000000e+00 -1.471156679144769441e-06 -2.000031769275665283e-01 0.000000000000000000e+00 7.000000000000000000e+00 8.191000000000000000e+03 0.000000000000000000e+00 2.000000000000000000e+00 2.755699872970581055e+00
6.440000152587890625e+01 -2.100367695093154907e-01 0.000000000000000000e+00 -1.665011154727835674e-06 -2.100002169609069824e-01 0.000000000000000000e+00 7.000000000000000000e+00 8.191000000000000000e+03 0.000000000000000000e+00 2.000000000000000000e+00 2.755699872970581055e+00
6.459999847412109375e+01 -2.199854701757431030e-01 0.000000000000000000e+00 -1.907495970954187214e-06 -2.199972420930862427e-01 0.000000000000000000e+00 7.000000000000000000e+00 8.191000000000000000e+03 0.000000000000000000e+00 2.000000000000000000e+00 2.755699872970581055e+00
6.480000305175781250e+01 -2.299859672784805298e-01 0.000000000000000000e+00 -2.199178197770379484e-06 -2.299942821264266968e-01 0.000000000000000000e+00 7.000000000000000000e+00 8.191000000000000000e+03 0.000000000000000000e+00 2.000000000000000000e+00 2.755599975585937500e+00
6.500000000000000000e+01 -2.400350421667098999e-01 0.000000000000000000e+00 -2.553601689214701764e-06 -2.400038093328475952e-01 0.000000000000000000e+00 7.000000000000000000e+00 8.191000000000000000e+03 0.000000000000000000e+00 2.000000000000000000e+00 2.755599975585937500e+00
6.520000457763671875e+01 -2.500184178352355957e-01 0.000000000000000000e+00 -2.991825112985679880e-06 -2.500008344650268555e-01 0.000000000000000000e+00 7.000000000000000000e+00 8.191000000000000000e+03 0.000000000000000000e+00 2.000000000000000000e+00 2.755599975585937500e+00
6.540000152587890625e+01 -2.600241303443908691e-01 0.000000000000000000e+00 -3.519138999763526954e-06 -2.599978744983673096e-01 0.000000000000000000e+00 7.000000000000000000e+00 8.191000000000000000e+03 0.000000000000000000e+00 2.000000000000000000e+00 2.755599975585937500e+00
6.559999847412109375e+01 -2.700159847736358643e-01 0.000000000000000000e+00 -4.152367637288989499e-06 -2.699949145317077637e-01 0.000000000000000000e+00 7.000000000000000000e+00 8.191000000000000000e+03 0.000000000000000000e+00 2.000000000000000000e+00 2.755599975585937500e+00
6.580000305175781250e+01 -2.800727784633636475e-01 0.000000000000000000e+00 -4.890273430646630004e-06 -2.800044417381286621e-01 0.000000000000000000e+00 7.000000000000000000e+00 8.191000000000000000e+03 0.000000000000000000e+00 2.000000000000000000e+00 2.755599975585937500e+00
6.600000000000000000e+01 -2.900372147560119629e-01 0.000000000000000000e+00 -5.724700713471975178e-06 -2.900014817714691162e-01 0.000000000000000000e+00 7.000000000000000000e+00 8.191000000000000000e+03 0.000000000000000000e+00 2.000000000000000000e+00 2.755599975585937500e+00
6.620000457763671875e+01 -3.000347912311553955e-01 0.000000000000000000e+00 -6.621344709856202826e-06 -2.999985218048095703e-01 0.000000000000000000e+00 7.000000000000000000e+00 8.191000000000000000e+03 0.000000000000000000e+00 2.000000000000000000e+00 2.755599975585937500e+00
6.640000152587890625e+01 -2.900329232215881348e-01 0.000000000000000000e+00 -4.908565188088687137e-06 -2.900014817714691162e-01 0.000000000000000000e+00 7.000000000000000000e+00 8.191000000000000000e+03 0.000000000000000000e+00 3.000000000000000000e+00 2.755599975585937500e+00
6.659999847412109375e+01 -2.799922823905944824e-01 0.000000000000000000e+00 -3.741566160897491500e-06 -2.800044417381286621e-01 0.000000000000000000e+00 7.000000000000000000e+00 8.191000000000000000e+03 0.000000000000000000e+00 3.000000000000000000e+00 2.755599975585937500e+00
6.680000305175781250e+01 -2.700217068195343018e-01 0.000000000000000000e+00 -2.900412255257833749e-06 -2.699949145317077637e-01 0.000000000000000000e+00 7.000000000000000000e+00 8.191000000000000000e+03 0.000000000000000000e+00 3.000000000000000000e+00 2.755399942398071289e+00
6.700000000000000000e+01 -2.599733471870422363e-01 0.000000000000000000e+00 -2.279931095472420566e-06 -2.599978744983673096e-01 0.000000000000000000e+00 7.000000000000000000e+00 8.191000000000000000e+03 0.000000000000000000e+00 3.000000000000000000e+00 2.755399942398071289e+00
6.720000457763671875e+01 -2.499969899654388428e-01 0.000000000000000000e+00 -1.800974359866813757e-06 -2.500008344650268555e-01 0.000000000000000000e+00 7.000000000000000000e+00 8.191000000000000000e+03 0.000000000000000000e+00 3.000000000000000000e+00 2.755399942398071289e+00
6.740000152587890625e+01 -2.400083988904953003e-01 0.000000000000000000e+00 -1.432038629900489468e-06 -2.400038093328475952e-01 0.000000000000000000e+00 7.000000000000000000e+00 8.191000000000000000e+03 0.000000000000000000e+00 3.000000000000000000e+00 2.755399942398071289e+00
6.759999847412109375e+01 -2.300380021333694458e-01 0.000000000000000000e+00 -1.145531768997898325e-06 -2.299942821264266968e-01 0.000000000000000000e+00 7.000000000000000000e+00 8.191000000000000000e+03 0.000000000000000000e+00 3.000000000000000000e+00 2.755399942398071289e+00
6.780000305175781250e+01 -2.200470566749572754e-01 0.000000000000000000e+00 -9.127701900979445782e-07 -2.199972420930862427e-01 0.000000000000000000e+00 7.000000000000000000e+00 8.191000000000000000e+03 0.000000000000000000e+00 3.000000000000000000e+00 2.755399942398071289e+00
6.800000000000000000e+01 -2.100452631711959839e-01 0.000000000000000000e+00 -7.286974437192839105e-07 -2.100002169609069824e-01 0.000000000000000000e+00 7.000000000000000000e+00 8.191000000000000000e+03 0.000000000000000000e+00 3.000000000000000000e+00 2.755399942398071289e+00
6.820000457763671875e+01 -1.999774873256683350e-01 0.000000000000000000e+00 -5.825223183819616679e-07 -2.000031769275665283e-01 0.000000000000000000e+00 6.000000000000000000e+00 8.191000000000000000e+03 0.000000000000000000e+00 3.000000000000000000e+00 2.755399942398071289e+00
6.840000152587890625e+01 -1.900363117456436157e-01 0.000000000000000000e+00 -4.638958728264697129e-07 -1.900061368942260742e-01 0.000000000000000000e+00 6.000000000000000000e+00 8.191000000000000000e+03 0.000000000000000000e+00 3.000000000000000000e+00 2.755399942398071289e+00
6.859999847412109375e+01 -1.799898594617843628e-01 0.000000000000000000e+00 -3.685686067456117598e-07 -1.799966096878051758e-01 0.000000000000000000e+00 6.000000000000000000e+00 8.191000000000000000e+03 0.000000000000000000e+00 3.000000000000000000e+00 2.755399942398071289e+00
6.880000305175781250e+01 -1.699666678905487061e-01 0.000000000000000000e+00 -2.912091190410137642e-07 -1.699995696544647217e-01 0.000000000000000000e+00 6.000000000000000000e+00 8.191000000000000000e+03 0.000000000000000000e+00 3.000000000000000000e+00 2.755599975585937500e+00
6.900000000000000000e+01 -1.599966436624526978e-01 0.000000000000000000e+00 -2.285058116058280575e-07 -1.600025445222854614e-01 0.000000000000000000e+00 6.000000000000000000e+00 8.191000000000000000e+03 0.000000000000000000e+00 3.000000000000000000e+00 2.755599975585937500e+00
6.920000457763671875e+01 -1.500469893217086792e-01 0.000000000000000000e+00 -1.773880882183220820e-07 -1.500055044889450073e-01 0.000000000000000000e+00 6.000000000000000000e+00 8.191000000000000000e+03 0.000000000000000000e+00 3.000000000000000000e+00 2.755599975585937500e+00
6.940000152587890625e+01 -1.399785280227661133e-01 0.000000000000000000e+00 -1.348769274045480415e-07 -1.399959772825241089e-01 0.000000000000000000e+00 6.000000000000000000e+00 8.191000000000000000e+03 0.000000000000000000e+00 3.000000000000000000e+00 2.755599975585937500e+00
6.959999847412109375e+01 -1.300539672374725342e-01 0.000000000000000000e+00 -9.970484882160235429e-08 -1.299989372491836548e-01 0.000000000000000000e+00 6.000000000000000000e+00 8.191000000000000000e+03 0.000000000000000000e+00 3.000000000000000000e+00 2.755599975585937500e+00
6.980000305175781250e+01 -1.200023964047431946e-01 0.000000000000000000e+00 -7.013866820670955349e-08 -1.200019046664237976e-01 0.000000000000000000e+00 6.000000000000000000e+00 8.191000000000000000e+03 0.000000000000000000e+00 3.000000000000000000e+00 2.755599975585937500e+00
7.000000000000000000e+01 -1.099942326545715332e-01 0.000000000000000000e+00 -4.194967928583537287e-08 -1.100048720836639404e-01 0.000000000000000000e+00 5.000000000000000000e+00 8.191000000000000000e+03 0.000000000000000000e+00 3.000000000000000000e+00 2.755599975585937500e+00
7.020000457763671875e+01 -9.999871253967285156e-02 0.000000000000000000e+00 -1.965512907986521896e-08 -9.999533742666244507e-02 0.000000000000000000e+00 5.000000000000000000e+00 8.191000000000000000e+03 0.000000000000000000e+00 3.000000000000000000e+00 2.755599975585937500e+00
7.040000152587890625e+01 -9.000257402658462524e-02 0.000000000000000000e+00 -5.893192045469675122e-10 -8.999830484390258789e-02 0.000000000000000000e+00 5.000000000000000000e+00 8.191000000000000000e+03 0.000000000000000000e+00 3.000000000000000000e+00 2.755599975585937500e+00
7.059999847412109375e+01 -7.992297410964965820e-02 0.000000000000000000e+00 1.093948842623149176e-08 -8.000127226114273071e-02 0.000000000000000000e+00 4.000000000000000000e+00 6.908000000000000000e+03 0.000000000000000000e+00 3.000000000000000000e+00 2.755599975585937500e+00
7.080000305175781250e+01 -6.996047496795654297e-02 0.000000000000000000e+00 1.093948842623149176e-08 -7.000423967838287354e-02 0.000000000000000000e+00 4.000000000000000000e+00 6.908000000000000000e+03 0.000000000000000000e+00 3.000000000000000000e+00 2.755499839782714844e+00
7.100000000000000000e+01 -5.998192727565765381e-02 0.000000000000000000e+00 1.093948842623149176e-08 -5.999470502138137817e-02 0.000000000000000000e+00 4.000000000000000000e+00 7.164000000000000000e+03 0.000000000000000000e+00 3.000000000000000000e+00 2.755499839782714844e+00
7.120000457763671875e+01 -5.004264786839485168e-02 0.000000000000000000e+00 5.992590956793719670e-08 -4.999766871333122253e-02 0.000000000000000000e+00 5.000000000000000000e+00 8.191000000000000000e+03 0.000000000000000000e+00 3.000000000000000000e+00 2.755499839782714844e+00
7.140000152587890625e+01 -4.003765806555747986e-02 0.000000000000000000e+00 7.259735212983287056e-08 -4.000063613057136536e-02 0.000000000000000000e+00 5.000000000000000000e+00 8.191000000000000000e+03 0.000000000000000000e+00 3.000000000000000000e+00 2.755499839782714844e+00
7.159999847412109375e+01 -3.000514209270477295e-02 0.000000000000000000e+00 8.531158357527601765e-08 -3.000359982252120972e-02 0.000000000000000000e+00 5.000000000000000000e+00 8.191000000000000000e+03 0.000000000000000000e+00 3.000000000000000000e+00 2.755499839782714844e+00
7.180000305175781250e+01 -2.002646774053573608e-02 0.000000000000000000e+00 9.842627690659355721e-08 -1.999406889081001282e-02 0.000000000000000000e+00 5.000000000000000000e+00 8.191000000000000000e+03 0.000000000000000000e+00 3.000000000000000000e+00 2.755300045013427734e+00
7.200000000000000000e+01 -9.993475861847400665e-03 0.000000000000000000e+00 1.140013594636002381e-07 -9.997034445405006409e-03 0.000000000000000000e+00 6.000000000000000000e+00 8.191000000000000000e+03 0.000000000000000000e+00 3.000000000000000000e+00 2.755300045013427734e+00
7.220000457763671875e+01 9.499417501501739025e-06 0.000000000000000000e+00 1.278135073334851768e-07 0.000000000000000000e+00 0.000000000000000000e+00 6.000000000000000000e+00 8.191000000000000000e+03 0.000000000000000000e+00 3.000000000000000000e+00 2.755300045013427734e+00
