2.000000029802322388e-01 -4.740820440929383039e-05 0.000000000000000000e+00 1.110570110540720634e-06 3.129243850708007812e-07 0.000000000000000000e+00 8.000000000000000000e+00 8.191000000000000000e+03 0.000000000000000000e+00 0.000000000000000000e+00 2.757299900054931641e+00
4.000000059604644775e-01 1.010120473802089691e-02 0.000000000000000000e+00 2.867855528165819123e-06 9.997349232435226440e-03 0.000000000000000000e+00 7.000000000000000000e+00 8.191000000000000000e+03 0.000000000000000000e+00 0.000000000000000000e+00 2.757299900054931641e+00
6.000000238418579102e-01 2.012531273066997528e-02 0.000000000000000000e+00 4.930979685013880953e-06 1.999438367784023285e-02 0.000000000000000000e+00 7.000000000000000000e+00 8.191000000000000000e+03 0.000000000000000000e+00 0.000000000000000000e+00 2.757299900054931641e+00
8.000000119209289551e-01 2.959073148667812347e-02 0.000000000000000000e+00 7.553157502115936950e-06 3.000391460955142975e-02 0.000000000000000000e+00 7.000000000000000000e+00 6.143000000000000000e+03 0.000000000000000000e+00 0.000000000000000000e+00 2.757299900054931641e+00
1.000000000000000000e+00 4.019067808985710144e-02 0.000000000000000000e+00 1.076352509699063376e-05 4.000094905495643616e-02 0.000000000000000000e+00 7.000000000000000000e+00 7.164000000000000000e+03 0.000000000000000000e+00 0.000000000000000000e+00 2.756099939346313477e+00
1.200000047683715820e+00 5.013689771294593811e-02 0.000000000000000000e+00 1.492754927312489599e-05 4.999798536300659180e-02 0.000000000000000000e+00 8.000000000000000000e+00 8.191000000000000000e+03 0.000000000000000000e+00 0.000000000000000000e+00 2.756099939346313477e+00
1.399999976158142090e+00 6.013724207878112793e-02 0.000000000000000000e+00 1.971526035049464554e-05 5.999501794576644897e-02 0.000000000000000000e+00 8.000000000000000000e+00 8.191000000000000000e+03 0.000000000000000000e+00 0.000000000000000000e+00 2.756099939346313477e+00
1.600000023841857910e+00 7.017387449741363525e-02 0.000000000000000000e+00 2.506720375095028430e-05 7.000455260276794434e-02 0.000000000000000000e+00 8.000000000000000000e+00 8.191000000000000000e+03 0.000000000000000000e+00 0.000000000000000000e+00 2.756099939346313477e+00
1.800000071525573730e+00 8.012828975915908813e-02 0.000000000000000000e+00 3.075280983466655016e-05 8.000158518552780151e-02 0.000000000000000000e+00 8.000000000000000000e+00 8.191000000000000000e+03 0.000000000000000000e+00 0.000000000000000000e+00 2.756099939346313477e+00
2.000000000000000000e+00 9.015376120805740356e-02 0.000000000000000000e+00 3.647861012723296881e-05 8.999861776828765869e-02 0.000000000000000000e+00 8.000000000000000000e+00 8.191000000000000000e+03 0.000000000000000000e+00 0.000000000000000000e+00 2.756099939346313477e+00
2.200000047683715820e+00 1.002462357282638550e-01 0.000000000000000000e+00 4.207974780001677573e-05 9.999565780162811279e-02 0.000000000000000000e+00 8.000000000000000000e+00 8.191000000000000000e+03 0.000000000000000000e+00 0.000000000000000000e+00 2.756099939346313477e+00
2.400000095367431641e+00 1.100754663348197937e-01 0.000000000000000000e+00 4.692769289249554276e-05 1.100051850080490112e-01 0.000000000000000000e+00 8.000000000000000000e+00 8.191000000000000000e+03 0.000000000000000000e+00 0.000000000000000000e+00 2.756099939346313477e+00
2.600000143051147461e+00 1.200927644968032837e-01 0.000000000000000000e+00 5.081023118691518903e-05 1.200022250413894653e-01 0.000000000000000000e+00 8.000000000000000000e+00 8.191000000000000000e+03 0.000000000000000000e+00 0.000000000000000000e+00 2.756099939346313477e+00
2.799999952316284180e+00 1.301411390304565430e-01 0.000000000000000000e+00 5.334342131391167641e-05 1.299992501735687256e-01 0.000000000000000000e+00 8.000000000000000000e+00 8.191000000000000000e+03 0.000000000000000000e+00 0.000000000000000000e+00 2.756099939346313477e+00
3.000000000000000000e+00 1.401612907648086548e-01 0.000000000000000000e+00 5.428690201370045543e-05 1.399962902069091797e-01 0.000000000000000000e+00 8.000000000000000000e+00 8.191000000000000000e+03 0.000000000000000000e+00 0.000000000000000000e+00 2.756399869918823242e+00
3.200000047683715820e+00 1.501617282629013062e-01 0.000000000000000000e+00 5.401186717790551484e-05 1.500058174133300781e-01 0.000000000000000000e+00 8.000000000000000000e+00 8.191000000000000000e+03 0.000000000000000000e+00 0.000000000000000000e+00 2.756399869918823242e+00
3.400000095367431641e+00 1.601590812206268311e-01 0.000000000000000000e+00 5.279517426970414817e-05 1.600028574466705322e-01 0.000000000000000000e+00 8.000000000000000000e+00 8.191000000000000000e+03 0.000000000000000000e+00 0.000000000000000000e+00 2.756399869918823242e+00
3.600000143051147461e+00 1.701871305704116821e-01 0.000000000000000000e+00 5.106675234856083989e-05 1.699998974800109863e-01 0.000000000000000000e+00 8.000000000000000000e+00 8.191000000000000000e+03 0.000000000000000000e+00 0.000000000000000000e+00 2.756399869918823242e+00
3.799999952316284180e+00 1.801529824733734131e-01 0.000000000000000000e+00 4.907175753032788634e-05 1.799969226121902466e-01 0.000000000000000000e+00 8.000000000000000000e+00 8.191000000000000000e+03 0.000000000000000000e+00 0.000000000000000000e+00 2.756399869918823242e+00
4.000000000000000000e+00 1.901398003101348877e-01 0.000000000000000000e+00 4.704235834651626647e-05 1.899939626455307007e-01 0.000000000000000000e+00 8.000000000000000000e+00 8.191000000000000000e+03 0.000000000000000000e+00 0.000000000000000000e+00 2.756399869918823242e+00
4.200000286102294922e+00 2.000882029533386230e-01 0.000000000000000000e+00 4.509311474976129830e-05 2.000034898519515991e-01 0.000000000000000000e+00 8.000000000000000000e+00 8.191000000000000000e+03 0.000000000000000000e+00 0.000000000000000000e+00 2.756399869918823242e+00
4.400000095367431641e+00 2.101601362228393555e-01 0.000000000000000000e+00 4.337503196438774467e-05 2.100005298852920532e-01 0.000000000000000000e+00 8.000000000000000000e+00 8.191000000000000000e+03 0.000000000000000000e+00 0.000000000000000000e+00 2.756399869918823242e+00
4.599999904632568359e+00 2.201428115367889404e-01 0.000000000000000000e+00 4.177804294158704579e-05 2.199975699186325073e-01 0.000000000000000000e+00 8.000000000000000000e+00 8.191000000000000000e+03 0.000000000000000000e+00 0.000000000000000000e+00 2.756399869918823242e+00
4.800000190734863281e+00 2.301608175039291382e-01 0.000000000000000000e+00 4.039728810312226415e-05 2.299945950508117676e-01 0.000000000000000000e+00 8.000000000000000000e+00 8.191000000000000000e+03 0.000000000000000000e+00 0.000000000000000000e+00 2.756399869918823242e+00
5.000000000000000000e+00 2.401427030563354492e-01 0.000000000000000000e+00 3.912934698746539652e-05 2.400041371583938599e-01 0.000000000000000000e+00 8.000000000000000000e+00 8.191000000000000000e+03 0.000000000000000000e+00 0.000000000000000000e+00 2.756399869918823242e+00
5.200000286102294922e+00 2.501579821109771729e-01 0.000000000000000000e+00 3.801090133492834866e-05 2.500011622905731201e-01 0.000000000000000000e+00 8.000000000000000000e+00 8.191000000000000000e+03 0.000000000000000000e+00 0.000000000000000000e+00 2.756399869918823242e+00
5.400000095367431641e+00 2.602228224277496338e-01 0.000000000000000000e+00 3.698752334457822144e-05 2.599982023239135742e-01 0.000000000000000000e+00 8.000000000000000000e+00 8.191000000000000000e+03 0.000000000000000000e+00 0.000000000000000000e+00 2.756399869918823242e+00
5.599999904632568359e+00 2.702351212501525879e-01 0.000000000000000000e+00 3.609236955526284873e-05 2.699952423572540283e-01 0.000000000000000000e+00 8.000000000000000000e+00 8.191000000000000000e+03 0.000000000000000000e+00 0.000000000000000000e+00 2.756399869918823242e+00
5.800000190734863281e+00 2.801520824432373047e-01 0.000000000000000000e+00 3.524014755384996533e-05 2.800047695636749268e-01 0.000000000000000000e+00 8.000000000000000000e+00 8.191000000000000000e+03 0.000000000000000000e+00 0.000000000000000000e+00 2.756399869918823242e+00
6.000000000000000000e+00 2.900756299495697021e-01 0.000000000000000000e+00 3.446645132498815656e-05 2.900017797946929932e-01 0.000000000000000000e+00 8.000000000000000000e+00 8.191000000000000000e+03 0.000000000000000000e+00 0.000000000000000000e+00 2.756399869918823242e+00
6.200000286102294922e+00 3.001313805580139160e-01 0.000000000000000000e+00 3.378385372343473136e-05 2.999988198280334473e-01 0.000000000000000000e+00 8.000000000000000000e+00 8.191000000000000000e+03 0.000000000000000000e+00 0.000000000000000000e+00 2.756399869918823242e+00
6.400000095367431641e+00 2.901634573936462402e-01 0.000000000000000000e+00 3.176839527441188693e-05 2.900017797946929932e-01 0.000000000000000000e+00 8.000000000000000000e+00 8.191000000000000000e+03 0.000000000000000000e+00 0.000000000000000000e+00 2.756399869918823242e+00
6.599999904632568359e+00 2.801456451416015625e-01 0.000000000000000000e+00 3.028480387001764029e-05 2.800047695636749268e-01 0.000000000000000000e+00 8.000000000000000000e+00 8.191000000000000000e+03 0.000000000000000000e+00 0.000000000000000000e+00 2.756399869918823242e+00
6.800000190734863281e+00 2.701156437397003174e-01 0.000000000000000000e+00 2.905486871895845979e-05 2.699952423572540283e-01 0.000000000000000000e+00 8.000000000000000000e+00 8.191000000000000000e+03 0.000000000000000000e+00 0.000000000000000000e+00 2.756399869918823242e+00
7.000000000000000000e+00 2.601758539676666260e-01 0.000000000000000000e+00 2.797862362058367580e-05 2.599982023239135742e-01 0.000000000000000000e+00 8.000000000000000000e+00 8.191000000000000000e+03 0.000000000000000000e+00 0.000000000000000000e+00 2.756099939346313477e+00
7.200000286102294922e+00 2.501624822616577148e-01 0.000000000000000000e+00 2.695992770895827562e-05 2.500011622905731201e-01 0.000000000000000000e+00 8.000000000000000000e+00 8.191000000000000000e+03 0.000000000000000000e+00 0.000000000000000000e+00 2.756099939346313477e+00
7.400000095367431641e+00 2.401487529277801514e-01 0.000000000000000000e+00 2.601091910037212074e-05 2.400041371583938599e-01 0.000000000000000000e+00 8.000000000000000000e+00 8.191000000000000000e+03 0.000000000000000000e+00 0.000000000000000000e+00 2.756099939346313477e+00
7.599999904632568359e+00 2.301468551158905029e-01 0.000000000000000000e+00 2.508679062884766608e-05 2.299945950508117676e-01 0.000000000000000000e+00 8.000000000000000000e+00 8.191000000000000000e+03 0.000000000000000000e+00 0.000000000000000000e+00 2.756099939346313477e+00
7.800000190734863281e+00 2.201755195856094360e-01 0.000000000000000000e+00 2.409190710750408471e-05 2.199975699186325073e-01 0.000000000000000000e+00 8.000000000000000000e+00 8.191000000000000000e+03 0.000000000000000000e+00 0.000000000000000000e+00 2.756099939346313477e+00
8.000000000000000000e+00 2.101549506187438965e-01 0.000000000000000000e+00 2.308954753971192986e-05 2.100005298852920532e-01 0.000000000000000000e+00 8.000000000000000000e+00 8.191000000000000000e+03 0.000000000000000000e+00 0.000000000000000000e+00 2.756099939346313477e+00
8.199999809265136719e+00 2.001400440931320190e-01 0.000000000000000000e+00 2.197398862335830927e-05 2.000034898519515991e-01 0.000000000000000000e+00 8.000000000000000000e+00 8.191000000000000000e+03 0.000000000000000000e+00 0.000000000000000000e+00 2.756099939346313477e+00
8.400000572204589844e+00 1.900709271430969238e-01 0.000000000000000000e+00 2.064822001557331532e-05 1.899939626455307007e-01 0.000000000000000000e+00 8.000000000000000000e+00 8.191000000000000000e+03 0.000000000000000000e+00 0.000000000000000000e+00 2.756099939346313477e+00
8.600000381469726562e+00 1.801294535398483276e-01 0.000000000000000000e+00 1.912733387143816799e-05 1.799969226121902466e-01 0.000000000000000000e+00 8.000000000000000000e+00 8.191000000000000000e+03 0.000000000000000000e+00 0.000000000000000000e+00 2.756099939346313477e+00
8.800000190734863281e+00 1.701196879148483276e-01 0.000000000000000000e+00 1.720783438940998167e-05 1.699998974800109863e-01 0.000000000000000000e+00 8.000000000000000000e+00 8.191000000000000000e+03 0.000000000000000000e+00 0.000000000000000000e+00 2.756099939346313477e+00
9.000000000000000000e+00 1.601635962724685669e-01 0.000000000000000000e+00 1.484286167396930978e-05 1.600028574466705322e-01 0.000000000000000000e+00 8.000000000000000000e+00 8.191000000000000000e+03 0.000000000000000000e+00 0.000000000000000000e+00 2.756299972534179688e+00
9.199999809265136719e+00 1.501391083002090454e-01 0.000000000000000000e+00 1.191053161164745688e-05 1.500058174133300781e-01 0.000000000000000000e+00 8.000000000000000000e+00 8.191000000000000000e+03 0.000000000000000000e+00 0.000000000000000000e+00 2.756299972534179688e+00
9.400000572204589844e+00 1.401433050632476807e-01 0.000000000000000000e+00 8.247061487054452300e-06 1.399962902069091797e-01 0.000000000000000000e+00 8.000000000000000000e+00 8.191000000000000000e+03 0.000000000000000000e+00 0.000000000000000000e+00 2.756299972534179688e+00
9.600000381469726562e+00 1.301223635673522949e-01 0.000000000000000000e+00 3.884008037857711315e-06 1.299992501735687256e-01 0.000000000000000000e+00 8.000000000000000000e+00 8.191000000000000000e+03 0.000000000000000000e+00 0.000000000000000000e+00 2.756299972534179688e+00
9.800000190734863281e+00 1.201301291584968567e-01 0.000000000000000000e+00 -1.252397396456217393e-06 1.200022250413894653e-01 0.000000000000000000e+00 7.000000000000000000e+00 8.191000000000000000e+03 0.000000000000000000e+00 0.000000000000000000e+00 2.756299972534179688e+00
1.000000000000000000e+01 1.101035252213478088e-01 0.000000000000000000e+00 -6.890084932820172980e-06 1.100051850080490112e-01 0.000000000000000000e+00 7.000000000000000000e+00 8.191000000000000000e+03 0.000000000000000000e+00 0.000000000000000000e+00 2.756299972534179688e+00
1.019999980926513672e+01 1.000951528549194336e-01 0.000000000000000000e+00 -1.093666924134595320e-05 9.999565780162811279e-02 0.000000000000000000e+00 7.000000000000000000e+00 7.164000000000000000e+03 0.000000000000000000e+00 0.000000000000000000e+00 2.756299972534179688e+00
1.040000057220458984e+01 9.009891748428344727e-02 0.000000000000000000e+00 -1.847659768827725202e-05 8.999861776828765869e-02 0.000000000000000000e+00 8.000000000000000000e+00 8.191000000000000000e+03 0.000000000000000000e+00 0.000000000000000000e+00 2.756299972534179688e+00
1.060000038146972656e+01 8.011112362146377563e-02 0.000000000000000000e+00 -2.400970333837904036e-05 8.000158518552780151e-02 0.000000000000000000e+00 8.000000000000000000e+00 8.191000000000000000e+03 0.000000000000000000e+00 0.000000000000000000e+00 2.756299972534179688e+00
1.080000019073486328e+01 7.011565566062927246e-02 0.000000000000000000e+00 -2.901523475884459913e-05 7.000455260276794434e-02 0.000000000000000000e+00 8.000000000000000000e+00 8.191000000000000000e+03 0.000000000000000000e+00 0.000000000000000000e+00 2.756299972534179688e+00
1.100000000000000000e+01 6.009802594780921936e-02 0.000000000000000000e+00 -3.298029332654550672e-05 5.999501794576644897e-02 0.000000000000000000e+00 8.000000000000000000e+00 8.191000000000000000e+03 0.000000000000000000e+00 0.000000000000000000e+00 2.755699872970581055e+00
1.119999980926513672e+01 5.007023736834526062e-02 0.000000000000000000e+00 -3.546605512383393943e-05 4.999798536300659180e-02 0.000000000000000000e+00 8.000000000000000000e+00 8.191000000000000000e+03 0.000000000000000000e+00 0.000000000000000000e+00 2.755699872970581055e+00
1.140000057220458984e+01 4.011625051498413086e-02 0.000000000000000000e+00 -3.644455500761978328e-05 4.000094905495643616e-02 0.000000000000000000e+00 8.000000000000000000e+00 8.191000000000000000e+03 0.000000000000000000e+00 0.000000000000000000e+00 2.755699872970581055e+00
1.160000038146972656e+01 3.011088818311691284e-02 0.000000000000000000e+00 -3.607398684835061431e-05 3.000391460955142975e-02 0.000000000000000000e+00 8.000000000000000000e+00 8.191000000000000000e+03 0.000000000000000000e+00 0.000000000000000000e+00 2.755699872970581055e+00
1.180000019073486328e+01 2.006167732179164886e-02 0.000000000000000000e+00 -3.466104681137949228e-05 1.999438367784023285e-02 0.000000000000000000e+00 8.000000000000000000e+00 8.191000000000000000e+03 0.000000000000000000e+00 0.000000000000000000e+00 2.755699872970581055e+00
1.200000000000000000e+01 1.016276050359010696e-02 0.000000000000000000e+00 -3.257130083511583507e-05 9.997349232435226440e-03 0.000000000000000000e+00 8.000000000000000000e+00 8.191000000000000000e+03 0.000000000000000000e+00 0.000000000000000000e+00 2.756199836730957031e+00
1.219999980926513672e+01 1.114700280595570803e-04 0.000000000000000000e+00 -3.031315645785070956e-05 3.129243850708007812e-07 0.000000000000000000e+00 8.000000000000000000e+00 8.191000000000000000e+03 0.000000000000000000e+00 0.000000000000000000e+00 2.756199836730957031e+00
1.240000057220458984e+01 -9.937738999724388123e-03 0.000000000000000000e+00 -2.806793236231897026e-05 -9.996719658374786377e-03 0.000000000000000000e+00 8.000000000000000000e+00 8.191000000000000000e+03 0.000000000000000000e+00 0.000000000000000000e+00 2.756199836730957031e+00
1.260000038146972656e+01 -1.991824805736541748e-02 0.000000000000000000e+00 -2.595965815999079496e-05 -1.999375596642494202e-02 0.000000000000000000e+00 8.000000000000000000e+00 8.191000000000000000e+03 0.000000000000000000e+00 0.000000000000000000e+00 2.756199836730957031e+00
1.280000019073486328e+01 -2.958677336573600769e-02 0.000000000000000000e+00 -2.398613651166670024e-05 -3.000328317284584045e-02 0.000000000000000000e+00 8.000000000000000000e+00 6.143000000000000000e+03 0.000000000000000000e+00 0.000000000000000000e+00 2.756199836730957031e+00
1.300000000000000000e+01 -3.988360986113548279e-02 0.000000000000000000e+00 -2.228143966931384057e-05 -4.000032320618629456e-02 0.000000000000000000e+00 8.000000000000000000e+00 8.191000000000000000e+03 0.000000000000000000e+00 0.000000000000000000e+00 2.756399869918823242e+00
1.319999980926513672e+01 -4.988989233970642090e-02 0.000000000000000000e+00 -2.077118915622122586e-05 -4.999735578894615173e-02 0.000000000000000000e+00 8.000000000000000000e+00 8.191000000000000000e+03 0.000000000000000000e+00 0.000000000000000000e+00 2.756399869918823242e+00
1.340000057220458984e+01 -5.988722667098045349e-02 0.000000000000000000e+00 -1.941088885359931737e-05 -5.999438837170600891e-02 0.000000000000000000e+00 8.000000000000000000e+00 8.191000000000000000e+03 0.000000000000000000e+00 0.000000000000000000e+00 2.756399869918823242e+00
1.360000038146972656e+01 -6.991583108901977539e-02 0.000000000000000000e+00 -1.821285877667833120e-05 -7.000392675399780273e-02 0.000000000000000000e+00 8.000000000000000000e+00 8.191000000000000000e+03 0.000000000000000000e+00 0.000000000000000000e+00 2.756399869918823242e+00
1.380000019073486328e+01 -7.994311302900314331e-02 0.000000000000000000e+00 -1.723275454423855990e-05 -8.000095188617706299e-02 0.000000000000000000e+00 8.000000000000000000e+00 8.191000000000000000e+03 0.000000000000000000e+00 0.000000000000000000e+00 2.756399869918823242e+00
1.400000000000000000e+01 -8.993970602750778198e-02 0.000000000000000000e+00 -1.626845369173679501e-05 -8.999799191951751709e-02 0.000000000000000000e+00 8.000000000000000000e+00 8.191000000000000000e+03 0.000000000000000000e+00 0.000000000000000000e+00 2.756199836730957031e+00
1.419999980926513672e+01 -9.985441714525222778e-02 0.000000000000000000e+00 -1.546355997561477125e-05 -9.999501705169677734e-02 0.000000000000000000e+00 8.000000000000000000e+00 8.191000000000000000e+03 0.000000000000000000e+00 0.000000000000000000e+00 2.756199836730957031e+00
1.440000057220458984e+01 -1.099085062742233276e-01 0.000000000000000000e+00 -1.474805867474060506e-05 -1.100045591592788696e-01 0.000000000000000000e+00 8.000000000000000000e+00 8.191000000000000000e+03 0.000000000000000000e+00 0.000000000000000000e+00 2.756199836730957031e+00
1.460000038146972656e+01 -1.198971718549728394e-01 0.000000000000000000e+00 -1.404751674272119999e-05 -1.200015842914581299e-01 0.000000000000000000e+00 8.000000000000000000e+00 8.191000000000000000e+03 0.000000000000000000e+00 0.000000000000000000e+00 2.756199836730957031e+00
1.480000019073486328e+01 -1.298836767673492432e-01 0.000000000000000000e+00 -1.348187106486875564e-05 -1.299986243247985840e-01 0.000000000000000000e+00 8.000000000000000000e+00 8.191000000000000000e+03 0.000000000000000000e+00 0.000000000000000000e+00 2.756199836730957031e+00
1.500000000000000000e+01 -1.398895531892776489e-01 0.000000000000000000e+00 -1.295889887842349708e-05 -1.399956643581390381e-01 0.000000000000000000e+00 8.000000000000000000e+00 8.191000000000000000e+03 0.000000000000000000e+00 0.000000000000000000e+00 2.756099939346313477e+00
1.519999980926513672e+01 -1.498754620552062988e-01 0.000000000000000000e+00 -1.246166084456490353e-05 -1.500051915645599365e-01 0.000000000000000000e+00 8.000000000000000000e+00 8.191000000000000000e+03 0.000000000000000000e+00 0.000000000000000000e+00 2.756099939346313477e+00
1.540000057220458984e+01 -1.598808020353317261e-01 0.000000000000000000e+00 -1.204012551170308143e-05 -1.600022166967391968e-01 0.000000000000000000e+00 8.000000000000000000e+00 8.191000000000000000e+03 0.000000000000000000e+00 0.000000000000000000e+00 2.756099939346313477e+00
1.560000038146972656e+01 -1.699120700359344482e-01 0.000000000000000000e+00 -1.164954119303729385e-05 -1.699992567300796509e-01 0.000000000000000000e+00 8.000000000000000000e+00 8.191000000000000000e+03 0.000000000000000000e+00 0.000000000000000000e+00 2.756099939346313477e+00
1.580000019073486328e+01 -1.798582822084426880e-01 0.000000000000000000e+00 -1.129613610828528181e-05 -1.799962967634201050e-01 0.000000000000000000e+00 8.000000000000000000e+00 8.191000000000000000e+03 0.000000000000000000e+00 0.000000000000000000e+00 2.756099939346313477e+00
1.600000000000000000e+01 -1.899377554655075073e-01 0.000000000000000000e+00 -1.099258770409505814e-05 -1.900058239698410034e-01 0.000000000000000000e+00 8.000000000000000000e+00 8.191000000000000000e+03 0.000000000000000000e+00 0.000000000000000000e+00 2.756099939346313477e+00
1.620000076293945312e+01 -1.998840272426605225e-01 0.000000000000000000e+00 -1.071549013431649655e-05 -2.000028640031814575e-01 0.000000000000000000e+00 8.000000000000000000e+00 8.191000000000000000e+03 0.000000000000000000e+00 0.000000000000000000e+00 2.756099939346313477e+00
1.639999961853027344e+01 -1.899331659078598022e-01 0.000000000000000000e+00 -1.003697525447933003e-05 -1.900058239698410034e-01 0.000000000000000000e+00 8.000000000000000000e+00 8.191000000000000000e+03 0.000000000000000000e+00 1.000000000000000000e+00 2.756099939346313477e+00
1.660000038146972656e+01 -1.798476129770278931e-01 0.000000000000000000e+00 -9.498021427134517580e-06 -1.799962967634201050e-01 0.000000000000000000e+00 8.000000000000000000e+00 8.191000000000000000e+03 0.000000000000000000e+00 1.000000000000000000e+00 2.756099939346313477e+00
1.680000114440917969e+01 -1.698852926492691040e-01 0.000000000000000000e+00 -9.059725016413722187e-06 -1.699992567300796509e-01 0.000000000000000000e+00 8.000000000000000000e+00 8.191000000000000000e+03 0.000000000000000000e+00 1.000000000000000000e+00 2.756099939346313477e+00
1.700000000000000000e+01 -1.598496288061141968e-01 0.000000000000000000e+00 -8.661893843964207917e-06 -1.600022166967391968e-01 0.000000000000000000e+00 8.000000000000000000e+00 8.191000000000000000e+03 0.000000000000000000e+00 1.000000000000000000e+00 2.756099939346313477e+00
1.720000076293945312e+01 -1.499484330415725708e-01 0.000000000000000000e+00 -8.321217137563508004e-06 -1.500051915645599365e-01 0.000000000000000000e+00 8.000000000000000000e+00 8.191000000000000000e+03 0.000000000000000000e+00 1.000000000000000000e+00 2.756099939346313477e+00
1.739999961853027344e+01 -1.399129778146743774e-01 0.000000000000000000e+00 -7.930679203127510846e-06 -1.399956643581390381e-01 0.000000000000000000e+00 8.000000000000000000e+00 8.191000000000000000e+03 0.000000000000000000e+00 1.000000000000000000e+00 2.756099939346313477e+00
1.760000038146972656e+01 -1.299038082361221313e-01 0.000000000000000000e+00 -7.688930963922757655e-06 -1.299986243247985840e-01 0.000000000000000000e+00 7.000000000000000000e+00 8.191000000000000000e+03 0.000000000000000000e+00 1.000000000000000000e+00 2.756099939346313477e+00
1.780000114440917969e+01 -1.199157759547233582e-01 0.000000000000000000e+00 -7.388618996628792956e-06 -1.200015842914581299e-01 0.000000000000000000e+00 7.000000000000000000e+00 8.191000000000000000e+03 0.000000000000000000e+00 1.000000000000000000e+00 2.756099939346313477e+00
1.800000000000000000e+01 -1.098950505256652832e-01 0.000000000000000000e+00 -7.102711151674157009e-06 -1.100045591592788696e-01 0.000000000000000000e+00 7.000000000000000000e+00 8.191000000000000000e+03 0.000000000000000000e+00 1.000000000000000000e+00 2.756099939346313477e+00
1.820000076293945312e+01 -9.982338547706604004e-02 0.000000000000000000e+00 -6.826605385867878795e-06 -9.999501705169677734e-02 0.000000000000000000e+00 7.000000000000000000e+00 8.191000000000000000e+03 0.000000000000000000e+00 1.000000000000000000e+00 2.756099939346313477e+00
1.839999961853027344e+01 -8.990044891834259033e-02 0.000000000000000000e+00 -6.555070285685360432e-06 -8.999799191951751709e-02 0.000000000000000000e+00 7.000000000000000000e+00 8.191000000000000000e+03 0.000000000000000000e+00 1.000000000000000000e+00 2.756099939346313477e+00
1.860000038146972656e+01 -7.984094321727752686e-02 0.000000000000000000e+00 -6.280952675297157839e-06 -8.000095188617706299e-02 0.000000000000000000e+00 7.000000000000000000e+00 8.191000000000000000e+03 0.000000000000000000e+00 1.000000000000000000e+00 2.756099939346313477e+00
1.880000114440917969e+01 -6.989572942256927490e-02 0.000000000000000000e+00 -5.996955223963595927e-06 -7.000392675399780273e-02 0.000000000000000000e+00 7.000000000000000000e+00 8.191000000000000000e+03 0.000000000000000000e+00 1.000000000000000000e+00 2.756099939346313477e+00
1.900000000000000000e+01 -5.986486375331878662e-02 0.000000000000000000e+00 -5.694106221199035645e-06 -5.999438837170600891e-02 0.000000000000000000e+00 7.000000000000000000e+00 8.191000000000000000e+03 0.000000000000000000e+00 1.000000000000000000e+00 2.756099939346313477e+00
1.920000076293945312e+01 -4.981428757309913635e-02 0.000000000000000000e+00 -5.348837021301733330e-06 -4.999735578894615173e-02 0.000000000000000000e+00 7.000000000000000000e+00 8.191000000000000000e+03 0.000000000000000000e+00 1.000000000000000000e+00 2.756099939346313477e+00
1.939999961853027344e+01 -3.983768075704574585e-02 0.000000000000000000e+00 -4.949937647324986756e-06 -4.000032320618629456e-02 0.000000000000000000e+00 7.000000000000000000e+00 8.191000000000000000e+03 0.000000000000000000e+00 1.000000000000000000e+00 2.756099939346313477e+00
1.960000038146972656e+01 -2.990133874118328094e-02 0.000000000000000000e+00 -4.467472081159939989e-06 -3.000328317284584045e-02 0.000000000000000000e+00 7.000000000000000000e+00 8.191000000000000000e+03 0.000000000000000000e+00 1.000000000000000000e+00 2.756099939346313477e+00
1.980000114440917969e+01 -1.983471587300300598e-02 0.000000000000000000e+00 -3.851340352412080392e-06 -1.999375596642494202e-02 0.000000000000000000e+00 7.000000000000000000e+00 8.191000000000000000e+03 0.000000000000000000e+00 1.000000000000000000e+00 2.756099939346313477e+00
2.000000000000000000e+01 -9.930787608027458191e-03 0.000000000000000000e+00 -3.049718770853360184e-06 -9.996719658374786377e-03 0.000000000000000000e+00 7.000000000000000000e+00 8.191000000000000000e+03 0.000000000000000000e+00 1.000000000000000000e+00 2.756099939346313477e+00
2.020000076293945312e+01 1.044516393449157476e-04 0.000000000000000000e+00 -1.985047219932312146e-06 3.129243850708007812e-07 0.000000000000000000e+00 7.000000000000000000e+00 8.191000000000000000e+03 0.000000000000000000e+00 1.000000000000000000e+00 2.756099939346313477e+00
2.039999961853027344e+01 1.015594322234392166e-02 0.000000000000000000e+00 -5.610358471130894031e-07 9.997349232435226440e-03 0.000000000000000000e+00 7.000000000000000000e+00 8.191000000000000000e+03 0.000000000000000000e+00 1.000000000000000000e+00 2.756099939346313477e+00
2.060000038146972656e+01 2.016958594322204590e-02 0.000000000000000000e+00 1.093100649995903950e-06 1.999438367784023285e-02 0.000000000000000000e+00 6.000000000000000000e+00 7.164000000000000000e+03 0.000000000000000000e+00 1.000000000000000000e+00 2.756099939346313477e+00
2.080000114440917969e+01 2.967553585767745972e-02 0.000000000000000000e+00 3.852391273539979011e-06 3.000391460955142975e-02 0.000000000000000000e+00 7.000000000000000000e+00 6.143000000000000000e+03 0.000000000000000000e+00 1.000000000000000000e+00 2.756099939346313477e+00
2.100000000000000000e+01 4.013468325138092041e-02 0.000000000000000000e+00 7.065615136525593698e-06 4.000094905495643616e-02 0.000000000000000000e+00 7.000000000000000000e+00 8.191000000000000000e+03 0.000000000000000000e+00 1.000000000000000000e+00 2.756299972534179688e+00
2.120000076293945312e+01 5.010858923196792603e-02 0.000000000000000000e+00 1.083650295186089352e-05 4.999798536300659180e-02 0.000000000000000000e+00 7.000000000000000000e+00 7.164000000000000000e+03 0.000000000000000000e+00 1.000000000000000000e+00 2.756299972534179688e+00
2.139999961853027344e+01 6.016080081462860107e-02 0.000000000000000000e+00 1.578699448145925999e-05 5.999501794576644897e-02 0.000000000000000000e+00 8.000000000000000000e+00 8.191000000000000000e+03 0.000000000000000000e+00 1.000000000000000000e+00 2.756299972534179688e+00
2.160000038146972656e+01 7.016789913177490234e-02 0.000000000000000000e+00 2.116832001775037497e-05 7.000455260276794434e-02 0.000000000000000000e+00 8.000000000000000000e+00 8.191000000000000000e+03 0.000000000000000000e+00 1.000000000000000000e+00 2.756299972534179688e+00
2.180000114440917969e+01 8.015696704387664795e-02 0.000000000000000000e+00 2.685600520635489374e-05 8.000158518552780151e-02 0.000000000000000000e+00 8.000000000000000000e+00 8.191000000000000000e+03 0.000000000000000000e+00 1.000000000000000000e+00 2.756299972534179688e+00
2.200000000000000000e+01 9.020520746707916260e-02 0.000000000000000000e+00 3.258236392866820097e-05 8.999861776828765869e-02 0.000000000000000000e+00 8.000000000000000000e+00 8.191000000000000000e+03 0.000000000000000000e+00 1.000000000000000000e+00 2.756099939346313477e+00
2.220000076293945312e+01 1.001765727996826172e-01 0.000000000000000000e+00 3.804740481427870691e-05 9.999565780162811279e-02 0.000000000000000000e+00 8.000000000000000000e+00 8.191000000000000000e+03 0.000000000000000000e+00 1.000000000000000000e+00 2.756099939346313477e+00
2.239999961853027344e+01 1.101544648408889771e-01 0.000000000000000000e+00 4.307493145461194217e-05 1.100051850080490112e-01 0.000000000000000000e+00 8.000000000000000000e+00 8.191000000000000000e+03 0.000000000000000000e+00 1.000000000000000000e+00 2.756099939346313477e+00
2.260000038146972656e+01 1.201517432928085327e-01 0.000000000000000000e+00 4.723667007056064904e-05 1.200022250413894653e-01 0.000000000000000000e+00 8.000000000000000000e+00 8.191000000000000000e+03 0.000000000000000000e+00 1.000000000000000000e+00 2.756099939346313477e+00
2.280000114440917969e+01 1.301564127206802368e-01 0.000000000000000000e+00 4.999590237275697291e-05 1.299992501735687256e-01 0.000000000000000000e+00 8.000000000000000000e+00 8.191000000000000000e+03 0.000000000000000000e+00 1.000000000000000000e+00 2.756099939346313477e+00
2.300000000000000000e+01 1.402062922716140747e-01 0.000000000000000000e+00 5.119150227983482182e-05 1.399962902069091797e-01 0.000000000000000000e+00 8.000000000000000000e+00 8.191000000000000000e+03 0.000000000000000000e+00 1.000000000000000000e+00 2.756099939346313477e+00
2.320000076293945312e+01 1.501749455928802490e-01 0.000000000000000000e+00 5.102981594973243773e-05 1.500058174133300781e-01 0.000000000000000000e+00 8.000000000000000000e+00 8.191000000000000000e+03 0.000000000000000000e+00 1.000000000000000000e+00 2.756099939346313477e+00
2.339999961853027344e+01 1.601119190454483032e-01 0.000000000000000000e+00 4.996799907530657947e-05 1.600028574466705322e-01 0.000000000000000000e+00 8.000000000000000000e+00 8.191000000000000000e+03 0.000000000000000000e+00 1.000000000000000000e+00 2.756099939346313477e+00
2.360000038146972656e+01 1.701611131429672241e-01 0.000000000000000000e+00 4.830247780773788691e-05 1.699998974800109863e-01 0.000000000000000000e+00 8.000000000000000000e+00 8.191000000000000000e+03 0.000000000000000000e+00 1.000000000000000000e+00 2.756099939346313477e+00
2.380000114440917969e+01 1.801299452781677246e-01 0.000000000000000000e+00 4.629666364053264260e-05 1.799969226121902466e-01 0.000000000000000000e+00 8.000000000000000000e+00 8.191000000000000000e+03 0.000000000000000000e+00 1.000000000000000000e+00 2.756099939346313477e+00
2.400000000000000000e+01 1.901533454656600952e-01 0.000000000000000000e+00 4.428702231962233782e-05 1.899939626455307007e-01 0.000000000000000000e+00 8.000000000000000000e+00 8.191000000000000000e+03 0.000000000000000000e+00 1.000000000000000000e+00 2.756099939346313477e+00
2.420000076293945312e+01 2.001590132713317871e-01 0.000000000000000000e+00 4.237842586007900536e-05 2.000034898519515991e-01 0.000000000000000000e+00 8.000000000000000000e+00 8.191000000000000000e+03 0.000000000000000000e+00 1.000000000000000000e+00 2.756099939346313477e+00
2.439999961853027344e+01 2.101238369941711426e-01 0.000000000000000000e+00 4.064269523951224983e-05 2.100005298852920532e-01 0.000000000000000000e+00 8.000000000000000000e+00 8.191000000000000000e+03 0.000000000000000000e+00 1.000000000000000000e+00 2.756099939346313477e+00
2.460000038146972656e+01 2.201235294342041016e-01 0.000000000000000000e+00 3.904444747604429722e-05 2.199975699186325073e-01 0.000000000000000000e+00 8.000000000000000000e+00 8.191000000000000000e+03 0.000000000000000000e+00 1.000000000000000000e+00 2.756099939346313477e+00
2.480000114440917969e+01 2.301046997308731079e-01 0.000000000000000000e+00 3.764064240385778248e-05 2.299945950508117676e-01 0.000000000000000000e+00 8.000000000000000000e+00 8.191000000000000000e+03 0.000000000000000000e+00 1.000000000000000000e+00 2.756099939346313477e+00
2.500000000000000000e+01 2.401914745569229126e-01 0.000000000000000000e+00 3.639806891442276537e-05 2.400041371583938599e-01 0.000000000000000000e+00 8.000000000000000000e+00 8.191000000000000000e+03 0.000000000000000000e+00 1.000000000000000000e+00 2.756099939346313477e+00
2.520000076293945312e+01 2.501633167266845703e-01 0.000000000000000000e+00 3.527242006384767592e-05 2.500011622905731201e-01 0.000000000000000000e+00 8.000000000000000000e+00 8.191000000000000000e+03 0.000000000000000000e+00 1.000000000000000000e+00 2.756099939346313477e+00
2.539999961853027344e+01 2.601854503154754639e-01 0.000000000000000000e+00 3.427377305342815816e-05 2.599982023239135742e-01 0.000000000000000000e+00 8.000000000000000000e+00 8.191000000000000000e+03 0.000000000000000000e+00 1.000000000000000000e+00 2.756099939346313477e+00
2.560000038146972656e+01 2.701559662818908691e-01 0.000000000000000000e+00 3.337310045026242733e-05 2.699952423572540283e-01 0.000000000000000000e+00 8.000000000000000000e+00 8.191000000000000000e+03 0.000000000000000000e+00 1.000000000000000000e+00 2.756099939346313477e+00
2.580000114440917969e+01 2.801577448844909668e-01 0.000000000000000000e+00 3.256450509070418775e-05 2.800047695636749268e-01 0.000000000000000000e+00 8.000000000000000000e+00 8.191000000000000000e+03 0.000000000000000000e+00 1.000000000000000000e+00 2.756099939346313477e+00
2.600000000000000000e+01 2.901222407817840576e-01 0.000000000000000000e+00 3.182719956384971738e-05 2.900017797946929932e-01 0.000000000000000000e+00 8.000000000000000000e+00 8.191000000000000000e+03 0.000000000000000000e+00 1.000000000000000000e+00 2.756099939346313477e+00
2.620000076293945312e+01 3.001782894134521484e-01 0.000000000000000000e+00 3.119378379778936505e-05 2.999988198280334473e-01 0.000000000000000000e+00 8.000000000000000000e+00 8.191000000000000000e+03 0.000000000000000000e+00 1.000000000000000000e+00 2.756099939346313477e+00
2.639999961853027344e+01 2.901138365268707275e-01 0.000000000000000000e+00 2.919697726611047983e-05 2.900017797946929932e-01 0.000000000000000000e+00 8.000000000000000000e+00 8.191000000000000000e+03 0.000000000000000000e+00 1.000000000000000000e+00 2.756099939346313477e+00
2.660000038146972656e+01 2.801703512668609619e-01 0.000000000000000000e+00 2.782149203994777054e-05 2.800047695636749268e-01 0.000000000000000000e+00 8.000000000000000000e+00 8.191000000000000000e+03 0.000000000000000000e+00 1.000000000000000000e+00 2.756099939346313477e+00
2.680000114440917969e+01 2.701402902603149414e-01 0.000000000000000000e+00 2.663810846570413560e-05 2.699952423572540283e-01 0.000000000000000000e+00 8.000000000000000000e+00 8.191000000000000000e+03 0.000000000000000000e+00 1.000000000000000000e+00 2.756099939346313477e+00
2.700000000000000000e+01 2.602070868015289307e-01 0.000000000000000000e+00 2.561608016549143940e-05 2.599982023239135742e-01 0.000000000000000000e+00 8.000000000000000000e+00 8.191000000000000000e+03 0.000000000000000000e+00 1.000000000000000000e+00 2.755899906158447266e+00
2.720000076293945312e+01 2.501343190670013428e-01 0.000000000000000000e+00 2.465927718731109053e-05 2.500011622905731201e-01 0.000000000000000000e+00 8.000000000000000000e+00 8.191000000000000000e+03 0.000000000000000000e+00 1.000000000000000000e+00 2.755899906158447266e+00
2.739999961853027344e+01 2.401199042797088623e-01 0.000000000000000000e+00 2.372603557887487113e-05 2.400041371583938599e-01 0.000000000000000000e+00 8.000000000000000000e+00 8.191000000000000000e+03 0.000000000000000000e+00 1.000000000000000000e+00 2.755899906158447266e+00
2.760000038146972656e+01 2.301163673400878906e-01 0.000000000000000000e+00 2.283886351506225765e-05 2.299945950508117676e-01 0.000000000000000000e+00 8.000000000000000000e+00 8.191000000000000000e+03 0.000000000000000000e+00 1.000000000000000000e+00 2.755899906158447266e+00
2.780000114440917969e+01 2.202241569757461548e-01 0.000000000000000000e+00 2.193324144172947854e-05 2.199975699186325073e-01 0.000000000000000000e+00 8.000000000000000000e+00 8.191000000000000000e+03 0.000000000000000000e+00 1.000000000000000000e+00 2.755899906158447266e+00
2.800000000000000000e+01 2.101263999938964844e-01 0.000000000000000000e+00 2.086107087961863726e-05 2.100005298852920532e-01 0.000000000000000000e+00 8.000000000000000000e+00 8.191000000000000000e+03 0.000000000000000000e+00 1.000000000000000000e+00 2.755800008773803711e+00
2.820000076293945312e+01 2.001269012689590454e-01 0.000000000000000000e+00 1.978835462068673223e-05 2.000034898519515991e-01 0.000000000000000000e+00 8.000000000000000000e+00 8.191000000000000000e+03 0.000000000000000000e+00 1.000000000000000000e+00 2.755800008773803711e+00
2.839999961853027344e+01 1.901320815086364746e-01 0.000000000000000000e+00 1.847985731728840619e-05 1.899939626455307007e-01 0.000000000000000000e+00 8.000000000000000000e+00 8.191000000000000000e+03 0.000000000000000000e+00 1.000000000000000000e+00 2.755800008773803711e+00
2.860000038146972656e+01 1.801031231880187988e-01 0.000000000000000000e+00 1.692073419690132141e-05 1.799969226121902466e-01 0.000000000000000000e+00 8.000000000000000000e+00 8.191000000000000000e+03 0.000000000000000000e+00 1.000000000000000000e+00 2.755800008773803711e+00
2.880000114440917969e+01 1.701350957155227661e-01 0.000000000000000000e+00 1.496539789513917640e-05 1.699998974800109863e-01 0.000000000000000000e+00 8.000000000000000000e+00 8.191000000000000000e+03 0.000000000000000000e+00 1.000000000000000000e+00 2.755800008773803711e+00
2.900000000000000000e+01 1.601340472698211670e-01 0.000000000000000000e+00 1.260909994016401470e-05 1.600028574466705322e-01 0.000000000000000000e+00 8.000000000000000000e+00 8.191000000000000000e+03 0.000000000000000000e+00 1.000000000000000000e+00 2.756099939346313477e+00
2.920000076293945312e+01 1.501444876194000244e-01 0.000000000000000000e+00 9.633863555791322142e-06 1.500058174133300781e-01 0.000000000000000000e+00 8.000000000000000000e+00 8.191000000000000000e+03 0.000000000000000000e+00 1.000000000000000000e+00 2.756099939346313477e+00
2.939999961853027344e+01 1.401333212852478027e-01 0.000000000000000000e+00 5.929288818151690066e-06 1.399962902069091797e-01 0.000000000000000000e+00 8.000000000000000000e+00 8.191000000000000000e+03 0.000000000000000000e+00 1.000000000000000000e+00 2.756099939346313477e+00
2.960000038146972656e+01 1.301269680261611938e-01 0.000000000000000000e+00 1.478984245295578148e-06 1.299992501735687256e-01 0.000000000000000000e+00 7.000000000000000000e+00 8.191000000000000000e+03 0.000000000000000000e+00 1.000000000000000000e+00 2.756099939346313477e+00
2.980000114440917969e+01 1.201650649309158325e-01 0.000000000000000000e+00 -3.615898549469420686e-06 1.200022250413894653e-01 0.000000000000000000e+00 7.000000000000000000e+00 8.191000000000000000e+03 0.000000000000000000e+00 1.000000000000000000e+00 2.756099939346313477e+00
3.000000000000000000e+01 1.100803464651107788e-01 0.000000000000000000e+00 -9.192573088512290269e-06 1.100051850080490112e-01 0.000000000000000000e+00 7.000000000000000000e+00 8.191000000000000000e+03 0.000000000000000000e+00 1.000000000000000000e+00 2.756000041961669922e+00
3.020000076293945312e+01 1.001415625214576721e-01 0.000000000000000000e+00 -1.492816772952210158e-05 9.999565780162811279e-02 0.000000000000000000e+00 8.000000000000000000e+00 8.191000000000000000e+03 0.000000000000000000e+00 1.000000000000000000e+00 2.756000041961669922e+00
3.039999961853027344e+01 9.014011919498443604e-02 0.000000000000000000e+00 -2.072964161925483495e-05 8.999861776828765869e-02 0.000000000000000000e+00 8.000000000000000000e+00 8.191000000000000000e+03 0.000000000000000000e+00 1.000000000000000000e+00 2.756000041961669922e+00
3.060000038146972656e+01 8.020056039094924927e-02 0.000000000000000000e+00 -2.624259104777593166e-05 8.000158518552780151e-02 0.000000000000000000e+00 8.000000000000000000e+00 8.191000000000000000e+03 0.000000000000000000e+00 1.000000000000000000e+00 2.756000041961669922e+00
3.080000114440917969e+01 7.012776285409927368e-02 0.000000000000000000e+00 -3.118181848549284041e-05 7.000455260276794434e-02 0.000000000000000000e+00 8.000000000000000000e+00 8.191000000000000000e+03 0.000000000000000000e+00 1.000000000000000000e+00 2.756000041961669922e+00
3.100000000000000000e+01 6.018959358334541321e-02 0.000000000000000000e+00 -3.494725751806981862e-05 5.999501794576644897e-02 0.000000000000000000e+00 8.000000000000000000e+00 8.191000000000000000e+03 0.000000000000000000e+00 1.000000000000000000e+00 2.755499839782714844e+00
3.120000076293945312e+01 5.012534558773040771e-02 0.000000000000000000e+00 -3.728909723577089608e-05 4.999798536300659180e-02 0.000000000000000000e+00 8.000000000000000000e+00 8.191000000000000000e+03 0.000000000000000000e+00 1.000000000000000000e+00 2.755499839782714844e+00
3.139999961853027344e+01 4.015837982296943665e-02 0.000000000000000000e+00 -3.813743751379661262e-05 4.000094905495643616e-02 0.000000000000000000e+00 8.000000000000000000e+00 8.191000000000000000e+03 0.000000000000000000e+00 1.000000000000000000e+00 2.755499839782714844e+00
3.160000038146972656e+01 3.013844601809978485e-02 0.000000000000000000e+00 -3.758878665394149721e-05 3.000391460955142975e-02 0.000000000000000000e+00 8.000000000000000000e+00 8.191000000000000000e+03 0.000000000000000000e+00 1.000000000000000000e+00 2.755499839782714844e+00
3.180000114440917969e+01 2.012270316481590271e-02 0.000000000000000000e+00 -3.607282269513234496e-05 1.999438367784023285e-02 0.000000000000000000e+00 8.000000000000000000e+00 8.191000000000000000e+03 0.000000000000000000e+00 1.000000000000000000e+00 2.755499839782714844e+00
3.200000000000000000e+01 1.011442486196756363e-02 0.000000000000000000e+00 -3.397424006834626198e-05 9.997349232435226440e-03 0.000000000000000000e+00 8.000000000000000000e+00 8.191000000000000000e+03 0.000000000000000000e+00 1.000000000000000000e+00 2.756000041961669922e+00
3.220000076293945312e+01 1.326495257671922445e-04 0.000000000000000000e+00 -3.168266994180157781e-05 3.129243850708007812e-07 0.000000000000000000e+00 8.000000000000000000e+00 8.191000000000000000e+03 0.000000000000000000e+00 1.000000000000000000e+00 2.756000041961669922e+00
3.240000152587890625e+01 -9.845705702900886536e-03 0.000000000000000000e+00 -2.943827530543785542e-05 -9.996719658374786377e-03 0.000000000000000000e+00 8.000000000000000000e+00 8.191000000000000000e+03 0.000000000000000000e+00 1.000000000000000000e+00 2.756000041961669922e+00
3.260000228881835938e+01 -1.989896222949028015e-02 0.000000000000000000e+00 -2.729227162490133196e-05 -1.999375596642494202e-02 0.000000000000000000e+00 8.000000000000000000e+00 8.191000000000000000e+03 0.000000000000000000e+00 1.000000000000000000e+00 2.756000041961669922e+00
3.279999923706054688e+01 -2.962052077054977417e-02 0.000000000000000000e+00 -2.540558125474490225e-05 -3.000328317284584045e-02 0.000000000000000000e+00 8.000000000000000000e+00 6.143000000000000000e+03 0.000000000000000000e+00 1.000000000000000000e+00 2.756000041961669922e+00
3.300000000000000000e+01 -3.989414125680923462e-02 0.000000000000000000e+00 -2.365010004723444581e-05 -4.000032320618629456e-02 0.000000000000000000e+00 8.000000000000000000e+00 8.191000000000000000e+03 0.000000000000000000e+00 1.000000000000000000e+00 2.756099939346313477e+00
3.320000076293945312e+01 -4.984387382864952087e-02 0.000000000000000000e+00 -2.215791573689784855e-05 -4.999735578894615173e-02 0.000000000000000000e+00 8.000000000000000000e+00 8.191000000000000000e+03 0.000000000000000000e+00 1.000000000000000000e+00 2.756099939346313477e+00
3.340000152587890625e+01 -5.991274118423461914e-02 0.000000000000000000e+00 -2.081197089864872396e-05 -5.999438837170600891e-02 0.000000000000000000e+00 8.000000000000000000e+00 8.191000000000000000e+03 0.000000000000000000e+00 1.000000000000000000e+00 2.756099939346313477e+00
3.360000228881835938e+01 -6.985942274332046509e-02 0.000000000000000000e+00 -1.961320231202989817e-05 -7.000392675399780273e-02 0.000000000000000000e+00 8.000000000000000000e+00 8.191000000000000000e+03 0.000000000000000000e+00 1.000000000000000000e+00 2.756099939346313477e+00
3.379999923706054688e+01 -7.986270636320114136e-02 0.000000000000000000e+00 -1.857531060522887856e-05 -8.000095188617706299e-02 0.000000000000000000e+00 8.000000000000000000e+00 8.191000000000000000e+03 0.000000000000000000e+00 1.000000000000000000e+00 2.756099939346313477e+00
3.400000000000000000e+01 -8.989527076482772827e-02 0.000000000000000000e+00 -1.762225838319864124e-05 -8.999799191951751709e-02 0.000000000000000000e+00 8.000000000000000000e+00 8.191000000000000000e+03 0.000000000000000000e+00 1.000000000000000000e+00 2.755899906158447266e+00
3.420000076293945312e+01 -9.989899396896362305e-02 0.000000000000000000e+00 -1.684633934928569943e-05 -9.999501705169677734e-02 0.000000000000000000e+00 8.000000000000000000e+00 8.191000000000000000e+03 0.000000000000000000e+00 1.000000000000000000e+00 2.755899906158447266e+00
3.440000152587890625e+01 -1.098872944712638855e-01 0.000000000000000000e+00 -1.610739491297863424e-05 -1.100045591592788696e-01 0.000000000000000000e+00 8.000000000000000000e+00 8.191000000000000000e+03 0.000000000000000000e+00 1.000000000000000000e+00 2.755899906158447266e+00
3.460000228881835938e+01 -1.198853105306625366e-01 0.000000000000000000e+00 -1.543687358207534999e-05 -1.200015842914581299e-01 0.000000000000000000e+00 8.000000000000000000e+00 8.191000000000000000e+03 0.000000000000000000e+00 1.000000000000000000e+00 2.755899906158447266e+00
3.479999923706054688e+01 -1.299221217632293701e-01 0.000000000000000000e+00 -1.486122891947161406e-05 -1.299986243247985840e-01 0.000000000000000000e+00 8.000000000000000000e+00 8.191000000000000000e+03 0.000000000000000000e+00 1.000000000000000000e+00 2.755899906158447266e+00
3.500000000000000000e+01 -1.398702263832092285e-01 0.000000000000000000e+00 -1.430221345799509436e-05 -1.399956643581390381e-01 0.000000000000000000e+00 8.000000000000000000e+00 8.191000000000000000e+03 0.000000000000000000e+00 1.000000000000000000e+00 2.755899906158447266e+00
3.520000076293945312e+01 -1.499091684818267822e-01 0.000000000000000000e+00 -1.379869627271546051e-05 -1.500051915645599365e-01 0.000000000000000000e+00 8.000000000000000000e+00 8.191000000000000000e+03 0.000000000000000000e+00 1.000000000000000000e+00 2.755899906158447266e+00
3.540000152587890625e+01 -1.598641127347946167e-01 0.000000000000000000e+00 -1.334274020337034017e-05 -1.600022166967391968e-01 0.000000000000000000e+00 8.000000000000000000e+00 8.191000000000000000e+03 0.000000000000000000e+00 1.000000000000000000e+00 2.755899906158447266e+00
3.560000228881835938e+01 -1.699691563844680786e-01 0.000000000000000000e+00 -1.297910785069689155e-05 -1.699992567300796509e-01 0.000000000000000000e+00 8.000000000000000000e+00 8.191000000000000000e+03 0.000000000000000000e+00 1.000000000000000000e+00 2.755899906158447266e+00
3.579999923706054688e+01 -1.798351258039474487e-01 0.000000000000000000e+00 -1.261988745682174340e-05 -1.799962967634201050e-01 0.000000000000000000e+00 8.000000000000000000e+00 8.191000000000000000e+03 0.000000000000000000e+00 1.000000000000000000e+00 2.755899906158447266e+00
3.600000000000000000e+01 -1.898204386234283447e-01 0.000000000000000000e+00 -1.228692417498677969e-05 -1.900058239698410034e-01 0.000000000000000000e+00 8.000000000000000000e+00 8.191000000000000000e+03 0.000000000000000000e+00 1.000000000000000000e+00 2.755899906158447266e+00
3.620000076293945312e+01 -1.999365240335464478e-01 0.000000000000000000e+00 -1.201254235638771206e-05 -2.000028640031814575e-01 0.000000000000000000e+00 8.000000000000000000e+00 8.191000000000000000e+03 0.000000000000000000e+00 1.000000000000000000e+00 2.755899906158447266e+00
3.640000152587890625e+01 -1.899769902229309082e-01 0.000000000000000000e+00 -1.129798329202458262e-05 -1.900058239698410034e-01 0.000000000000000000e+00 8.000000000000000000e+00 8.191000000000000000e+03 0.000000000000000000e+00 2.000000000000000000e+00 2.755899906158447266e+00
3.660000228881835938e+01 -1.798454076051712036e-01 0.000000000000000000e+00 -1.072504983312683180e-05 -1.799962967634201050e-01 0.000000000000000000e+00 8.000000000000000000e+00 8.191000000000000000e+03 0.000000000000000000e+00 2.000000000000000000e+00 2.755899906158447266e+00
3.679999923706054688e+01 -1.698615401983261108e-01 0.000000000000000000e+00 -1.029599297908134758e-05 -1.699992567300796509e-01 0.000000000000000000e+00 8.000000000000000000e+00 8.191000000000000000e+03 0.000000000000000000e+00 2.000000000000000000e+00 2.755899906158447266e+00
3.700000000000000000e+01 -1.598983108997344971e-01 0.000000000000000000e+00 -9.884714017971418798e-06 -1.600022166967391968e-01 0.000000000000000000e+00 8.000000000000000000e+00 8.191000000000000000e+03 0.000000000000000000e+00 2.000000000000000000e+00 2.755899906158447266e+00
3.720000076293945312e+01 -1.499366462230682373e-01 0.000000000000000000e+00 -9.504114132141694427e-06 -1.500051915645599365e-01 0.000000000000000000e+00 8.000000000000000000e+00 8.191000000000000000e+03 0.000000000000000000e+00 2.000000000000000000e+00 2.755899906158447266e+00
3.740000152587890625e+01 -1.399298310279846191e-01 0.000000000000000000e+00 -9.168011274596210569e-06 -1.399956643581390381e-01 0.000000000000000000e+00 8.000000000000000000e+00 8.191000000000000000e+03 0.000000000000000000e+00 2.000000000000000000e+00 2.755899906158447266e+00
3.760000228881835938e+01 -1.299526542425155640e-01 0.000000000000000000e+00 -8.876082574715837836e-06 -1.299986243247985840e-01 0.000000000000000000e+00 8.000000000000000000e+00 8.191000000000000000e+03 0.000000000000000000e+00 2.000000000000000000e+00 2.755899906158447266e+00
3.779999923706054688e+01 -1.199344992637634277e-01 0.000000000000000000e+00 -8.513537068211007863e-06 -1.200015842914581299e-01 0.000000000000000000e+00 8.000000000000000000e+00 8.191000000000000000e+03 0.000000000000000000e+00 2.000000000000000000e+00 2.755899906158447266e+00
3.800000000000000000e+01 -1.098868772387504578e-01 0.000000000000000000e+00 -8.198091563826892525e-06 -1.100045591592788696e-01 0.000000000000000000e+00 8.000000000000000000e+00 8.191000000000000000e+03 0.000000000000000000e+00 2.000000000000000000e+00 2.755899906158447266e+00
3.820000076293945312e+01 -9.989511966705322266e-02 0.000000000000000000e+00 -7.948454367578960955e-06 -9.999501705169677734e-02 0.000000000000000000e+00 8.000000000000000000e+00 8.191000000000000000e+03 0.000000000000000000e+00 2.000000000000000000e+00 2.755899906158447266e+00
3.840000152587890625e+01 -8.983634412288665771e-02 0.000000000000000000e+00 -7.698924491705838591e-06 -8.999799191951751709e-02 0.000000000000000000e+00 7.000000000000000000e+00 8.191000000000000000e+03 0.000000000000000000e+00 2.000000000000000000e+00 2.755899906158447266e+00
3.860000228881835938e+01 -7.988657802343368530e-02 0.000000000000000000e+00 -7.413414095935877413e-06 -8.000095188617706299e-02 0.000000000000000000e+00 7.000000000000000000e+00 8.191000000000000000e+03 0.000000000000000000e+00 2.000000000000000000e+00 2.755899906158447266e+00
3.879999923706054688e+01 -6.995001435279846191e-02 0.000000000000000000e+00 -7.120395821402780712e-06 -7.000392675399780273e-02 0.000000000000000000e+00 7.000000000000000000e+00 8.191000000000000000e+03 0.000000000000000000e+00 2.000000000000000000e+00 2.755899906158447266e+00
3.900000000000000000e+01 -5.983747914433479309e-02 0.000000000000000000e+00 -6.804499662393936887e-06 -5.999438837170600891e-02 0.000000000000000000e+00 7.000000000000000000e+00 8.191000000000000000e+03 0.000000000000000000e+00 2.000000000000000000e+00 2.755899906158447266e+00
3.920000076293945312e+01 -4.983913525938987732e-02 0.000000000000000000e+00 -6.453624337154906243e-06 -4.999735578894615173e-02 0.000000000000000000e+00 7.000000000000000000e+00 8.191000000000000000e+03 0.000000000000000000e+00 2.000000000000000000e+00 2.755899906158447266e+00
3.940000152587890625e+01 -3.987107053399085999e-02 0.000000000000000000e+00 -6.048615887266350910e-06 -4.000032320618629456e-02 0.000000000000000000e+00 7.000000000000000000e+00 8.191000000000000000e+03 0.000000000000000000e+00 2.000000000000000000e+00 2.755899906158447266e+00
3.960000228881835938e+01 -2.987676486372947693e-02 0.000000000000000000e+00 -5.553113624046090990e-06 -3.000328317284584045e-02 0.000000000000000000e+00 7.000000000000000000e+00 8.191000000000000000e+03 0.000000000000000000e+00 2.000000000000000000e+00 2.755899906158447266e+00
3.979999923706054688e+01 -1.983320526778697968e-02 0.000000000000000000e+00 -4.929862370772752911e-06 -1.999375596642494202e-02 0.000000000000000000e+00 7.000000000000000000e+00 8.191000000000000000e+03 0.000000000000000000e+00 2.000000000000000000e+00 2.755899906158447266e+00
4.000000000000000000e+01 -9.834079071879386902e-03 0.000000000000000000e+00 -4.129722583456896245e-06 -9.996719658374786377e-03 0.000000000000000000e+00 7.000000000000000000e+00 8.191000000000000000e+03 0.000000000000000000e+00 2.000000000000000000e+00 2.755899906158447266e+00
4.020000076293945312e+01 9.017740376293659210e-05 0.000000000000000000e+00 -3.061554025407531299e-06 3.129243850708007812e-07 0.000000000000000000e+00 7.000000000000000000e+00 8.191000000000000000e+03 0.000000000000000000e+00 2.000000000000000000e+00 2.755899906158447266e+00
4.040000152587890625e+01 1.020821835845708847e-02 0.000000000000000000e+00 -1.635495550544874277e-06 9.997349232435226440e-03 0.000000000000000000e+00 7.000000000000000000e+00 8.191000000000000000e+03 0.000000000000000000e+00 2.000000000000000000e+00 2.755899906158447266e+00
4.060000228881835938e+01 2.019896917045116425e-02 0.000000000000000000e+00 2.660109430507873185e-07 1.999438367784023285e-02 0.000000000000000000e+00 7.000000000000000000e+00 8.191000000000000000e+03 0.000000000000000000e+00 2.000000000000000000e+00 2.755899906158447266e+00
4.079999923706054688e+01 2.972623892128467560e-02 0.000000000000000000e+00 1.093102355298469774e-06 3.000391460955142975e-02 0.000000000000000000e+00 6.000000000000000000e+00 5.116000000000000000e+03 0.000000000000000000e+00 2.000000000000000000e+00 2.755899906158447266e+00
4.100000000000000000e+01 4.019279778003692627e-02 0.000000000000000000e+00 5.960849193797912449e-06 4.000094905495643616e-02 0.000000000000000000e+00 7.000000000000000000e+00 8.191000000000000000e+03 0.000000000000000000e+00 2.000000000000000000e+00 2.756000041961669922e+00
4.120000076293945312e+01 5.017068237066268921e-02 0.000000000000000000e+00 9.930551641446072608e-06 4.999798536300659180e-02 0.000000000000000000e+00 7.000000000000000000e+00 8.188000000000000000e+03 0.000000000000000000e+00 2.000000000000000000e+00 2.756000041961669922e+00
4.140000152587890625e+01 6.013566255569458008e-02 0.000000000000000000e+00 1.468444042984629050e-05 5.999501794576644897e-02 0.000000000000000000e+00 8.000000000000000000e+00 8.191000000000000000e+03 0.000000000000000000e+00 2.000000000000000000e+00 2.756000041961669922e+00
4.160000228881835938e+01 7.012228667736053467e-02 0.000000000000000000e+00 1.999109554162714630e-05 7.000455260276794434e-02 0.000000000000000000e+00 8.000000000000000000e+00 8.191000000000000000e+03 0.000000000000000000e+00 2.000000000000000000e+00 2.756000041961669922e+00
4.179999923706054688e+01 8.014635741710662842e-02 0.000000000000000000e+00 2.572278572188224643e-05 8.000158518552780151e-02 0.000000000000000000e+00 8.000000000000000000e+00 8.191000000000000000e+03 0.000000000000000000e+00 2.000000000000000000e+00 2.756000041961669922e+00
4.200000000000000000e+01 9.012208133935928345e-02 0.000000000000000000e+00 3.147224924759939313e-05 8.999861776828765869e-02 0.000000000000000000e+00 8.000000000000000000e+00 8.191000000000000000e+03 0.000000000000000000e+00 2.000000000000000000e+00 2.755899906158447266e+00
4.220000076293945312e+01 1.001030653715133667e-01 0.000000000000000000e+00 3.696175554068759084e-05 9.999565780162811279e-02 0.000000000000000000e+00 8.000000000000000000e+00 8.191000000000000000e+03 0.000000000000000000e+00 2.000000000000000000e+00 2.755899906158447266e+00
4.240000152587890625e+01 1.101436764001846313e-01 0.000000000000000000e+00 4.189535684417933226e-05 1.100051850080490112e-01 0.000000000000000000e+00 8.000000000000000000e+00 8.191000000000000000e+03 0.000000000000000000e+00 2.000000000000000000e+00 2.755899906158447266e+00
4.260000228881835938e+01 1.201224774122238159e-01 0.000000000000000000e+00 4.600573083735071123e-05 1.200022250413894653e-01 0.000000000000000000e+00 8.000000000000000000e+00 8.191000000000000000e+03 0.000000000000000000e+00 2.000000000000000000e+00 2.755899906158447266e+00
4.279999923706054688e+01 1.301449686288833618e-01 0.000000000000000000e+00 4.892989454674534500e-05 1.299992501735687256e-01 0.000000000000000000e+00 8.000000000000000000e+00 8.191000000000000000e+03 0.000000000000000000e+00 2.000000000000000000e+00 2.755899906158447266e+00
4.300000000000000000e+01 1.401225328445434570e-01 0.000000000000000000e+00 5.028029772802256048e-05 1.399962902069091797e-01 0.000000000000000000e+00 8.000000000000000000e+00 8.191000000000000000e+03 0.000000000000000000e+00 2.000000000000000000e+00 2.755800008773803711e+00
4.320000076293945312e+01 1.501613259315490723e-01 0.000000000000000000e+00 5.023152334615588188e-05 1.500058174133300781e-01 0.000000000000000000e+00 8.000000000000000000e+00 8.191000000000000000e+03 0.000000000000000000e+00 2.000000000000000000e+00 2.755800008773803711e+00
4.340000152587890625e+01 1.601560711860656738e-01 0.000000000000000000e+00 4.919886487186886370e-05 1.600028574466705322e-01 0.000000000000000000e+00 8.000000000000000000e+00 8.191000000000000000e+03 0.000000000000000000e+00 2.000000000000000000e+00 2.755800008773803711e+00
4.360000228881835938e+01 1.701582670211791992e-01 0.000000000000000000e+00 4.751177766593173146e-05 1.699998974800109863e-01 0.000000000000000000e+00 8.000000000000000000e+00 8.191000000000000000e+03 0.000000000000000000e+00 2.000000000000000000e+00 2.755800008773803711e+00
4.379999923706054688e+01 1.802036464214324951e-01 0.000000000000000000e+00 4.553879989543929696e-05 1.799969226121902466e-01 0.000000000000000000e+00 8.000000000000000000e+00 8.191000000000000000e+03 0.000000000000000000e+00 2.000000000000000000e+00 2.755800008773803711e+00
4.400000000000000000e+01 1.901155710220336914e-01 0.000000000000000000e+00 4.350577000877819955e-05 1.899939626455307007e-01 0.000000000000000000e+00 8.000000000000000000e+00 8.191000000000000000e+03 0.000000000000000000e+00 2.000000000000000000e+00 2.755899906158447266e+00
4.420000076293945312e+01 2.002265602350234985e-01 0.000000000000000000e+00 4.160458047408610582e-05 2.000034898519515991e-01 0.000000000000000000e+00 8.000000000000000000e+00 8.191000000000000000e+03 0.000000000000000000e+00 2.000000000000000000e+00 2.755899906158447266e+00
4.440000152587890625e+01 2.101783156394958496e-01 0.000000000000000000e+00 3.981233021477237344e-05 2.100005298852920532e-01 0.000000000000000000e+00 8.000000000000000000e+00 8.191000000000000000e+03 0.000000000000000000e+00 2.000000000000000000e+00 2.755899906158447266e+00
4.460000228881835938e+01 2.201439738273620605e-01 0.000000000000000000e+00 3.821603240794502199e-05 2.199975699186325073e-01 0.000000000000000000e+00 8.000000000000000000e+00 8.191000000000000000e+03 0.000000000000000000e+00 2.000000000000000000e+00 2.755899906158447266e+00
4.479999923706054688e+01 2.301256209611892700e-01 0.000000000000000000e+00 3.678554276120848954e-05 2.299945950508117676e-01 0.000000000000000000e+00 8.000000000000000000e+00 8.191000000000000000e+03 0.000000000000000000e+00 2.000000000000000000e+00 2.755899906158447266e+00
4.500000000000000000e+01 2.402355670928955078e-01 0.000000000000000000e+00 3.556863521225750446e-05 2.400041371583938599e-01 0.000000000000000000e+00 8.000000000000000000e+00 8.191000000000000000e+03 0.000000000000000000e+00 2.000000000000000000e+00 2.755899906158447266e+00
4.520000076293945312e+01 2.501967251300811768e-01 0.000000000000000000e+00 3.448131246841512620e-05 2.500011622905731201e-01 0.000000000000000000e+00 8.000000000000000000e+00 8.191000000000000000e+03 0.000000000000000000e+00 2.000000000000000000e+00 2.755899906158447266e+00
4.540000152587890625e+01 2.601849436759948730e-01 0.000000000000000000e+00 3.346473386045545340e-05 2.599982023239135742e-01 0.000000000000000000e+00 8.000000000000000000e+00 8.191000000000000000e+03 0.000000000000000000e+00 2.000000000000000000e+00 2.755899906158447266e+00
4.560000228881835938e+01 2.701570689678192139e-01 0.000000000000000000e+00 3.256724085076712072e-05 2.699952423572540283e-01 0.000000000000000000e+00 8.000000000000000000e+00 8.191000000000000000e+03 0.000000000000000000e+00 2.000000000000000000e+00 2.755899906158447266e+00
4.579999923706054688e+01 2.800884246826171875e-01 0.000000000000000000e+00 3.173746154061518610e-05 2.800047695636749268e-01 0.000000000000000000e+00 8.000000000000000000e+00 8.191000000000000000e+03 0.000000000000000000e+00 2.000000000000000000e+00 2.755899906158447266e+00
4.600000000000000000e+01 2.901654541492462158e-01 0.000000000000000000e+00 3.101793481619097292e-05 2.900017797946929932e-01 0.000000000000000000e+00 8.000000000000000000e+00 8.191000000000000000e+03 0.000000000000000000e+00 2.000000000000000000e+00 2.756000041961669922e+00
4.620000076293945312e+01 3.001425862312316895e-01 0.000000000000000000e+00 3.034362271137069911e-05 2.999988198280334473e-01 0.000000000000000000e+00 8.000000000000000000e+00 8.191000000000000000e+03 0.000000000000000000e+00 2.000000000000000000e+00 2.756000041961669922e+00
4.640000152587890625e+01 2.901304960250854492e-01 0.000000000000000000e+00 2.837499414454214275e-05 2.900017797946929932e-01 0.000000000000000000e+00 8.000000000000000000e+00 8.191000000000000000e+03 0.000000000000000000e+00 2.000000000000000000e+00 2.756000041961669922e+00
4.660000228881835938e+01 2.801685631275177002e-01 0.000000000000000000e+00 2.697251329664140940e-05 2.800047695636749268e-01 0.000000000000000000e+00 8.000000000000000000e+00 8.191000000000000000e+03 0.000000000000000000e+00 2.000000000000000000e+00 2.756000041961669922e+00
4.679999923706054688e+01 2.701843082904815674e-01 0.000000000000000000e+00 2.578374915174208581e-05 2.699952423572540283e-01 0.000000000000000000e+00 8.000000000000000000e+00 8.191000000000000000e+03 0.000000000000000000e+00 2.000000000000000000e+00 2.756000041961669922e+00
4.700000000000000000e+01 2.601031363010406494e-01 0.000000000000000000e+00 2.476856934663373977e-05 2.599982023239135742e-01 0.000000000000000000e+00 8.000000000000000000e+00 8.191000000000000000e+03 0.000000000000000000e+00 2.000000000000000000e+00 2.755699872970581055e+00
4.720000076293945312e+01 2.502214014530181885e-01 0.000000000000000000e+00 2.388346365478355438e-05 2.500011622905731201e-01 0.000000000000000000e+00 8.000000000000000000e+00 8.191000000000000000e+03 0.000000000000000000e+00 2.000000000000000000e+00 2.755699872970581055e+00
4.740000152587890625e+01 2.401275932788848877e-01 0.000000000000000000e+00 2.292462704645004123e-05 2.400041371583938599e-01 0.000000000000000000e+00 8.000000000000000000e+00 8.191000000000000000e+03 0.000000000000000000e+00 2.000000000000000000e+00 2.755699872970581055e+00
4.760000228881835938e+01 2.301773577928543091e-01 0.000000000000000000e+00 2.205980308644939214e-05 2.299945950508117676e-01 0.000000000000000000e+00 8.000000000000000000e+00 8.191000000000000000e+03 0.000000000000000000e+00 2.000000000000000000e+00 2.755699872970581055e+00
4.779999923706054688e+01 2.201570272445678711e-01 0.000000000000000000e+00 2.113740629283711314e-05 2.199975699186325073e-01 0.000000000000000000e+00 8.000000000000000000e+00 8.191000000000000000e+03 0.000000000000000000e+00 2.000000000000000000e+00 2.755699872970581055e+00
4.800000000000000000e+01 2.100875079631805420e-01 0.000000000000000000e+00 2.014866367971990258e-05 2.100005298852920532e-01 0.000000000000000000e+00 8.000000000000000000e+00 8.191000000000000000e+03 0.000000000000000000e+00 2.000000000000000000e+00 2.755599975585937500e+00
4.820000076293945312e+01 2.001701295375823975e-01 0.000000000000000000e+00 1.904512828332372010e-05 2.000034898519515991e-01 0.000000000000000000e+00 8.000000000000000000e+00 8.191000000000000000e+03 0.000000000000000000e+00 2.000000000000000000e+00 2.755599975585937500e+00
4.840000152587890625e+01 1.901766806840896606e-01 0.000000000000000000e+00 1.779184276529122144e-05 1.899939626455307007e-01 0.000000000000000000e+00 8.000000000000000000e+00 8.191000000000000000e+03 0.000000000000000000e+00 2.000000000000000000e+00 2.755599975585937500e+00
4.860000228881835938e+01 1.801472157239913940e-01 0.000000000000000000e+00 1.618378701095934957e-05 1.799969226121902466e-01 0.000000000000000000e+00 8.000000000000000000e+00 8.191000000000000000e+03 0.000000000000000000e+00 2.000000000000000000e+00 2.755599975585937500e+00
4.879999923706054688e+01 1.701203882694244385e-01 0.000000000000000000e+00 1.424292167939711362e-05 1.699998974800109863e-01 0.000000000000000000e+00 8.000000000000000000e+00 8.191000000000000000e+03 0.000000000000000000e+00 2.000000000000000000e+00 2.755599975585937500e+00
4.900000000000000000e+01 1.601684093475341797e-01 0.000000000000000000e+00 1.184924349217908457e-05 1.600028574466705322e-01 0.000000000000000000e+00 8.000000000000000000e+00 8.191000000000000000e+03 0.000000000000000000e+00 2.000000000000000000e+00 2.755899906158447266e+00
4.920000076293945312e+01 1.501851230859756470e-01 0.000000000000000000e+00 8.911724762583617121e-06 1.500058174133300781e-01 0.000000000000000000e+00 8.000000000000000000e+00 8.191000000000000000e+03 0.000000000000000000e+00 2.000000000000000000e+00 2.755899906158447266e+00
4.940000152587890625e+01 1.401578485965728760e-01 0.000000000000000000e+00 5.214005796005949378e-06 1.399962902069091797e-01 0.000000000000000000e+00 8.000000000000000000e+00 8.191000000000000000e+03 0.000000000000000000e+00 2.000000000000000000e+00 2.755899906158447266e+00
4.960000228881835938e+01 1.301359385251998901e-01 0.000000000000000000e+00 7.331390179388108663e-07 1.299992501735687256e-01 0.000000000000000000e+00 7.000000000000000000e+00 8.191000000000000000e+03 0.000000000000000000e+00 2.000000000000000000e+00 2.755899906158447266e+00
4.979999923706054688e+01 1.200939342379570007e-01 0.000000000000000000e+00 -1.093766627491277177e-06 1.200022250413894653e-01 0.000000000000000000e+00 6.000000000000000000e+00 7.164000000000000000e+03 0.000000000000000000e+00 2.000000000000000000e+00 2.755899906158447266e+00
5.000000000000000000e+01 1.101519912481307983e-01 0.000000000000000000e+00 -9.895356015476863831e-06 1.100051850080490112e-01 0.000000000000000000e+00 7.000000000000000000e+00 7.164000000000000000e+03 0.000000000000000000e+00 2.000000000000000000e+00 2.755800008773803711e+00
5.020000076293945312e+01 1.001251339912414551e-01 0.000000000000000000e+00 -1.567931030876934528e-05 9.999565780162811279e-02 0.000000000000000000e+00 8.000000000000000000e+00 8.191000000000000000e+03 0.000000000000000000e+00 2.000000000000000000e+00 2.755800008773803711e+00
5.040000152587890625e+01 9.017442166805267334e-02 0.000000000000000000e+00 -2.150659383914899081e-05 8.999861776828765869e-02 0.000000000000000000e+00 8.000000000000000000e+00 8.191000000000000000e+03 0.000000000000000000e+00 2.000000000000000000e+00 2.755800008773803711e+00
5.060000228881835938e+01 8.021579682826995850e-02 0.000000000000000000e+00 -2.700795812415890396e-05 8.000158518552780151e-02 0.000000000000000000e+00 8.000000000000000000e+00 8.191000000000000000e+03 0.000000000000000000e+00 2.000000000000000000e+00 2.755800008773803711e+00
5.079999923706054688e+01 7.016002386808395386e-02 0.000000000000000000e+00 -3.188280970789492130e-05 7.000455260276794434e-02 0.000000000000000000e+00 8.000000000000000000e+00 8.191000000000000000e+03 0.000000000000000000e+00 2.000000000000000000e+00 2.755800008773803711e+00
5.100000000000000000e+01 6.012038514018058777e-02 0.000000000000000000e+00 -3.569022737792693079e-05 5.999501794576644897e-02 0.000000000000000000e+00 8.000000000000000000e+00 8.191000000000000000e+03 0.000000000000000000e+00 2.000000000000000000e+00 2.755300045013427734e+00
5.120000076293945312e+01 5.013798549771308899e-02 0.000000000000000000e+00 -3.799254409386776388e-05 4.999798536300659180e-02 0.000000000000000000e+00 8.000000000000000000e+00 8.191000000000000000e+03 0.000000000000000000e+00 2.000000000000000000e+00 2.755300045013427734e+00
5.140000152587890625e+01 4.018200561404228210e-02 0.000000000000000000e+00 -3.875033871736377478e-05 4.000094905495643616e-02 0.000000000000000000e+00 8.000000000000000000e+00 8.191000000000000000e+03 0.000000000000000000e+00 2.000000000000000000e+00 2.755300045013427734e+00
5.160000228881835938e+01 3.018193133175373077e-02 0.000000000000000000e+00 -3.824598752544261515e-05 3.000391460955142975e-02 0.000000000000000000e+00 8.000000000000000000e+00 8.191000000000000000e+03 0.000000000000000000e+00 2.000000000000000000e+00 2.755300045013427734e+00
5.179999923706054688e+01 2.014094404876232147e-02 0.000000000000000000e+00 -3.673242827062495053e-05 1.999438367784023285e-02 0.000000000000000000e+00 8.000000000000000000e+00 8.191000000000000000e+03 0.000000000000000000e+00 2.000000000000000000e+00 2.755300045013427734e+00
5.200000000000000000e+01 1.012311503291130066e-02 0.000000000000000000e+00 -3.467191345407627523e-05 9.997349232435226440e-03 0.000000000000000000e+00 8.000000000000000000e+00 8.191000000000000000e+03 0.000000000000000000e+00 2.000000000000000000e+00 2.755800008773803711e+00
5.220000076293945312e+01 1.341036113444715738e-04 0.000000000000000000e+00 -3.233775350963696837e-05 3.129243850708007812e-07 0.000000000000000000e+00 8.000000000000000000e+00 8.191000000000000000e+03 0.000000000000000000e+00 2.000000000000000000e+00 2.755800008773803711e+00
5.240000152587890625e+01 -9.821366518735885620e-03 0.000000000000000000e+00 -3.002835910592693835e-05 -9.996719658374786377e-03 0.000000000000000000e+00 8.000000000000000000e+00 8.191000000000000000e+03 0.000000000000000000e+00 2.000000000000000000e+00 2.755800008773803711e+00
5.260000228881835938e+01 -1.991623267531394958e-02 0.000000000000000000e+00 -2.797813795041292906e-05 -1.999375596642494202e-02 0.000000000000000000e+00 8.000000000000000000e+00 8.191000000000000000e+03 0.000000000000000000e+00 2.000000000000000000e+00 2.755800008773803711e+00
5.279999923706054688e+01 -2.964835241436958313e-02 0.000000000000000000e+00 -2.606685484352055937e-05 -3.000328317284584045e-02 0.000000000000000000e+00 8.000000000000000000e+00 6.143000000000000000e+03 0.000000000000000000e+00 2.000000000000000000e+00 2.755800008773803711e+00
5.300000000000000000e+01 -3.993743285536766052e-02 0.000000000000000000e+00 -2.436655995552428067e-05 -4.000032320618629456e-02 0.000000000000000000e+00 8.000000000000000000e+00 8.191000000000000000e+03 0.000000000000000000e+00 2.000000000000000000e+00 2.755899906158447266e+00
5.320000076293945312e+01 -4.989155381917953491e-02 0.000000000000000000e+00 -2.280753324157558382e-05 -4.999735578894615173e-02 0.000000000000000000e+00 8.000000000000000000e+00 8.191000000000000000e+03 0.000000000000000000e+00 2.000000000000000000e+00 2.755899906158447266e+00
5.340000152587890625e+01 -5.988144502043724060e-02 0.000000000000000000e+00 -2.144705285900272429e-05 -5.999438837170600891e-02 0.000000000000000000e+00 8.000000000000000000e+00 8.191000000000000000e+03 0.000000000000000000e+00 2.000000000000000000e+00 2.755899906158447266e+00
5.360000228881835938e+01 -6.990409642457962036e-02 0.000000000000000000e+00 -2.027810114668682218e-05 -7.000392675399780273e-02 0.000000000000000000e+00 8.000000000000000000e+00 8.191000000000000000e+03 0.000000000000000000e+00 2.000000000000000000e+00 2.755899906158447266e+00
5.379999923706054688e+01 -7.984892278909683228e-02 0.000000000000000000e+00 -1.921469447552226484e-05 -8.000095188617706299e-02 0.000000000000000000e+00 8.000000000000000000e+00 8.191000000000000000e+03 0.000000000000000000e+00 2.000000000000000000e+00 2.755899906158447266e+00
5.400000000000000000e+01 -8.987297862768173218e-02 0.000000000000000000e+00 -1.832174166338518262e-05 -8.999799191951751709e-02 0.000000000000000000e+00 8.000000000000000000e+00 8.191000000000000000e+03 0.000000000000000000e+00 2.000000000000000000e+00 2.755699872970581055e+00
5.420000076293945312e+01 -9.987215697765350342e-02 0.000000000000000000e+00 -1.750340561557095498e-05 -9.999501705169677734e-02 0.000000000000000000e+00 8.000000000000000000e+00 8.191000000000000000e+03 0.000000000000000000e+00 2.000000000000000000e+00 2.755699872970581055e+00
5.440000152587890625e+01 -1.099103540182113647e-01 0.000000000000000000e+00 -1.672258258622605354e-05 -1.100045591592788696e-01 0.000000000000000000e+00 8.000000000000000000e+00 8.191000000000000000e+03 0.000000000000000000e+00 2.000000000000000000e+00 2.755699872970581055e+00
5.460000228881835938e+01 -1.198746338486671448e-01 0.000000000000000000e+00 -1.608287311682943255e-05 -1.200015842914581299e-01 0.000000000000000000e+00 8.000000000000000000e+00 8.191000000000000000e+03 0.000000000000000000e+00 2.000000000000000000e+00 2.755699872970581055e+00
5.479999923706054688e+01 -1.298135966062545776e-01 0.000000000000000000e+00 -1.549335684103425592e-05 -1.299986243247985840e-01 0.000000000000000000e+00 8.000000000000000000e+00 8.191000000000000000e+03 0.000000000000000000e+00 2.000000000000000000e+00 2.755699872970581055e+00
5.500000000000000000e+01 -1.398952156305313110e-01 0.000000000000000000e+00 -1.491397415520623326e-05 -1.399956643581390381e-01 0.000000000000000000e+00 8.000000000000000000e+00 8.191000000000000000e+03 0.000000000000000000e+00 2.000000000000000000e+00 2.755699872970581055e+00
5.520000076293945312e+01 -1.498768776655197144e-01 0.000000000000000000e+00 -1.442124357708962634e-05 -1.500051915645599365e-01 0.000000000000000000e+00 8.000000000000000000e+00 8.191000000000000000e+03 0.000000000000000000e+00 2.000000000000000000e+00 2.755699872970581055e+00
5.540000152587890625e+01 -1.599027365446090698e-01 0.000000000000000000e+00 -1.397496998833958060e-05 -1.600022166967391968e-01 0.000000000000000000e+00 8.000000000000000000e+00 8.191000000000000000e+03 0.000000000000000000e+00 2.000000000000000000e+00 2.755699872970581055e+00
5.560000228881835938e+01 -1.699391752481460571e-01 0.000000000000000000e+00 -1.358064491796540096e-05 -1.699992567300796509e-01 0.000000000000000000e+00 8.000000000000000000e+00 8.191000000000000000e+03 0.000000000000000000e+00 2.000000000000000000e+00 2.755699872970581055e+00
5.579999923706054688e+01 -1.798644214868545532e-01 0.000000000000000000e+00 -1.319686452916357666e-05 -1.799962967634201050e-01 0.000000000000000000e+00 8.000000000000000000e+00 8.191000000000000000e+03 0.000000000000000000e+00 2.000000000000000000e+00 2.755699872970581055e+00
5.600000000000000000e+01 -1.898573935031890869e-01 0.000000000000000000e+00 -1.286156384594505653e-05 -1.900058239698410034e-01 0.000000000000000000e+00 8.000000000000000000e+00 8.191000000000000000e+03 0.000000000000000000e+00 2.000000000000000000e+00 2.755699872970581055e+00
5.620000076293945312e+01 -1.998813152313232422e-01 0.000000000000000000e+00 -1.259579858015058562e-05 -2.000028640031814575e-01 0.000000000000000000e+00 8.000000000000000000e+00 8.191000000000000000e+03 0.000000000000000000e+00 2.000000000000000000e+00 2.755699872970581055e+00
5.640000152587890625e+01 -1.998708993196487427e-01 0.000000000000000000e+00 -1.212001552630681545e-05 -2.000028640031814575e-01 0.000000000000000000e+00 8.000000000000000000e+00 8.191000000000000000e+03 0.000000000000000000e+00 3.000000000000000000e+00 2.755699872970581055e+00
