5.000000000000000000e-01 -4.912137240171432495e-02 -4.912137240171432495e-02 0.000000000000000000e+00 0.000000000000000000e+00 8.191000000000000000e+03 0.000000000000000000e+00 2.757099866867065430e+00
1.000000000000000000e+00 -4.909612983465194702e-02 -4.780031368136405945e-02 0.000000000000000000e+00 0.000000000000000000e+00 8.191000000000000000e+03 0.000000000000000000e+00 2.757099866867065430e+00
1.500000000000000000e+00 -4.894415289163589478e-02 -4.670472070574760437e-02 0.000000000000000000e+00 0.000000000000000000e+00 8.191000000000000000e+03 0.000000000000000000e+00 2.756899833679199219e+00
2.000000000000000000e+00 -4.852650314569473267e-02 -4.577573016285896301e-02 0.000000000000000000e+00 0.000000000000000000e+00 8.191000000000000000e+03 0.000000000000000000e+00 2.756899833679199219e+00
2.500000000000000000e+00 -4.780912771821022034e-02 -4.490477964282035828e-02 0.000000000000000000e+00 0.000000000000000000e+00 8.191000000000000000e+03 0.000000000000000000e+00 2.757099866867065430e+00
3.000000000000000000e+00 -4.690323397517204285e-02 -4.412140697240829468e-02 0.000000000000000000e+00 0.000000000000000000e+00 8.191000000000000000e+03 0.000000000000000000e+00 2.757099866867065430e+00
3.500000000000000000e+00 -4.595588147640228271e-02 -4.341244697570800781e-02 0.000000000000000000e+00 0.000000000000000000e+00 8.191000000000000000e+03 0.000000000000000000e+00 2.757099866867065430e+00
4.000000000000000000e+00 -4.505940526723861694e-02 -4.276132583618164062e-02 0.000000000000000000e+00 0.000000000000000000e+00 8.191000000000000000e+03 0.000000000000000000e+00 2.757099866867065430e+00
4.500000000000000000e+00 -4.424372315406799316e-02 -4.206388071179389954e-02 0.000000000000000000e+00 0.000000000000000000e+00 8.191000000000000000e+03 0.000000000000000000e+00 2.757099866867065430e+00
5.000000000000000000e+00 -4.350009933114051819e-02 -4.145596176385879517e-02 0.000000000000000000e+00 0.000000000000000000e+00 8.191000000000000000e+03 0.000000000000000000e+00 2.757099866867065430e+00
5.500000000000000000e+00 -4.280825704336166382e-02 -4.091800749301910400e-02 0.000000000000000000e+00 0.000000000000000000e+00 8.191000000000000000e+03 0.000000000000000000e+00 2.757099866867065430e+00
6.000000000000000000e+00 -4.215794429183006287e-02 -4.040447250008583069e-02 0.000000000000000000e+00 0.000000000000000000e+00 8.191000000000000000e+03 0.000000000000000000e+00 2.757099866867065430e+00
6.500000000000000000e+00 -4.154897853732109070e-02 -3.982984274625778198e-02 0.000000000000000000e+00 0.000000000000000000e+00 8.191000000000000000e+03 0.000000000000000000e+00 2.757099866867065430e+00
7.000000000000000000e+00 -4.097807779908180237e-02 -3.941755369305610657e-02 0.000000000000000000e+00 0.000000000000000000e+00 8.191000000000000000e+03 0.000000000000000000e+00 2.757099866867065430e+00
7.500000000000000000e+00 -4.043919593095779419e-02 -3.894416615366935730e-02 0.000000000000000000e+00 0.000000000000000000e+00 8.191000000000000000e+03 0.000000000000000000e+00 2.757099866867065430e+00
8.000000000000000000e+00 -3.993093967437744141e-02 -3.853111341595649719e-02 0.000000000000000000e+00 0.000000000000000000e+00 8.191000000000000000e+03 0.000000000000000000e+00 2.757099866867065430e+00
8.500000000000000000e+00 -3.945290297269821167e-02 -3.811484575271606445e-02 0.000000000000000000e+00 0.000000000000000000e+00 8.191000000000000000e+03 0.000000000000000000e+00 2.757099866867065430e+00
9.000000000000000000e+00 -3.900233283638954163e-02 -3.777707740664482117e-02 0.000000000000000000e+00 0.000000000000000000e+00 8.191000000000000000e+03 0.000000000000000000e+00 2.757099866867065430e+00
9.500000000000000000e+00 -3.857954591512680054e-02 -3.749060258269309998e-02 0.000000000000000000e+00 0.000000000000000000e+00 8.191000000000000000e+03 0.000000000000000000e+00 2.757099866867065430e+00
1.000000000000000000e+01 -3.819009289145469666e-02 -3.718544170260429382e-02 0.000000000000000000e+00 0.000000000000000000e+00 8.191000000000000000e+03 0.000000000000000000e+00 2.757099866867065430e+00
1.050000000000000000e+01 -3.783999383449554443e-02 -3.704592213034629822e-02 0.000000000000000000e+00 0.000000000000000000e+00 8.191000000000000000e+03 0.000000000000000000e+00 2.757099866867065430e+00
1.100000000000000000e+01 -3.753478825092315674e-02 -3.687945753335952759e-02 0.000000000000000000e+00 0.000000000000000000e+00 8.191000000000000000e+03 0.000000000000000000e+00 2.757099866867065430e+00
1.150000000000000000e+01 -3.727879375219345093e-02 -3.669315576553344727e-02 0.000000000000000000e+00 0.000000000000000000e+00 8.191000000000000000e+03 0.000000000000000000e+00 2.757099866867065430e+00
1.200000000000000000e+01 -3.706727549433708191e-02 -3.656871989369392395e-02 0.000000000000000000e+00 0.000000000000000000e+00 8.191000000000000000e+03 0.000000000000000000e+00 2.757099866867065430e+00
1.250000000000000000e+01 -3.688504546880722046e-02 -3.632712364196777344e-02 0.000000000000000000e+00 0.000000000000000000e+00 8.191000000000000000e+03 0.000000000000000000e+00 2.756999969482421875e+00
1.300000000000000000e+01 -3.671374171972274780e-02 -3.614896535873413086e-02 0.000000000000000000e+00 0.000000000000000000e+00 8.191000000000000000e+03 0.000000000000000000e+00 2.756999969482421875e+00
1.350000000000000000e+01 -3.653755038976669312e-02 -3.590064123272895813e-02 0.000000000000000000e+00 0.000000000000000000e+00 8.191000000000000000e+03 0.000000000000000000e+00 2.756999969482421875e+00
1.400000000000000000e+01 -3.634840995073318481e-02 -3.573900833725929260e-02 0.000000000000000000e+00 0.000000000000000000e+00 8.191000000000000000e+03 0.000000000000000000e+00 2.756999969482421875e+00
1.450000000000000000e+01 -3.614755719900131226e-02 -3.547580540180206299e-02 0.000000000000000000e+00 0.000000000000000000e+00 8.191000000000000000e+03 0.000000000000000000e+00 2.756999969482421875e+00
1.500000000000000000e+01 -3.593915700912475586e-02 -3.526677936315536499e-02 0.000000000000000000e+00 0.000000000000000000e+00 8.191000000000000000e+03 0.000000000000000000e+00 2.756999969482421875e+00
