5.000000000000000000e-01 8.028665557503700256e-03 8.028665557503700256e-03 0.000000000000000000e+00 0.000000000000000000e+00 8.191000000000000000e+03 0.000000000000000000e+00 2.755699872970581055e+00
1.000000000000000000e+00 7.988590747117996216e-03 5.930869374424219131e-03 0.000000000000000000e+00 0.000000000000000000e+00 8.191000000000000000e+03 0.000000000000000000e+00 2.755699872970581055e+00
1.500000000000000000e+00 7.747013587504625320e-03 4.178563132882118225e-03 0.000000000000000000e+00 0.000000000000000000e+00 8.191000000000000000e+03 0.000000000000000000e+00 2.755699872970581055e+00
2.000000000000000000e+00 7.079010829329490662e-03 2.517851069569587708e-03 0.000000000000000000e+00 0.000000000000000000e+00 8.191000000000000000e+03 0.000000000000000000e+00 2.755499839782714844e+00
2.500000000000000000e+00 5.914184264838695526e-03 9.000903228297829628e-04 0.000000000000000000e+00 0.000000000000000000e+00 8.191000000000000000e+03 0.000000000000000000e+00 2.755499839782714844e+00
3.000000000000000000e+00 4.406288266181945801e-03 -4.326823982410132885e-04 0.000000000000000000e+00 0.000000000000000000e+00 8.191000000000000000e+03 0.000000000000000000e+00 2.755800008773803711e+00
3.500000000000000000e+00 2.783186268061399460e-03 -1.759202568791806698e-03 0.000000000000000000e+00 0.000000000000000000e+00 8.191000000000000000e+03 0.000000000000000000e+00 2.755800008773803711e+00
4.000000000000000000e+00 1.207649591378867626e-03 -3.016282571479678154e-03 0.000000000000000000e+00 0.000000000000000000e+00 8.191000000000000000e+03 0.000000000000000000e+00 2.755800008773803711e+00
4.500000000000000000e+00 -2.553346566855907440e-04 -4.176978487521409988e-03 0.000000000000000000e+00 0.000000000000000000e+00 8.191000000000000000e+03 0.000000000000000000e+00 2.755800008773803711e+00
5.000000000000000000e+00 -1.604963792487978935e-03 -5.241257604211568832e-03 0.000000000000000000e+00 0.000000000000000000e+00 8.191000000000000000e+03 0.000000000000000000e+00 2.755800008773803711e+00
5.500000000000000000e+00 -2.858470194041728973e-03 -6.322839297354221344e-03 0.000000000000000000e+00 0.000000000000000000e+00 8.191000000000000000e+03 0.000000000000000000e+00 2.755800008773803711e+00
6.000000000000000000e+00 -4.029854200780391693e-03 -7.183218374848365784e-03 0.000000000000000000e+00 0.000000000000000000e+00 8.191000000000000000e+03 0.000000000000000000e+00 2.755800008773803711e+00
6.500000000000000000e+00 -5.125822499394416809e-03 -8.119896054267883301e-03 0.000000000000000000e+00 0.000000000000000000e+00 8.191000000000000000e+03 0.000000000000000000e+00 2.755800008773803711e+00
7.000000000000000000e+00 -6.145256105810403824e-03 -8.759683929383754730e-03 0.000000000000000000e+00 0.000000000000000000e+00 8.191000000000000000e+03 0.000000000000000000e+00 2.755800008773803711e+00
7.500000000000000000e+00 -7.078721188008785248e-03 -9.345837868750095367e-03 0.000000000000000000e+00 0.000000000000000000e+00 6.143000000000000000e+03 0.000000000000000000e+00 2.755800008773803711e+00
8.000000000000000000e+00 -7.909875363111495972e-03 -9.842214174568653107e-03 0.000000000000000000e+00 0.000000000000000000e+00 8.191000000000000000e+03 0.000000000000000000e+00 2.755800008773803711e+00
8.500000000000000000e+00 -8.629132993519306183e-03 -1.034259330481290817e-02 0.000000000000000000e+00 0.000000000000000000e+00 6.143000000000000000e+03 0.000000000000000000e+00 2.755800008773803711e+00
9.000000000000000000e+00 -9.246140718460083008e-03 -1.071973983198404312e-02 0.000000000000000000e+00 0.000000000000000000e+00 8.191000000000000000e+03 0.000000000000000000e+00 2.755699872970581055e+00
9.500000000000000000e+00 -9.781227447092533112e-03 -1.109571568667888641e-02 0.000000000000000000e+00 0.000000000000000000e+00 8.191000000000000000e+03 0.000000000000000000e+00 2.755699872970581055e+00
1.000000000000000000e+01 -1.024904940277338028e-02 -1.130564231425523758e-02 0.000000000000000000e+00 0.000000000000000000e+00 6.143000000000000000e+03 0.000000000000000000e+00 2.755599975585937500e+00
1.050000000000000000e+01 -1.065608672797679901e-02 -1.171068940311670303e-02 0.000000000000000000e+00 0.000000000000000000e+00 8.191000000000000000e+03 0.000000000000000000e+00 2.755599975585937500e+00
1.100000000000000000e+01 -1.101444195955991745e-02 -1.204717438668012619e-02 0.000000000000000000e+00 0.000000000000000000e+00 6.143000000000000000e+03 0.000000000000000000e+00 2.755800008773803711e+00
1.150000000000000000e+01 -1.134897116571664810e-02 -1.239473372697830200e-02 0.000000000000000000e+00 0.000000000000000000e+00 8.191000000000000000e+03 0.000000000000000000e+00 2.755800008773803711e+00
1.200000000000000000e+01 -1.168243307620286942e-02 -1.274769660085439682e-02 0.000000000000000000e+00 0.000000000000000000e+00 6.143000000000000000e+03 0.000000000000000000e+00 2.755800008773803711e+00
1.250000000000000000e+01 -1.202056836336851120e-02 -1.296994555741548538e-02 0.000000000000000000e+00 0.000000000000000000e+00 8.191000000000000000e+03 0.000000000000000000e+00 2.755800008773803711e+00
1.300000000000000000e+01 -1.235514227300882339e-02 -1.335725467652082443e-02 0.000000000000000000e+00 0.000000000000000000e+00 6.143000000000000000e+03 0.000000000000000000e+00 2.755800008773803711e+00
1.350000000000000000e+01 -1.267736218869686127e-02 -1.355399377644062042e-02 0.000000000000000000e+00 0.000000000000000000e+00 8.191000000000000000e+03 0.000000000000000000e+00 2.755800008773803711e+00
1.400000000000000000e+01 -1.298275403678417206e-02 -1.376355346292257309e-02 0.000000000000000000e+00 0.000000000000000000e+00 6.143000000000000000e+03 0.000000000000000000e+00 2.755899906158447266e+00
1.450000000000000000e+01 -1.326568052172660828e-02 -1.402623858302831650e-02 0.000000000000000000e+00 0.000000000000000000e+00 8.191000000000000000e+03 0.000000000000000000e+00 2.755899906158447266e+00
1.500000000000000000e+01 -1.352153345942497253e-02 -1.411682181060314178e-02 0.000000000000000000e+00 0.000000000000000000e+00 6.143000000000000000e+03 0.000000000000000000e+00 2.755899906158447266e+00
