2.000000029802322388e-01 1.570755266584455967e-04 0.000000000000000000e+00 -1.196487282868474722e-04 3.129243850708007812e-07 0.000000000000000000e+00 1.200000000000000000e+01 8.191000000000000000e+03 0.000000000000000000e+00 0.000000000000000000e+00 2.757499933242797852e+00
4.000000059604644775e-01 1.002998650074005127e-02 0.000000000000000000e+00 -9.790825060917995870e-06 9.997349232435226440e-03 0.000000000000000000e+00 1.100000000000000000e+01 8.191000000000000000e+03 0.000000000000000000e+00 0.000000000000000000e+00 2.757499933242797852e+00
6.000000238418579102e-01 2.010132372379302979e-02 0.000000000000000000e+00 3.757269723791978322e-06 1.999438367784023285e-02 0.000000000000000000e+00 1.000000000000000000e+01 8.191000000000000000e+03 0.000000000000000000e+00 0.000000000000000000e+00 2.757499933242797852e+00
8.000000119209289551e-01 2.936667576432228088e-02 0.000000000000000000e+00 3.137226713079144247e-06 3.000391460955142975e-02 0.000000000000000000e+00 9.000000000000000000e+00 6.143000000000000000e+03 0.000000000000000000e+00 0.000000000000000000e+00 2.757499933242797852e+00
1.000000000000000000e+00 4.007395729422569275e-02 0.000000000000000000e+00 3.749474444703082554e-06 4.000094905495643616e-02 0.000000000000000000e+00 8.000000000000000000e+00 8.191000000000000000e+03 0.000000000000000000e+00 0.000000000000000000e+00 2.757025480270385742e+00
1.200000047683715820e+00 5.014719441533088684e-02 0.000000000000000000e+00 4.828623787034302950e-06 4.999798536300659180e-02 0.000000000000000000e+00 7.000000000000000000e+00 8.191000000000000000e+03 0.000000000000000000e+00 0.000000000000000000e+00 2.756299972534179688e+00
1.399999976158142090e+00 6.020949780941009521e-02 0.000000000000000000e+00 5.963347575743682683e-06 5.999501794576644897e-02 0.000000000000000000e+00 7.000000000000000000e+00 8.191000000000000000e+03 0.000000000000000000e+00 0.000000000000000000e+00 2.756299972534179688e+00
1.600000023841857910e+00 7.018888741731643677e-02 0.000000000000000000e+00 7.015304163360269740e-06 7.000455260276794434e-02 0.000000000000000000e+00 7.000000000000000000e+00 8.191000000000000000e+03 0.000000000000000000e+00 0.000000000000000000e+00 2.756299972534179688e+00
1.800000071525573730e+00 8.003240823745727539e-02 0.000000000000000000e+00 7.883118087192997336e-06 8.000158518552780151e-02 0.000000000000000000e+00 7.000000000000000000e+00 8.191000000000000000e+03 0.000000000000000000e+00 0.000000000000000000e+00 2.756299972534179688e+00
2.000000000000000000e+00 9.016088396310806274e-02 0.000000000000000000e+00 8.498926945321727544e-06 8.999861776828765869e-02 0.000000000000000000e+00 7.000000000000000000e+00 8.191000000000000000e+03 0.000000000000000000e+00 0.000000000000000000e+00 2.756497621536254883e+00
2.200000047683715820e+00 1.001388058066368103e-01 0.000000000000000000e+00 8.848020115692634135e-06 9.999565780162811279e-02 0.000000000000000000e+00 7.000000000000000000e+00 8.191000000000000000e+03 0.000000000000000000e+00 0.000000000000000000e+00 2.756799936294555664e+00
2.400000095367431641e+00 1.101841107010841370e-01 0.000000000000000000e+00 8.961493222159333527e-06 1.100051850080490112e-01 0.000000000000000000e+00 7.000000000000000000e+00 8.191000000000000000e+03 0.000000000000000000e+00 0.000000000000000000e+00 2.756799936294555664e+00
2.600000143051147461e+00 1.201290637254714966e-01 0.000000000000000000e+00 8.926423106458969414e-06 1.200022250413894653e-01 0.000000000000000000e+00 8.000000000000000000e+00 8.191000000000000000e+03 0.000000000000000000e+00 0.000000000000000000e+00 2.756799936294555664e+00
2.799999952316284180e+00 1.303235143423080444e-01 0.000000000000000000e+00 8.741323654248844832e-06 1.299992501735687256e-01 0.000000000000000000e+00 8.000000000000000000e+00 8.191000000000000000e+03 0.000000000000000000e+00 0.000000000000000000e+00 2.756799936294555664e+00
3.000000000000000000e+00 1.400869488716125488e-01 0.000000000000000000e+00 8.488594176014885306e-06 1.399962902069091797e-01 0.000000000000000000e+00 8.000000000000000000e+00 8.191000000000000000e+03 0.000000000000000000e+00 0.000000000000000000e+00 2.756799936294555664e+00
3.200000047683715820e+00 1.502362191677093506e-01 0.000000000000000000e+00 8.284730029117781669e-06 1.500058174133300781e-01 0.000000000000000000e+00 8.000000000000000000e+00 8.191000000000000000e+03 0.000000000000000000e+00 0.000000000000000000e+00 2.756799936294555664e+00
3.400000095367431641e+00 1.601824015378952026e-01 0.000000000000000000e+00 7.969500074977986515e-06 1.600028574466705322e-01 0.000000000000000000e+00 8.000000000000000000e+00 8.191000000000000000e+03 0.000000000000000000e+00 0.000000000000000000e+00 2.756799936294555664e+00
3.600000143051147461e+00 1.701814681291580200e-01 0.000000000000000000e+00 7.703850315010640770e-06 1.699998974800109863e-01 0.000000000000000000e+00 7.000000000000000000e+00 8.191000000000000000e+03 0.000000000000000000e+00 0.000000000000000000e+00 2.756799936294555664e+00
3.799999952316284180e+00 1.802581697702407837e-01 0.000000000000000000e+00 7.515654488088330254e-06 1.799969226121902466e-01 0.000000000000000000e+00 7.000000000000000000e+00 8.191000000000000000e+03 0.000000000000000000e+00 0.000000000000000000e+00 2.756799936294555664e+00
4.000000000000000000e+00 1.901438236236572266e-01 0.000000000000000000e+00 7.359163191722473130e-06 1.899939626455307007e-01 0.000000000000000000e+00 7.000000000000000000e+00 8.191000000000000000e+03 0.000000000000000000e+00 0.000000000000000000e+00 2.756760358810424805e+00
4.200000286102294922e+00 2.000501453876495361e-01 0.000000000000000000e+00 7.237038062157807872e-06 2.000034898519515991e-01 0.000000000000000000e+00 7.000000000000000000e+00 8.191000000000000000e+03 0.000000000000000000e+00 0.000000000000000000e+00 2.756700038909912109e+00
4.400000095367431641e+00 2.100921571254730225e-01 0.000000000000000000e+00 7.147386440919945017e-06 2.100005298852920532e-01 0.000000000000000000e+00 7.000000000000000000e+00 8.191000000000000000e+03 0.000000000000000000e+00 0.000000000000000000e+00 2.756700038909912109e+00
4.599999904632568359e+00 2.200756669044494629e-01 0.000000000000000000e+00 7.088088295859051868e-06 2.199975699186325073e-01 0.000000000000000000e+00 7.000000000000000000e+00 8.191000000000000000e+03 0.000000000000000000e+00 0.000000000000000000e+00 2.756700038909912109e+00
4.800000190734863281e+00 2.301616072654724121e-01 0.000000000000000000e+00 7.064545116008957848e-06 2.299945950508117676e-01 0.000000000000000000e+00 7.000000000000000000e+00 8.191000000000000000e+03 0.000000000000000000e+00 0.000000000000000000e+00 2.756700038909912109e+00
5.000000000000000000e+00 2.400490343570709229e-01 0.000000000000000000e+00 7.051605734886834398e-06 2.400041371583938599e-01 0.000000000000000000e+00 7.000000000000000000e+00 8.191000000000000000e+03 0.000000000000000000e+00 0.000000000000000000e+00 2.756739377975463867e+00
5.200000286102294922e+00 2.501182556152343750e-01 0.000000000000000000e+00 7.054853085719514638e-06 2.500011622905731201e-01 0.000000000000000000e+00 7.000000000000000000e+00 8.191000000000000000e+03 0.000000000000000000e+00 0.000000000000000000e+00 2.756799936294555664e+00
5.400000095367431641e+00 2.602272927761077881e-01 0.000000000000000000e+00 7.074477252899669111e-06 2.599982023239135742e-01 0.000000000000000000e+00 7.000000000000000000e+00 8.191000000000000000e+03 0.000000000000000000e+00 0.000000000000000000e+00 2.756799936294555664e+00
5.599999904632568359e+00 2.701402902603149414e-01 0.000000000000000000e+00 7.097363777575083077e-06 2.699952423572540283e-01 0.000000000000000000e+00 7.000000000000000000e+00 8.191000000000000000e+03 0.000000000000000000e+00 0.000000000000000000e+00 2.756799936294555664e+00
5.800000190734863281e+00 2.801516056060791016e-01 0.000000000000000000e+00 7.127528533601434901e-06 2.800047695636749268e-01 0.000000000000000000e+00 7.000000000000000000e+00 8.191000000000000000e+03 0.000000000000000000e+00 0.000000000000000000e+00 2.756799936294555664e+00
6.000000000000000000e+00 2.900919616222381592e-01 0.000000000000000000e+00 7.153932983783306554e-06 2.900017797946929932e-01 0.000000000000000000e+00 7.000000000000000000e+00 8.191000000000000000e+03 0.000000000000000000e+00 0.000000000000000000e+00 2.756799936294555664e+00
6.200000286102294922e+00 3.001520335674285889e-01 0.000000000000000000e+00 7.181285127444425598e-06 2.999988198280334473e-01 0.000000000000000000e+00 7.000000000000000000e+00 8.191000000000000000e+03 0.000000000000000000e+00 0.000000000000000000e+00 2.756799936294555664e+00
6.400000095367431641e+00 2.902091443538665771e-01 0.000000000000000000e+00 6.030885742802638561e-06 2.900017797946929932e-01 0.000000000000000000e+00 7.000000000000000000e+00 8.191000000000000000e+03 0.000000000000000000e+00 0.000000000000000000e+00 2.756799936294555664e+00
6.599999904632568359e+00 2.802048921585083008e-01 0.000000000000000000e+00 5.379318281484302133e-06 2.800047695636749268e-01 0.000000000000000000e+00 7.000000000000000000e+00 8.191000000000000000e+03 0.000000000000000000e+00 0.000000000000000000e+00 2.756799936294555664e+00
6.800000190734863281e+00 2.700994610786437988e-01 0.000000000000000000e+00 4.926063866150798276e-06 2.699952423572540283e-01 0.000000000000000000e+00 7.000000000000000000e+00 8.191000000000000000e+03 0.000000000000000000e+00 0.000000000000000000e+00 2.756799936294555664e+00
7.000000000000000000e+00 2.601672410964965820e-01 0.000000000000000000e+00 4.586149316310184076e-06 2.599982023239135742e-01 0.000000000000000000e+00 7.000000000000000000e+00 8.191000000000000000e+03 0.000000000000000000e+00 0.000000000000000000e+00 2.756681442260742188e+00
7.200000286102294922e+00 2.501157522201538086e-01 0.000000000000000000e+00 4.318479113862849772e-06 2.500011622905731201e-01 0.000000000000000000e+00 7.000000000000000000e+00 8.191000000000000000e+03 0.000000000000000000e+00 0.000000000000000000e+00 2.756500005722045898e+00
7.400000095367431641e+00 2.400560826063156128e-01 0.000000000000000000e+00 4.088870355190010741e-06 2.400041371583938599e-01 0.000000000000000000e+00 7.000000000000000000e+00 8.191000000000000000e+03 0.000000000000000000e+00 0.000000000000000000e+00 2.756500005722045898e+00
7.599999904632568359e+00 2.301728129386901855e-01 0.000000000000000000e+00 3.903505330526968464e-06 2.299945950508117676e-01 0.000000000000000000e+00 7.000000000000000000e+00 8.191000000000000000e+03 0.000000000000000000e+00 0.000000000000000000e+00 2.756500005722045898e+00
7.800000190734863281e+00 2.202195376157760620e-01 0.000000000000000000e+00 3.725905799001338892e-06 2.199975699186325073e-01 0.000000000000000000e+00 7.000000000000000000e+00 8.191000000000000000e+03 0.000000000000000000e+00 0.000000000000000000e+00 2.756500005722045898e+00
8.000000000000000000e+00 2.101355344057083130e-01 0.000000000000000000e+00 3.565055749277235009e-06 2.100005298852920532e-01 0.000000000000000000e+00 7.000000000000000000e+00 8.191000000000000000e+03 0.000000000000000000e+00 0.000000000000000000e+00 2.756500005722045898e+00
8.199999809265136719e+00 2.002064883708953857e-01 0.000000000000000000e+00 3.405790039323619567e-06 2.000034898519515991e-01 0.000000000000000000e+00 7.000000000000000000e+00 8.191000000000000000e+03 0.000000000000000000e+00 0.000000000000000000e+00 2.756500005722045898e+00
8.400000572204589844e+00 1.899964362382888794e-01 0.000000000000000000e+00 3.244341769459424540e-06 1.899939626455307007e-01 0.000000000000000000e+00 7.000000000000000000e+00 8.191000000000000000e+03 0.000000000000000000e+00 0.000000000000000000e+00 2.756500005722045898e+00
8.600000381469726562e+00 1.800971329212188721e-01 0.000000000000000000e+00 3.068635351155535318e-06 1.799969226121902466e-01 0.000000000000000000e+00 7.000000000000000000e+00 8.191000000000000000e+03 0.000000000000000000e+00 0.000000000000000000e+00 2.756500005722045898e+00
8.800000190734863281e+00 1.701982468366622925e-01 0.000000000000000000e+00 2.874715846701292321e-06 1.699998974800109863e-01 0.000000000000000000e+00 7.000000000000000000e+00 8.191000000000000000e+03 0.000000000000000000e+00 0.000000000000000000e+00 2.756500005722045898e+00
9.000000000000000000e+00 1.601267457008361816e-01 0.000000000000000000e+00 2.642375875439029187e-06 1.600028574466705322e-01 0.000000000000000000e+00 7.000000000000000000e+00 8.191000000000000000e+03 0.000000000000000000e+00 0.000000000000000000e+00 2.756578922271728516e+00
9.199999809265136719e+00 1.502161771059036255e-01 0.000000000000000000e+00 2.358723349971114658e-06 1.500058174133300781e-01 0.000000000000000000e+00 7.000000000000000000e+00 8.191000000000000000e+03 0.000000000000000000e+00 0.000000000000000000e+00 2.756700038909912109e+00
9.400000572204589844e+00 1.401558816432952881e-01 0.000000000000000000e+00 2.003496092584100552e-06 1.399962902069091797e-01 0.000000000000000000e+00 7.000000000000000000e+00 8.191000000000000000e+03 0.000000000000000000e+00 0.000000000000000000e+00 2.756700038909912109e+00
9.600000381469726562e+00 1.302012950181961060e-01 0.000000000000000000e+00 1.556420897941279691e-06 1.299992501735687256e-01 0.000000000000000000e+00 7.000000000000000000e+00 8.191000000000000000e+03 0.000000000000000000e+00 0.000000000000000000e+00 2.756700038909912109e+00
9.800000190734863281e+00 1.200430393218994141e-01 0.000000000000000000e+00 9.935478146871901117e-07 1.200022250413894653e-01 0.000000000000000000e+00 7.000000000000000000e+00 8.191000000000000000e+03 0.000000000000000000e+00 0.000000000000000000e+00 2.756700038909912109e+00
1.000000000000000000e+01 1.102035567164421082e-01 0.000000000000000000e+00 2.779422345611237688e-07 1.100051850080490112e-01 0.000000000000000000e+00 7.000000000000000000e+00 8.191000000000000000e+03 0.000000000000000000e+00 0.000000000000000000e+00 2.756660461425781250e+00
1.019999980926513672e+01 1.000831052660942078e-01 0.000000000000000000e+00 -5.928459927417861763e-07 9.999565780162811279e-02 0.000000000000000000e+00 6.000000000000000000e+00 8.191000000000000000e+03 0.000000000000000000e+00 0.000000000000000000e+00 2.756599903106689453e+00
1.040000057220458984e+01 9.018905460834503174e-02 0.000000000000000000e+00 -1.093766627491277177e-06 8.999861776828765869e-02 0.000000000000000000e+00 6.000000000000000000e+00 7.164000000000000000e+03 0.000000000000000000e+00 0.000000000000000000e+00 2.756599903106689453e+00
1.060000038146972656e+01 8.012580126523971558e-02 0.000000000000000000e+00 -2.718835958148702048e-06 8.000158518552780151e-02 0.000000000000000000e+00 7.000000000000000000e+00 8.191000000000000000e+03 0.000000000000000000e+00 0.000000000000000000e+00 2.756599903106689453e+00
1.080000019073486328e+01 7.010712474584579468e-02 0.000000000000000000e+00 -3.849827862723032013e-06 7.000455260276794434e-02 0.000000000000000000e+00 7.000000000000000000e+00 8.191000000000000000e+03 0.000000000000000000e+00 0.000000000000000000e+00 2.756599903106689453e+00
1.100000000000000000e+01 6.014318764209747314e-02 0.000000000000000000e+00 -4.891712706012185663e-06 5.999501794576644897e-02 0.000000000000000000e+00 7.000000000000000000e+00 8.191000000000000000e+03 0.000000000000000000e+00 0.000000000000000000e+00 2.756599903106689453e+00
1.119999980926513672e+01 5.013887211680412292e-02 0.000000000000000000e+00 -5.738196250604232773e-06 4.999798536300659180e-02 0.000000000000000000e+00 7.000000000000000000e+00 8.191000000000000000e+03 0.000000000000000000e+00 0.000000000000000000e+00 2.756599903106689453e+00
1.140000057220458984e+01 4.021529480814933777e-02 0.000000000000000000e+00 -6.306672730715945363e-06 4.000094905495643616e-02 0.000000000000000000e+00 7.000000000000000000e+00 8.191000000000000000e+03 0.000000000000000000e+00 0.000000000000000000e+00 2.756599903106689453e+00
1.160000038146972656e+01 3.014460951089859009e-02 0.000000000000000000e+00 -6.595622380700660869e-06 3.000391460955142975e-02 0.000000000000000000e+00 7.000000000000000000e+00 8.191000000000000000e+03 0.000000000000000000e+00 0.000000000000000000e+00 2.756599903106689453e+00
1.180000019073486328e+01 2.005823887884616852e-02 0.000000000000000000e+00 -6.624652996833901852e-06 1.999438367784023285e-02 0.000000000000000000e+00 7.000000000000000000e+00 8.191000000000000000e+03 0.000000000000000000e+00 0.000000000000000000e+00 2.756599903106689453e+00
1.200000000000000000e+01 1.012619771063327789e-02 0.000000000000000000e+00 -6.453356036217883229e-06 9.997349232435226440e-03 0.000000000000000000e+00 7.000000000000000000e+00 8.191000000000000000e+03 0.000000000000000000e+00 0.000000000000000000e+00 2.756560564041137695e+00
1.219999980926513672e+01 1.745252520777285099e-04 0.000000000000000000e+00 -6.166041657706955448e-06 3.129243850708007812e-07 0.000000000000000000e+00 7.000000000000000000e+00 8.191000000000000000e+03 0.000000000000000000e+00 0.000000000000000000e+00 2.756500005722045898e+00
1.240000057220458984e+01 -9.896472096443176270e-03 0.000000000000000000e+00 -5.818317276862217113e-06 -9.996719658374786377e-03 0.000000000000000000e+00 7.000000000000000000e+00 8.191000000000000000e+03 0.000000000000000000e+00 0.000000000000000000e+00 2.756500005722045898e+00
1.260000038146972656e+01 -1.985316537320613861e-02 0.000000000000000000e+00 -5.455618520500138402e-06 -1.999375596642494202e-02 0.000000000000000000e+00 7.000000000000000000e+00 6.143000000000000000e+03 0.000000000000000000e+00 0.000000000000000000e+00 2.756500005722045898e+00
1.280000019073486328e+01 -2.991091459989547729e-02 0.000000000000000000e+00 -5.101412170915864408e-06 -3.000328317284584045e-02 0.000000000000000000e+00 7.000000000000000000e+00 8.191000000000000000e+03 0.000000000000000000e+00 0.000000000000000000e+00 2.756500005722045898e+00
1.300000000000000000e+01 -3.985247015953063965e-02 0.000000000000000000e+00 -4.762493517773691565e-06 -4.000032320618629456e-02 0.000000000000000000e+00 7.000000000000000000e+00 8.191000000000000000e+03 0.000000000000000000e+00 0.000000000000000000e+00 2.756578922271728516e+00
1.319999980926513672e+01 -4.984525218605995178e-02 0.000000000000000000e+00 -4.465310667001176625e-06 -4.999735578894615173e-02 0.000000000000000000e+00 7.000000000000000000e+00 8.191000000000000000e+03 0.000000000000000000e+00 0.000000000000000000e+00 2.756700038909912109e+00
1.340000057220458984e+01 -5.995253846049308777e-02 0.000000000000000000e+00 -4.195776909909909591e-06 -5.999438837170600891e-02 0.000000000000000000e+00 7.000000000000000000e+00 8.191000000000000000e+03 0.000000000000000000e+00 0.000000000000000000e+00 2.756700038909912109e+00
1.360000038146972656e+01 -6.983275711536407471e-02 0.000000000000000000e+00 -3.954161456931615248e-06 -7.000392675399780273e-02 0.000000000000000000e+00 7.000000000000000000e+00 8.191000000000000000e+03 0.000000000000000000e+00 0.000000000000000000e+00 2.756700038909912109e+00
1.380000019073486328e+01 -7.986440509557723999e-02 0.000000000000000000e+00 -3.742671879081171937e-06 -8.000095188617706299e-02 0.000000000000000000e+00 7.000000000000000000e+00 8.191000000000000000e+03 0.000000000000000000e+00 0.000000000000000000e+00 2.756700038909912109e+00
1.400000000000000000e+01 -8.998601883649826050e-02 0.000000000000000000e+00 -3.559992364898789674e-06 -8.999799191951751709e-02 0.000000000000000000e+00 7.000000000000000000e+00 8.191000000000000000e+03 0.000000000000000000e+00 0.000000000000000000e+00 2.756620883941650391e+00
1.419999980926513672e+01 -9.990166127681732178e-02 0.000000000000000000e+00 -3.385854142834432423e-06 -9.999501705169677734e-02 0.000000000000000000e+00 7.000000000000000000e+00 8.191000000000000000e+03 0.000000000000000000e+00 0.000000000000000000e+00 2.756500005722045898e+00
1.440000057220458984e+01 -1.097839251160621643e-01 0.000000000000000000e+00 -3.243205583203234710e-06 -1.100045591592788696e-01 0.000000000000000000e+00 7.000000000000000000e+00 8.191000000000000000e+03 0.000000000000000000e+00 0.000000000000000000e+00 2.756500005722045898e+00
1.460000038146972656e+01 -1.198421493172645569e-01 0.000000000000000000e+00 -3.110305442532990128e-06 -1.200015842914581299e-01 0.000000000000000000e+00 7.000000000000000000e+00 8.191000000000000000e+03 0.000000000000000000e+00 0.000000000000000000e+00 2.756500005722045898e+00
1.480000019073486328e+01 -1.297938376665115356e-01 0.000000000000000000e+00 -3.000889137183548883e-06 -1.299986243247985840e-01 0.000000000000000000e+00 7.000000000000000000e+00 8.191000000000000000e+03 0.000000000000000000e+00 0.000000000000000000e+00 2.756500005722045898e+00
1.500000000000000000e+01 -1.399652063846588135e-01 0.000000000000000000e+00 -2.908149554059491493e-06 -1.399956643581390381e-01 0.000000000000000000e+00 7.000000000000000000e+00 8.191000000000000000e+03 0.000000000000000000e+00 0.000000000000000000e+00 2.756500005722045898e+00
1.519999980926513672e+01 -1.498961150646209717e-01 0.000000000000000000e+00 -2.829124468917143531e-06 -1.500051915645599365e-01 0.000000000000000000e+00 7.000000000000000000e+00 8.191000000000000000e+03 0.000000000000000000e+00 0.000000000000000000e+00 2.756500005722045898e+00
1.540000057220458984e+01 -1.598556041717529297e-01 0.000000000000000000e+00 -2.764693817880470306e-06 -1.600022166967391968e-01 0.000000000000000000e+00 7.000000000000000000e+00 8.191000000000000000e+03 0.000000000000000000e+00 0.000000000000000000e+00 2.756500005722045898e+00
1.560000038146972656e+01 -1.698764413595199585e-01 0.000000000000000000e+00 -2.728707386268069968e-06 -1.699992567300796509e-01 0.000000000000000000e+00 7.000000000000000000e+00 8.191000000000000000e+03 0.000000000000000000e+00 0.000000000000000000e+00 2.756500005722045898e+00
1.580000019073486328e+01 -1.798873245716094971e-01 0.000000000000000000e+00 -2.705794713619980030e-06 -1.799962967634201050e-01 0.000000000000000000e+00 7.000000000000000000e+00 8.191000000000000000e+03 0.000000000000000000e+00 0.000000000000000000e+00 2.756500005722045898e+00
1.600000000000000000e+01 -1.898988336324691772e-01 0.000000000000000000e+00 -2.709462478378554806e-06 -1.900058239698410034e-01 0.000000000000000000e+00 7.000000000000000000e+00 8.191000000000000000e+03 0.000000000000000000e+00 0.000000000000000000e+00 2.756500005722045898e+00
1.620000076293945312e+01 -1.998750865459442139e-01 0.000000000000000000e+00 -2.740696118053165264e-06 -2.000028640031814575e-01 0.000000000000000000e+00 7.000000000000000000e+00 8.191000000000000000e+03 0.000000000000000000e+00 0.000000000000000000e+00 2.756500005722045898e+00
1.639999961853027344e+01 -1.899342238903045654e-01 0.000000000000000000e+00 -2.420034206807031296e-06 -1.900058239698410034e-01 0.000000000000000000e+00 7.000000000000000000e+00 8.191000000000000000e+03 0.000000000000000000e+00 1.000000000000000000e+00 2.756500005722045898e+00
1.660000038146972656e+01 -1.798500269651412964e-01 0.000000000000000000e+00 -2.188161033700453117e-06 -1.799962967634201050e-01 0.000000000000000000e+00 7.000000000000000000e+00 8.191000000000000000e+03 0.000000000000000000e+00 1.000000000000000000e+00 2.756500005722045898e+00
1.680000114440917969e+01 -1.697826683521270752e-01 0.000000000000000000e+00 -2.012023060160572641e-06 -1.699992567300796509e-01 0.000000000000000000e+00 7.000000000000000000e+00 8.191000000000000000e+03 0.000000000000000000e+00 1.000000000000000000e+00 2.756500005722045898e+00
1.700000000000000000e+01 -1.598856300115585327e-01 0.000000000000000000e+00 -1.869024913503380958e-06 -1.600022166967391968e-01 0.000000000000000000e+00 7.000000000000000000e+00 8.191000000000000000e+03 0.000000000000000000e+00 1.000000000000000000e+00 2.756460428237915039e+00
1.720000076293945312e+01 -1.498529464006423950e-01 0.000000000000000000e+00 -1.747110445649013855e-06 -1.500051915645599365e-01 0.000000000000000000e+00 7.000000000000000000e+00 8.191000000000000000e+03 0.000000000000000000e+00 1.000000000000000000e+00 2.756399869918823242e+00
1.739999961853027344e+01 -1.398876309394836426e-01 0.000000000000000000e+00 -1.642281404201639816e-06 -1.399956643581390381e-01 0.000000000000000000e+00 7.000000000000000000e+00 8.191000000000000000e+03 0.000000000000000000e+00 1.000000000000000000e+00 2.756399869918823242e+00
1.760000038146972656e+01 -1.298155635595321655e-01 0.000000000000000000e+00 -1.557225573378673289e-06 -1.299986243247985840e-01 0.000000000000000000e+00 7.000000000000000000e+00 8.191000000000000000e+03 0.000000000000000000e+00 1.000000000000000000e+00 2.756399869918823242e+00
1.780000114440917969e+01 -1.199237033724784851e-01 0.000000000000000000e+00 -1.469049607294437010e-06 -1.200015842914581299e-01 0.000000000000000000e+00 7.000000000000000000e+00 8.191000000000000000e+03 0.000000000000000000e+00 1.000000000000000000e+00 2.756399869918823242e+00
1.800000000000000000e+01 -1.097979322075843811e-01 0.000000000000000000e+00 -1.392454237247875426e-06 -1.100045591592788696e-01 0.000000000000000000e+00 7.000000000000000000e+00 8.191000000000000000e+03 0.000000000000000000e+00 1.000000000000000000e+00 2.756399869918823242e+00
1.820000076293945312e+01 -9.990047663450241089e-02 0.000000000000000000e+00 -1.324493723586783744e-06 -9.999501705169677734e-02 0.000000000000000000e+00 7.000000000000000000e+00 8.191000000000000000e+03 0.000000000000000000e+00 1.000000000000000000e+00 2.756399869918823242e+00
1.839999961853027344e+01 -8.983435481786727905e-02 0.000000000000000000e+00 -1.255478537132148631e-06 -8.999799191951751709e-02 0.000000000000000000e+00 7.000000000000000000e+00 8.191000000000000000e+03 0.000000000000000000e+00 1.000000000000000000e+00 2.756399869918823242e+00
1.860000038146972656e+01 -7.994378358125686646e-02 0.000000000000000000e+00 -1.186055442303768359e-06 -8.000095188617706299e-02 0.000000000000000000e+00 7.000000000000000000e+00 8.191000000000000000e+03 0.000000000000000000e+00 1.000000000000000000e+00 2.756399869918823242e+00
1.880000114440917969e+01 -6.998990476131439209e-02 0.000000000000000000e+00 -1.104768216464435682e-06 -7.000392675399780273e-02 0.000000000000000000e+00 7.000000000000000000e+00 8.191000000000000000e+03 0.000000000000000000e+00 1.000000000000000000e+00 2.756399869918823242e+00
1.900000000000000000e+01 -5.986301973462104797e-02 0.000000000000000000e+00 -1.020522745420748834e-06 -5.999438837170600891e-02 0.000000000000000000e+00 7.000000000000000000e+00 8.191000000000000000e+03 0.000000000000000000e+00 1.000000000000000000e+00 2.756399869918823242e+00
1.920000076293945312e+01 -4.989185929298400879e-02 0.000000000000000000e+00 -9.223800816471339203e-07 -4.999735578894615173e-02 0.000000000000000000e+00 7.000000000000000000e+00 8.191000000000000000e+03 0.000000000000000000e+00 1.000000000000000000e+00 2.756399869918823242e+00
1.939999961853027344e+01 -3.990055993199348450e-02 0.000000000000000000e+00 -7.995008672878611833e-07 -4.000032320618629456e-02 0.000000000000000000e+00 7.000000000000000000e+00 8.191000000000000000e+03 0.000000000000000000e+00 1.000000000000000000e+00 2.756399869918823242e+00
1.960000038146972656e+01 -2.994118258357048035e-02 0.000000000000000000e+00 -6.433549515350023285e-07 -3.000328317284584045e-02 0.000000000000000000e+00 6.000000000000000000e+00 8.191000000000000000e+03 0.000000000000000000e+00 1.000000000000000000e+00 2.756399869918823242e+00
1.980000114440917969e+01 -1.986767724156379700e-02 0.000000000000000000e+00 -4.363807590834767325e-07 -1.999375596642494202e-02 0.000000000000000000e+00 6.000000000000000000e+00 8.191000000000000000e+03 0.000000000000000000e+00 1.000000000000000000e+00 2.756399869918823242e+00
2.000000000000000000e+01 -9.837068617343902588e-03 0.000000000000000000e+00 -1.610845998811782920e-07 -9.996719658374786377e-03 0.000000000000000000e+00 6.000000000000000000e+00 8.191000000000000000e+03 0.000000000000000000e+00 1.000000000000000000e+00 2.756399869918823242e+00
2.020000076293945312e+01 1.710185606498271227e-04 0.000000000000000000e+00 2.068881315153703326e-07 3.129243850708007812e-07 0.000000000000000000e+00 6.000000000000000000e+00 8.191000000000000000e+03 0.000000000000000000e+00 1.000000000000000000e+00 2.756399869918823242e+00
2.039999961853027344e+01 1.011532545089721680e-02 0.000000000000000000e+00 6.967043191252741963e-07 9.997349232435226440e-03 0.000000000000000000e+00 6.000000000000000000e+00 8.191000000000000000e+03 0.000000000000000000e+00 1.000000000000000000e+00 2.756399869918823242e+00
2.060000038146972656e+01 2.020657993853092194e-02 0.000000000000000000e+00 1.093102355298469774e-06 1.999438367784023285e-02 0.000000000000000000e+00 6.000000000000000000e+00 5.116000000000000000e+03 0.000000000000000000e+00 1.000000000000000000e+00 2.756399869918823242e+00
2.080000114440917969e+01 3.014439530670642853e-02 0.000000000000000000e+00 2.148970907001057640e-06 3.000391460955142975e-02 0.000000000000000000e+00 7.000000000000000000e+00 8.191000000000000000e+03 0.000000000000000000e+00 1.000000000000000000e+00 2.756399869918823242e+00
2.100000000000000000e+01 4.012317210435867310e-02 0.000000000000000000e+00 3.115719664492644370e-06 4.000094905495643616e-02 0.000000000000000000e+00 7.000000000000000000e+00 8.191000000000000000e+03 0.000000000000000000e+00 1.000000000000000000e+00 2.756479024887084961e+00
2.120000076293945312e+01 5.022685229778289795e-02 0.000000000000000000e+00 4.207256552035687491e-06 4.999798536300659180e-02 0.000000000000000000e+00 7.000000000000000000e+00 8.191000000000000000e+03 0.000000000000000000e+00 1.000000000000000000e+00 2.756599903106689453e+00
2.139999961853027344e+01 6.004973873496055603e-02 0.000000000000000000e+00 5.350910214474424720e-06 5.999501794576644897e-02 0.000000000000000000e+00 7.000000000000000000e+00 8.191000000000000000e+03 0.000000000000000000e+00 1.000000000000000000e+00 2.756599903106689453e+00
2.160000038146972656e+01 7.016250491142272949e-02 0.000000000000000000e+00 6.453680725826416165e-06 7.000455260276794434e-02 0.000000000000000000e+00 7.000000000000000000e+00 8.191000000000000000e+03 0.000000000000000000e+00 1.000000000000000000e+00 2.756599903106689453e+00
2.180000114440917969e+01 8.004485070705413818e-02 0.000000000000000000e+00 7.381675004580756649e-06 8.000158518552780151e-02 0.000000000000000000e+00 7.000000000000000000e+00 8.191000000000000000e+03 0.000000000000000000e+00 1.000000000000000000e+00 2.756599903106689453e+00
2.200000000000000000e+01 9.009705483913421631e-02 0.000000000000000000e+00 8.082724889391101897e-06 8.999861776828765869e-02 0.000000000000000000e+00 7.000000000000000000e+00 8.191000000000000000e+03 0.000000000000000000e+00 1.000000000000000000e+00 2.756520748138427734e+00
2.220000076293945312e+01 1.001872345805168152e-01 0.000000000000000000e+00 8.509264262102078646e-06 9.999565780162811279e-02 0.000000000000000000e+00 7.000000000000000000e+00 8.191000000000000000e+03 0.000000000000000000e+00 1.000000000000000000e+00 2.756399869918823242e+00
2.239999961853027344e+01 1.100260466337203979e-01 0.000000000000000000e+00 8.675025128468405455e-06 1.100051850080490112e-01 0.000000000000000000e+00 7.000000000000000000e+00 8.191000000000000000e+03 0.000000000000000000e+00 1.000000000000000000e+00 2.756399869918823242e+00
2.260000038146972656e+01 1.201652437448501587e-01 0.000000000000000000e+00 8.641473868920002133e-06 1.200022250413894653e-01 0.000000000000000000e+00 7.000000000000000000e+00 8.191000000000000000e+03 0.000000000000000000e+00 1.000000000000000000e+00 2.756399869918823242e+00
2.280000114440917969e+01 1.301653236150741577e-01 0.000000000000000000e+00 8.466170584142673761e-06 1.299992501735687256e-01 0.000000000000000000e+00 7.000000000000000000e+00 8.191000000000000000e+03 0.000000000000000000e+00 1.000000000000000000e+00 2.756399869918823242e+00
2.300000000000000000e+01 1.401635408401489258e-01 0.000000000000000000e+00 8.220120434998534620e-06 1.399962902069091797e-01 0.000000000000000000e+00 7.000000000000000000e+00 8.191000000000000000e+03 0.000000000000000000e+00 1.000000000000000000e+00 2.756399869918823242e+00
2.320000076293945312e+01 1.501611173152923584e-01 0.000000000000000000e+00 7.945871402625925839e-06 1.500058174133300781e-01 0.000000000000000000e+00 7.000000000000000000e+00 8.191000000000000000e+03 0.000000000000000000e+00 1.000000000000000000e+00 2.756399869918823242e+00
2.339999961853027344e+01 1.601618230342864990e-01 0.000000000000000000e+00 7.668804755667224526e-06 1.600028574466705322e-01 0.000000000000000000e+00 7.000000000000000000e+00 8.191000000000000000e+03 0.000000000000000000e+00 1.000000000000000000e+00 2.756399869918823242e+00
2.360000038146972656e+01 1.701069623231887817e-01 0.000000000000000000e+00 7.407998054986819625e-06 1.699998974800109863e-01 0.000000000000000000e+00 7.000000000000000000e+00 8.191000000000000000e+03 0.000000000000000000e+00 1.000000000000000000e+00 2.756399869918823242e+00
2.380000114440917969e+01 1.800837218761444092e-01 0.000000000000000000e+00 7.187152732512913644e-06 1.799969226121902466e-01 0.000000000000000000e+00 7.000000000000000000e+00 8.191000000000000000e+03 0.000000000000000000e+00 1.000000000000000000e+00 2.756399869918823242e+00
2.400000000000000000e+01 1.901141107082366943e-01 0.000000000000000000e+00 7.003463451837887987e-06 1.899939626455307007e-01 0.000000000000000000e+00 7.000000000000000000e+00 8.191000000000000000e+03 0.000000000000000000e+00 1.000000000000000000e+00 2.756439447402954102e+00
2.420000076293945312e+01 2.002506554126739502e-01 0.000000000000000000e+00 6.844823019491741434e-06 2.000034898519515991e-01 0.000000000000000000e+00 7.000000000000000000e+00 8.191000000000000000e+03 0.000000000000000000e+00 1.000000000000000000e+00 2.756500005722045898e+00
2.439999961853027344e+01 2.101571410894393921e-01 0.000000000000000000e+00 6.730660516041098163e-06 2.100005298852920532e-01 0.000000000000000000e+00 7.000000000000000000e+00 8.191000000000000000e+03 0.000000000000000000e+00 1.000000000000000000e+00 2.756500005722045898e+00
2.460000038146972656e+01 2.202032953500747681e-01 0.000000000000000000e+00 6.643470896960934624e-06 2.199975699186325073e-01 0.000000000000000000e+00 7.000000000000000000e+00 8.191000000000000000e+03 0.000000000000000000e+00 1.000000000000000000e+00 2.756500005722045898e+00
2.480000114440917969e+01 2.300727069377899170e-01 0.000000000000000000e+00 6.579579803656088188e-06 2.299945950508117676e-01 0.000000000000000000e+00 7.000000000000000000e+00 8.191000000000000000e+03 0.000000000000000000e+00 1.000000000000000000e+00 2.756500005722045898e+00
2.500000000000000000e+01 2.401091903448104858e-01 0.000000000000000000e+00 6.546494205394992605e-06 2.400041371583938599e-01 0.000000000000000000e+00 7.000000000000000000e+00 8.191000000000000000e+03 0.000000000000000000e+00 1.000000000000000000e+00 2.756500005722045898e+00
2.520000076293945312e+01 2.501388788223266602e-01 0.000000000000000000e+00 6.529098300234181806e-06 2.500011622905731201e-01 0.000000000000000000e+00 7.000000000000000000e+00 8.191000000000000000e+03 0.000000000000000000e+00 1.000000000000000000e+00 2.756500005722045898e+00
2.539999961853027344e+01 2.600992023944854736e-01 0.000000000000000000e+00 6.528202447952935472e-06 2.599982023239135742e-01 0.000000000000000000e+00 7.000000000000000000e+00 8.191000000000000000e+03 0.000000000000000000e+00 1.000000000000000000e+00 2.756500005722045898e+00
2.560000038146972656e+01 2.700591087341308594e-01 0.000000000000000000e+00 6.543079962284537032e-06 2.699952423572540283e-01 0.000000000000000000e+00 7.000000000000000000e+00 8.191000000000000000e+03 0.000000000000000000e+00 1.000000000000000000e+00 2.756500005722045898e+00
2.580000114440917969e+01 2.801473736763000488e-01 0.000000000000000000e+00 6.557002507179277018e-06 2.800047695636749268e-01 0.000000000000000000e+00 7.000000000000000000e+00 8.191000000000000000e+03 0.000000000000000000e+00 1.000000000000000000e+00 2.756500005722045898e+00
2.600000000000000000e+01 2.900969982147216797e-01 0.000000000000000000e+00 6.578523425559978932e-06 2.900017797946929932e-01 0.000000000000000000e+00 7.000000000000000000e+00 8.191000000000000000e+03 0.000000000000000000e+00 1.000000000000000000e+00 2.756500005722045898e+00
2.620000076293945312e+01 3.001442849636077881e-01 0.000000000000000000e+00 6.611875051021343097e-06 2.999988198280334473e-01 0.000000000000000000e+00 7.000000000000000000e+00 8.191000000000000000e+03 0.000000000000000000e+00 1.000000000000000000e+00 2.756500005722045898e+00
2.639999961853027344e+01 2.902021706104278564e-01 0.000000000000000000e+00 5.505889021151233464e-06 2.900017797946929932e-01 0.000000000000000000e+00 7.000000000000000000e+00 8.191000000000000000e+03 0.000000000000000000e+00 1.000000000000000000e+00 2.756500005722045898e+00
2.660000038146972656e+01 2.803210020065307617e-01 0.000000000000000000e+00 4.903806711809011176e-06 2.800047695636749268e-01 0.000000000000000000e+00 7.000000000000000000e+00 8.191000000000000000e+03 0.000000000000000000e+00 1.000000000000000000e+00 2.756500005722045898e+00
2.680000114440917969e+01 2.701457142829895020e-01 0.000000000000000000e+00 4.482978511077817529e-06 2.699952423572540283e-01 0.000000000000000000e+00 7.000000000000000000e+00 8.191000000000000000e+03 0.000000000000000000e+00 1.000000000000000000e+00 2.756500005722045898e+00
2.700000000000000000e+01 2.601580023765563965e-01 0.000000000000000000e+00 4.166815870121354237e-06 2.599982023239135742e-01 0.000000000000000000e+00 7.000000000000000000e+00 8.191000000000000000e+03 0.000000000000000000e+00 1.000000000000000000e+00 2.756420850753784180e+00
2.720000076293945312e+01 2.501625418663024902e-01 0.000000000000000000e+00 3.923131771443877369e-06 2.500011622905731201e-01 0.000000000000000000e+00 7.000000000000000000e+00 8.191000000000000000e+03 0.000000000000000000e+00 1.000000000000000000e+00 2.756299972534179688e+00
2.739999961853027344e+01 2.401425838470458984e-01 0.000000000000000000e+00 3.713621481438167393e-06 2.400041371583938599e-01 0.000000000000000000e+00 7.000000000000000000e+00 8.191000000000000000e+03 0.000000000000000000e+00 1.000000000000000000e+00 2.756299972534179688e+00
2.760000038146972656e+01 2.301403880119323730e-01 0.000000000000000000e+00 3.526345153659349307e-06 2.299945950508117676e-01 0.000000000000000000e+00 7.000000000000000000e+00 8.191000000000000000e+03 0.000000000000000000e+00 1.000000000000000000e+00 2.756299972534179688e+00
2.780000114440917969e+01 2.201509177684783936e-01 0.000000000000000000e+00 3.369407068021246232e-06 2.199975699186325073e-01 0.000000000000000000e+00 7.000000000000000000e+00 8.191000000000000000e+03 0.000000000000000000e+00 1.000000000000000000e+00 2.756299972534179688e+00
2.800000000000000000e+01 2.101250588893890381e-01 0.000000000000000000e+00 3.216594222976709716e-06 2.100005298852920532e-01 0.000000000000000000e+00 7.000000000000000000e+00 8.191000000000000000e+03 0.000000000000000000e+00 1.000000000000000000e+00 2.756260395050048828e+00
2.820000076293945312e+01 2.002362608909606934e-01 0.000000000000000000e+00 3.059808932448504493e-06 2.000034898519515991e-01 0.000000000000000000e+00 7.000000000000000000e+00 8.191000000000000000e+03 0.000000000000000000e+00 1.000000000000000000e+00 2.756199836730957031e+00
2.839999961853027344e+01 1.900194436311721802e-01 0.000000000000000000e+00 2.898359980463283136e-06 1.899939626455307007e-01 0.000000000000000000e+00 7.000000000000000000e+00 8.191000000000000000e+03 0.000000000000000000e+00 1.000000000000000000e+00 2.756199836730957031e+00
2.860000038146972656e+01 1.800938397645950317e-01 0.000000000000000000e+00 2.726172397160553373e-06 1.799969226121902466e-01 0.000000000000000000e+00 7.000000000000000000e+00 8.191000000000000000e+03 0.000000000000000000e+00 1.000000000000000000e+00 2.756199836730957031e+00
2.880000114440917969e+01 1.701569408178329468e-01 0.000000000000000000e+00 2.517940629331860691e-06 1.699998974800109863e-01 0.000000000000000000e+00 7.000000000000000000e+00 8.191000000000000000e+03 0.000000000000000000e+00 1.000000000000000000e+00 2.756199836730957031e+00
2.900000000000000000e+01 1.600920557975769043e-01 0.000000000000000000e+00 2.283021558469044976e-06 1.600028574466705322e-01 0.000000000000000000e+00 7.000000000000000000e+00 8.191000000000000000e+03 0.000000000000000000e+00 1.000000000000000000e+00 2.756278991699218750e+00
2.920000076293945312e+01 1.501738280057907104e-01 0.000000000000000000e+00 1.990740202018059790e-06 1.500058174133300781e-01 0.000000000000000000e+00 7.000000000000000000e+00 8.191000000000000000e+03 0.000000000000000000e+00 1.000000000000000000e+00 2.756399869918823242e+00
2.939999961853027344e+01 1.400747001171112061e-01 0.000000000000000000e+00 1.615394467080477625e-06 1.399962902069091797e-01 0.000000000000000000e+00 7.000000000000000000e+00 8.191000000000000000e+03 0.000000000000000000e+00 1.000000000000000000e+00 2.756399869918823242e+00
2.960000038146972656e+01 1.299893409013748169e-01 0.000000000000000000e+00 1.141042503149947152e-06 1.299992501735687256e-01 0.000000000000000000e+00 7.000000000000000000e+00 8.191000000000000000e+03 0.000000000000000000e+00 1.000000000000000000e+00 2.756399869918823242e+00
2.980000114440917969e+01 1.201305538415908813e-01 0.000000000000000000e+00 5.399884912549168803e-07 1.200022250413894653e-01 0.000000000000000000e+00 7.000000000000000000e+00 8.191000000000000000e+03 0.000000000000000000e+00 1.000000000000000000e+00 2.756399869918823242e+00
3.000000000000000000e+01 1.102496162056922913e-01 0.000000000000000000e+00 -2.176461038061461295e-07 1.100051850080490112e-01 0.000000000000000000e+00 6.000000000000000000e+00 8.191000000000000000e+03 0.000000000000000000e+00 1.000000000000000000e+00 2.756399869918823242e+00
3.020000076293945312e+01 1.001513078808784485e-01 0.000000000000000000e+00 -1.075676436812500469e-06 9.999565780162811279e-02 0.000000000000000000e+00 6.000000000000000000e+00 7.164000000000000000e+03 0.000000000000000000e+00 1.000000000000000000e+00 2.756399869918823242e+00
3.039999961853027344e+01 9.013823419809341431e-02 0.000000000000000000e+00 -2.176268480980070308e-06 8.999861776828765869e-02 0.000000000000000000e+00 7.000000000000000000e+00 8.191000000000000000e+03 0.000000000000000000e+00 1.000000000000000000e+00 2.756399869918823242e+00
3.060000038146972656e+01 8.021614700555801392e-02 0.000000000000000000e+00 -3.318580866107367910e-06 8.000158518552780151e-02 0.000000000000000000e+00 7.000000000000000000e+00 8.191000000000000000e+03 0.000000000000000000e+00 1.000000000000000000e+00 2.756399869918823242e+00
3.080000114440917969e+01 7.021922618150711060e-02 0.000000000000000000e+00 -4.447901119419839233e-06 7.000455260276794434e-02 0.000000000000000000e+00 7.000000000000000000e+00 8.191000000000000000e+03 0.000000000000000000e+00 1.000000000000000000e+00 2.756399869918823242e+00
3.100000000000000000e+01 6.015917286276817322e-02 0.000000000000000000e+00 -5.469020379678113386e-06 5.999501794576644897e-02 0.000000000000000000e+00 7.000000000000000000e+00 8.191000000000000000e+03 0.000000000000000000e+00 1.000000000000000000e+00 2.756360530853271484e+00
3.120000076293945312e+01 5.016229674220085144e-02 0.000000000000000000e+00 -6.265647698455723003e-06 4.999798536300659180e-02 0.000000000000000000e+00 7.000000000000000000e+00 8.191000000000000000e+03 0.000000000000000000e+00 1.000000000000000000e+00 2.756299972534179688e+00
3.139999961853027344e+01 4.016587510704994202e-02 0.000000000000000000e+00 -6.776988811907358468e-06 4.000094905495643616e-02 0.000000000000000000e+00 7.000000000000000000e+00 8.191000000000000000e+03 0.000000000000000000e+00 1.000000000000000000e+00 2.756299972534179688e+00
3.160000038146972656e+01 3.011798113584518433e-02 0.000000000000000000e+00 -7.008604825387010351e-06 3.000391460955142975e-02 0.000000000000000000e+00 7.000000000000000000e+00 8.191000000000000000e+03 0.000000000000000000e+00 1.000000000000000000e+00 2.756299972534179688e+00
3.180000114440917969e+01 2.013023383915424347e-02 0.000000000000000000e+00 -6.984115771047072485e-06 1.999438367784023285e-02 0.000000000000000000e+00 7.000000000000000000e+00 8.191000000000000000e+03 0.000000000000000000e+00 1.000000000000000000e+00 2.756299972534179688e+00
3.200000000000000000e+01 1.014839671552181244e-02 0.000000000000000000e+00 -6.777825092285638675e-06 9.997349232435226440e-03 0.000000000000000000e+00 7.000000000000000000e+00 8.191000000000000000e+03 0.000000000000000000e+00 1.000000000000000000e+00 2.756299972534179688e+00
3.220000076293945312e+01 1.419734326191246510e-04 0.000000000000000000e+00 -6.466861577791860327e-06 3.129243850708007812e-07 0.000000000000000000e+00 7.000000000000000000e+00 8.191000000000000000e+03 0.000000000000000000e+00 1.000000000000000000e+00 2.756299972534179688e+00
3.240000152587890625e+01 -9.897513315081596375e-03 0.000000000000000000e+00 -6.102333827584516257e-06 -9.996719658374786377e-03 0.000000000000000000e+00 7.000000000000000000e+00 8.191000000000000000e+03 0.000000000000000000e+00 1.000000000000000000e+00 2.756299972534179688e+00
3.260000228881835938e+01 -1.991591416299343109e-02 0.000000000000000000e+00 -5.731797045882558450e-06 -1.999375596642494202e-02 0.000000000000000000e+00 7.000000000000000000e+00 6.143000000000000000e+03 0.000000000000000000e+00 1.000000000000000000e+00 2.756299972534179688e+00
3.279999923706054688e+01 -2.977713383734226227e-02 0.000000000000000000e+00 -5.378010428103152663e-06 -3.000328317284584045e-02 0.000000000000000000e+00 7.000000000000000000e+00 8.191000000000000000e+03 0.000000000000000000e+00 1.000000000000000000e+00 2.756299972534179688e+00
3.300000000000000000e+01 -4.003299400210380554e-02 0.000000000000000000e+00 -5.047626018495066091e-06 -4.000032320618629456e-02 0.000000000000000000e+00 7.000000000000000000e+00 8.191000000000000000e+03 0.000000000000000000e+00 1.000000000000000000e+00 2.756379127502441406e+00
3.320000076293945312e+01 -4.983641952276229858e-02 0.000000000000000000e+00 -4.740565145766595379e-06 -4.999735578894615173e-02 0.000000000000000000e+00 7.000000000000000000e+00 8.191000000000000000e+03 0.000000000000000000e+00 1.000000000000000000e+00 2.756500005722045898e+00
3.340000152587890625e+01 -5.979811772704124451e-02 0.000000000000000000e+00 -4.475287369132274762e-06 -5.999438837170600891e-02 0.000000000000000000e+00 7.000000000000000000e+00 8.191000000000000000e+03 0.000000000000000000e+00 1.000000000000000000e+00 2.756500005722045898e+00
3.360000228881835938e+01 -6.992786377668380737e-02 0.000000000000000000e+00 -4.238722340232925490e-06 -7.000392675399780273e-02 0.000000000000000000e+00 7.000000000000000000e+00 8.191000000000000000e+03 0.000000000000000000e+00 1.000000000000000000e+00 2.756500005722045898e+00
3.379999923706054688e+01 -7.981294393539428711e-02 0.000000000000000000e+00 -4.027610884804744273e-06 -8.000095188617706299e-02 0.000000000000000000e+00 7.000000000000000000e+00 8.191000000000000000e+03 0.000000000000000000e+00 1.000000000000000000e+00 2.756500005722045898e+00
3.400000000000000000e+01 -8.989849686622619629e-02 0.000000000000000000e+00 -3.837466465483885258e-06 -8.999799191951751709e-02 0.000000000000000000e+00 7.000000000000000000e+00 8.191000000000000000e+03 0.000000000000000000e+00 1.000000000000000000e+00 2.756420850753784180e+00
3.420000076293945312e+01 -9.990539401769638062e-02 0.000000000000000000e+00 -3.666901420729118399e-06 -9.999501705169677734e-02 0.000000000000000000e+00 7.000000000000000000e+00 8.191000000000000000e+03 0.000000000000000000e+00 1.000000000000000000e+00 2.756299972534179688e+00
3.440000152587890625e+01 -1.098847165703773499e-01 0.000000000000000000e+00 -3.518461198837030679e-06 -1.100045591592788696e-01 0.000000000000000000e+00 7.000000000000000000e+00 8.191000000000000000e+03 0.000000000000000000e+00 1.000000000000000000e+00 2.756299972534179688e+00
3.460000228881835938e+01 -1.198382973670959473e-01 0.000000000000000000e+00 -3.391748577996622771e-06 -1.200015842914581299e-01 0.000000000000000000e+00 7.000000000000000000e+00 8.191000000000000000e+03 0.000000000000000000e+00 1.000000000000000000e+00 2.756299972534179688e+00
3.479999923706054688e+01 -1.298635005950927734e-01 0.000000000000000000e+00 -3.279315023974049836e-06 -1.299986243247985840e-01 0.000000000000000000e+00 7.000000000000000000e+00 8.191000000000000000e+03 0.000000000000000000e+00 1.000000000000000000e+00 2.756299972534179688e+00
3.500000000000000000e+01 -1.398116499185562134e-01 0.000000000000000000e+00 -3.182853333782986738e-06 -1.399956643581390381e-01 0.000000000000000000e+00 7.000000000000000000e+00 8.191000000000000000e+03 0.000000000000000000e+00 1.000000000000000000e+00 2.756299972534179688e+00
3.520000076293945312e+01 -1.499190926551818848e-01 0.000000000000000000e+00 -3.107589918727171607e-06 -1.500051915645599365e-01 0.000000000000000000e+00 7.000000000000000000e+00 8.191000000000000000e+03 0.000000000000000000e+00 1.000000000000000000e+00 2.756299972534179688e+00
3.540000152587890625e+01 -1.599578112363815308e-01 0.000000000000000000e+00 -3.044062395929358900e-06 -1.600022166967391968e-01 0.000000000000000000e+00 7.000000000000000000e+00 8.191000000000000000e+03 0.000000000000000000e+00 1.000000000000000000e+00 2.756299972534179688e+00
3.560000228881835938e+01 -1.699929386377334595e-01 0.000000000000000000e+00 -3.006424549312214367e-06 -1.699992567300796509e-01 0.000000000000000000e+00 7.000000000000000000e+00 8.191000000000000000e+03 0.000000000000000000e+00 1.000000000000000000e+00 2.756299972534179688e+00
3.579999923706054688e+01 -1.799888610839843750e-01 0.000000000000000000e+00 -2.985328364957240410e-06 -1.799962967634201050e-01 0.000000000000000000e+00 7.000000000000000000e+00 8.191000000000000000e+03 0.000000000000000000e+00 1.000000000000000000e+00 2.756299972534179688e+00
3.600000000000000000e+01 -1.899080872535705566e-01 0.000000000000000000e+00 -2.995463319166447036e-06 -1.900058239698410034e-01 0.000000000000000000e+00 7.000000000000000000e+00 8.191000000000000000e+03 0.000000000000000000e+00 1.000000000000000000e+00 2.756299972534179688e+00
3.620000076293945312e+01 -1.998950839042663574e-01 0.000000000000000000e+00 -3.030908374057617038e-06 -2.000028640031814575e-01 0.000000000000000000e+00 7.000000000000000000e+00 8.191000000000000000e+03 0.000000000000000000e+00 1.000000000000000000e+00 2.756299972534179688e+00
3.640000152587890625e+01 -1.899012923240661621e-01 0.000000000000000000e+00 -2.695858938750461675e-06 -1.900058239698410034e-01 0.000000000000000000e+00 7.000000000000000000e+00 8.191000000000000000e+03 0.000000000000000000e+00 2.000000000000000000e+00 2.756299972534179688e+00
3.660000228881835938e+01 -1.799647659063339233e-01 0.000000000000000000e+00 -2.456534957673284225e-06 -1.799962967634201050e-01 0.000000000000000000e+00 7.000000000000000000e+00 8.191000000000000000e+03 0.000000000000000000e+00 2.000000000000000000e+00 2.756299972534179688e+00
3.679999923706054688e+01 -1.698000282049179077e-01 0.000000000000000000e+00 -2.264050635858438909e-06 -1.699992567300796509e-01 0.000000000000000000e+00 7.000000000000000000e+00 8.191000000000000000e+03 0.000000000000000000e+00 2.000000000000000000e+00 2.756299972534179688e+00
3.700000000000000000e+01 -1.598954200744628906e-01 0.000000000000000000e+00 -2.119826149282744154e-06 -1.600022166967391968e-01 0.000000000000000000e+00 7.000000000000000000e+00 8.191000000000000000e+03 0.000000000000000000e+00 2.000000000000000000e+00 2.756260395050048828e+00
3.720000076293945312e+01 -1.498582661151885986e-01 0.000000000000000000e+00 -1.987567884498275816e-06 -1.500051915645599365e-01 0.000000000000000000e+00 7.000000000000000000e+00 8.191000000000000000e+03 0.000000000000000000e+00 2.000000000000000000e+00 2.756199836730957031e+00
3.740000152587890625e+01 -1.398366689682006836e-01 0.000000000000000000e+00 -1.878998091342509724e-06 -1.399956643581390381e-01 0.000000000000000000e+00 7.000000000000000000e+00 8.191000000000000000e+03 0.000000000000000000e+00 2.000000000000000000e+00 2.756199836730957031e+00
3.760000228881835938e+01 -1.298860758543014526e-01 0.000000000000000000e+00 -1.782132244443346281e-06 -1.299986243247985840e-01 0.000000000000000000e+00 7.000000000000000000e+00 8.191000000000000000e+03 0.000000000000000000e+00 2.000000000000000000e+00 2.756199836730957031e+00
3.779999923706054688e+01 -1.198393702507019043e-01 0.000000000000000000e+00 -1.700119128145161085e-06 -1.200015842914581299e-01 0.000000000000000000e+00 7.000000000000000000e+00 8.191000000000000000e+03 0.000000000000000000e+00 2.000000000000000000e+00 2.756199836730957031e+00
3.800000000000000000e+01 -1.098299771547317505e-01 0.000000000000000000e+00 -1.617768361938942689e-06 -1.100045591592788696e-01 0.000000000000000000e+00 7.000000000000000000e+00 8.191000000000000000e+03 0.000000000000000000e+00 2.000000000000000000e+00 2.756199836730957031e+00
3.820000076293945312e+01 -9.993951022624969482e-02 0.000000000000000000e+00 -1.543105213386297692e-06 -9.999501705169677734e-02 0.000000000000000000e+00 7.000000000000000000e+00 8.191000000000000000e+03 0.000000000000000000e+00 2.000000000000000000e+00 2.756199836730957031e+00
3.840000152587890625e+01 -8.987060189247131348e-02 0.000000000000000000e+00 -1.471975792810553685e-06 -8.999799191951751709e-02 0.000000000000000000e+00 7.000000000000000000e+00 8.191000000000000000e+03 0.000000000000000000e+00 2.000000000000000000e+00 2.756199836730957031e+00
3.860000228881835938e+01 -7.991179078817367554e-02 0.000000000000000000e+00 -1.401444819748576265e-06 -8.000095188617706299e-02 0.000000000000000000e+00 7.000000000000000000e+00 8.191000000000000000e+03 0.000000000000000000e+00 2.000000000000000000e+00 2.756199836730957031e+00
3.879999923706054688e+01 -6.988339126110076904e-02 0.000000000000000000e+00 -1.323255446550319903e-06 -7.000392675399780273e-02 0.000000000000000000e+00 7.000000000000000000e+00 8.191000000000000000e+03 0.000000000000000000e+00 2.000000000000000000e+00 2.756199836730957031e+00
3.900000000000000000e+01 -5.996673554182052612e-02 0.000000000000000000e+00 -1.236616981259430759e-06 -5.999438837170600891e-02 0.000000000000000000e+00 7.000000000000000000e+00 8.191000000000000000e+03 0.000000000000000000e+00 2.000000000000000000e+00 2.756199836730957031e+00
3.920000076293945312e+01 -4.980169981718063354e-02 0.000000000000000000e+00 -1.135943080043944065e-06 -4.999735578894615173e-02 0.000000000000000000e+00 7.000000000000000000e+00 8.191000000000000000e+03 0.000000000000000000e+00 2.000000000000000000e+00 2.756199836730957031e+00
3.940000152587890625e+01 -3.987677395343780518e-02 0.000000000000000000e+00 -1.017061094898963347e-06 -4.000032320618629456e-02 0.000000000000000000e+00 7.000000000000000000e+00 8.191000000000000000e+03 0.000000000000000000e+00 2.000000000000000000e+00 2.756199836730957031e+00
3.960000228881835938e+01 -2.988553047180175781e-02 0.000000000000000000e+00 -8.674811624587164260e-07 -3.000328317284584045e-02 0.000000000000000000e+00 7.000000000000000000e+00 8.191000000000000000e+03 0.000000000000000000e+00 2.000000000000000000e+00 2.756199836730957031e+00
3.979999923706054688e+01 -1.986383646726608276e-02 0.000000000000000000e+00 -6.669965841865632683e-07 -1.999375596642494202e-02 0.000000000000000000e+00 7.000000000000000000e+00 8.191000000000000000e+03 0.000000000000000000e+00 2.000000000000000000e+00 2.756199836730957031e+00
4.000000000000000000e+01 -9.916679933667182922e-03 0.000000000000000000e+00 -3.997606654593255371e-07 -9.996719658374786377e-03 0.000000000000000000e+00 6.000000000000000000e+00 8.191000000000000000e+03 0.000000000000000000e+00 2.000000000000000000e+00 2.756199836730957031e+00
4.020000076293945312e+01 -6.524423952214419842e-06 0.000000000000000000e+00 -4.468758874054401531e-08 3.129243850708007812e-07 0.000000000000000000e+00 6.000000000000000000e+00 8.191000000000000000e+03 0.000000000000000000e+00 2.000000000000000000e+00 2.756199836730957031e+00
4.040000152587890625e+01 1.028089504688978195e-02 0.000000000000000000e+00 1.091851729029258422e-07 9.997349232435226440e-03 0.000000000000000000e+00 5.000000000000000000e+00 7.164000000000000000e+03 0.000000000000000000e+00 2.000000000000000000e+00 2.756199836730957031e+00
4.060000228881835938e+01 2.017679810523986816e-02 0.000000000000000000e+00 1.038058144331444055e-06 1.999438367784023285e-02 0.000000000000000000e+00 6.000000000000000000e+00 5.116000000000000000e+03 0.000000000000000000e+00 2.000000000000000000e+00 2.756199836730957031e+00
4.079999923706054688e+01 3.011833876371383667e-02 0.000000000000000000e+00 1.835819603002164513e-06 3.000391460955142975e-02 0.000000000000000000e+00 7.000000000000000000e+00 8.191000000000000000e+03 0.000000000000000000e+00 2.000000000000000000e+00 2.756199836730957031e+00
4.100000000000000000e+01 4.002163931727409363e-02 0.000000000000000000e+00 2.780161139526171610e-06 4.000094905495643616e-02 0.000000000000000000e+00 7.000000000000000000e+00 8.191000000000000000e+03 0.000000000000000000e+00 2.000000000000000000e+00 2.756278991699218750e+00
4.120000076293945312e+01 5.021753907203674316e-02 0.000000000000000000e+00 3.870363798341713846e-06 4.999798536300659180e-02 0.000000000000000000e+00 7.000000000000000000e+00 8.191000000000000000e+03 0.000000000000000000e+00 2.000000000000000000e+00 2.756399869918823242e+00
4.140000152587890625e+01 6.016273051500320435e-02 0.000000000000000000e+00 5.031388809584314004e-06 5.999501794576644897e-02 0.000000000000000000e+00 7.000000000000000000e+00 8.191000000000000000e+03 0.000000000000000000e+00 2.000000000000000000e+00 2.756399869918823242e+00
4.160000228881835938e+01 7.012048363685607910e-02 0.000000000000000000e+00 6.166879302327288315e-06 7.000455260276794434e-02 0.000000000000000000e+00 7.000000000000000000e+00 8.191000000000000000e+03 0.000000000000000000e+00 2.000000000000000000e+00 2.756399869918823242e+00
4.179999923706054688e+01 8.016267418861389160e-02 0.000000000000000000e+00 7.152694251999491826e-06 8.000158518552780151e-02 0.000000000000000000e+00 7.000000000000000000e+00 8.191000000000000000e+03 0.000000000000000000e+00 2.000000000000000000e+00 2.756399869918823242e+00
4.200000000000000000e+01 9.015900641679763794e-02 0.000000000000000000e+00 7.909399755590129644e-06 8.999861776828765869e-02 0.000000000000000000e+00 7.000000000000000000e+00 8.191000000000000000e+03 0.000000000000000000e+00 2.000000000000000000e+00 2.756320714950561523e+00
4.220000076293945312e+01 1.000537350773811340e-01 0.000000000000000000e+00 8.392344170715659857e-06 9.999565780162811279e-02 0.000000000000000000e+00 7.000000000000000000e+00 8.191000000000000000e+03 0.000000000000000000e+00 2.000000000000000000e+00 2.756199836730957031e+00
4.240000152587890625e+01 1.101222783327102661e-01 0.000000000000000000e+00 8.609765245637390763e-06 1.100051850080490112e-01 0.000000000000000000e+00 7.000000000000000000e+00 8.191000000000000000e+03 0.000000000000000000e+00 2.000000000000000000e+00 2.756199836730957031e+00
4.260000228881835938e+01 1.201314106583595276e-01 0.000000000000000000e+00 8.602155503467656672e-06 1.200022250413894653e-01 0.000000000000000000e+00 7.000000000000000000e+00 8.191000000000000000e+03 0.000000000000000000e+00 2.000000000000000000e+00 2.756199836730957031e+00
4.279999923706054688e+01 1.301827132701873779e-01 0.000000000000000000e+00 8.444122613582294434e-06 1.299992501735687256e-01 0.000000000000000000e+00 7.000000000000000000e+00 8.191000000000000000e+03 0.000000000000000000e+00 2.000000000000000000e+00 2.756199836730957031e+00
4.300000000000000000e+01 1.401030421257019043e-01 0.000000000000000000e+00 8.207369319279678166e-06 1.399962902069091797e-01 0.000000000000000000e+00 7.000000000000000000e+00 8.191000000000000000e+03 0.000000000000000000e+00 2.000000000000000000e+00 2.756199836730957031e+00
4.320000076293945312e+01 1.502441912889480591e-01 0.000000000000000000e+00 7.920484677015338093e-06 1.500058174133300781e-01 0.000000000000000000e+00 7.000000000000000000e+00 8.191000000000000000e+03 0.000000000000000000e+00 2.000000000000000000e+00 2.756199836730957031e+00
4.340000152587890625e+01 1.601523458957672119e-01 0.000000000000000000e+00 7.634408575540874153e-06 1.600028574466705322e-01 0.000000000000000000e+00 7.000000000000000000e+00 8.191000000000000000e+03 0.000000000000000000e+00 2.000000000000000000e+00 2.756199836730957031e+00
4.360000228881835938e+01 1.701101660728454590e-01 0.000000000000000000e+00 7.366868430835893378e-06 1.699998974800109863e-01 0.000000000000000000e+00 7.000000000000000000e+00 8.191000000000000000e+03 0.000000000000000000e+00 2.000000000000000000e+00 2.756199836730957031e+00
4.379999923706054688e+01 1.802932024002075195e-01 0.000000000000000000e+00 7.132755399652523920e-06 1.799969226121902466e-01 0.000000000000000000e+00 7.000000000000000000e+00 8.191000000000000000e+03 0.000000000000000000e+00 2.000000000000000000e+00 2.756199836730957031e+00
4.400000000000000000e+01 1.900597959756851196e-01 0.000000000000000000e+00 6.928066795808263123e-06 1.899939626455307007e-01 0.000000000000000000e+00 7.000000000000000000e+00 8.191000000000000000e+03 0.000000000000000000e+00 2.000000000000000000e+00 2.756239414215087891e+00
4.420000076293945312e+01 2.002169638872146606e-01 0.000000000000000000e+00 6.765440957678947598e-06 2.000034898519515991e-01 0.000000000000000000e+00 7.000000000000000000e+00 8.191000000000000000e+03 0.000000000000000000e+00 2.000000000000000000e+00 2.756299972534179688e+00
4.440000152587890625e+01 2.101379632949829102e-01 0.000000000000000000e+00 6.629634299315512180e-06 2.100005298852920532e-01 0.000000000000000000e+00 7.000000000000000000e+00 8.191000000000000000e+03 0.000000000000000000e+00 2.000000000000000000e+00 2.756299972534179688e+00
4.460000228881835938e+01 2.201967239379882812e-01 0.000000000000000000e+00 6.525387561850948259e-06 2.199975699186325073e-01 0.000000000000000000e+00 7.000000000000000000e+00 8.191000000000000000e+03 0.000000000000000000e+00 2.000000000000000000e+00 2.756299972534179688e+00
4.479999923706054688e+01 2.300007045269012451e-01 0.000000000000000000e+00 6.448542080761399120e-06 2.299945950508117676e-01 0.000000000000000000e+00 7.000000000000000000e+00 8.191000000000000000e+03 0.000000000000000000e+00 2.000000000000000000e+00 2.756299972534179688e+00
4.500000000000000000e+01 2.402572929859161377e-01 0.000000000000000000e+00 6.408492026821477339e-06 2.400041371583938599e-01 0.000000000000000000e+00 7.000000000000000000e+00 8.191000000000000000e+03 0.000000000000000000e+00 2.000000000000000000e+00 2.756299972534179688e+00
4.520000076293945312e+01 2.501127719879150391e-01 0.000000000000000000e+00 6.379213573382003233e-06 2.500011622905731201e-01 0.000000000000000000e+00 7.000000000000000000e+00 8.191000000000000000e+03 0.000000000000000000e+00 2.000000000000000000e+00 2.756299972534179688e+00
4.540000152587890625e+01 2.600494027137756348e-01 0.000000000000000000e+00 6.366631623677676544e-06 2.599982023239135742e-01 0.000000000000000000e+00 7.000000000000000000e+00 8.191000000000000000e+03 0.000000000000000000e+00 2.000000000000000000e+00 2.756299972534179688e+00
4.560000228881835938e+01 2.700726389884948730e-01 0.000000000000000000e+00 6.368674348777858540e-06 2.699952423572540283e-01 0.000000000000000000e+00 7.000000000000000000e+00 8.191000000000000000e+03 0.000000000000000000e+00 2.000000000000000000e+00 2.756299972534179688e+00
4.579999923706054688e+01 2.800748944282531738e-01 0.000000000000000000e+00 6.382119408954167739e-06 2.800047695636749268e-01 0.000000000000000000e+00 7.000000000000000000e+00 8.191000000000000000e+03 0.000000000000000000e+00 2.000000000000000000e+00 2.756299972534179688e+00
4.600000000000000000e+01 2.901570498943328857e-01 0.000000000000000000e+00 6.401957762136589736e-06 2.900017797946929932e-01 0.000000000000000000e+00 7.000000000000000000e+00 8.191000000000000000e+03 0.000000000000000000e+00 2.000000000000000000e+00 2.756299972534179688e+00
4.620000076293945312e+01 3.001596629619598389e-01 0.000000000000000000e+00 6.423006198019720614e-06 2.999988198280334473e-01 0.000000000000000000e+00 7.000000000000000000e+00 8.191000000000000000e+03 0.000000000000000000e+00 2.000000000000000000e+00 2.756299972534179688e+00
4.640000152587890625e+01 2.901695966720581055e-01 0.000000000000000000e+00 5.338953997124917805e-06 2.900017797946929932e-01 0.000000000000000000e+00 7.000000000000000000e+00 8.191000000000000000e+03 0.000000000000000000e+00 2.000000000000000000e+00 2.756299972534179688e+00
4.660000228881835938e+01 2.802055478096008301e-01 0.000000000000000000e+00 4.744687430502381176e-06 2.800047695636749268e-01 0.000000000000000000e+00 7.000000000000000000e+00 8.191000000000000000e+03 0.000000000000000000e+00 2.000000000000000000e+00 2.756299972534179688e+00
4.679999923706054688e+01 2.700922787189483643e-01 0.000000000000000000e+00 4.339284259913256392e-06 2.699952423572540283e-01 0.000000000000000000e+00 7.000000000000000000e+00 8.191000000000000000e+03 0.000000000000000000e+00 2.000000000000000000e+00 2.756299972534179688e+00
4.700000000000000000e+01 2.600986659526824951e-01 0.000000000000000000e+00 4.031408479931997135e-06 2.599982023239135742e-01 0.000000000000000000e+00 7.000000000000000000e+00 8.191000000000000000e+03 0.000000000000000000e+00 2.000000000000000000e+00 2.756220817565917969e+00
4.720000076293945312e+01 2.501767873764038086e-01 0.000000000000000000e+00 3.789140464505180717e-06 2.500011622905731201e-01 0.000000000000000000e+00 7.000000000000000000e+00 8.191000000000000000e+03 0.000000000000000000e+00 2.000000000000000000e+00 2.756099939346313477e+00
4.740000152587890625e+01 2.400595694780349731e-01 0.000000000000000000e+00 3.582710633054375648e-06 2.400041371583938599e-01 0.000000000000000000e+00 7.000000000000000000e+00 8.191000000000000000e+03 0.000000000000000000e+00 2.000000000000000000e+00 2.756099939346313477e+00
4.760000228881835938e+01 2.301320731639862061e-01 0.000000000000000000e+00 3.408039674468454905e-06 2.299945950508117676e-01 0.000000000000000000e+00 7.000000000000000000e+00 8.191000000000000000e+03 0.000000000000000000e+00 2.000000000000000000e+00 2.756099939346313477e+00
4.779999923706054688e+01 2.201145887374877930e-01 0.000000000000000000e+00 3.245784228056436405e-06 2.199975699186325073e-01 0.000000000000000000e+00 7.000000000000000000e+00 8.191000000000000000e+03 0.000000000000000000e+00 2.000000000000000000e+00 2.756099939346313477e+00
4.800000000000000000e+01 2.101862132549285889e-01 0.000000000000000000e+00 3.093968416578718461e-06 2.100005298852920532e-01 0.000000000000000000e+00 7.000000000000000000e+00 8.191000000000000000e+03 0.000000000000000000e+00 2.000000000000000000e+00 2.756060361862182617e+00
4.820000076293945312e+01 2.000953555107116699e-01 0.000000000000000000e+00 2.932036295533180237e-06 2.000034898519515991e-01 0.000000000000000000e+00 7.000000000000000000e+00 8.191000000000000000e+03 0.000000000000000000e+00 2.000000000000000000e+00 2.756000041961669922e+00
4.840000152587890625e+01 1.902086585760116577e-01 0.000000000000000000e+00 2.770957735265255906e-06 1.899939626455307007e-01 0.000000000000000000e+00 7.000000000000000000e+00 8.191000000000000000e+03 0.000000000000000000e+00 2.000000000000000000e+00 2.756000041961669922e+00
4.860000228881835938e+01 1.801365017890930176e-01 0.000000000000000000e+00 2.595528258098056540e-06 1.799969226121902466e-01 0.000000000000000000e+00 7.000000000000000000e+00 8.191000000000000000e+03 0.000000000000000000e+00 2.000000000000000000e+00 2.756000041961669922e+00
4.879999923706054688e+01 1.701488494873046875e-01 0.000000000000000000e+00 2.386412688792916015e-06 1.699998974800109863e-01 0.000000000000000000e+00 7.000000000000000000e+00 8.191000000000000000e+03 0.000000000000000000e+00 2.000000000000000000e+00 2.756000041961669922e+00
4.900000000000000000e+01 1.600470095872879028e-01 0.000000000000000000e+00 2.135944441761239432e-06 1.600028574466705322e-01 0.000000000000000000e+00 7.000000000000000000e+00 8.191000000000000000e+03 0.000000000000000000e+00 2.000000000000000000e+00 2.756078958511352539e+00
4.920000076293945312e+01 1.502195596694946289e-01 0.000000000000000000e+00 1.831729605328291655e-06 1.500058174133300781e-01 0.000000000000000000e+00 7.000000000000000000e+00 8.191000000000000000e+03 0.000000000000000000e+00 2.000000000000000000e+00 2.756199836730957031e+00
4.940000152587890625e+01 1.400304585695266724e-01 0.000000000000000000e+00 1.439998641217243858e-06 1.399962902069091797e-01 0.000000000000000000e+00 7.000000000000000000e+00 8.191000000000000000e+03 0.000000000000000000e+00 2.000000000000000000e+00 2.756199836730957031e+00
4.960000228881835938e+01 1.301102787256240845e-01 0.000000000000000000e+00 9.448277182855235878e-07 1.299992501735687256e-01 0.000000000000000000e+00 7.000000000000000000e+00 8.191000000000000000e+03 0.000000000000000000e+00 2.000000000000000000e+00 2.756199836730957031e+00
4.979999923706054688e+01 1.201710328459739685e-01 0.000000000000000000e+00 3.150869645196507918e-07 1.200022250413894653e-01 0.000000000000000000e+00 7.000000000000000000e+00 8.191000000000000000e+03 0.000000000000000000e+00 2.000000000000000000e+00 2.756199836730957031e+00
5.000000000000000000e+01 1.101580038666725159e-01 0.000000000000000000e+00 -4.753703137794218492e-07 1.100051850080490112e-01 0.000000000000000000e+00 6.000000000000000000e+00 8.191000000000000000e+03 0.000000000000000000e+00 2.000000000000000000e+00 2.756199836730957031e+00
5.020000076293945312e+01 1.000602468848228455e-01 0.000000000000000000e+00 -1.093766627491277177e-06 9.999565780162811279e-02 0.000000000000000000e+00 6.000000000000000000e+00 7.164000000000000000e+03 0.000000000000000000e+00 2.000000000000000000e+00 2.756199836730957031e+00
5.040000152587890625e+01 9.021206200122833252e-02 0.000000000000000000e+00 -2.503187033653375693e-06 8.999861776828765869e-02 0.000000000000000000e+00 7.000000000000000000e+00 8.191000000000000000e+03 0.000000000000000000e+00 2.000000000000000000e+00 2.756199836730957031e+00
5.060000228881835938e+01 8.013544231653213501e-02 0.000000000000000000e+00 -3.661088612716412172e-06 8.000158518552780151e-02 0.000000000000000000e+00 7.000000000000000000e+00 8.191000000000000000e+03 0.000000000000000000e+00 2.000000000000000000e+00 2.756199836730957031e+00
5.079999923706054688e+01 7.017753273248672485e-02 0.000000000000000000e+00 -4.794751475856173784e-06 7.000455260276794434e-02 0.000000000000000000e+00 7.000000000000000000e+00 8.191000000000000000e+03 0.000000000000000000e+00 2.000000000000000000e+00 2.756199836730957031e+00
5.100000000000000000e+01 6.013371795415878296e-02 0.000000000000000000e+00 -5.797430731036001816e-06 5.999501794576644897e-02 0.000000000000000000e+00 7.000000000000000000e+00 8.191000000000000000e+03 0.000000000000000000e+00 2.000000000000000000e+00 2.756160497665405273e+00
5.120000076293945312e+01 5.016058310866355896e-02 0.000000000000000000e+00 -6.556403150170808658e-06 4.999798536300659180e-02 0.000000000000000000e+00 7.000000000000000000e+00 8.191000000000000000e+03 0.000000000000000000e+00 2.000000000000000000e+00 2.756099939346313477e+00
5.140000152587890625e+01 4.012981802225112915e-02 0.000000000000000000e+00 -7.030729193502338603e-06 4.000094905495643616e-02 0.000000000000000000e+00 7.000000000000000000e+00 8.191000000000000000e+03 0.000000000000000000e+00 2.000000000000000000e+00 2.756099939346313477e+00
5.160000228881835938e+01 3.014729730784893036e-02 0.000000000000000000e+00 -7.208231636468553916e-06 3.000391460955142975e-02 0.000000000000000000e+00 7.000000000000000000e+00 8.191000000000000000e+03 0.000000000000000000e+00 2.000000000000000000e+00 2.756099939346313477e+00
5.179999923706054688e+01 2.020935900509357452e-02 0.000000000000000000e+00 -7.158461812650784850e-06 1.999438367784023285e-02 0.000000000000000000e+00 7.000000000000000000e+00 8.191000000000000000e+03 0.000000000000000000e+00 2.000000000000000000e+00 2.756099939346313477e+00
5.200000000000000000e+01 1.016332581639289856e-02 0.000000000000000000e+00 -6.925416982994647697e-06 9.997349232435226440e-03 0.000000000000000000e+00 7.000000000000000000e+00 8.191000000000000000e+03 0.000000000000000000e+00 2.000000000000000000e+00 2.756099939346313477e+00
5.220000076293945312e+01 6.600498454645276070e-05 0.000000000000000000e+00 -6.603610017918981612e-06 3.129243850708007812e-07 0.000000000000000000e+00 7.000000000000000000e+00 8.191000000000000000e+03 0.000000000000000000e+00 2.000000000000000000e+00 2.756099939346313477e+00
5.240000152587890625e+01 -9.746146388351917267e-03 0.000000000000000000e+00 -6.233568910829490051e-06 -9.996719658374786377e-03 0.000000000000000000e+00 7.000000000000000000e+00 8.191000000000000000e+03 0.000000000000000000e+00 2.000000000000000000e+00 2.756099939346313477e+00
5.260000228881835938e+01 -1.983776688575744629e-02 0.000000000000000000e+00 -5.858410077053122222e-06 -1.999375596642494202e-02 0.000000000000000000e+00 7.000000000000000000e+00 6.143000000000000000e+03 0.000000000000000000e+00 2.000000000000000000e+00 2.756099939346313477e+00
5.279999923706054688e+01 -2.989605814218521118e-02 0.000000000000000000e+00 -5.499375220097135752e-06 -3.000328317284584045e-02 0.000000000000000000e+00 7.000000000000000000e+00 8.191000000000000000e+03 0.000000000000000000e+00 2.000000000000000000e+00 2.756099939346313477e+00
5.300000000000000000e+01 -3.984768316149711609e-02 0.000000000000000000e+00 -5.170871190784964710e-06 -4.000032320618629456e-02 0.000000000000000000e+00 7.000000000000000000e+00 8.191000000000000000e+03 0.000000000000000000e+00 2.000000000000000000e+00 2.756179094314575195e+00
5.320000076293945312e+01 -5.000197514891624451e-02 0.000000000000000000e+00 -4.872016234003240243e-06 -4.999735578894615173e-02 0.000000000000000000e+00 7.000000000000000000e+00 8.191000000000000000e+03 0.000000000000000000e+00 2.000000000000000000e+00 2.756299972534179688e+00
5.340000152587890625e+01 -5.992128327488899231e-02 0.000000000000000000e+00 -4.601933142112102360e-06 -5.999438837170600891e-02 0.000000000000000000e+00 7.000000000000000000e+00 8.191000000000000000e+03 0.000000000000000000e+00 2.000000000000000000e+00 2.756299972534179688e+00
5.360000228881835938e+01 -6.979963183403015137e-02 0.000000000000000000e+00 -4.370178885437780991e-06 -7.000392675399780273e-02 0.000000000000000000e+00 7.000000000000000000e+00 8.191000000000000000e+03 0.000000000000000000e+00 2.000000000000000000e+00 2.756299972534179688e+00
5.379999923706054688e+01 -7.998786121606826782e-02 0.000000000000000000e+00 -4.154893304075812921e-06 -8.000095188617706299e-02 0.000000000000000000e+00 7.000000000000000000e+00 8.191000000000000000e+03 0.000000000000000000e+00 2.000000000000000000e+00 2.756299972534179688e+00
5.400000000000000000e+01 -8.985451608896255493e-02 0.000000000000000000e+00 -3.969356839661486447e-06 -8.999799191951751709e-02 0.000000000000000000e+00 7.000000000000000000e+00 8.191000000000000000e+03 0.000000000000000000e+00 2.000000000000000000e+00 2.756220817565917969e+00
5.420000076293945312e+01 -9.990525990724563599e-02 0.000000000000000000e+00 -3.798321358772227541e-06 -9.999501705169677734e-02 0.000000000000000000e+00 7.000000000000000000e+00 8.191000000000000000e+03 0.000000000000000000e+00 2.000000000000000000e+00 2.756099939346313477e+00
5.440000152587890625e+01 -1.098767369985580444e-01 0.000000000000000000e+00 -3.653897920230519958e-06 -1.100045591592788696e-01 0.000000000000000000e+00 7.000000000000000000e+00 8.191000000000000000e+03 0.000000000000000000e+00 2.000000000000000000e+00 2.756099939346313477e+00
5.460000228881835938e+01 -1.199293434619903564e-01 0.000000000000000000e+00 -3.526763975969515741e-06 -1.200015842914581299e-01 0.000000000000000000e+00 7.000000000000000000e+00 8.191000000000000000e+03 0.000000000000000000e+00 2.000000000000000000e+00 2.756099939346313477e+00
5.479999923706054688e+01 -1.299280375242233276e-01 0.000000000000000000e+00 -3.411636043892940506e-06 -1.299986243247985840e-01 0.000000000000000000e+00 7.000000000000000000e+00 8.191000000000000000e+03 0.000000000000000000e+00 2.000000000000000000e+00 2.756099939346313477e+00
5.500000000000000000e+01 -1.398936361074447632e-01 0.000000000000000000e+00 -3.315353751531802118e-06 -1.399956643581390381e-01 0.000000000000000000e+00 7.000000000000000000e+00 8.191000000000000000e+03 0.000000000000000000e+00 2.000000000000000000e+00 2.756099939346313477e+00
5.520000076293945312e+01 -1.498873978853225708e-01 0.000000000000000000e+00 -3.242657840019091964e-06 -1.500051915645599365e-01 0.000000000000000000e+00 7.000000000000000000e+00 8.191000000000000000e+03 0.000000000000000000e+00 2.000000000000000000e+00 2.756099939346313477e+00
5.540000152587890625e+01 -1.598775237798690796e-01 0.000000000000000000e+00 -3.180497969879070297e-06 -1.600022166967391968e-01 0.000000000000000000e+00 7.000000000000000000e+00 8.191000000000000000e+03 0.000000000000000000e+00 2.000000000000000000e+00 2.756099939346313477e+00
5.560000228881835938e+01 -1.699042916297912598e-01 0.000000000000000000e+00 -3.137975909339729697e-06 -1.699992567300796509e-01 0.000000000000000000e+00 7.000000000000000000e+00 8.191000000000000000e+03 0.000000000000000000e+00 2.000000000000000000e+00 2.756099939346313477e+00
5.579999923706054688e+01 -1.798949986696243286e-01 0.000000000000000000e+00 -3.123629312540288083e-06 -1.799962967634201050e-01 0.000000000000000000e+00 7.000000000000000000e+00 8.191000000000000000e+03 0.000000000000000000e+00 2.000000000000000000e+00 2.756099939346313477e+00
5.600000000000000000e+01 -1.899834871292114258e-01 0.000000000000000000e+00 -3.137534577035694383e-06 -1.900058239698410034e-01 0.000000000000000000e+00 7.000000000000000000e+00 8.191000000000000000e+03 0.000000000000000000e+00 2.000000000000000000e+00 2.756099939346313477e+00
5.620000076293945312e+01 -1.999763399362564087e-01 0.000000000000000000e+00 -3.182138470947393216e-06 -2.000028640031814575e-01 0.000000000000000000e+00 7.000000000000000000e+00 8.191000000000000000e+03 0.000000000000000000e+00 2.000000000000000000e+00 2.756099939346313477e+00
5.640000152587890625e+01 -1.998992562294006348e-01 0.000000000000000000e+00 -3.028465471288654953e-06 -2.000028640031814575e-01 0.000000000000000000e+00 7.000000000000000000e+00 8.191000000000000000e+03 0.000000000000000000e+00 3.000000000000000000e+00 2.756099939346313477e+00
