2.000000029802322388e-01 9.886606130748987198e-05 0.000000000000000000e+00 2.775328233894924779e-08 3.129243850708007812e-07 0.000000000000000000e+00 7.000000000000000000e+00 8.191000000000000000e+03 0.000000000000000000e+00 0.000000000000000000e+00 2.757499933242797852e+00
4.000000059604644775e-01 1.013518869876861572e-02 0.000000000000000000e+00 1.285136761453031795e-07 9.997349232435226440e-03 0.000000000000000000e+00 6.000000000000000000e+00 8.191000000000000000e+03 0.000000000000000000e+00 0.000000000000000000e+00 2.757499933242797852e+00
6.000000238418579102e-01 2.012682333588600159e-02 0.000000000000000000e+00 2.117882331731379963e-07 1.999438367784023285e-02 0.000000000000000000e+00 6.000000000000000000e+00 8.191000000000000000e+03 0.000000000000000000e+00 0.000000000000000000e+00 2.757499933242797852e+00
8.000000119209289551e-01 2.921593189239501953e-02 0.000000000000000000e+00 2.982972659992810804e-07 3.000391460955142975e-02 0.000000000000000000e+00 6.000000000000000000e+00 6.143000000000000000e+03 0.000000000000000000e+00 0.000000000000000000e+00 2.757499933242797852e+00
1.000000000000000000e+00 4.017154872417449951e-02 0.000000000000000000e+00 3.961863228596484987e-07 4.000094905495643616e-02 0.000000000000000000e+00 6.000000000000000000e+00 8.191000000000000000e+03 0.000000000000000000e+00 0.000000000000000000e+00 2.757499933242797852e+00
1.200000047683715820e+00 5.019612237811088562e-02 0.000000000000000000e+00 5.080750042907311581e-07 4.999798536300659180e-02 0.000000000000000000e+00 6.000000000000000000e+00 8.191000000000000000e+03 0.000000000000000000e+00 0.000000000000000000e+00 2.757499933242797852e+00
1.399999976158142090e+00 6.014514714479446411e-02 0.000000000000000000e+00 6.340276854643889237e-07 5.999501794576644897e-02 0.000000000000000000e+00 6.000000000000000000e+00 8.191000000000000000e+03 0.000000000000000000e+00 0.000000000000000000e+00 2.757499933242797852e+00
1.600000023841857910e+00 7.020333409309387207e-02 0.000000000000000000e+00 7.694411578995641321e-07 7.000455260276794434e-02 0.000000000000000000e+00 6.000000000000000000e+00 8.191000000000000000e+03 0.000000000000000000e+00 0.000000000000000000e+00 2.757499933242797852e+00
1.800000071525573730e+00 8.014908432960510254e-02 0.000000000000000000e+00 9.062426897799014114e-07 8.000158518552780151e-02 0.000000000000000000e+00 6.000000000000000000e+00 8.191000000000000000e+03 0.000000000000000000e+00 0.000000000000000000e+00 2.756700038909912109e+00
2.000000000000000000e+00 9.005910903215408325e-02 0.000000000000000000e+00 1.039493895405030344e-06 8.999861776828765869e-02 0.000000000000000000e+00 7.000000000000000000e+00 8.191000000000000000e+03 0.000000000000000000e+00 0.000000000000000000e+00 2.756700038909912109e+00
2.200000047683715820e+00 1.000849679112434387e-01 0.000000000000000000e+00 1.151710876001743600e-06 9.999565780162811279e-02 0.000000000000000000e+00 7.000000000000000000e+00 8.191000000000000000e+03 0.000000000000000000e+00 0.000000000000000000e+00 2.756700038909912109e+00
2.400000095367431641e+00 1.101619899272918701e-01 0.000000000000000000e+00 1.252055312761513051e-06 1.100051850080490112e-01 0.000000000000000000e+00 7.000000000000000000e+00 8.191000000000000000e+03 0.000000000000000000e+00 0.000000000000000000e+00 2.756700038909912109e+00
2.600000143051147461e+00 1.201599240303039551e-01 0.000000000000000000e+00 1.334099010819045361e-06 1.200022250413894653e-01 0.000000000000000000e+00 7.000000000000000000e+00 8.191000000000000000e+03 0.000000000000000000e+00 0.000000000000000000e+00 2.756700038909912109e+00
2.799999952316284180e+00 1.301323920488357544e-01 0.000000000000000000e+00 1.400786572958168108e-06 1.299992501735687256e-01 0.000000000000000000e+00 7.000000000000000000e+00 8.191000000000000000e+03 0.000000000000000000e+00 0.000000000000000000e+00 2.756199836730957031e+00
3.000000000000000000e+00 1.401600390672683716e-01 0.000000000000000000e+00 1.465449031456955709e-06 1.399962902069091797e-01 0.000000000000000000e+00 7.000000000000000000e+00 8.191000000000000000e+03 0.000000000000000000e+00 0.000000000000000000e+00 2.756199836730957031e+00
3.200000047683715820e+00 1.502576619386672974e-01 0.000000000000000000e+00 1.535589717605034821e-06 1.500058174133300781e-01 0.000000000000000000e+00 7.000000000000000000e+00 8.191000000000000000e+03 0.000000000000000000e+00 0.000000000000000000e+00 2.756199836730957031e+00
3.400000095367431641e+00 1.601381152868270874e-01 0.000000000000000000e+00 1.603902092028874904e-06 1.600028574466705322e-01 0.000000000000000000e+00 7.000000000000000000e+00 8.191000000000000000e+03 0.000000000000000000e+00 0.000000000000000000e+00 2.756199836730957031e+00
3.600000143051147461e+00 1.701241582632064819e-01 0.000000000000000000e+00 1.687437929831503425e-06 1.699998974800109863e-01 0.000000000000000000e+00 7.000000000000000000e+00 8.191000000000000000e+03 0.000000000000000000e+00 0.000000000000000000e+00 2.756199836730957031e+00
3.799999952316284180e+00 1.800975352525711060e-01 0.000000000000000000e+00 1.782814479156513698e-06 1.799969226121902466e-01 0.000000000000000000e+00 7.000000000000000000e+00 8.191000000000000000e+03 0.000000000000000000e+00 0.000000000000000000e+00 2.756599903106689453e+00
4.000000000000000000e+00 1.901308447122573853e-01 0.000000000000000000e+00 1.885380243038525805e-06 1.899939626455307007e-01 0.000000000000000000e+00 7.000000000000000000e+00 8.191000000000000000e+03 0.000000000000000000e+00 0.000000000000000000e+00 2.756599903106689453e+00
4.200000286102294922e+00 2.001474350690841675e-01 0.000000000000000000e+00 1.999103687921888195e-06 2.000034898519515991e-01 0.000000000000000000e+00 7.000000000000000000e+00 8.191000000000000000e+03 0.000000000000000000e+00 0.000000000000000000e+00 2.756599903106689453e+00
4.400000095367431641e+00 2.101337611675262451e-01 0.000000000000000000e+00 2.116634277626872063e-06 2.100005298852920532e-01 0.000000000000000000e+00 7.000000000000000000e+00 8.191000000000000000e+03 0.000000000000000000e+00 0.000000000000000000e+00 2.756599903106689453e+00
4.599999904632568359e+00 2.200214862823486328e-01 0.000000000000000000e+00 2.247194515803130344e-06 2.199975699186325073e-01 0.000000000000000000e+00 7.000000000000000000e+00 8.191000000000000000e+03 0.000000000000000000e+00 0.000000000000000000e+00 2.756599903106689453e+00
4.800000190734863281e+00 2.301501333713531494e-01 0.000000000000000000e+00 2.372199332967284136e-06 2.299945950508117676e-01 0.000000000000000000e+00 7.000000000000000000e+00 8.191000000000000000e+03 0.000000000000000000e+00 0.000000000000000000e+00 2.756599903106689453e+00
5.000000000000000000e+00 2.402133792638778687e-01 0.000000000000000000e+00 2.500594746379647404e-06 2.400041371583938599e-01 0.000000000000000000e+00 7.000000000000000000e+00 8.191000000000000000e+03 0.000000000000000000e+00 0.000000000000000000e+00 2.756599903106689453e+00
5.200000286102294922e+00 2.501628100872039795e-01 0.000000000000000000e+00 2.624311264298739843e-06 2.500011622905731201e-01 0.000000000000000000e+00 7.000000000000000000e+00 8.191000000000000000e+03 0.000000000000000000e+00 0.000000000000000000e+00 2.756599903106689453e+00
5.400000095367431641e+00 2.601310610771179199e-01 0.000000000000000000e+00 2.748589167822501622e-06 2.599982023239135742e-01 0.000000000000000000e+00 7.000000000000000000e+00 8.191000000000000000e+03 0.000000000000000000e+00 0.000000000000000000e+00 2.756599903106689453e+00
5.599999904632568359e+00 2.701441049575805664e-01 0.000000000000000000e+00 2.854542344721267000e-06 2.699952423572540283e-01 0.000000000000000000e+00 7.000000000000000000e+00 8.191000000000000000e+03 0.000000000000000000e+00 0.000000000000000000e+00 2.756599903106689453e+00
5.800000190734863281e+00 2.801952064037322998e-01 0.000000000000000000e+00 2.959907988042687066e-06 2.800047695636749268e-01 0.000000000000000000e+00 7.000000000000000000e+00 8.191000000000000000e+03 0.000000000000000000e+00 0.000000000000000000e+00 2.756700038909912109e+00
6.000000000000000000e+00 2.901404500007629395e-01 0.000000000000000000e+00 3.057841922782245092e-06 2.900017797946929932e-01 0.000000000000000000e+00 7.000000000000000000e+00 8.191000000000000000e+03 0.000000000000000000e+00 0.000000000000000000e+00 2.756700038909912109e+00
6.200000286102294922e+00 3.001297712326049805e-01 0.000000000000000000e+00 3.151497139697312377e-06 2.999988198280334473e-01 0.000000000000000000e+00 7.000000000000000000e+00 8.191000000000000000e+03 0.000000000000000000e+00 0.000000000000000000e+00 2.756700038909912109e+00
6.400000095367431641e+00 2.902303338050842285e-01 0.000000000000000000e+00 1.954957724592532031e-06 2.900017797946929932e-01 0.000000000000000000e+00 7.000000000000000000e+00 8.191000000000000000e+03 0.000000000000000000e+00 0.000000000000000000e+00 2.756700038909912109e+00
6.599999904632568359e+00 2.800422310829162598e-01 0.000000000000000000e+00 1.376979298584046774e-06 2.800047695636749268e-01 0.000000000000000000e+00 7.000000000000000000e+00 8.191000000000000000e+03 0.000000000000000000e+00 0.000000000000000000e+00 2.756700038909912109e+00
6.800000190734863281e+00 2.701304554939270020e-01 0.000000000000000000e+00 1.010673145174223464e-06 2.699952423572540283e-01 0.000000000000000000e+00 7.000000000000000000e+00 8.191000000000000000e+03 0.000000000000000000e+00 0.000000000000000000e+00 2.756299972534179688e+00
7.000000000000000000e+00 2.600359022617340088e-01 0.000000000000000000e+00 7.648768018952978309e-07 2.599982023239135742e-01 0.000000000000000000e+00 7.000000000000000000e+00 8.191000000000000000e+03 0.000000000000000000e+00 0.000000000000000000e+00 2.756299972534179688e+00
7.200000286102294922e+00 2.500823140144348145e-01 0.000000000000000000e+00 5.805244427392608486e-07 2.500011622905731201e-01 0.000000000000000000e+00 6.000000000000000000e+00 8.191000000000000000e+03 0.000000000000000000e+00 0.000000000000000000e+00 2.756299972534179688e+00
7.400000095367431641e+00 2.400024831295013428e-01 0.000000000000000000e+00 4.388093657325953245e-07 2.400041371583938599e-01 0.000000000000000000e+00 6.000000000000000000e+00 8.191000000000000000e+03 0.000000000000000000e+00 0.000000000000000000e+00 2.756299972534179688e+00
7.599999904632568359e+00 2.301413267850875854e-01 0.000000000000000000e+00 3.254263560847903136e-07 2.299945950508117676e-01 0.000000000000000000e+00 6.000000000000000000e+00 8.191000000000000000e+03 0.000000000000000000e+00 0.000000000000000000e+00 2.756299972534179688e+00
7.800000190734863281e+00 2.200745493173599243e-01 0.000000000000000000e+00 2.341104163861018606e-07 2.199975699186325073e-01 0.000000000000000000e+00 6.000000000000000000e+00 8.191000000000000000e+03 0.000000000000000000e+00 0.000000000000000000e+00 2.756399869918823242e+00
8.000000000000000000e+00 2.101295441389083862e-01 0.000000000000000000e+00 1.550407091599481646e-07 2.100005298852920532e-01 0.000000000000000000e+00 6.000000000000000000e+00 8.191000000000000000e+03 0.000000000000000000e+00 0.000000000000000000e+00 2.756399869918823242e+00
8.199999809265136719e+00 2.001981884241104126e-01 0.000000000000000000e+00 8.491080194517053314e-08 2.000034898519515991e-01 0.000000000000000000e+00 6.000000000000000000e+00 8.191000000000000000e+03 0.000000000000000000e+00 0.000000000000000000e+00 2.756399869918823242e+00
8.400000572204589844e+00 1.901710182428359985e-01 0.000000000000000000e+00 1.898290058477414277e-08 1.899939626455307007e-01 0.000000000000000000e+00 6.000000000000000000e+00 8.191000000000000000e+03 0.000000000000000000e+00 0.000000000000000000e+00 2.756399869918823242e+00
8.600000381469726562e+00 1.800928413867950439e-01 0.000000000000000000e+00 -1.344037414696686028e-08 1.799969226121902466e-01 0.000000000000000000e+00 5.000000000000000000e+00 8.191000000000000000e+03 0.000000000000000000e+00 0.000000000000000000e+00 2.756399869918823242e+00
8.800000190734863281e+00 1.701396107673645020e-01 0.000000000000000000e+00 -7.953502034752091276e-08 1.699998974800109863e-01 0.000000000000000000e+00 5.000000000000000000e+00 7.164000000000000000e+03 0.000000000000000000e+00 0.000000000000000000e+00 2.756500005722045898e+00
9.000000000000000000e+00 1.601548939943313599e-01 0.000000000000000000e+00 -1.092515233835911204e-07 1.600028574466705322e-01 0.000000000000000000e+00 5.000000000000000000e+00 7.164000000000000000e+03 0.000000000000000000e+00 0.000000000000000000e+00 2.756500005722045898e+00
9.199999809265136719e+00 1.501806825399398804e-01 0.000000000000000000e+00 -2.270818981742195319e-07 1.500058174133300781e-01 0.000000000000000000e+00 6.000000000000000000e+00 8.191000000000000000e+03 0.000000000000000000e+00 0.000000000000000000e+00 2.756500005722045898e+00
9.400000572204589844e+00 1.401490718126296997e-01 0.000000000000000000e+00 -2.999468904363311594e-07 1.399962902069091797e-01 0.000000000000000000e+00 6.000000000000000000e+00 8.191000000000000000e+03 0.000000000000000000e+00 0.000000000000000000e+00 2.756500005722045898e+00
9.600000381469726562e+00 1.301767677068710327e-01 0.000000000000000000e+00 -3.803561412496492267e-07 1.299992501735687256e-01 0.000000000000000000e+00 6.000000000000000000e+00 8.191000000000000000e+03 0.000000000000000000e+00 0.000000000000000000e+00 2.756500005722045898e+00
9.800000190734863281e+00 1.201096922159194946e-01 0.000000000000000000e+00 -4.704992022652731976e-07 1.200022250413894653e-01 0.000000000000000000e+00 6.000000000000000000e+00 8.191000000000000000e+03 0.000000000000000000e+00 0.000000000000000000e+00 2.756399869918823242e+00
1.000000000000000000e+01 1.101469472050666809e-01 0.000000000000000000e+00 -5.725045184590271674e-07 1.100051850080490112e-01 0.000000000000000000e+00 6.000000000000000000e+00 8.191000000000000000e+03 0.000000000000000000e+00 0.000000000000000000e+00 2.756399869918823242e+00
1.019999980926513672e+01 1.001191288232803345e-01 0.000000000000000000e+00 -6.817572852924058679e-07 9.999565780162811279e-02 0.000000000000000000e+00 6.000000000000000000e+00 8.191000000000000000e+03 0.000000000000000000e+00 0.000000000000000000e+00 2.756399869918823242e+00
1.040000057220458984e+01 9.012496471405029297e-02 0.000000000000000000e+00 -7.916125355222902726e-07 8.999861776828765869e-02 0.000000000000000000e+00 6.000000000000000000e+00 8.191000000000000000e+03 0.000000000000000000e+00 0.000000000000000000e+00 2.756399869918823242e+00
1.060000038146972656e+01 8.015050739049911499e-02 0.000000000000000000e+00 -8.930471722123911604e-07 8.000158518552780151e-02 0.000000000000000000e+00 6.000000000000000000e+00 8.191000000000000000e+03 0.000000000000000000e+00 0.000000000000000000e+00 2.756399869918823242e+00
1.080000019073486328e+01 7.009025663137435913e-02 0.000000000000000000e+00 -9.669061000749934465e-07 7.000455260276794434e-02 0.000000000000000000e+00 7.000000000000000000e+00 8.191000000000000000e+03 0.000000000000000000e+00 0.000000000000000000e+00 2.756000041961669922e+00
1.100000000000000000e+01 6.015091389417648315e-02 0.000000000000000000e+00 -1.026089080369274598e-06 5.999501794576644897e-02 0.000000000000000000e+00 7.000000000000000000e+00 8.191000000000000000e+03 0.000000000000000000e+00 0.000000000000000000e+00 2.756000041961669922e+00
1.119999980926513672e+01 5.008619278669357300e-02 0.000000000000000000e+00 -1.052972152137954254e-06 4.999798536300659180e-02 0.000000000000000000e+00 7.000000000000000000e+00 8.191000000000000000e+03 0.000000000000000000e+00 0.000000000000000000e+00 2.756000041961669922e+00
1.140000057220458984e+01 4.011267423629760742e-02 0.000000000000000000e+00 -1.049097591021563858e-06 4.000094905495643616e-02 0.000000000000000000e+00 7.000000000000000000e+00 8.191000000000000000e+03 0.000000000000000000e+00 0.000000000000000000e+00 2.756000041961669922e+00
1.160000038146972656e+01 3.005881048738956451e-02 0.000000000000000000e+00 -1.039674543790169992e-06 3.000391460955142975e-02 0.000000000000000000e+00 7.000000000000000000e+00 8.191000000000000000e+03 0.000000000000000000e+00 0.000000000000000000e+00 2.756000041961669922e+00
1.180000019073486328e+01 2.014462091028690338e-02 0.000000000000000000e+00 -1.012986558635020629e-06 1.999438367784023285e-02 0.000000000000000000e+00 7.000000000000000000e+00 8.191000000000000000e+03 0.000000000000000000e+00 0.000000000000000000e+00 2.756399869918823242e+00
1.200000000000000000e+01 1.016208808869123459e-02 0.000000000000000000e+00 -9.843696489042486064e-07 9.997349232435226440e-03 0.000000000000000000e+00 7.000000000000000000e+00 8.191000000000000000e+03 0.000000000000000000e+00 0.000000000000000000e+00 2.756399869918823242e+00
1.219999980926513672e+01 1.933466701302677393e-04 0.000000000000000000e+00 -9.526588655717205256e-07 3.129243850708007812e-07 0.000000000000000000e+00 7.000000000000000000e+00 8.191000000000000000e+03 0.000000000000000000e+00 0.000000000000000000e+00 2.756399869918823242e+00
1.240000057220458984e+01 -9.899222292006015778e-03 0.000000000000000000e+00 -9.295740142079012003e-07 -9.996719658374786377e-03 0.000000000000000000e+00 7.000000000000000000e+00 8.191000000000000000e+03 0.000000000000000000e+00 0.000000000000000000e+00 2.756399869918823242e+00
1.260000038146972656e+01 -1.983711682260036469e-02 0.000000000000000000e+00 -9.129240083893819246e-07 -1.999375596642494202e-02 0.000000000000000000e+00 7.000000000000000000e+00 6.143000000000000000e+03 0.000000000000000000e+00 0.000000000000000000e+00 2.756399869918823242e+00
1.280000019073486328e+01 -2.991556748747825623e-02 0.000000000000000000e+00 -9.033872743202664424e-07 -3.000328317284584045e-02 0.000000000000000000e+00 7.000000000000000000e+00 8.191000000000000000e+03 0.000000000000000000e+00 0.000000000000000000e+00 2.756399869918823242e+00
1.300000000000000000e+01 -3.988929837942123413e-02 0.000000000000000000e+00 -8.956870374277059454e-07 -4.000032320618629456e-02 0.000000000000000000e+00 7.000000000000000000e+00 8.191000000000000000e+03 0.000000000000000000e+00 0.000000000000000000e+00 2.756399869918823242e+00
1.319999980926513672e+01 -4.984856396913528442e-02 0.000000000000000000e+00 -8.934821380535140634e-07 -4.999735578894615173e-02 0.000000000000000000e+00 7.000000000000000000e+00 8.191000000000000000e+03 0.000000000000000000e+00 0.000000000000000000e+00 2.756399869918823242e+00
1.340000057220458984e+01 -5.987743288278579712e-02 0.000000000000000000e+00 -8.949372727329318877e-07 -5.999438837170600891e-02 0.000000000000000000e+00 7.000000000000000000e+00 8.191000000000000000e+03 0.000000000000000000e+00 0.000000000000000000e+00 2.756399869918823242e+00
1.360000038146972656e+01 -6.984931230545043945e-02 0.000000000000000000e+00 -8.967260214376437943e-07 -7.000392675399780273e-02 0.000000000000000000e+00 7.000000000000000000e+00 8.191000000000000000e+03 0.000000000000000000e+00 0.000000000000000000e+00 2.756399869918823242e+00
1.380000019073486328e+01 -7.987383008003234863e-02 0.000000000000000000e+00 -9.080836775865464006e-07 -8.000095188617706299e-02 0.000000000000000000e+00 7.000000000000000000e+00 8.191000000000000000e+03 0.000000000000000000e+00 0.000000000000000000e+00 2.756399869918823242e+00
1.400000000000000000e+01 -8.996085822582244873e-02 0.000000000000000000e+00 -9.148129720415454358e-07 -8.999799191951751709e-02 0.000000000000000000e+00 7.000000000000000000e+00 8.191000000000000000e+03 0.000000000000000000e+00 0.000000000000000000e+00 2.756399869918823242e+00
1.419999980926513672e+01 -9.989179670810699463e-02 0.000000000000000000e+00 -9.335269055554817896e-07 -9.999501705169677734e-02 0.000000000000000000e+00 7.000000000000000000e+00 8.191000000000000000e+03 0.000000000000000000e+00 0.000000000000000000e+00 2.756399869918823242e+00
1.440000057220458984e+01 -1.098821535706520081e-01 0.000000000000000000e+00 -9.597088137525133789e-07 -1.100045591592788696e-01 0.000000000000000000e+00 7.000000000000000000e+00 8.191000000000000000e+03 0.000000000000000000e+00 0.000000000000000000e+00 2.756399869918823242e+00
1.460000038146972656e+01 -1.198554262518882751e-01 0.000000000000000000e+00 -9.928307918016798794e-07 -1.200015842914581299e-01 0.000000000000000000e+00 7.000000000000000000e+00 8.191000000000000000e+03 0.000000000000000000e+00 0.000000000000000000e+00 2.756399869918823242e+00
1.480000019073486328e+01 -1.299119293689727783e-01 0.000000000000000000e+00 -1.039161702465207782e-06 -1.299986243247985840e-01 0.000000000000000000e+00 7.000000000000000000e+00 8.191000000000000000e+03 0.000000000000000000e+00 0.000000000000000000e+00 2.756399869918823242e+00
1.500000000000000000e+01 -1.398614645004272461e-01 0.000000000000000000e+00 -1.105417709368339274e-06 -1.399956643581390381e-01 0.000000000000000000e+00 7.000000000000000000e+00 8.191000000000000000e+03 0.000000000000000000e+00 0.000000000000000000e+00 2.756399869918823242e+00
1.519999980926513672e+01 -1.498829126358032227e-01 0.000000000000000000e+00 -1.197572714772832114e-06 -1.500051915645599365e-01 0.000000000000000000e+00 7.000000000000000000e+00 8.191000000000000000e+03 0.000000000000000000e+00 0.000000000000000000e+00 2.756399869918823242e+00
1.540000057220458984e+01 -1.599331498146057129e-01 0.000000000000000000e+00 -1.315977442573057488e-06 -1.600022166967391968e-01 0.000000000000000000e+00 7.000000000000000000e+00 8.191000000000000000e+03 0.000000000000000000e+00 0.000000000000000000e+00 2.756399869918823242e+00
1.560000038146972656e+01 -1.699310243129730225e-01 0.000000000000000000e+00 -1.485017492086626589e-06 -1.699992567300796509e-01 0.000000000000000000e+00 7.000000000000000000e+00 8.191000000000000000e+03 0.000000000000000000e+00 0.000000000000000000e+00 2.756399869918823242e+00
1.580000019073486328e+01 -1.799274235963821411e-01 0.000000000000000000e+00 -1.701572273304918781e-06 -1.799962967634201050e-01 0.000000000000000000e+00 7.000000000000000000e+00 8.191000000000000000e+03 0.000000000000000000e+00 0.000000000000000000e+00 2.756099939346313477e+00
1.600000000000000000e+01 -1.899293661117553711e-01 0.000000000000000000e+00 -1.989545808100956492e-06 -1.900058239698410034e-01 0.000000000000000000e+00 7.000000000000000000e+00 8.191000000000000000e+03 0.000000000000000000e+00 0.000000000000000000e+00 2.756099939346313477e+00
1.620000076293945312e+01 -1.998715102672576904e-01 0.000000000000000000e+00 -2.353984882574877702e-06 -2.000028640031814575e-01 0.000000000000000000e+00 7.000000000000000000e+00 8.191000000000000000e+03 0.000000000000000000e+00 0.000000000000000000e+00 2.756099939346313477e+00
1.639999961853027344e+01 -1.899485141038894653e-01 0.000000000000000000e+00 -1.713522465252026450e-06 -1.900058239698410034e-01 0.000000000000000000e+00 7.000000000000000000e+00 8.191000000000000000e+03 0.000000000000000000e+00 1.000000000000000000e+00 2.756099939346313477e+00
1.660000038146972656e+01 -1.798866987228393555e-01 0.000000000000000000e+00 -1.278624267797567882e-06 -1.799962967634201050e-01 0.000000000000000000e+00 7.000000000000000000e+00 8.191000000000000000e+03 0.000000000000000000e+00 1.000000000000000000e+00 2.756099939346313477e+00
1.680000114440917969e+01 -1.699068844318389893e-01 0.000000000000000000e+00 -9.578750450600637123e-07 -1.699992567300796509e-01 0.000000000000000000e+00 7.000000000000000000e+00 8.191000000000000000e+03 0.000000000000000000e+00 1.000000000000000000e+00 2.756399869918823242e+00
1.700000000000000000e+01 -1.598695367574691772e-01 0.000000000000000000e+00 -7.202590950328158215e-07 -1.600022166967391968e-01 0.000000000000000000e+00 7.000000000000000000e+00 8.191000000000000000e+03 0.000000000000000000e+00 1.000000000000000000e+00 2.756399869918823242e+00
1.720000076293945312e+01 -1.498511284589767456e-01 0.000000000000000000e+00 -5.408070364865125157e-07 -1.500051915645599365e-01 0.000000000000000000e+00 6.000000000000000000e+00 8.191000000000000000e+03 0.000000000000000000e+00 1.000000000000000000e+00 2.756399869918823242e+00
1.739999961853027344e+01 -1.398274451494216919e-01 0.000000000000000000e+00 -4.002230014066299191e-07 -1.399956643581390381e-01 0.000000000000000000e+00 6.000000000000000000e+00 8.191000000000000000e+03 0.000000000000000000e+00 1.000000000000000000e+00 2.756399869918823242e+00
1.760000038146972656e+01 -1.298983693122863770e-01 0.000000000000000000e+00 -2.914018182309519034e-07 -1.299986243247985840e-01 0.000000000000000000e+00 6.000000000000000000e+00 8.191000000000000000e+03 0.000000000000000000e+00 1.000000000000000000e+00 2.756399869918823242e+00
1.780000114440917969e+01 -1.198940947651863098e-01 0.000000000000000000e+00 -2.047350875500342227e-07 -1.200015842914581299e-01 0.000000000000000000e+00 6.000000000000000000e+00 8.191000000000000000e+03 0.000000000000000000e+00 1.000000000000000000e+00 2.756399869918823242e+00
1.800000000000000000e+01 -1.098664626479148865e-01 0.000000000000000000e+00 -1.356491026172079728e-07 -1.100045591592788696e-01 0.000000000000000000e+00 6.000000000000000000e+00 8.191000000000000000e+03 0.000000000000000000e+00 1.000000000000000000e+00 2.756399869918823242e+00
1.820000076293945312e+01 -9.981336444616317749e-02 0.000000000000000000e+00 -7.918485778191097779e-08 -9.999501705169677734e-02 0.000000000000000000e+00 6.000000000000000000e+00 8.191000000000000000e+03 0.000000000000000000e+00 1.000000000000000000e+00 2.756399869918823242e+00
1.839999961853027344e+01 -8.983913064002990723e-02 0.000000000000000000e+00 -3.839712903186409676e-08 -8.999799191951751709e-02 0.000000000000000000e+00 5.000000000000000000e+00 8.191000000000000000e+03 0.000000000000000000e+00 1.000000000000000000e+00 2.756399869918823242e+00
1.860000038146972656e+01 -7.987478375434875488e-02 0.000000000000000000e+00 4.559457256192445129e-09 -8.000095188617706299e-02 0.000000000000000000e+00 5.000000000000000000e+00 8.191000000000000000e+03 0.000000000000000000e+00 1.000000000000000000e+00 2.756399869918823242e+00
1.880000114440917969e+01 -6.990667432546615601e-02 0.000000000000000000e+00 1.093948842623149176e-08 -7.000392675399780273e-02 0.000000000000000000e+00 4.000000000000000000e+00 6.908000000000000000e+03 0.000000000000000000e+00 1.000000000000000000e+00 2.756299972534179688e+00
1.900000000000000000e+01 -5.992028117179870605e-02 0.000000000000000000e+00 1.093948842623149176e-08 -5.999438837170600891e-02 0.000000000000000000e+00 4.000000000000000000e+00 6.908000000000000000e+03 0.000000000000000000e+00 1.000000000000000000e+00 2.756299972534179688e+00
1.920000076293945312e+01 -4.993027821183204651e-02 0.000000000000000000e+00 1.093948842623149176e-08 -4.999735578894615173e-02 0.000000000000000000e+00 4.000000000000000000e+00 7.164000000000000000e+03 0.000000000000000000e+00 1.000000000000000000e+00 2.756299972534179688e+00
1.939999961853027344e+01 -3.987593576312065125e-02 0.000000000000000000e+00 1.091851729029258422e-07 -4.000032320618629456e-02 0.000000000000000000e+00 5.000000000000000000e+00 7.164000000000000000e+03 0.000000000000000000e+00 1.000000000000000000e+00 2.756299972534179688e+00
1.960000038146972656e+01 -2.985342219471931458e-02 0.000000000000000000e+00 1.739048656190789188e-07 -3.000328317284584045e-02 0.000000000000000000e+00 6.000000000000000000e+00 8.191000000000000000e+03 0.000000000000000000e+00 1.000000000000000000e+00 2.756299972534179688e+00
1.980000114440917969e+01 -1.991967484354972839e-02 0.000000000000000000e+00 2.096676041674072621e-07 -1.999375596642494202e-02 0.000000000000000000e+00 6.000000000000000000e+00 8.191000000000000000e+03 0.000000000000000000e+00 1.000000000000000000e+00 2.756099939346313477e+00
2.000000000000000000e+01 -9.851717390120029449e-03 0.000000000000000000e+00 2.474648113093280699e-07 -9.996719658374786377e-03 0.000000000000000000e+00 6.000000000000000000e+00 8.191000000000000000e+03 0.000000000000000000e+00 1.000000000000000000e+00 2.756099939346313477e+00
2.020000076293945312e+01 1.079449721146374941e-04 0.000000000000000000e+00 2.909558816099888645e-07 3.129243850708007812e-07 0.000000000000000000e+00 6.000000000000000000e+00 8.191000000000000000e+03 0.000000000000000000e+00 1.000000000000000000e+00 2.756099939346313477e+00
2.039999961853027344e+01 1.018589455634355545e-02 0.000000000000000000e+00 3.422677252729044994e-07 9.997349232435226440e-03 0.000000000000000000e+00 6.000000000000000000e+00 8.191000000000000000e+03 0.000000000000000000e+00 1.000000000000000000e+00 2.756099939346313477e+00
2.060000038146972656e+01 2.009437046945095062e-02 0.000000000000000000e+00 4.020169228624581592e-07 1.999438367784023285e-02 0.000000000000000000e+00 6.000000000000000000e+00 6.143000000000000000e+03 0.000000000000000000e+00 1.000000000000000000e+00 2.756099939346313477e+00
2.080000114440917969e+01 3.016821295022964478e-02 0.000000000000000000e+00 4.748892195038934005e-07 3.000391460955142975e-02 0.000000000000000000e+00 6.000000000000000000e+00 8.191000000000000000e+03 0.000000000000000000e+00 1.000000000000000000e+00 2.756099939346313477e+00
2.100000000000000000e+01 4.016665741801261902e-02 0.000000000000000000e+00 5.618825866804399993e-07 4.000094905495643616e-02 0.000000000000000000e+00 6.000000000000000000e+00 8.191000000000000000e+03 0.000000000000000000e+00 1.000000000000000000e+00 2.756099939346313477e+00
2.120000076293945312e+01 5.008098110556602478e-02 0.000000000000000000e+00 6.645922212555888109e-07 4.999798536300659180e-02 0.000000000000000000e+00 6.000000000000000000e+00 8.191000000000000000e+03 0.000000000000000000e+00 1.000000000000000000e+00 2.756099939346313477e+00
2.139999961853027344e+01 6.012787669897079468e-02 0.000000000000000000e+00 7.827693480066955090e-07 5.999501794576644897e-02 0.000000000000000000e+00 6.000000000000000000e+00 8.191000000000000000e+03 0.000000000000000000e+00 1.000000000000000000e+00 2.756099939346313477e+00
2.160000038146972656e+01 7.011912763118743896e-02 0.000000000000000000e+00 9.121423545366269536e-07 7.000455260276794434e-02 0.000000000000000000e+00 6.000000000000000000e+00 8.191000000000000000e+03 0.000000000000000000e+00 1.000000000000000000e+00 2.756099939346313477e+00
2.180000114440917969e+01 8.013920485973358154e-02 0.000000000000000000e+00 1.048609192366711795e-06 8.000158518552780151e-02 0.000000000000000000e+00 7.000000000000000000e+00 8.191000000000000000e+03 0.000000000000000000e+00 1.000000000000000000e+00 2.756199836730957031e+00
2.200000000000000000e+01 9.015613794326782227e-02 0.000000000000000000e+00 1.173674718302208930e-06 8.999861776828765869e-02 0.000000000000000000e+00 7.000000000000000000e+00 8.191000000000000000e+03 0.000000000000000000e+00 1.000000000000000000e+00 2.756199836730957031e+00
2.220000076293945312e+01 1.000732630491256714e-01 0.000000000000000000e+00 1.286201495531713590e-06 9.999565780162811279e-02 0.000000000000000000e+00 7.000000000000000000e+00 8.191000000000000000e+03 0.000000000000000000e+00 1.000000000000000000e+00 2.756199836730957031e+00
2.239999961853027344e+01 1.102104634046554565e-01 0.000000000000000000e+00 1.370285190205322579e-06 1.100051850080490112e-01 0.000000000000000000e+00 7.000000000000000000e+00 8.191000000000000000e+03 0.000000000000000000e+00 1.000000000000000000e+00 2.756199836730957031e+00
2.260000038146972656e+01 1.201087161898612976e-01 0.000000000000000000e+00 1.448253783564723562e-06 1.200022250413894653e-01 0.000000000000000000e+00 7.000000000000000000e+00 8.191000000000000000e+03 0.000000000000000000e+00 1.000000000000000000e+00 2.756199836730957031e+00
2.280000114440917969e+01 1.301697045564651489e-01 0.000000000000000000e+00 1.504875058344623540e-06 1.299992501735687256e-01 0.000000000000000000e+00 7.000000000000000000e+00 8.191000000000000000e+03 0.000000000000000000e+00 1.000000000000000000e+00 2.756299972534179688e+00
2.300000000000000000e+01 1.401254534721374512e-01 0.000000000000000000e+00 1.557073346702964045e-06 1.399962902069091797e-01 0.000000000000000000e+00 7.000000000000000000e+00 8.191000000000000000e+03 0.000000000000000000e+00 1.000000000000000000e+00 2.756299972534179688e+00
2.320000076293945312e+01 1.501224786043167114e-01 0.000000000000000000e+00 1.604744966243742965e-06 1.500058174133300781e-01 0.000000000000000000e+00 7.000000000000000000e+00 8.191000000000000000e+03 0.000000000000000000e+00 1.000000000000000000e+00 2.756299972534179688e+00
2.339999961853027344e+01 1.602512598037719727e-01 0.000000000000000000e+00 1.655697928981680889e-06 1.600028574466705322e-01 0.000000000000000000e+00 7.000000000000000000e+00 8.191000000000000000e+03 0.000000000000000000e+00 1.000000000000000000e+00 2.756299972534179688e+00
2.360000038146972656e+01 1.701864004135131836e-01 0.000000000000000000e+00 1.715051894279895350e-06 1.699998974800109863e-01 0.000000000000000000e+00 7.000000000000000000e+00 8.191000000000000000e+03 0.000000000000000000e+00 1.000000000000000000e+00 2.756299972534179688e+00
2.380000114440917969e+01 1.801413148641586304e-01 0.000000000000000000e+00 1.777333523023116868e-06 1.799969226121902466e-01 0.000000000000000000e+00 7.000000000000000000e+00 8.191000000000000000e+03 0.000000000000000000e+00 1.000000000000000000e+00 2.756299972534179688e+00
2.400000000000000000e+01 1.900933533906936646e-01 0.000000000000000000e+00 1.852720288297859952e-06 1.899939626455307007e-01 0.000000000000000000e+00 7.000000000000000000e+00 8.191000000000000000e+03 0.000000000000000000e+00 1.000000000000000000e+00 2.756299972534179688e+00
2.420000076293945312e+01 2.001263797283172607e-01 0.000000000000000000e+00 1.943197730724932626e-06 2.000034898519515991e-01 0.000000000000000000e+00 7.000000000000000000e+00 8.191000000000000000e+03 0.000000000000000000e+00 1.000000000000000000e+00 2.756299972534179688e+00
2.439999961853027344e+01 2.101541012525558472e-01 0.000000000000000000e+00 2.033733835560269654e-06 2.100005298852920532e-01 0.000000000000000000e+00 7.000000000000000000e+00 8.191000000000000000e+03 0.000000000000000000e+00 1.000000000000000000e+00 2.756299972534179688e+00
2.460000038146972656e+01 2.201835066080093384e-01 0.000000000000000000e+00 2.126440676875063218e-06 2.199975699186325073e-01 0.000000000000000000e+00 7.000000000000000000e+00 8.191000000000000000e+03 0.000000000000000000e+00 1.000000000000000000e+00 2.756299972534179688e+00
2.480000114440917969e+01 2.301945090293884277e-01 0.000000000000000000e+00 2.236727823401452042e-06 2.299945950508117676e-01 0.000000000000000000e+00 7.000000000000000000e+00 8.191000000000000000e+03 0.000000000000000000e+00 1.000000000000000000e+00 2.756299972534179688e+00
2.500000000000000000e+01 2.402666509151458740e-01 0.000000000000000000e+00 2.334852979402057827e-06 2.400041371583938599e-01 0.000000000000000000e+00 7.000000000000000000e+00 8.191000000000000000e+03 0.000000000000000000e+00 1.000000000000000000e+00 2.756299972534179688e+00
2.520000076293945312e+01 2.501797080039978027e-01 0.000000000000000000e+00 2.443429821141762659e-06 2.500011622905731201e-01 0.000000000000000000e+00 7.000000000000000000e+00 8.191000000000000000e+03 0.000000000000000000e+00 1.000000000000000000e+00 2.756299972534179688e+00
2.539999961853027344e+01 2.601431310176849365e-01 0.000000000000000000e+00 2.543273694755043834e-06 2.599982023239135742e-01 0.000000000000000000e+00 7.000000000000000000e+00 8.191000000000000000e+03 0.000000000000000000e+00 1.000000000000000000e+00 2.756299972534179688e+00
2.560000038146972656e+01 2.701765000820159912e-01 0.000000000000000000e+00 2.645373342602397315e-06 2.699952423572540283e-01 0.000000000000000000e+00 7.000000000000000000e+00 8.191000000000000000e+03 0.000000000000000000e+00 1.000000000000000000e+00 2.756299972534179688e+00
2.580000114440917969e+01 2.801849544048309326e-01 0.000000000000000000e+00 2.741641083048307337e-06 2.800047695636749268e-01 0.000000000000000000e+00 7.000000000000000000e+00 8.191000000000000000e+03 0.000000000000000000e+00 1.000000000000000000e+00 2.756399869918823242e+00
2.600000000000000000e+01 2.900958061218261719e-01 0.000000000000000000e+00 2.828355036399443634e-06 2.900017797946929932e-01 0.000000000000000000e+00 7.000000000000000000e+00 8.191000000000000000e+03 0.000000000000000000e+00 1.000000000000000000e+00 2.756399869918823242e+00
2.620000076293945312e+01 3.001991212368011475e-01 0.000000000000000000e+00 2.918293375842040405e-06 2.999988198280334473e-01 0.000000000000000000e+00 7.000000000000000000e+00 8.191000000000000000e+03 0.000000000000000000e+00 1.000000000000000000e+00 2.756399869918823242e+00
2.639999961853027344e+01 2.901155054569244385e-01 0.000000000000000000e+00 1.770451717675314285e-06 2.900017797946929932e-01 0.000000000000000000e+00 7.000000000000000000e+00 8.191000000000000000e+03 0.000000000000000000e+00 1.000000000000000000e+00 2.756399869918823242e+00
2.660000038146972656e+01 2.801674306392669678e-01 0.000000000000000000e+00 1.222627361130435020e-06 2.800047695636749268e-01 0.000000000000000000e+00 7.000000000000000000e+00 8.191000000000000000e+03 0.000000000000000000e+00 1.000000000000000000e+00 2.756399869918823242e+00
2.680000114440917969e+01 2.701088786125183105e-01 0.000000000000000000e+00 8.839001566229853779e-07 2.699952423572540283e-01 0.000000000000000000e+00 7.000000000000000000e+00 8.191000000000000000e+03 0.000000000000000000e+00 1.000000000000000000e+00 2.755800008773803711e+00
2.700000000000000000e+01 2.601760923862457275e-01 0.000000000000000000e+00 6.522047328871849459e-07 2.599982023239135742e-01 0.000000000000000000e+00 7.000000000000000000e+00 8.191000000000000000e+03 0.000000000000000000e+00 1.000000000000000000e+00 2.755800008773803711e+00
2.720000076293945312e+01 2.500835359096527100e-01 0.000000000000000000e+00 4.835910090150719043e-07 2.500011622905731201e-01 0.000000000000000000e+00 6.000000000000000000e+00 8.191000000000000000e+03 0.000000000000000000e+00 1.000000000000000000e+00 2.755800008773803711e+00
2.739999961853027344e+01 2.401002198457717896e-01 0.000000000000000000e+00 3.527807734826637898e-07 2.400041371583938599e-01 0.000000000000000000e+00 6.000000000000000000e+00 8.191000000000000000e+03 0.000000000000000000e+00 1.000000000000000000e+00 2.755800008773803711e+00
2.760000038146972656e+01 2.301288992166519165e-01 0.000000000000000000e+00 2.459159418322087731e-07 2.299945950508117676e-01 0.000000000000000000e+00 6.000000000000000000e+00 8.191000000000000000e+03 0.000000000000000000e+00 1.000000000000000000e+00 2.755800008773803711e+00
2.780000114440917969e+01 2.202133983373641968e-01 0.000000000000000000e+00 1.608685664677977911e-07 2.199975699186325073e-01 0.000000000000000000e+00 6.000000000000000000e+00 8.191000000000000000e+03 0.000000000000000000e+00 1.000000000000000000e+00 2.756099939346313477e+00
2.800000000000000000e+01 2.102118134498596191e-01 0.000000000000000000e+00 8.629541525806416757e-08 2.100005298852920532e-01 0.000000000000000000e+00 6.000000000000000000e+00 8.191000000000000000e+03 0.000000000000000000e+00 1.000000000000000000e+00 2.756099939346313477e+00
2.820000076293945312e+01 2.002296149730682373e-01 0.000000000000000000e+00 2.091176831697794114e-08 2.000034898519515991e-01 0.000000000000000000e+00 6.000000000000000000e+00 8.191000000000000000e+03 0.000000000000000000e+00 1.000000000000000000e+00 2.756099939346313477e+00
2.839999961853027344e+01 1.900693178176879883e-01 0.000000000000000000e+00 -1.239306346434432271e-08 1.899939626455307007e-01 0.000000000000000000e+00 5.000000000000000000e+00 8.191000000000000000e+03 0.000000000000000000e+00 1.000000000000000000e+00 2.756099939346313477e+00
2.860000038146972656e+01 1.801427006721496582e-01 0.000000000000000000e+00 -7.749775932097691111e-08 1.799969226121902466e-01 0.000000000000000000e+00 5.000000000000000000e+00 7.164000000000000000e+03 0.000000000000000000e+00 1.000000000000000000e+00 2.756099939346313477e+00
2.880000114440917969e+01 1.700855195522308350e-01 0.000000000000000000e+00 -1.092509975819666579e-07 1.699998974800109863e-01 0.000000000000000000e+00 5.000000000000000000e+00 7.164000000000000000e+03 0.000000000000000000e+00 1.000000000000000000e+00 2.756199836730957031e+00
2.900000000000000000e+01 1.601702570915222168e-01 0.000000000000000000e+00 -2.216129502130570472e-07 1.600028574466705322e-01 0.000000000000000000e+00 6.000000000000000000e+00 8.191000000000000000e+03 0.000000000000000000e+00 1.000000000000000000e+00 2.756199836730957031e+00
2.920000076293945312e+01 1.501949131488800049e-01 0.000000000000000000e+00 -2.875437985494500026e-07 1.500058174133300781e-01 0.000000000000000000e+00 6.000000000000000000e+00 8.191000000000000000e+03 0.000000000000000000e+00 1.000000000000000000e+00 2.756199836730957031e+00
2.939999961853027344e+01 1.401802301406860352e-01 0.000000000000000000e+00 -3.618898460899799829e-07 1.399962902069091797e-01 0.000000000000000000e+00 6.000000000000000000e+00 8.191000000000000000e+03 0.000000000000000000e+00 1.000000000000000000e+00 2.756199836730957031e+00
2.960000038146972656e+01 1.301460266113281250e-01 0.000000000000000000e+00 -4.435716789430443896e-07 1.299992501735687256e-01 0.000000000000000000e+00 6.000000000000000000e+00 8.191000000000000000e+03 0.000000000000000000e+00 1.000000000000000000e+00 2.756199836730957031e+00
2.980000114440917969e+01 1.201549172401428223e-01 0.000000000000000000e+00 -5.376033982429362368e-07 1.200022250413894653e-01 0.000000000000000000e+00 6.000000000000000000e+00 8.191000000000000000e+03 0.000000000000000000e+00 1.000000000000000000e+00 2.755899906158447266e+00
3.000000000000000000e+01 1.102002710103988647e-01 0.000000000000000000e+00 -6.425610763471922837e-07 1.100051850080490112e-01 0.000000000000000000e+00 6.000000000000000000e+00 8.191000000000000000e+03 0.000000000000000000e+00 1.000000000000000000e+00 2.755899906158447266e+00
3.020000076293945312e+01 1.001390442252159119e-01 0.000000000000000000e+00 -7.542447519881534390e-07 9.999565780162811279e-02 0.000000000000000000e+00 6.000000000000000000e+00 8.191000000000000000e+03 0.000000000000000000e+00 1.000000000000000000e+00 2.755899906158447266e+00
3.039999961853027344e+01 9.017800539731979370e-02 0.000000000000000000e+00 -8.641819135846162681e-07 8.999861776828765869e-02 0.000000000000000000e+00 6.000000000000000000e+00 8.191000000000000000e+03 0.000000000000000000e+00 1.000000000000000000e+00 2.755899906158447266e+00
3.060000038146972656e+01 8.008450269699096680e-02 0.000000000000000000e+00 -9.641693168305209838e-07 8.000158518552780151e-02 0.000000000000000000e+00 6.000000000000000000e+00 8.190000000000000000e+03 0.000000000000000000e+00 1.000000000000000000e+00 2.755899906158447266e+00
3.080000114440917969e+01 7.016201317310333252e-02 0.000000000000000000e+00 -1.039359062815492507e-06 7.000455260276794434e-02 0.000000000000000000e+00 7.000000000000000000e+00 8.191000000000000000e+03 0.000000000000000000e+00 1.000000000000000000e+00 2.755699872970581055e+00
3.100000000000000000e+01 6.019675731658935547e-02 0.000000000000000000e+00 -1.093029709409165662e-06 5.999501794576644897e-02 0.000000000000000000e+00 7.000000000000000000e+00 8.191000000000000000e+03 0.000000000000000000e+00 1.000000000000000000e+00 2.755699872970581055e+00
3.120000076293945312e+01 5.021229758858680725e-02 0.000000000000000000e+00 -1.115688519348623231e-06 4.999798536300659180e-02 0.000000000000000000e+00 7.000000000000000000e+00 8.191000000000000000e+03 0.000000000000000000e+00 1.000000000000000000e+00 2.755699872970581055e+00
3.139999961853027344e+01 4.009889066219329834e-02 0.000000000000000000e+00 -1.117790475291258190e-06 4.000094905495643616e-02 0.000000000000000000e+00 7.000000000000000000e+00 8.191000000000000000e+03 0.000000000000000000e+00 1.000000000000000000e+00 2.755699872970581055e+00
3.160000038146972656e+01 3.014663793146610260e-02 0.000000000000000000e+00 -1.095555262509151362e-06 3.000391460955142975e-02 0.000000000000000000e+00 7.000000000000000000e+00 8.191000000000000000e+03 0.000000000000000000e+00 1.000000000000000000e+00 2.755699872970581055e+00
3.180000114440917969e+01 2.013664692640304565e-02 0.000000000000000000e+00 -1.071871906788146589e-06 1.999438367784023285e-02 0.000000000000000000e+00 7.000000000000000000e+00 8.191000000000000000e+03 0.000000000000000000e+00 1.000000000000000000e+00 2.756199836730957031e+00
3.200000000000000000e+01 1.015971321612596512e-02 0.000000000000000000e+00 -1.047111823027080391e-06 9.997349232435226440e-03 0.000000000000000000e+00 7.000000000000000000e+00 8.191000000000000000e+03 0.000000000000000000e+00 1.000000000000000000e+00 2.756199836730957031e+00
3.220000076293945312e+01 1.751103845890611410e-04 0.000000000000000000e+00 -1.022727701638359576e-06 3.129243850708007812e-07 0.000000000000000000e+00 7.000000000000000000e+00 8.191000000000000000e+03 0.000000000000000000e+00 1.000000000000000000e+00 2.756199836730957031e+00
3.240000152587890625e+01 -9.896566160023212433e-03 0.000000000000000000e+00 -1.002357294055400416e-06 -9.996719658374786377e-03 0.000000000000000000e+00 7.000000000000000000e+00 8.191000000000000000e+03 0.000000000000000000e+00 1.000000000000000000e+00 2.756199836730957031e+00
3.260000228881835938e+01 -1.981501094996929169e-02 0.000000000000000000e+00 -9.868690540315583348e-07 -1.999375596642494202e-02 0.000000000000000000e+00 7.000000000000000000e+00 6.143000000000000000e+03 0.000000000000000000e+00 1.000000000000000000e+00 2.756199836730957031e+00
3.279999923706054688e+01 -2.988717332482337952e-02 0.000000000000000000e+00 -9.741703479448915459e-07 -3.000328317284584045e-02 0.000000000000000000e+00 7.000000000000000000e+00 8.191000000000000000e+03 0.000000000000000000e+00 1.000000000000000000e+00 2.756099939346313477e+00
3.300000000000000000e+01 -3.992866724729537964e-02 0.000000000000000000e+00 -9.666227924753911793e-07 -4.000032320618629456e-02 0.000000000000000000e+00 7.000000000000000000e+00 8.191000000000000000e+03 0.000000000000000000e+00 1.000000000000000000e+00 2.756099939346313477e+00
3.320000076293945312e+01 -4.981749132275581360e-02 0.000000000000000000e+00 -9.627328836359083652e-07 -4.999735578894615173e-02 0.000000000000000000e+00 7.000000000000000000e+00 8.191000000000000000e+03 0.000000000000000000e+00 1.000000000000000000e+00 2.756099939346313477e+00
3.340000152587890625e+01 -5.982591584324836731e-02 0.000000000000000000e+00 -9.666434834798565134e-07 -5.999438837170600891e-02 0.000000000000000000e+00 7.000000000000000000e+00 8.191000000000000000e+03 0.000000000000000000e+00 1.000000000000000000e+00 2.756099939346313477e+00
3.360000228881835938e+01 -6.990101933479309082e-02 0.000000000000000000e+00 -9.684619044492137618e-07 -7.000392675399780273e-02 0.000000000000000000e+00 7.000000000000000000e+00 8.191000000000000000e+03 0.000000000000000000e+00 1.000000000000000000e+00 2.756099939346313477e+00
3.379999923706054688e+01 -7.987736165523529053e-02 0.000000000000000000e+00 -9.713779718367732130e-07 -8.000095188617706299e-02 0.000000000000000000e+00 7.000000000000000000e+00 8.191000000000000000e+03 0.000000000000000000e+00 1.000000000000000000e+00 2.756199836730957031e+00
3.400000000000000000e+01 -8.993188291788101196e-02 0.000000000000000000e+00 -9.834773209149716422e-07 -8.999799191951751709e-02 0.000000000000000000e+00 7.000000000000000000e+00 8.191000000000000000e+03 0.000000000000000000e+00 1.000000000000000000e+00 2.756199836730957031e+00
3.420000076293945312e+01 -9.980617463588714600e-02 0.000000000000000000e+00 -9.921349146679858677e-07 -9.999501705169677734e-02 0.000000000000000000e+00 7.000000000000000000e+00 8.191000000000000000e+03 0.000000000000000000e+00 1.000000000000000000e+00 2.756199836730957031e+00
3.440000152587890625e+01 -1.098879948258399963e-01 0.000000000000000000e+00 -1.014496774587314576e-06 -1.100045591592788696e-01 0.000000000000000000e+00 7.000000000000000000e+00 8.191000000000000000e+03 0.000000000000000000e+00 1.000000000000000000e+00 2.756199836730957031e+00
3.460000228881835938e+01 -1.199037432670593262e-01 0.000000000000000000e+00 -1.039598373608896509e-06 -1.200015842914581299e-01 0.000000000000000000e+00 7.000000000000000000e+00 8.191000000000000000e+03 0.000000000000000000e+00 1.000000000000000000e+00 2.756199836730957031e+00
3.479999923706054688e+01 -1.298587620258331299e-01 0.000000000000000000e+00 -1.078786567632050719e-06 -1.299986243247985840e-01 0.000000000000000000e+00 7.000000000000000000e+00 8.191000000000000000e+03 0.000000000000000000e+00 1.000000000000000000e+00 2.756199836730957031e+00
3.500000000000000000e+01 -1.398352384567260742e-01 0.000000000000000000e+00 -1.141511347668711096e-06 -1.399956643581390381e-01 0.000000000000000000e+00 7.000000000000000000e+00 8.191000000000000000e+03 0.000000000000000000e+00 1.000000000000000000e+00 2.756199836730957031e+00
3.520000076293945312e+01 -1.498564779758453369e-01 0.000000000000000000e+00 -1.231322130479384214e-06 -1.500051915645599365e-01 0.000000000000000000e+00 7.000000000000000000e+00 8.191000000000000000e+03 0.000000000000000000e+00 1.000000000000000000e+00 2.756199836730957031e+00
3.540000152587890625e+01 -1.598927676677703857e-01 0.000000000000000000e+00 -1.351162154605844989e-06 -1.600022166967391968e-01 0.000000000000000000e+00 7.000000000000000000e+00 8.191000000000000000e+03 0.000000000000000000e+00 1.000000000000000000e+00 2.756199836730957031e+00
3.560000228881835938e+01 -1.698929369449615479e-01 0.000000000000000000e+00 -1.511292680334008764e-06 -1.699992567300796509e-01 0.000000000000000000e+00 7.000000000000000000e+00 8.191000000000000000e+03 0.000000000000000000e+00 1.000000000000000000e+00 2.756199836730957031e+00
3.579999923706054688e+01 -1.799049377441406250e-01 0.000000000000000000e+00 -1.724496883070969488e-06 -1.799962967634201050e-01 0.000000000000000000e+00 7.000000000000000000e+00 8.191000000000000000e+03 0.000000000000000000e+00 1.000000000000000000e+00 2.756099939346313477e+00
3.600000000000000000e+01 -1.899084597826004028e-01 0.000000000000000000e+00 -2.007145894822315313e-06 -1.900058239698410034e-01 0.000000000000000000e+00 7.000000000000000000e+00 8.191000000000000000e+03 0.000000000000000000e+00 1.000000000000000000e+00 2.756099939346313477e+00
3.620000076293945312e+01 -1.998882889747619629e-01 0.000000000000000000e+00 -2.377124701524735428e-06 -2.000028640031814575e-01 0.000000000000000000e+00 7.000000000000000000e+00 8.191000000000000000e+03 0.000000000000000000e+00 1.000000000000000000e+00 2.756099939346313477e+00
3.640000152587890625e+01 -1.899632215499877930e-01 0.000000000000000000e+00 -1.745598069646803197e-06 -1.900058239698410034e-01 0.000000000000000000e+00 7.000000000000000000e+00 8.191000000000000000e+03 0.000000000000000000e+00 2.000000000000000000e+00 2.756099939346313477e+00
3.660000228881835938e+01 -1.799497753381729126e-01 0.000000000000000000e+00 -1.306802005274221301e-06 -1.799962967634201050e-01 0.000000000000000000e+00 7.000000000000000000e+00 8.191000000000000000e+03 0.000000000000000000e+00 2.000000000000000000e+00 2.756099939346313477e+00
3.679999923706054688e+01 -1.699377000331878662e-01 0.000000000000000000e+00 -9.837652896749204956e-07 -1.699992567300796509e-01 0.000000000000000000e+00 7.000000000000000000e+00 8.191000000000000000e+03 0.000000000000000000e+00 2.000000000000000000e+00 2.756099939346313477e+00
3.700000000000000000e+01 -1.599055975675582886e-01 0.000000000000000000e+00 -7.460616870957892388e-07 -1.600022166967391968e-01 0.000000000000000000e+00 7.000000000000000000e+00 8.191000000000000000e+03 0.000000000000000000e+00 2.000000000000000000e+00 2.756099939346313477e+00
3.720000076293945312e+01 -1.498643308877944946e-01 0.000000000000000000e+00 -5.652531172017916106e-07 -1.500051915645599365e-01 0.000000000000000000e+00 6.000000000000000000e+00 8.191000000000000000e+03 0.000000000000000000e+00 2.000000000000000000e+00 2.756099939346313477e+00
3.740000152587890625e+01 -1.399072408676147461e-01 0.000000000000000000e+00 -4.231409320709644817e-07 -1.399956643581390381e-01 0.000000000000000000e+00 6.000000000000000000e+00 8.191000000000000000e+03 0.000000000000000000e+00 2.000000000000000000e+00 2.756099939346313477e+00
3.760000228881835938e+01 -1.298334598541259766e-01 0.000000000000000000e+00 -3.122954410628153710e-07 -1.299986243247985840e-01 0.000000000000000000e+00 6.000000000000000000e+00 8.191000000000000000e+03 0.000000000000000000e+00 2.000000000000000000e+00 2.756099939346313477e+00
3.779999923706054688e+01 -1.198913007974624634e-01 0.000000000000000000e+00 -2.241484224896339583e-07 -1.200015842914581299e-01 0.000000000000000000e+00 6.000000000000000000e+00 8.191000000000000000e+03 0.000000000000000000e+00 2.000000000000000000e+00 2.755800008773803711e+00
3.800000000000000000e+01 -1.099291816353797913e-01 0.000000000000000000e+00 -1.534062192831697757e-07 -1.100045591592788696e-01 0.000000000000000000e+00 6.000000000000000000e+00 8.191000000000000000e+03 0.000000000000000000e+00 2.000000000000000000e+00 2.755800008773803711e+00
3.820000076293945312e+01 -9.988649934530258179e-02 0.000000000000000000e+00 -9.581681581494194688e-08 -9.999501705169677734e-02 0.000000000000000000e+00 6.000000000000000000e+00 8.191000000000000000e+03 0.000000000000000000e+00 2.000000000000000000e+00 2.755800008773803711e+00
3.840000152587890625e+01 -8.992085605859756470e-02 0.000000000000000000e+00 -4.611894155459594913e-08 -8.999799191951751709e-02 0.000000000000000000e+00 6.000000000000000000e+00 8.191000000000000000e+03 0.000000000000000000e+00 2.000000000000000000e+00 2.755800008773803711e+00
3.860000228881835938e+01 -7.984540611505508423e-02 0.000000000000000000e+00 -9.479640183940318821e-09 -8.000095188617706299e-02 0.000000000000000000e+00 5.000000000000000000e+00 8.191000000000000000e+03 0.000000000000000000e+00 2.000000000000000000e+00 2.755800008773803711e+00
3.879999923706054688e+01 -6.988307833671569824e-02 0.000000000000000000e+00 3.076720389572074055e-08 -7.000392675399780273e-02 0.000000000000000000e+00 5.000000000000000000e+00 8.191000000000000000e+03 0.000000000000000000e+00 2.000000000000000000e+00 2.756099939346313477e+00
3.900000000000000000e+01 -5.986564606428146362e-02 0.000000000000000000e+00 6.663906049197976245e-08 -5.999438837170600891e-02 0.000000000000000000e+00 5.000000000000000000e+00 8.191000000000000000e+03 0.000000000000000000e+00 2.000000000000000000e+00 2.756099939346313477e+00
3.920000076293945312e+01 -4.982962086796760559e-02 0.000000000000000000e+00 9.865052419399944483e-08 -4.999735578894615173e-02 0.000000000000000000e+00 5.000000000000000000e+00 7.164000000000000000e+03 0.000000000000000000e+00 2.000000000000000000e+00 2.756099939346313477e+00
3.940000152587890625e+01 -3.988285362720489502e-02 0.000000000000000000e+00 1.335005634928165819e-07 -4.000032320618629456e-02 0.000000000000000000e+00 6.000000000000000000e+00 8.191000000000000000e+03 0.000000000000000000e+00 2.000000000000000000e+00 2.756099939346313477e+00
3.960000228881835938e+01 -2.983754500746726990e-02 0.000000000000000000e+00 1.666022058088856284e-07 -3.000328317284584045e-02 0.000000000000000000e+00 6.000000000000000000e+00 8.191000000000000000e+03 0.000000000000000000e+00 2.000000000000000000e+00 2.756099939346313477e+00
3.979999923706054688e+01 -1.984937675297260284e-02 0.000000000000000000e+00 2.028192653824589797e-07 -1.999375596642494202e-02 0.000000000000000000e+00 6.000000000000000000e+00 8.191000000000000000e+03 0.000000000000000000e+00 2.000000000000000000e+00 2.755899906158447266e+00
4.000000000000000000e+01 -9.881449863314628601e-03 0.000000000000000000e+00 2.413747779428376816e-07 -9.996719658374786377e-03 0.000000000000000000e+00 6.000000000000000000e+00 8.191000000000000000e+03 0.000000000000000000e+00 2.000000000000000000e+00 2.755899906158447266e+00
4.020000076293945312e+01 1.121094101108610630e-04 0.000000000000000000e+00 2.851758438282558927e-07 3.129243850708007812e-07 0.000000000000000000e+00 6.000000000000000000e+00 8.191000000000000000e+03 0.000000000000000000e+00 2.000000000000000000e+00 2.755899906158447266e+00
4.040000152587890625e+01 1.017315033823251724e-02 0.000000000000000000e+00 3.369812588971399236e-07 9.997349232435226440e-03 0.000000000000000000e+00 6.000000000000000000e+00 8.191000000000000000e+03 0.000000000000000000e+00 2.000000000000000000e+00 2.755899906158447266e+00
4.060000228881835938e+01 2.009797468781471252e-02 0.000000000000000000e+00 3.960923606882715831e-07 1.999438367784023285e-02 0.000000000000000000e+00 6.000000000000000000e+00 6.143000000000000000e+03 0.000000000000000000e+00 2.000000000000000000e+00 2.755899906158447266e+00
4.079999923706054688e+01 3.012755699455738068e-02 0.000000000000000000e+00 4.680082952290831599e-07 3.000391460955142975e-02 0.000000000000000000e+00 6.000000000000000000e+00 8.191000000000000000e+03 0.000000000000000000e+00 2.000000000000000000e+00 2.755899906158447266e+00
4.100000000000000000e+01 4.019936919212341309e-02 0.000000000000000000e+00 5.527717803488485515e-07 4.000094905495643616e-02 0.000000000000000000e+00 6.000000000000000000e+00 8.191000000000000000e+03 0.000000000000000000e+00 2.000000000000000000e+00 2.755899906158447266e+00
4.120000076293945312e+01 5.016594007611274719e-02 0.000000000000000000e+00 6.550343414346571080e-07 4.999798536300659180e-02 0.000000000000000000e+00 6.000000000000000000e+00 8.191000000000000000e+03 0.000000000000000000e+00 2.000000000000000000e+00 2.755899906158447266e+00
4.140000152587890625e+01 6.008794903755187988e-02 0.000000000000000000e+00 7.718339247730909847e-07 5.999501794576644897e-02 0.000000000000000000e+00 6.000000000000000000e+00 8.191000000000000000e+03 0.000000000000000000e+00 2.000000000000000000e+00 2.755899906158447266e+00
4.160000228881835938e+01 7.009834051132202148e-02 0.000000000000000000e+00 9.003942409435694572e-07 7.000455260276794434e-02 0.000000000000000000e+00 6.000000000000000000e+00 8.191000000000000000e+03 0.000000000000000000e+00 2.000000000000000000e+00 2.755899906158447266e+00
4.179999923706054688e+01 8.013718575239181519e-02 0.000000000000000000e+00 1.034514980347012170e-06 8.000158518552780151e-02 0.000000000000000000e+00 7.000000000000000000e+00 8.191000000000000000e+03 0.000000000000000000e+00 2.000000000000000000e+00 2.756099939346313477e+00
4.200000000000000000e+01 9.016049653291702271e-02 0.000000000000000000e+00 1.166179458778060507e-06 8.999861776828765869e-02 0.000000000000000000e+00 7.000000000000000000e+00 8.191000000000000000e+03 0.000000000000000000e+00 2.000000000000000000e+00 2.756099939346313477e+00
4.220000076293945312e+01 1.002045795321464539e-01 0.000000000000000000e+00 1.276567331842670683e-06 9.999565780162811279e-02 0.000000000000000000e+00 7.000000000000000000e+00 8.191000000000000000e+03 0.000000000000000000e+00 2.000000000000000000e+00 2.756099939346313477e+00
4.240000152587890625e+01 1.101607605814933777e-01 0.000000000000000000e+00 1.369624214930809103e-06 1.100051850080490112e-01 0.000000000000000000e+00 7.000000000000000000e+00 8.191000000000000000e+03 0.000000000000000000e+00 2.000000000000000000e+00 2.756099939346313477e+00
4.260000228881835938e+01 1.201510950922966003e-01 0.000000000000000000e+00 1.441504082322353497e-06 1.200022250413894653e-01 0.000000000000000000e+00 7.000000000000000000e+00 8.191000000000000000e+03 0.000000000000000000e+00 2.000000000000000000e+00 2.756099939346313477e+00
4.279999923706054688e+01 1.301653534173965454e-01 0.000000000000000000e+00 1.501203087173053063e-06 1.299992501735687256e-01 0.000000000000000000e+00 7.000000000000000000e+00 8.191000000000000000e+03 0.000000000000000000e+00 2.000000000000000000e+00 2.756099939346313477e+00
4.300000000000000000e+01 1.401450484991073608e-01 0.000000000000000000e+00 1.547047304484294727e-06 1.399962902069091797e-01 0.000000000000000000e+00 7.000000000000000000e+00 8.191000000000000000e+03 0.000000000000000000e+00 2.000000000000000000e+00 2.756099939346313477e+00
4.320000076293945312e+01 1.501720249652862549e-01 0.000000000000000000e+00 1.600451014382997528e-06 1.500058174133300781e-01 0.000000000000000000e+00 7.000000000000000000e+00 8.191000000000000000e+03 0.000000000000000000e+00 2.000000000000000000e+00 2.756099939346313477e+00
4.340000152587890625e+01 1.601736992597579956e-01 0.000000000000000000e+00 1.643887685531808529e-06 1.600028574466705322e-01 0.000000000000000000e+00 7.000000000000000000e+00 8.191000000000000000e+03 0.000000000000000000e+00 2.000000000000000000e+00 2.756099939346313477e+00
4.360000228881835938e+01 1.700993627309799194e-01 0.000000000000000000e+00 1.693751983111724257e-06 1.699998974800109863e-01 0.000000000000000000e+00 7.000000000000000000e+00 8.191000000000000000e+03 0.000000000000000000e+00 2.000000000000000000e+00 2.756099939346313477e+00
4.379999923706054688e+01 1.801126897335052490e-01 0.000000000000000000e+00 1.755211201270867605e-06 1.799969226121902466e-01 0.000000000000000000e+00 7.000000000000000000e+00 8.191000000000000000e+03 0.000000000000000000e+00 2.000000000000000000e+00 2.756000041961669922e+00
4.400000000000000000e+01 1.901646405458450317e-01 0.000000000000000000e+00 1.826778088798164390e-06 1.899939626455307007e-01 0.000000000000000000e+00 7.000000000000000000e+00 8.191000000000000000e+03 0.000000000000000000e+00 2.000000000000000000e+00 2.756000041961669922e+00
4.420000076293945312e+01 2.001588940620422363e-01 0.000000000000000000e+00 1.904555347209679894e-06 2.000034898519515991e-01 0.000000000000000000e+00 7.000000000000000000e+00 8.191000000000000000e+03 0.000000000000000000e+00 2.000000000000000000e+00 2.756000041961669922e+00
4.440000152587890625e+01 2.100662440061569214e-01 0.000000000000000000e+00 1.987451923923799768e-06 2.100005298852920532e-01 0.000000000000000000e+00 7.000000000000000000e+00 8.191000000000000000e+03 0.000000000000000000e+00 2.000000000000000000e+00 2.756000041961669922e+00
4.460000228881835938e+01 2.200904190540313721e-01 0.000000000000000000e+00 2.081716957036405802e-06 2.199975699186325073e-01 0.000000000000000000e+00 7.000000000000000000e+00 8.191000000000000000e+03 0.000000000000000000e+00 2.000000000000000000e+00 2.756000041961669922e+00
4.479999923706054688e+01 2.301250696182250977e-01 0.000000000000000000e+00 2.179044258809881285e-06 2.299945950508117676e-01 0.000000000000000000e+00 7.000000000000000000e+00 8.191000000000000000e+03 0.000000000000000000e+00 2.000000000000000000e+00 2.756099939346313477e+00
4.500000000000000000e+01 2.401492446660995483e-01 0.000000000000000000e+00 2.276047098348499276e-06 2.400041371583938599e-01 0.000000000000000000e+00 7.000000000000000000e+00 8.191000000000000000e+03 0.000000000000000000e+00 2.000000000000000000e+00 2.756099939346313477e+00
4.520000076293945312e+01 2.501697838306427002e-01 0.000000000000000000e+00 2.373521965637337416e-06 2.500011622905731201e-01 0.000000000000000000e+00 7.000000000000000000e+00 8.191000000000000000e+03 0.000000000000000000e+00 2.000000000000000000e+00 2.756099939346313477e+00
4.540000152587890625e+01 2.601272463798522949e-01 0.000000000000000000e+00 2.469311311870114878e-06 2.599982023239135742e-01 0.000000000000000000e+00 7.000000000000000000e+00 8.191000000000000000e+03 0.000000000000000000e+00 2.000000000000000000e+00 2.756099939346313477e+00
4.560000228881835938e+01 2.701968550682067871e-01 0.000000000000000000e+00 2.565623844930087216e-06 2.699952423572540283e-01 0.000000000000000000e+00 7.000000000000000000e+00 8.191000000000000000e+03 0.000000000000000000e+00 2.000000000000000000e+00 2.756099939346313477e+00
4.579999923706054688e+01 2.801209390163421631e-01 0.000000000000000000e+00 2.658647417774773203e-06 2.800047695636749268e-01 0.000000000000000000e+00 7.000000000000000000e+00 8.191000000000000000e+03 0.000000000000000000e+00 2.000000000000000000e+00 2.756199836730957031e+00
4.600000000000000000e+01 2.901418507099151611e-01 0.000000000000000000e+00 2.744539187915506773e-06 2.900017797946929932e-01 0.000000000000000000e+00 7.000000000000000000e+00 8.191000000000000000e+03 0.000000000000000000e+00 2.000000000000000000e+00 2.756199836730957031e+00
4.620000076293945312e+01 3.001915812492370605e-01 0.000000000000000000e+00 2.829253389791119844e-06 2.999988198280334473e-01 0.000000000000000000e+00 7.000000000000000000e+00 8.191000000000000000e+03 0.000000000000000000e+00 2.000000000000000000e+00 2.756199836730957031e+00
4.640000152587890625e+01 2.901252210140228271e-01 0.000000000000000000e+00 1.696678623375191819e-06 2.900017797946929932e-01 0.000000000000000000e+00 7.000000000000000000e+00 8.191000000000000000e+03 0.000000000000000000e+00 2.000000000000000000e+00 2.756199836730957031e+00
4.660000228881835938e+01 2.800795733928680420e-01 0.000000000000000000e+00 1.162279431810020469e-06 2.800047695636749268e-01 0.000000000000000000e+00 7.000000000000000000e+00 8.191000000000000000e+03 0.000000000000000000e+00 2.000000000000000000e+00 2.756199836730957031e+00
4.679999923706054688e+01 2.701126933097839355e-01 0.000000000000000000e+00 8.343931767740286887e-07 2.699952423572540283e-01 0.000000000000000000e+00 7.000000000000000000e+00 8.191000000000000000e+03 0.000000000000000000e+00 2.000000000000000000e+00 2.755899906158447266e+00
4.700000000000000000e+01 2.601137757301330566e-01 0.000000000000000000e+00 6.052060825822991319e-07 2.599982023239135742e-01 0.000000000000000000e+00 7.000000000000000000e+00 8.191000000000000000e+03 0.000000000000000000e+00 2.000000000000000000e+00 2.755899906158447266e+00
4.720000076293945312e+01 2.500762343406677246e-01 0.000000000000000000e+00 4.426568693816079758e-07 2.500011622905731201e-01 0.000000000000000000e+00 6.000000000000000000e+00 8.191000000000000000e+03 0.000000000000000000e+00 2.000000000000000000e+00 2.755899906158447266e+00
4.740000152587890625e+01 2.400907576084136963e-01 0.000000000000000000e+00 3.151876057927438524e-07 2.400041371583938599e-01 0.000000000000000000e+00 6.000000000000000000e+00 8.191000000000000000e+03 0.000000000000000000e+00 2.000000000000000000e+00 2.755899906158447266e+00
4.760000228881835938e+01 2.301025539636611938e-01 0.000000000000000000e+00 2.146803552705023321e-07 2.299945950508117676e-01 0.000000000000000000e+00 6.000000000000000000e+00 8.191000000000000000e+03 0.000000000000000000e+00 2.000000000000000000e+00 2.755899906158447266e+00
4.779999923706054688e+01 2.200981676578521729e-01 0.000000000000000000e+00 1.308577424197210348e-07 2.199975699186325073e-01 0.000000000000000000e+00 6.000000000000000000e+00 8.191000000000000000e+03 0.000000000000000000e+00 2.000000000000000000e+00 2.755899906158447266e+00
4.800000000000000000e+01 2.101337611675262451e-01 0.000000000000000000e+00 5.864954744083661353e-08 2.100005298852920532e-01 0.000000000000000000e+00 6.000000000000000000e+00 8.191000000000000000e+03 0.000000000000000000e+00 2.000000000000000000e+00 2.755899906158447266e+00
4.820000076293945312e+01 2.000733166933059692e-01 0.000000000000000000e+00 2.608048177421551372e-08 2.000034898519515991e-01 0.000000000000000000e+00 5.000000000000000000e+00 8.191000000000000000e+03 0.000000000000000000e+00 2.000000000000000000e+00 2.755899906158447266e+00
4.840000152587890625e+01 1.900562793016433716e-01 0.000000000000000000e+00 -4.091644356662982318e-08 1.899939626455307007e-01 0.000000000000000000e+00 5.000000000000000000e+00 8.190000000000000000e+03 0.000000000000000000e+00 2.000000000000000000e+00 2.755899906158447266e+00
4.860000228881835938e+01 1.800505369901657104e-01 0.000000000000000000e+00 -9.799097711038484704e-08 1.799969226121902466e-01 0.000000000000000000e+00 5.000000000000000000e+00 7.164000000000000000e+03 0.000000000000000000e+00 2.000000000000000000e+00 2.755899906158447266e+00
4.879999923706054688e+01 1.702034622430801392e-01 0.000000000000000000e+00 -1.853002231655409560e-07 1.699998974800109863e-01 0.000000000000000000e+00 6.000000000000000000e+00 8.191000000000000000e+03 0.000000000000000000e+00 2.000000000000000000e+00 2.755699872970581055e+00
4.900000000000000000e+01 1.602135747671127319e-01 0.000000000000000000e+00 -2.459503889440384228e-07 1.600028574466705322e-01 0.000000000000000000e+00 6.000000000000000000e+00 8.191000000000000000e+03 0.000000000000000000e+00 2.000000000000000000e+00 2.755699872970581055e+00
4.920000076293945312e+01 1.501923203468322754e-01 0.000000000000000000e+00 -3.123244312064343831e-07 1.500058174133300781e-01 0.000000000000000000e+00 6.000000000000000000e+00 8.191000000000000000e+03 0.000000000000000000e+00 2.000000000000000000e+00 2.755699872970581055e+00
4.940000152587890625e+01 1.402491331100463867e-01 0.000000000000000000e+00 -3.886309229983453406e-07 1.399962902069091797e-01 0.000000000000000000e+00 6.000000000000000000e+00 8.191000000000000000e+03 0.000000000000000000e+00 2.000000000000000000e+00 2.755699872970581055e+00
4.960000228881835938e+01 1.301430761814117432e-01 0.000000000000000000e+00 -4.715711270364408847e-07 1.299992501735687256e-01 0.000000000000000000e+00 6.000000000000000000e+00 8.191000000000000000e+03 0.000000000000000000e+00 2.000000000000000000e+00 2.755699872970581055e+00
4.979999923706054688e+01 1.201250180602073669e-01 0.000000000000000000e+00 -5.669493248205981217e-07 1.200022250413894653e-01 0.000000000000000000e+00 6.000000000000000000e+00 8.191000000000000000e+03 0.000000000000000000e+00 2.000000000000000000e+00 2.756000041961669922e+00
5.000000000000000000e+01 1.101787537336349487e-01 0.000000000000000000e+00 -6.734729254276317079e-07 1.100051850080490112e-01 0.000000000000000000e+00 6.000000000000000000e+00 8.191000000000000000e+03 0.000000000000000000e+00 2.000000000000000000e+00 2.756000041961669922e+00
5.020000076293945312e+01 1.001139283180236816e-01 0.000000000000000000e+00 -7.864133522161864676e-07 9.999565780162811279e-02 0.000000000000000000e+00 6.000000000000000000e+00 8.191000000000000000e+03 0.000000000000000000e+00 2.000000000000000000e+00 2.756000041961669922e+00
5.040000152587890625e+01 9.009060263633728027e-02 0.000000000000000000e+00 -8.964195785665651783e-07 8.999861776828765869e-02 0.000000000000000000e+00 6.000000000000000000e+00 8.191000000000000000e+03 0.000000000000000000e+00 2.000000000000000000e+00 2.756000041961669922e+00
5.060000228881835938e+01 8.016590774059295654e-02 0.000000000000000000e+00 -9.939680012394092046e-07 8.000158518552780151e-02 0.000000000000000000e+00 7.000000000000000000e+00 8.191000000000000000e+03 0.000000000000000000e+00 2.000000000000000000e+00 2.756000041961669922e+00
5.079999923706054688e+01 7.019868493080139160e-02 0.000000000000000000e+00 -1.066538516170112416e-06 7.000455260276794434e-02 0.000000000000000000e+00 7.000000000000000000e+00 8.191000000000000000e+03 0.000000000000000000e+00 2.000000000000000000e+00 2.755499839782714844e+00
5.100000000000000000e+01 6.013023853302001953e-02 0.000000000000000000e+00 -1.114401811719289981e-06 5.999501794576644897e-02 0.000000000000000000e+00 7.000000000000000000e+00 8.191000000000000000e+03 0.000000000000000000e+00 2.000000000000000000e+00 2.755499839782714844e+00
5.120000076293945312e+01 5.012368783354759216e-02 0.000000000000000000e+00 -1.137653953264816664e-06 4.999798536300659180e-02 0.000000000000000000e+00 7.000000000000000000e+00 8.191000000000000000e+03 0.000000000000000000e+00 2.000000000000000000e+00 2.755499839782714844e+00
5.140000152587890625e+01 4.008815810084342957e-02 0.000000000000000000e+00 -1.135500951932044700e-06 4.000094905495643616e-02 0.000000000000000000e+00 7.000000000000000000e+00 8.191000000000000000e+03 0.000000000000000000e+00 2.000000000000000000e+00 2.755499839782714844e+00
5.160000228881835938e+01 3.021606616675853729e-02 0.000000000000000000e+00 -1.117371425607416313e-06 3.000391460955142975e-02 0.000000000000000000e+00 7.000000000000000000e+00 8.191000000000000000e+03 0.000000000000000000e+00 2.000000000000000000e+00 2.755499839782714844e+00
5.179999923706054688e+01 2.012991905212402344e-02 0.000000000000000000e+00 -1.088479052668844815e-06 1.999438367784023285e-02 0.000000000000000000e+00 7.000000000000000000e+00 8.191000000000000000e+03 0.000000000000000000e+00 2.000000000000000000e+00 2.755800008773803711e+00
5.200000000000000000e+01 1.012361049652099609e-02 0.000000000000000000e+00 -1.069053155333676841e-06 9.997349232435226440e-03 0.000000000000000000e+00 7.000000000000000000e+00 8.191000000000000000e+03 0.000000000000000000e+00 2.000000000000000000e+00 2.755800008773803711e+00
5.220000076293945312e+01 1.506404078099876642e-04 0.000000000000000000e+00 -1.042734425027447287e-06 3.129243850708007812e-07 0.000000000000000000e+00 7.000000000000000000e+00 8.191000000000000000e+03 0.000000000000000000e+00 2.000000000000000000e+00 2.755800008773803711e+00
5.240000152587890625e+01 -9.901517070829868317e-03 0.000000000000000000e+00 -1.024274070005048998e-06 -9.996719658374786377e-03 0.000000000000000000e+00 7.000000000000000000e+00 8.191000000000000000e+03 0.000000000000000000e+00 2.000000000000000000e+00 2.755800008773803711e+00
5.260000228881835938e+01 -1.986346207559108734e-02 0.000000000000000000e+00 -1.004901378109934740e-06 -1.999375596642494202e-02 0.000000000000000000e+00 7.000000000000000000e+00 8.191000000000000000e+03 0.000000000000000000e+00 2.000000000000000000e+00 2.755800008773803711e+00
5.279999923706054688e+01 -2.930178493261337280e-02 0.000000000000000000e+00 -9.971552117349347100e-07 -3.000328317284584045e-02 0.000000000000000000e+00 7.000000000000000000e+00 6.143000000000000000e+03 0.000000000000000000e+00 2.000000000000000000e+00 2.756000041961669922e+00
5.300000000000000000e+01 -3.991191089153289795e-02 0.000000000000000000e+00 -9.858306384558090940e-07 -4.000032320618629456e-02 0.000000000000000000e+00 7.000000000000000000e+00 8.191000000000000000e+03 0.000000000000000000e+00 2.000000000000000000e+00 2.756000041961669922e+00
5.320000076293945312e+01 -4.984861984848976135e-02 0.000000000000000000e+00 -9.864644425761071034e-07 -4.999735578894615173e-02 0.000000000000000000e+00 7.000000000000000000e+00 8.191000000000000000e+03 0.000000000000000000e+00 2.000000000000000000e+00 2.756000041961669922e+00
5.340000152587890625e+01 -5.989252775907516479e-02 0.000000000000000000e+00 -9.851794402493396774e-07 -5.999438837170600891e-02 0.000000000000000000e+00 7.000000000000000000e+00 8.191000000000000000e+03 0.000000000000000000e+00 2.000000000000000000e+00 2.756000041961669922e+00
5.360000228881835938e+01 -6.985948234796524048e-02 0.000000000000000000e+00 -9.887205578706925735e-07 -7.000392675399780273e-02 0.000000000000000000e+00 7.000000000000000000e+00 8.191000000000000000e+03 0.000000000000000000e+00 2.000000000000000000e+00 2.756000041961669922e+00
5.379999923706054688e+01 -7.986479997634887695e-02 0.000000000000000000e+00 -9.922904382619890384e-07 -8.000095188617706299e-02 0.000000000000000000e+00 7.000000000000000000e+00 8.191000000000000000e+03 0.000000000000000000e+00 2.000000000000000000e+00 2.756199836730957031e+00
5.400000000000000000e+01 -8.988218754529953003e-02 0.000000000000000000e+00 -9.990670832848991267e-07 -8.999799191951751709e-02 0.000000000000000000e+00 7.000000000000000000e+00 8.191000000000000000e+03 0.000000000000000000e+00 2.000000000000000000e+00 2.756199836730957031e+00
5.420000076293945312e+01 -9.983410686254501343e-02 0.000000000000000000e+00 -1.010091523312439676e-06 -9.999501705169677734e-02 0.000000000000000000e+00 7.000000000000000000e+00 8.191000000000000000e+03 0.000000000000000000e+00 2.000000000000000000e+00 2.756199836730957031e+00
5.440000152587890625e+01 -1.099076196551322937e-01 0.000000000000000000e+00 -1.021078219309856649e-06 -1.100045591592788696e-01 0.000000000000000000e+00 7.000000000000000000e+00 8.191000000000000000e+03 0.000000000000000000e+00 2.000000000000000000e+00 2.756199836730957031e+00
5.460000228881835938e+01 -1.199025511741638184e-01 0.000000000000000000e+00 -1.051201593327277806e-06 -1.200015842914581299e-01 0.000000000000000000e+00 7.000000000000000000e+00 8.191000000000000000e+03 0.000000000000000000e+00 2.000000000000000000e+00 2.756199836730957031e+00
5.479999923706054688e+01 -1.298745870590209961e-01 0.000000000000000000e+00 -1.090046907847863622e-06 -1.299986243247985840e-01 0.000000000000000000e+00 7.000000000000000000e+00 8.191000000000000000e+03 0.000000000000000000e+00 2.000000000000000000e+00 2.755899906158447266e+00
5.500000000000000000e+01 -1.398798376321792603e-01 0.000000000000000000e+00 -1.150438379227125552e-06 -1.399956643581390381e-01 0.000000000000000000e+00 7.000000000000000000e+00 8.191000000000000000e+03 0.000000000000000000e+00 2.000000000000000000e+00 2.755899906158447266e+00
5.520000076293945312e+01 -1.499413847923278809e-01 0.000000000000000000e+00 -1.238659478985937312e-06 -1.500051915645599365e-01 0.000000000000000000e+00 7.000000000000000000e+00 8.191000000000000000e+03 0.000000000000000000e+00 2.000000000000000000e+00 2.755899906158447266e+00
5.540000152587890625e+01 -1.599004715681076050e-01 0.000000000000000000e+00 -1.356377538286324125e-06 -1.600022166967391968e-01 0.000000000000000000e+00 7.000000000000000000e+00 8.191000000000000000e+03 0.000000000000000000e+00 2.000000000000000000e+00 2.755899906158447266e+00
5.560000228881835938e+01 -1.699554324150085449e-01 0.000000000000000000e+00 -1.522125444353150669e-06 -1.699992567300796509e-01 0.000000000000000000e+00 7.000000000000000000e+00 8.191000000000000000e+03 0.000000000000000000e+00 2.000000000000000000e+00 2.755899906158447266e+00
5.579999923706054688e+01 -1.799271255731582642e-01 0.000000000000000000e+00 -1.735101818667317275e-06 -1.799962967634201050e-01 0.000000000000000000e+00 7.000000000000000000e+00 8.191000000000000000e+03 0.000000000000000000e+00 2.000000000000000000e+00 2.756000041961669922e+00
5.600000000000000000e+01 -1.899567097425460815e-01 0.000000000000000000e+00 -2.015440259128808975e-06 -1.900058239698410034e-01 0.000000000000000000e+00 7.000000000000000000e+00 8.191000000000000000e+03 0.000000000000000000e+00 2.000000000000000000e+00 2.756000041961669922e+00
5.620000076293945312e+01 -1.998964995145797729e-01 0.000000000000000000e+00 -2.388502252870239317e-06 -2.000028640031814575e-01 0.000000000000000000e+00 7.000000000000000000e+00 8.191000000000000000e+03 0.000000000000000000e+00 2.000000000000000000e+00 2.756000041961669922e+00
5.640000152587890625e+01 -1.999374628067016602e-01 0.000000000000000000e+00 -2.250495526823215187e-06 -2.000028640031814575e-01 0.000000000000000000e+00 7.000000000000000000e+00 8.191000000000000000e+03 0.000000000000000000e+00 3.000000000000000000e+00 2.756000041961669922e+00
