2.000000029802322388e-01 2.586502232588827610e-04 0.000000000000000000e+00 1.319099624197406229e-06 3.129243850708007812e-07 0.000000000000000000e+00 8.000000000000000000e+00 8.191000000000000000e+03 0.000000000000000000e+00 0.000000000000000000e+00 2.757400035858154297e+00
4.000000059604644775e-01 1.023838948458433151e-02 0.000000000000000000e+00 2.377069904468953609e-06 9.997349232435226440e-03 0.000000000000000000e+00 7.000000000000000000e+00 8.191000000000000000e+03 0.000000000000000000e+00 0.000000000000000000e+00 2.757400035858154297e+00
6.000000238418579102e-01 2.037975564599037170e-02 0.000000000000000000e+00 3.659175717984908260e-06 1.999438367784023285e-02 0.000000000000000000e+00 7.000000000000000000e+00 8.191000000000000000e+03 0.000000000000000000e+00 0.000000000000000000e+00 2.757400035858154297e+00
8.000000119209289551e-01 2.988546527922153473e-02 0.000000000000000000e+00 5.212487849348690361e-06 3.000391460955142975e-02 0.000000000000000000e+00 7.000000000000000000e+00 6.143000000000000000e+03 0.000000000000000000e+00 0.000000000000000000e+00 2.757400035858154297e+00
1.000000000000000000e+00 4.032944515347480774e-02 0.000000000000000000e+00 7.106949851731769741e-06 4.000094905495643616e-02 0.000000000000000000e+00 7.000000000000000000e+00 8.191000000000000000e+03 0.000000000000000000e+00 0.000000000000000000e+00 2.757400035858154297e+00
1.200000047683715820e+00 5.028069019317626953e-02 0.000000000000000000e+00 9.350076652481220663e-06 4.999798536300659180e-02 0.000000000000000000e+00 7.000000000000000000e+00 8.191000000000000000e+03 0.000000000000000000e+00 0.000000000000000000e+00 2.757400035858154297e+00
1.399999976158142090e+00 6.041632965207099915e-02 0.000000000000000000e+00 1.197563869936857373e-05 5.999501794576644897e-02 0.000000000000000000e+00 8.000000000000000000e+00 8.191000000000000000e+03 0.000000000000000000e+00 0.000000000000000000e+00 2.756515741348266602e+00
1.600000023841857910e+00 7.040795683860778809e-02 0.000000000000000000e+00 1.480668288422748446e-05 7.000455260276794434e-02 0.000000000000000000e+00 8.000000000000000000e+00 8.191000000000000000e+03 0.000000000000000000e+00 0.000000000000000000e+00 2.756399869918823242e+00
1.800000071525573730e+00 8.040031790733337402e-02 0.000000000000000000e+00 1.782119761628564447e-05 8.000158518552780151e-02 0.000000000000000000e+00 8.000000000000000000e+00 8.191000000000000000e+03 0.000000000000000000e+00 0.000000000000000000e+00 2.756399869918823242e+00
2.000000000000000000e+00 9.038507193326950073e-02 0.000000000000000000e+00 2.091141868731938303e-05 8.999861776828765869e-02 0.000000000000000000e+00 8.000000000000000000e+00 8.191000000000000000e+03 0.000000000000000000e+00 0.000000000000000000e+00 2.756399869918823242e+00
2.200000047683715820e+00 1.004079058766365051e-01 0.000000000000000000e+00 2.401224628556519747e-05 9.999565780162811279e-02 0.000000000000000000e+00 8.000000000000000000e+00 8.191000000000000000e+03 0.000000000000000000e+00 0.000000000000000000e+00 2.756399869918823242e+00
2.400000095367431641e+00 1.103331521153450012e-01 0.000000000000000000e+00 2.702646997931879014e-05 1.100051850080490112e-01 0.000000000000000000e+00 8.000000000000000000e+00 8.191000000000000000e+03 0.000000000000000000e+00 0.000000000000000000e+00 2.756488323211669922e+00
2.600000143051147461e+00 1.202669814229011536e-01 0.000000000000000000e+00 2.985679202538449317e-05 1.200022250413894653e-01 0.000000000000000000e+00 8.000000000000000000e+00 8.191000000000000000e+03 0.000000000000000000e+00 0.000000000000000000e+00 2.756500005722045898e+00
2.799999952316284180e+00 1.303895413875579834e-01 0.000000000000000000e+00 3.240246587665751576e-05 1.299992501735687256e-01 0.000000000000000000e+00 8.000000000000000000e+00 8.191000000000000000e+03 0.000000000000000000e+00 0.000000000000000000e+00 2.756500005722045898e+00
3.000000000000000000e+00 1.402823925018310547e-01 0.000000000000000000e+00 3.440368163865059614e-05 1.399962902069091797e-01 0.000000000000000000e+00 8.000000000000000000e+00 8.191000000000000000e+03 0.000000000000000000e+00 0.000000000000000000e+00 2.756500005722045898e+00
3.200000047683715820e+00 1.503110080957412720e-01 0.000000000000000000e+00 3.598380862968042493e-05 1.500058174133300781e-01 0.000000000000000000e+00 8.000000000000000000e+00 8.191000000000000000e+03 0.000000000000000000e+00 0.000000000000000000e+00 2.756500005722045898e+00
3.400000095367431641e+00 1.603697240352630615e-01 0.000000000000000000e+00 3.687466960400342941e-05 1.600028574466705322e-01 0.000000000000000000e+00 8.000000000000000000e+00 8.191000000000000000e+03 0.000000000000000000e+00 0.000000000000000000e+00 2.756500005722045898e+00
3.600000143051147461e+00 1.703130900859832764e-01 0.000000000000000000e+00 3.715874117915518582e-05 1.699998974800109863e-01 0.000000000000000000e+00 8.000000000000000000e+00 8.191000000000000000e+03 0.000000000000000000e+00 0.000000000000000000e+00 2.756500005722045898e+00
3.799999952316284180e+00 1.803260743618011475e-01 0.000000000000000000e+00 3.692678001243621111e-05 1.799969226121902466e-01 0.000000000000000000e+00 8.000000000000000000e+00 8.191000000000000000e+03 0.000000000000000000e+00 0.000000000000000000e+00 2.756500005722045898e+00
4.000000000000000000e+00 1.902938336133956909e-01 0.000000000000000000e+00 3.642424780991859734e-05 1.899939626455307007e-01 0.000000000000000000e+00 8.000000000000000000e+00 8.191000000000000000e+03 0.000000000000000000e+00 0.000000000000000000e+00 2.756500005722045898e+00
4.200000286102294922e+00 2.003574669361114502e-01 0.000000000000000000e+00 3.551476038410328329e-05 2.000034898519515991e-01 0.000000000000000000e+00 8.000000000000000000e+00 8.191000000000000000e+03 0.000000000000000000e+00 0.000000000000000000e+00 2.756500005722045898e+00
4.400000095367431641e+00 2.103785127401351929e-01 0.000000000000000000e+00 3.450058648013509810e-05 2.100005298852920532e-01 0.000000000000000000e+00 8.000000000000000000e+00 8.191000000000000000e+03 0.000000000000000000e+00 0.000000000000000000e+00 2.756500005722045898e+00
4.599999904632568359e+00 2.204119563102722168e-01 0.000000000000000000e+00 3.341826959513127804e-05 2.199975699186325073e-01 0.000000000000000000e+00 8.000000000000000000e+00 8.191000000000000000e+03 0.000000000000000000e+00 0.000000000000000000e+00 2.756500005722045898e+00
4.800000190734863281e+00 2.303191423416137695e-01 0.000000000000000000e+00 3.229250432923436165e-05 2.299945950508117676e-01 0.000000000000000000e+00 8.000000000000000000e+00 8.191000000000000000e+03 0.000000000000000000e+00 0.000000000000000000e+00 2.756500005722045898e+00
5.000000000000000000e+00 2.403878271579742432e-01 0.000000000000000000e+00 3.124341310467571020e-05 2.400041371583938599e-01 0.000000000000000000e+00 8.000000000000000000e+00 8.191000000000000000e+03 0.000000000000000000e+00 0.000000000000000000e+00 2.756500005722045898e+00
5.200000286102294922e+00 2.503344118595123291e-01 0.000000000000000000e+00 3.027721686521545053e-05 2.500011622905731201e-01 0.000000000000000000e+00 8.000000000000000000e+00 8.191000000000000000e+03 0.000000000000000000e+00 0.000000000000000000e+00 2.756500005722045898e+00
5.400000095367431641e+00 2.603499591350555420e-01 0.000000000000000000e+00 2.935286102001555264e-05 2.599982023239135742e-01 0.000000000000000000e+00 8.000000000000000000e+00 8.191000000000000000e+03 0.000000000000000000e+00 0.000000000000000000e+00 2.756500005722045898e+00
5.599999904632568359e+00 2.703410983085632324e-01 0.000000000000000000e+00 2.862453584384638816e-05 2.699952423572540283e-01 0.000000000000000000e+00 8.000000000000000000e+00 8.191000000000000000e+03 0.000000000000000000e+00 0.000000000000000000e+00 2.756500005722045898e+00
5.800000190734863281e+00 2.801826298236846924e-01 0.000000000000000000e+00 2.790835060295648873e-05 2.800047695636749268e-01 0.000000000000000000e+00 8.000000000000000000e+00 8.191000000000000000e+03 0.000000000000000000e+00 0.000000000000000000e+00 2.756500005722045898e+00
6.000000000000000000e+00 2.903520166873931885e-01 0.000000000000000000e+00 2.735687121457885951e-05 2.900017797946929932e-01 0.000000000000000000e+00 8.000000000000000000e+00 8.191000000000000000e+03 0.000000000000000000e+00 0.000000000000000000e+00 2.756500005722045898e+00
6.200000286102294922e+00 3.003154695034027100e-01 0.000000000000000000e+00 2.689172833925113082e-05 2.999988198280334473e-01 0.000000000000000000e+00 8.000000000000000000e+00 8.191000000000000000e+03 0.000000000000000000e+00 0.000000000000000000e+00 2.756500005722045898e+00
6.400000095367431641e+00 2.903875112533569336e-01 0.000000000000000000e+00 2.501103335816878825e-05 2.900017797946929932e-01 0.000000000000000000e+00 8.000000000000000000e+00 8.191000000000000000e+03 0.000000000000000000e+00 0.000000000000000000e+00 2.756588459014892578e+00
6.599999904632568359e+00 2.802666723728179932e-01 0.000000000000000000e+00 2.360439975745975971e-05 2.800047695636749268e-01 0.000000000000000000e+00 8.000000000000000000e+00 8.191000000000000000e+03 0.000000000000000000e+00 0.000000000000000000e+00 2.756599903106689453e+00
6.800000190734863281e+00 2.702551484107971191e-01 0.000000000000000000e+00 2.236868385807611048e-05 2.699952423572540283e-01 0.000000000000000000e+00 8.000000000000000000e+00 8.191000000000000000e+03 0.000000000000000000e+00 0.000000000000000000e+00 2.756599903106689453e+00
7.000000000000000000e+00 2.603097856044769287e-01 0.000000000000000000e+00 2.122570731444284320e-05 2.599982023239135742e-01 0.000000000000000000e+00 8.000000000000000000e+00 8.191000000000000000e+03 0.000000000000000000e+00 0.000000000000000000e+00 2.756599903106689453e+00
7.200000286102294922e+00 2.503317296504974365e-01 0.000000000000000000e+00 2.005858550546690822e-05 2.500011622905731201e-01 0.000000000000000000e+00 8.000000000000000000e+00 8.191000000000000000e+03 0.000000000000000000e+00 0.000000000000000000e+00 2.756599903106689453e+00
7.400000095367431641e+00 2.402712553739547729e-01 0.000000000000000000e+00 1.880215131677687168e-05 2.400041371583938599e-01 0.000000000000000000e+00 8.000000000000000000e+00 8.191000000000000000e+03 0.000000000000000000e+00 0.000000000000000000e+00 2.756334781646728516e+00
7.599999904632568359e+00 2.303186655044555664e-01 0.000000000000000000e+00 1.744867586239706725e-05 2.299945950508117676e-01 0.000000000000000000e+00 8.000000000000000000e+00 8.191000000000000000e+03 0.000000000000000000e+00 0.000000000000000000e+00 2.756299972534179688e+00
7.800000190734863281e+00 2.202715724706649780e-01 0.000000000000000000e+00 1.596140464243944734e-05 2.199975699186325073e-01 0.000000000000000000e+00 8.000000000000000000e+00 8.191000000000000000e+03 0.000000000000000000e+00 0.000000000000000000e+00 2.756299972534179688e+00
8.000000000000000000e+00 2.102405875921249390e-01 0.000000000000000000e+00 1.435673493688227609e-05 2.100005298852920532e-01 0.000000000000000000e+00 8.000000000000000000e+00 8.191000000000000000e+03 0.000000000000000000e+00 0.000000000000000000e+00 2.756299972534179688e+00
8.199999809265136719e+00 2.002233415842056274e-01 0.000000000000000000e+00 1.251537742064101622e-05 2.000034898519515991e-01 0.000000000000000000e+00 8.000000000000000000e+00 8.191000000000000000e+03 0.000000000000000000e+00 0.000000000000000000e+00 2.756299972534179688e+00
8.400000572204589844e+00 1.902734339237213135e-01 0.000000000000000000e+00 1.059839905792614445e-05 1.899939626455307007e-01 0.000000000000000000e+00 8.000000000000000000e+00 8.191000000000000000e+03 0.000000000000000000e+00 0.000000000000000000e+00 2.756211519241333008e+00
8.600000381469726562e+00 1.802577823400497437e-01 0.000000000000000000e+00 8.632071512693073601e-06 1.799969226121902466e-01 0.000000000000000000e+00 8.000000000000000000e+00 8.191000000000000000e+03 0.000000000000000000e+00 0.000000000000000000e+00 2.756199836730957031e+00
8.800000190734863281e+00 1.702664345502853394e-01 0.000000000000000000e+00 6.593622401851462200e-06 1.699998974800109863e-01 0.000000000000000000e+00 8.000000000000000000e+00 8.191000000000000000e+03 0.000000000000000000e+00 0.000000000000000000e+00 2.756199836730957031e+00
9.000000000000000000e+00 1.603139638900756836e-01 0.000000000000000000e+00 4.591688139043981209e-06 1.600028574466705322e-01 0.000000000000000000e+00 7.000000000000000000e+00 8.191000000000000000e+03 0.000000000000000000e+00 0.000000000000000000e+00 2.756199836730957031e+00
9.199999809265136719e+00 1.502329707145690918e-01 0.000000000000000000e+00 2.753966100499383174e-06 1.500058174133300781e-01 0.000000000000000000e+00 7.000000000000000000e+00 8.191000000000000000e+03 0.000000000000000000e+00 0.000000000000000000e+00 2.756199836730957031e+00
9.400000572204589844e+00 1.402114629745483398e-01 0.000000000000000000e+00 1.089203465198806953e-06 1.399962902069091797e-01 0.000000000000000000e+00 7.000000000000000000e+00 8.191000000000000000e+03 0.000000000000000000e+00 0.000000000000000000e+00 2.756376743316650391e+00
9.600000381469726562e+00 1.302679181098937988e-01 0.000000000000000000e+00 -6.734205726388609037e-07 1.299992501735687256e-01 0.000000000000000000e+00 7.000000000000000000e+00 8.191000000000000000e+03 0.000000000000000000e+00 0.000000000000000000e+00 2.756399869918823242e+00
9.800000190734863281e+00 1.202281117439270020e-01 0.000000000000000000e+00 -1.093766627491277177e-06 1.200022250413894653e-01 0.000000000000000000e+00 6.000000000000000000e+00 7.164000000000000000e+03 0.000000000000000000e+00 0.000000000000000000e+00 2.756399869918823242e+00
1.000000000000000000e+01 1.102982461452484131e-01 0.000000000000000000e+00 -5.176691502128960565e-06 1.100051850080490112e-01 0.000000000000000000e+00 7.000000000000000000e+00 8.191000000000000000e+03 0.000000000000000000e+00 0.000000000000000000e+00 2.756399869918823242e+00
1.019999980926513672e+01 1.003786101937294006e-01 0.000000000000000000e+00 -7.643219760211650282e-06 9.999565780162811279e-02 0.000000000000000000e+00 7.000000000000000000e+00 8.191000000000000000e+03 0.000000000000000000e+00 0.000000000000000000e+00 2.756399869918823242e+00
1.040000057220458984e+01 9.020049124956130981e-02 0.000000000000000000e+00 -1.014995177683886141e-05 8.999861776828765869e-02 0.000000000000000000e+00 7.000000000000000000e+00 7.164000000000000000e+03 0.000000000000000000e+00 0.000000000000000000e+00 2.756399869918823242e+00
1.060000038146972656e+01 8.029624074697494507e-02 0.000000000000000000e+00 -1.271399196411948651e-05 8.000158518552780151e-02 0.000000000000000000e+00 8.000000000000000000e+00 8.191000000000000000e+03 0.000000000000000000e+00 0.000000000000000000e+00 2.756399869918823242e+00
1.080000019073486328e+01 7.031402736902236938e-02 0.000000000000000000e+00 -1.529821020085364580e-05 7.000455260276794434e-02 0.000000000000000000e+00 8.000000000000000000e+00 8.191000000000000000e+03 0.000000000000000000e+00 0.000000000000000000e+00 2.756399869918823242e+00
1.100000000000000000e+01 6.032530218362808228e-02 0.000000000000000000e+00 -1.759820588631555438e-05 5.999501794576644897e-02 0.000000000000000000e+00 8.000000000000000000e+00 8.191000000000000000e+03 0.000000000000000000e+00 0.000000000000000000e+00 2.756399869918823242e+00
1.119999980926513672e+01 5.029494315385818481e-02 0.000000000000000000e+00 -1.958700886461883783e-05 4.999798536300659180e-02 0.000000000000000000e+00 8.000000000000000000e+00 8.191000000000000000e+03 0.000000000000000000e+00 0.000000000000000000e+00 2.756399869918823242e+00
1.140000057220458984e+01 4.030167311429977417e-02 0.000000000000000000e+00 -2.103791666741017252e-05 4.000094905495643616e-02 0.000000000000000000e+00 8.000000000000000000e+00 8.191000000000000000e+03 0.000000000000000000e+00 0.000000000000000000e+00 2.756134748458862305e+00
1.160000038146972656e+01 3.034932911396026611e-02 0.000000000000000000e+00 -2.179527291445992887e-05 3.000391460955142975e-02 0.000000000000000000e+00 8.000000000000000000e+00 8.191000000000000000e+03 0.000000000000000000e+00 0.000000000000000000e+00 2.756099939346313477e+00
1.180000019073486328e+01 2.034150622785091400e-02 0.000000000000000000e+00 -2.203959957114420831e-05 1.999438367784023285e-02 0.000000000000000000e+00 8.000000000000000000e+00 8.191000000000000000e+03 0.000000000000000000e+00 0.000000000000000000e+00 2.756099939346313477e+00
1.200000000000000000e+01 1.024514064192771912e-02 0.000000000000000000e+00 -2.172075801354367286e-05 9.997349232435226440e-03 0.000000000000000000e+00 8.000000000000000000e+00 8.191000000000000000e+03 0.000000000000000000e+00 0.000000000000000000e+00 2.756099939346313477e+00
1.219999980926513672e+01 1.547781284898519516e-04 0.000000000000000000e+00 -2.088500150421168655e-05 3.129243850708007812e-07 0.000000000000000000e+00 8.000000000000000000e+00 8.191000000000000000e+03 0.000000000000000000e+00 0.000000000000000000e+00 2.756099939346313477e+00
1.240000057220458984e+01 -9.718098677694797516e-03 0.000000000000000000e+00 -1.978631553356535733e-05 -9.996719658374786377e-03 0.000000000000000000e+00 8.000000000000000000e+00 8.191000000000000000e+03 0.000000000000000000e+00 0.000000000000000000e+00 2.756276607513427734e+00
1.260000038146972656e+01 -1.984574645757675171e-02 0.000000000000000000e+00 -1.860602060332894325e-05 -1.999375596642494202e-02 0.000000000000000000e+00 8.000000000000000000e+00 8.191000000000000000e+03 0.000000000000000000e+00 0.000000000000000000e+00 2.756299972534179688e+00
1.280000019073486328e+01 -2.945660613477230072e-02 0.000000000000000000e+00 -1.739004073897376657e-05 -3.000328317284584045e-02 0.000000000000000000e+00 8.000000000000000000e+00 6.143000000000000000e+03 0.000000000000000000e+00 0.000000000000000000e+00 2.756299972534179688e+00
1.300000000000000000e+01 -3.970469161868095398e-02 0.000000000000000000e+00 -1.618154419702477753e-05 -4.000032320618629456e-02 0.000000000000000000e+00 8.000000000000000000e+00 8.191000000000000000e+03 0.000000000000000000e+00 0.000000000000000000e+00 2.756299972534179688e+00
1.319999980926513672e+01 -4.973099008202552795e-02 0.000000000000000000e+00 -1.512675316917011514e-05 -4.999735578894615173e-02 0.000000000000000000e+00 8.000000000000000000e+00 8.191000000000000000e+03 0.000000000000000000e+00 0.000000000000000000e+00 2.756299972534179688e+00
1.340000057220458984e+01 -5.979879945516586304e-02 0.000000000000000000e+00 -1.414896087226225063e-05 -5.999438837170600891e-02 0.000000000000000000e+00 8.000000000000000000e+00 8.191000000000000000e+03 0.000000000000000000e+00 0.000000000000000000e+00 2.756476640701293945e+00
1.360000038146972656e+01 -6.975190341472625732e-02 0.000000000000000000e+00 -1.330784562014741823e-05 -7.000392675399780273e-02 0.000000000000000000e+00 8.000000000000000000e+00 8.191000000000000000e+03 0.000000000000000000e+00 0.000000000000000000e+00 2.756500005722045898e+00
1.380000019073486328e+01 -7.972059398889541626e-02 0.000000000000000000e+00 -1.252193942491430789e-05 -8.000095188617706299e-02 0.000000000000000000e+00 8.000000000000000000e+00 8.191000000000000000e+03 0.000000000000000000e+00 0.000000000000000000e+00 2.756500005722045898e+00
1.400000000000000000e+01 -8.973837643861770630e-02 0.000000000000000000e+00 -1.179093942482722923e-05 -8.999799191951751709e-02 0.000000000000000000e+00 8.000000000000000000e+00 8.191000000000000000e+03 0.000000000000000000e+00 0.000000000000000000e+00 2.756500005722045898e+00
1.419999980926513672e+01 -9.964102506637573242e-02 0.000000000000000000e+00 -1.110243101720698178e-05 -9.999501705169677734e-02 0.000000000000000000e+00 8.000000000000000000e+00 8.191000000000000000e+03 0.000000000000000000e+00 0.000000000000000000e+00 2.756500005722045898e+00
1.440000057220458984e+01 -1.097511947154998779e-01 0.000000000000000000e+00 -1.054104996001115069e-05 -1.100045591592788696e-01 0.000000000000000000e+00 8.000000000000000000e+00 8.191000000000000000e+03 0.000000000000000000e+00 0.000000000000000000e+00 2.756323099136352539e+00
1.460000038146972656e+01 -1.198113039135932922e-01 0.000000000000000000e+00 -1.003132638288661838e-05 -1.200015842914581299e-01 0.000000000000000000e+00 8.000000000000000000e+00 8.191000000000000000e+03 0.000000000000000000e+00 0.000000000000000000e+00 2.756299972534179688e+00
1.480000019073486328e+01 -1.297326087951660156e-01 0.000000000000000000e+00 -9.537860023556277156e-06 -1.299986243247985840e-01 0.000000000000000000e+00 8.000000000000000000e+00 8.191000000000000000e+03 0.000000000000000000e+00 0.000000000000000000e+00 2.756299972534179688e+00
1.500000000000000000e+01 -1.397203505039215088e-01 0.000000000000000000e+00 -9.098091140913311392e-06 -1.399956643581390381e-01 0.000000000000000000e+00 8.000000000000000000e+00 8.191000000000000000e+03 0.000000000000000000e+00 0.000000000000000000e+00 2.756299972534179688e+00
1.519999980926513672e+01 -1.498152017593383789e-01 0.000000000000000000e+00 -8.716462616575881839e-06 -1.500051915645599365e-01 0.000000000000000000e+00 8.000000000000000000e+00 8.191000000000000000e+03 0.000000000000000000e+00 0.000000000000000000e+00 2.756299972534179688e+00
1.540000057220458984e+01 -1.597362160682678223e-01 0.000000000000000000e+00 -8.407794666709378362e-06 -1.600022166967391968e-01 0.000000000000000000e+00 8.000000000000000000e+00 8.191000000000000000e+03 0.000000000000000000e+00 0.000000000000000000e+00 2.756299972534179688e+00
1.560000038146972656e+01 -1.697051227092742920e-01 0.000000000000000000e+00 -8.052297744143288583e-06 -1.699992567300796509e-01 0.000000000000000000e+00 8.000000000000000000e+00 8.191000000000000000e+03 0.000000000000000000e+00 0.000000000000000000e+00 2.756299972534179688e+00
1.580000019073486328e+01 -1.797365099191665649e-01 0.000000000000000000e+00 -7.859742254368029535e-06 -1.799962967634201050e-01 0.000000000000000000e+00 7.000000000000000000e+00 8.191000000000000000e+03 0.000000000000000000e+00 0.000000000000000000e+00 2.756299972534179688e+00
1.600000000000000000e+01 -1.897948533296585083e-01 0.000000000000000000e+00 -7.620101314387284219e-06 -1.900058239698410034e-01 0.000000000000000000e+00 7.000000000000000000e+00 8.191000000000000000e+03 0.000000000000000000e+00 0.000000000000000000e+00 2.756299972534179688e+00
1.620000076293945312e+01 -1.997402608394622803e-01 0.000000000000000000e+00 -7.421623649861430749e-06 -2.000028640031814575e-01 0.000000000000000000e+00 7.000000000000000000e+00 8.191000000000000000e+03 0.000000000000000000e+00 0.000000000000000000e+00 2.756299972534179688e+00
1.639999961853027344e+01 -1.897307336330413818e-01 0.000000000000000000e+00 -6.998806384217459708e-06 -1.900058239698410034e-01 0.000000000000000000e+00 7.000000000000000000e+00 8.191000000000000000e+03 0.000000000000000000e+00 1.000000000000000000e+00 2.756299972534179688e+00
1.660000038146972656e+01 -1.797944605350494385e-01 0.000000000000000000e+00 -6.650792784057557583e-06 -1.799962967634201050e-01 0.000000000000000000e+00 7.000000000000000000e+00 8.191000000000000000e+03 0.000000000000000000e+00 1.000000000000000000e+00 2.756299972534179688e+00
1.680000114440917969e+01 -1.697340905666351318e-01 0.000000000000000000e+00 -6.330661562969908118e-06 -1.699992567300796509e-01 0.000000000000000000e+00 7.000000000000000000e+00 8.191000000000000000e+03 0.000000000000000000e+00 1.000000000000000000e+00 2.756299972534179688e+00
1.700000000000000000e+01 -1.596391052007675171e-01 0.000000000000000000e+00 -6.053075139789143577e-06 -1.600022166967391968e-01 0.000000000000000000e+00 7.000000000000000000e+00 8.191000000000000000e+03 0.000000000000000000e+00 1.000000000000000000e+00 2.756299972534179688e+00
1.720000076293945312e+01 -1.497148871421813965e-01 0.000000000000000000e+00 -5.798356141895055771e-06 -1.500051915645599365e-01 0.000000000000000000e+00 7.000000000000000000e+00 8.191000000000000000e+03 0.000000000000000000e+00 1.000000000000000000e+00 2.756299972534179688e+00
1.739999961853027344e+01 -1.397294253110885620e-01 0.000000000000000000e+00 -5.550293280975893140e-06 -1.399956643581390381e-01 0.000000000000000000e+00 7.000000000000000000e+00 8.191000000000000000e+03 0.000000000000000000e+00 1.000000000000000000e+00 2.756299972534179688e+00
1.760000038146972656e+01 -1.297129839658737183e-01 0.000000000000000000e+00 -5.313444944476941600e-06 -1.299986243247985840e-01 0.000000000000000000e+00 7.000000000000000000e+00 8.191000000000000000e+03 0.000000000000000000e+00 1.000000000000000000e+00 2.756299972534179688e+00
1.780000114440917969e+01 -1.196992397308349609e-01 0.000000000000000000e+00 -5.090665126772364601e-06 -1.200015842914581299e-01 0.000000000000000000e+00 7.000000000000000000e+00 8.191000000000000000e+03 0.000000000000000000e+00 1.000000000000000000e+00 2.756299972534179688e+00
1.800000000000000000e+01 -1.096564978361129761e-01 0.000000000000000000e+00 -4.869604254054138437e-06 -1.100045591592788696e-01 0.000000000000000000e+00 7.000000000000000000e+00 8.191000000000000000e+03 0.000000000000000000e+00 1.000000000000000000e+00 2.756299972534179688e+00
1.820000076293945312e+01 -9.975344687700271606e-02 0.000000000000000000e+00 -4.643864031095290557e-06 -9.999501705169677734e-02 0.000000000000000000e+00 7.000000000000000000e+00 8.191000000000000000e+03 0.000000000000000000e+00 1.000000000000000000e+00 2.756299972534179688e+00
1.839999961853027344e+01 -8.967465907335281372e-02 0.000000000000000000e+00 -4.415416697156615555e-06 -8.999799191951751709e-02 0.000000000000000000e+00 7.000000000000000000e+00 8.191000000000000000e+03 0.000000000000000000e+00 1.000000000000000000e+00 2.756211519241333008e+00
1.860000038146972656e+01 -7.982032746076583862e-02 0.000000000000000000e+00 -4.172229637333657593e-06 -8.000095188617706299e-02 0.000000000000000000e+00 7.000000000000000000e+00 8.191000000000000000e+03 0.000000000000000000e+00 1.000000000000000000e+00 2.756199836730957031e+00
1.880000114440917969e+01 -6.975841522216796875e-02 0.000000000000000000e+00 -3.909082352038240060e-06 -7.000392675399780273e-02 0.000000000000000000e+00 7.000000000000000000e+00 8.191000000000000000e+03 0.000000000000000000e+00 1.000000000000000000e+00 2.756199836730957031e+00
1.900000000000000000e+01 -5.972027033567428589e-02 0.000000000000000000e+00 -3.619739345595007762e-06 -5.999438837170600891e-02 0.000000000000000000e+00 7.000000000000000000e+00 8.191000000000000000e+03 0.000000000000000000e+00 1.000000000000000000e+00 2.756199836730957031e+00
1.920000076293945312e+01 -4.976442828774452209e-02 0.000000000000000000e+00 -3.282279521954478696e-06 -4.999735578894615173e-02 0.000000000000000000e+00 7.000000000000000000e+00 8.191000000000000000e+03 0.000000000000000000e+00 1.000000000000000000e+00 2.756199836730957031e+00
1.939999961853027344e+01 -3.965548053383827209e-02 0.000000000000000000e+00 -2.882066610254696570e-06 -4.000032320618629456e-02 0.000000000000000000e+00 7.000000000000000000e+00 8.191000000000000000e+03 0.000000000000000000e+00 1.000000000000000000e+00 2.756288290023803711e+00
1.960000038146972656e+01 -2.961398847401142120e-02 0.000000000000000000e+00 -2.387541826465167105e-06 -3.000328317284584045e-02 0.000000000000000000e+00 7.000000000000000000e+00 8.191000000000000000e+03 0.000000000000000000e+00 1.000000000000000000e+00 2.756299972534179688e+00
1.980000114440917969e+01 -1.968154497444629669e-02 0.000000000000000000e+00 -1.795789785319357179e-06 -1.999375596642494202e-02 0.000000000000000000e+00 7.000000000000000000e+00 8.191000000000000000e+03 0.000000000000000000e+00 1.000000000000000000e+00 2.756299972534179688e+00
2.000000000000000000e+01 -9.737818501889705658e-03 0.000000000000000000e+00 -1.073280827768030576e-06 -9.996719658374786377e-03 0.000000000000000000e+00 7.000000000000000000e+00 8.191000000000000000e+03 0.000000000000000000e+00 1.000000000000000000e+00 2.756299972534179688e+00
2.020000076293945312e+01 3.261708479840308428e-04 0.000000000000000000e+00 -1.992864469002597616e-07 3.129243850708007812e-07 0.000000000000000000e+00 7.000000000000000000e+00 8.191000000000000000e+03 0.000000000000000000e+00 1.000000000000000000e+00 2.756299972534179688e+00
2.039999961853027344e+01 1.041242573410272598e-02 0.000000000000000000e+00 8.644504987387335859e-07 9.997349232435226440e-03 0.000000000000000000e+00 6.000000000000000000e+00 8.190000000000000000e+03 0.000000000000000000e+00 1.000000000000000000e+00 2.756299972534179688e+00
2.060000038146972656e+01 2.035627700388431549e-02 0.000000000000000000e+00 1.093102355298469774e-06 1.999438367784023285e-02 0.000000000000000000e+00 6.000000000000000000e+00 7.164000000000000000e+03 0.000000000000000000e+00 1.000000000000000000e+00 2.756299972534179688e+00
2.080000114440917969e+01 2.982761710882186890e-02 0.000000000000000000e+00 3.783226929954253137e-06 3.000391460955142975e-02 0.000000000000000000e+00 7.000000000000000000e+00 6.143000000000000000e+03 0.000000000000000000e+00 1.000000000000000000e+00 2.756299972534179688e+00
2.100000000000000000e+01 4.032773524522781372e-02 0.000000000000000000e+00 5.636599325953284279e-06 4.000094905495643616e-02 0.000000000000000000e+00 7.000000000000000000e+00 8.191000000000000000e+03 0.000000000000000000e+00 1.000000000000000000e+00 2.756299972534179688e+00
2.120000076293945312e+01 5.030662193894386292e-02 0.000000000000000000e+00 7.803663720551412553e-06 4.999798536300659180e-02 0.000000000000000000e+00 7.000000000000000000e+00 8.191000000000000000e+03 0.000000000000000000e+00 1.000000000000000000e+00 2.756299972534179688e+00
2.139999961853027344e+01 6.029471009969711304e-02 0.000000000000000000e+00 1.025759047479368746e-05 5.999501794576644897e-02 0.000000000000000000e+00 7.000000000000000000e+00 7.164000000000000000e+03 0.000000000000000000e+00 1.000000000000000000e+00 2.756388425827026367e+00
2.160000038146972656e+01 7.039377838373184204e-02 0.000000000000000000e+00 1.291478292841929942e-05 7.000455260276794434e-02 0.000000000000000000e+00 8.000000000000000000e+00 8.191000000000000000e+03 0.000000000000000000e+00 1.000000000000000000e+00 2.756399869918823242e+00
2.180000114440917969e+01 8.031066507101058960e-02 0.000000000000000000e+00 1.549647640786133707e-05 8.000158518552780151e-02 0.000000000000000000e+00 8.000000000000000000e+00 8.191000000000000000e+03 0.000000000000000000e+00 1.000000000000000000e+00 2.756399869918823242e+00
2.200000000000000000e+01 9.037522971630096436e-02 0.000000000000000000e+00 1.833716669352725148e-05 8.999861776828765869e-02 0.000000000000000000e+00 8.000000000000000000e+00 8.191000000000000000e+03 0.000000000000000000e+00 1.000000000000000000e+00 2.756399869918823242e+00
2.220000076293945312e+01 1.003401950001716614e-01 0.000000000000000000e+00 2.105369458149652928e-05 9.999565780162811279e-02 0.000000000000000000e+00 8.000000000000000000e+00 8.191000000000000000e+03 0.000000000000000000e+00 1.000000000000000000e+00 2.756399869918823242e+00
2.239999961853027344e+01 1.103370934724807739e-01 0.000000000000000000e+00 2.365051477681845427e-05 1.100051850080490112e-01 0.000000000000000000e+00 8.000000000000000000e+00 8.191000000000000000e+03 0.000000000000000000e+00 1.000000000000000000e+00 2.756134748458862305e+00
2.260000038146972656e+01 1.204173043370246887e-01 0.000000000000000000e+00 2.601484993647318333e-05 1.200022250413894653e-01 0.000000000000000000e+00 8.000000000000000000e+00 8.191000000000000000e+03 0.000000000000000000e+00 1.000000000000000000e+00 2.756099939346313477e+00
2.280000114440917969e+01 1.302806288003921509e-01 0.000000000000000000e+00 2.819245491991750896e-05 1.299992501735687256e-01 0.000000000000000000e+00 8.000000000000000000e+00 8.191000000000000000e+03 0.000000000000000000e+00 1.000000000000000000e+00 2.756099939346313477e+00
2.300000000000000000e+01 1.403166055679321289e-01 0.000000000000000000e+00 3.019340329046826810e-05 1.399962902069091797e-01 0.000000000000000000e+00 8.000000000000000000e+00 8.191000000000000000e+03 0.000000000000000000e+00 1.000000000000000000e+00 2.756099939346313477e+00
2.320000076293945312e+01 1.503451764583587646e-01 0.000000000000000000e+00 3.181468127877451479e-05 1.500058174133300781e-01 0.000000000000000000e+00 8.000000000000000000e+00 8.191000000000000000e+03 0.000000000000000000e+00 1.000000000000000000e+00 2.756099939346313477e+00
2.339999961853027344e+01 1.602749526500701904e-01 0.000000000000000000e+00 3.300653406768105924e-05 1.600028574466705322e-01 0.000000000000000000e+00 8.000000000000000000e+00 8.191000000000000000e+03 0.000000000000000000e+00 1.000000000000000000e+00 2.756188392639160156e+00
2.360000038146972656e+01 1.702931225299835205e-01 0.000000000000000000e+00 3.371478305780328810e-05 1.699998974800109863e-01 0.000000000000000000e+00 8.000000000000000000e+00 8.191000000000000000e+03 0.000000000000000000e+00 1.000000000000000000e+00 2.756199836730957031e+00
2.380000114440917969e+01 1.803359389305114746e-01 0.000000000000000000e+00 3.398272383492439985e-05 1.799969226121902466e-01 0.000000000000000000e+00 8.000000000000000000e+00 8.191000000000000000e+03 0.000000000000000000e+00 1.000000000000000000e+00 2.756199836730957031e+00
2.400000000000000000e+01 1.903032511472702026e-01 0.000000000000000000e+00 3.382321301614865661e-05 1.899939626455307007e-01 0.000000000000000000e+00 8.000000000000000000e+00 8.191000000000000000e+03 0.000000000000000000e+00 1.000000000000000000e+00 2.756199836730957031e+00
2.420000076293945312e+01 2.003703713417053223e-01 0.000000000000000000e+00 3.319566167192533612e-05 2.000034898519515991e-01 0.000000000000000000e+00 8.000000000000000000e+00 8.191000000000000000e+03 0.000000000000000000e+00 1.000000000000000000e+00 2.756199836730957031e+00
2.439999961853027344e+01 2.102803587913513184e-01 0.000000000000000000e+00 3.225082764402031898e-05 2.100005298852920532e-01 0.000000000000000000e+00 8.000000000000000000e+00 8.191000000000000000e+03 0.000000000000000000e+00 1.000000000000000000e+00 2.756288290023803711e+00
2.460000038146972656e+01 2.204300463199615479e-01 0.000000000000000000e+00 3.125884177279658616e-05 2.199975699186325073e-01 0.000000000000000000e+00 8.000000000000000000e+00 8.191000000000000000e+03 0.000000000000000000e+00 1.000000000000000000e+00 2.756299972534179688e+00
2.480000114440917969e+01 2.302824258804321289e-01 0.000000000000000000e+00 3.015382753801532090e-05 2.299945950508117676e-01 0.000000000000000000e+00 8.000000000000000000e+00 8.191000000000000000e+03 0.000000000000000000e+00 1.000000000000000000e+00 2.756299972534179688e+00
2.500000000000000000e+01 2.403684109449386597e-01 0.000000000000000000e+00 2.908356145780999213e-05 2.400041371583938599e-01 0.000000000000000000e+00 8.000000000000000000e+00 8.191000000000000000e+03 0.000000000000000000e+00 1.000000000000000000e+00 2.756299972534179688e+00
2.520000076293945312e+01 2.503920793533325195e-01 0.000000000000000000e+00 2.816340929712168872e-05 2.500011622905731201e-01 0.000000000000000000e+00 8.000000000000000000e+00 8.191000000000000000e+03 0.000000000000000000e+00 1.000000000000000000e+00 2.756299972534179688e+00
2.539999961853027344e+01 2.603726685047149658e-01 0.000000000000000000e+00 2.735144153120927513e-05 2.599982023239135742e-01 0.000000000000000000e+00 8.000000000000000000e+00 8.191000000000000000e+03 0.000000000000000000e+00 1.000000000000000000e+00 2.756299972534179688e+00
2.560000038146972656e+01 2.703239321708679199e-01 0.000000000000000000e+00 2.651756767590995878e-05 2.699952423572540283e-01 0.000000000000000000e+00 8.000000000000000000e+00 8.191000000000000000e+03 0.000000000000000000e+00 1.000000000000000000e+00 2.756299972534179688e+00
2.580000114440917969e+01 2.804012000560760498e-01 0.000000000000000000e+00 2.586477785371243954e-05 2.800047695636749268e-01 0.000000000000000000e+00 8.000000000000000000e+00 8.191000000000000000e+03 0.000000000000000000e+00 1.000000000000000000e+00 2.756299972534179688e+00
2.600000000000000000e+01 2.903327941894531250e-01 0.000000000000000000e+00 2.526386379031464458e-05 2.900017797946929932e-01 0.000000000000000000e+00 8.000000000000000000e+00 8.191000000000000000e+03 0.000000000000000000e+00 1.000000000000000000e+00 2.756299972534179688e+00
2.620000076293945312e+01 3.003970980644226074e-01 0.000000000000000000e+00 2.477608359185978770e-05 2.999988198280334473e-01 0.000000000000000000e+00 8.000000000000000000e+00 8.191000000000000000e+03 0.000000000000000000e+00 1.000000000000000000e+00 2.756299972534179688e+00
2.639999961853027344e+01 2.903711497783660889e-01 0.000000000000000000e+00 2.295917329320218414e-05 2.900017797946929932e-01 0.000000000000000000e+00 8.000000000000000000e+00 8.191000000000000000e+03 0.000000000000000000e+00 1.000000000000000000e+00 2.756299972534179688e+00
2.660000038146972656e+01 2.802667915821075439e-01 0.000000000000000000e+00 2.153986679331865162e-05 2.800047695636749268e-01 0.000000000000000000e+00 8.000000000000000000e+00 8.191000000000000000e+03 0.000000000000000000e+00 1.000000000000000000e+00 2.756299972534179688e+00
2.680000114440917969e+01 2.703381478786468506e-01 0.000000000000000000e+00 2.033888995356392115e-05 2.699952423572540283e-01 0.000000000000000000e+00 8.000000000000000000e+00 8.191000000000000000e+03 0.000000000000000000e+00 1.000000000000000000e+00 2.756299972534179688e+00
2.700000000000000000e+01 2.603286206722259521e-01 0.000000000000000000e+00 1.916248947964049876e-05 2.599982023239135742e-01 0.000000000000000000e+00 8.000000000000000000e+00 8.191000000000000000e+03 0.000000000000000000e+00 1.000000000000000000e+00 2.756299972534179688e+00
2.720000076293945312e+01 2.502425014972686768e-01 0.000000000000000000e+00 1.786738175724167377e-05 2.500011622905731201e-01 0.000000000000000000e+00 8.000000000000000000e+00 8.191000000000000000e+03 0.000000000000000000e+00 1.000000000000000000e+00 2.756299972534179688e+00
2.739999961853027344e+01 2.403160631656646729e-01 0.000000000000000000e+00 1.655659798416309059e-05 2.400041371583938599e-01 0.000000000000000000e+00 8.000000000000000000e+00 8.191000000000000000e+03 0.000000000000000000e+00 1.000000000000000000e+00 2.756034612655639648e+00
2.760000038146972656e+01 2.303253412246704102e-01 0.000000000000000000e+00 1.515078838565386832e-05 2.299945950508117676e-01 0.000000000000000000e+00 8.000000000000000000e+00 8.191000000000000000e+03 0.000000000000000000e+00 1.000000000000000000e+00 2.756000041961669922e+00
2.780000114440917969e+01 2.202336341142654419e-01 0.000000000000000000e+00 1.353105199086712673e-05 2.199975699186325073e-01 0.000000000000000000e+00 8.000000000000000000e+00 8.191000000000000000e+03 0.000000000000000000e+00 1.000000000000000000e+00 2.756000041961669922e+00
2.800000000000000000e+01 2.103353440761566162e-01 0.000000000000000000e+00 1.192096351587679237e-05 2.100005298852920532e-01 0.000000000000000000e+00 8.000000000000000000e+00 8.191000000000000000e+03 0.000000000000000000e+00 1.000000000000000000e+00 2.756000041961669922e+00
2.820000076293945312e+01 2.003160417079925537e-01 0.000000000000000000e+00 1.018518196360673755e-05 2.000034898519515991e-01 0.000000000000000000e+00 8.000000000000000000e+00 8.191000000000000000e+03 0.000000000000000000e+00 1.000000000000000000e+00 2.756000041961669922e+00
2.839999961853027344e+01 1.902307420969009399e-01 0.000000000000000000e+00 8.382513442484196275e-06 1.899939626455307007e-01 0.000000000000000000e+00 8.000000000000000000e+00 8.191000000000000000e+03 0.000000000000000000e+00 1.000000000000000000e+00 2.756000041961669922e+00
2.860000038146972656e+01 1.802478730678558350e-01 0.000000000000000000e+00 6.683081664959900081e-06 1.799969226121902466e-01 0.000000000000000000e+00 8.000000000000000000e+00 8.191000000000000000e+03 0.000000000000000000e+00 1.000000000000000000e+00 2.756000041961669922e+00
2.880000114440917969e+01 1.702926009893417358e-01 0.000000000000000000e+00 4.966494088876061141e-06 1.699998974800109863e-01 0.000000000000000000e+00 7.000000000000000000e+00 8.191000000000000000e+03 0.000000000000000000e+00 1.000000000000000000e+00 2.756000041961669922e+00
2.900000000000000000e+01 1.602020412683486938e-01 0.000000000000000000e+00 3.361809831403661519e-06 1.600028574466705322e-01 0.000000000000000000e+00 7.000000000000000000e+00 8.191000000000000000e+03 0.000000000000000000e+00 1.000000000000000000e+00 2.756000041961669922e+00
2.920000076293945312e+01 1.503232866525650024e-01 0.000000000000000000e+00 1.936756689246976748e-06 1.500058174133300781e-01 0.000000000000000000e+00 7.000000000000000000e+00 8.191000000000000000e+03 0.000000000000000000e+00 1.000000000000000000e+00 2.756000041961669922e+00
2.939999961853027344e+01 1.402096450328826904e-01 0.000000000000000000e+00 4.589880973071558401e-07 1.399962902069091797e-01 0.000000000000000000e+00 7.000000000000000000e+00 8.191000000000000000e+03 0.000000000000000000e+00 1.000000000000000000e+00 2.756176710128784180e+00
2.960000038146972656e+01 1.301760226488113403e-01 0.000000000000000000e+00 -1.088726548914564773e-06 1.299992501735687256e-01 0.000000000000000000e+00 6.000000000000000000e+00 7.164000000000000000e+03 0.000000000000000000e+00 1.000000000000000000e+00 2.756199836730957031e+00
2.980000114440917969e+01 1.202794536948204041e-01 0.000000000000000000e+00 -3.398438138901838101e-06 1.200022250413894653e-01 0.000000000000000000e+00 7.000000000000000000e+00 8.191000000000000000e+03 0.000000000000000000e+00 1.000000000000000000e+00 2.756199836730957031e+00
3.000000000000000000e+01 1.102619022130966187e-01 0.000000000000000000e+00 -5.633882665279088542e-06 1.100051850080490112e-01 0.000000000000000000e+00 7.000000000000000000e+00 8.191000000000000000e+03 0.000000000000000000e+00 1.000000000000000000e+00 2.756199836730957031e+00
3.020000076293945312e+01 1.003097519278526306e-01 0.000000000000000000e+00 -7.830044523871038109e-06 9.999565780162811279e-02 0.000000000000000000e+00 7.000000000000000000e+00 8.191000000000000000e+03 0.000000000000000000e+00 1.000000000000000000e+00 2.756199836730957031e+00
3.039999961853027344e+01 9.022916108369827271e-02 0.000000000000000000e+00 -9.985097676690202206e-06 8.999861776828765869e-02 0.000000000000000000e+00 7.000000000000000000e+00 7.164000000000000000e+03 0.000000000000000000e+00 1.000000000000000000e+00 2.756199836730957031e+00
3.060000038146972656e+01 8.033587783575057983e-02 0.000000000000000000e+00 -1.237569267686922103e-05 8.000158518552780151e-02 0.000000000000000000e+00 8.000000000000000000e+00 8.191000000000000000e+03 0.000000000000000000e+00 1.000000000000000000e+00 2.756199836730957031e+00
3.080000114440917969e+01 7.028546184301376343e-02 0.000000000000000000e+00 -1.508238256064942107e-05 7.000455260276794434e-02 0.000000000000000000e+00 8.000000000000000000e+00 8.191000000000000000e+03 0.000000000000000000e+00 1.000000000000000000e+00 2.756199836730957031e+00
3.100000000000000000e+01 6.029719486832618713e-02 0.000000000000000000e+00 -1.759127007971983403e-05 5.999501794576644897e-02 0.000000000000000000e+00 8.000000000000000000e+00 8.191000000000000000e+03 0.000000000000000000e+00 1.000000000000000000e+00 2.756199836730957031e+00
3.120000076293945312e+01 5.028819665312767029e-02 0.000000000000000000e+00 -1.976548810489475727e-05 4.999798536300659180e-02 0.000000000000000000e+00 8.000000000000000000e+00 8.191000000000000000e+03 0.000000000000000000e+00 1.000000000000000000e+00 2.756199836730957031e+00
3.139999961853027344e+01 4.032692313194274902e-02 0.000000000000000000e+00 -2.146583938156254590e-05 4.000094905495643616e-02 0.000000000000000000e+00 8.000000000000000000e+00 8.191000000000000000e+03 0.000000000000000000e+00 1.000000000000000000e+00 2.756023168563842773e+00
3.160000038146972656e+01 3.036885522305965424e-02 0.000000000000000000e+00 -2.252830927318427712e-05 3.000391460955142975e-02 0.000000000000000000e+00 8.000000000000000000e+00 8.191000000000000000e+03 0.000000000000000000e+00 1.000000000000000000e+00 2.756000041961669922e+00
3.180000114440917969e+01 2.037749066948890686e-02 0.000000000000000000e+00 -2.302890788996592164e-05 1.999438367784023285e-02 0.000000000000000000e+00 8.000000000000000000e+00 8.191000000000000000e+03 0.000000000000000000e+00 1.000000000000000000e+00 2.756000041961669922e+00
3.200000000000000000e+01 1.027306169271469116e-02 0.000000000000000000e+00 -2.296218735864385962e-05 9.997349232435226440e-03 0.000000000000000000e+00 8.000000000000000000e+00 8.191000000000000000e+03 0.000000000000000000e+00 1.000000000000000000e+00 2.756000041961669922e+00
3.220000076293945312e+01 2.517587272450327873e-04 0.000000000000000000e+00 -2.228876837762072682e-05 3.129243850708007812e-07 0.000000000000000000e+00 8.000000000000000000e+00 8.191000000000000000e+03 0.000000000000000000e+00 1.000000000000000000e+00 2.756000041961669922e+00
3.240000152587890625e+01 -9.739322587847709656e-03 0.000000000000000000e+00 -2.129742824763525277e-05 -9.996719658374786377e-03 0.000000000000000000e+00 8.000000000000000000e+00 8.191000000000000000e+03 0.000000000000000000e+00 1.000000000000000000e+00 2.756088495254516602e+00
3.260000228881835938e+01 -1.968478597700595856e-02 0.000000000000000000e+00 -2.017800215980969369e-05 -1.999375596642494202e-02 0.000000000000000000e+00 8.000000000000000000e+00 8.191000000000000000e+03 0.000000000000000000e+00 1.000000000000000000e+00 2.756099939346313477e+00
3.279999923706054688e+01 -2.948782593011856079e-02 0.000000000000000000e+00 -1.890391831693705171e-05 -3.000328317284584045e-02 0.000000000000000000e+00 8.000000000000000000e+00 6.143000000000000000e+03 0.000000000000000000e+00 1.000000000000000000e+00 2.756099939346313477e+00
3.300000000000000000e+01 -3.967925906181335449e-02 0.000000000000000000e+00 -1.772536234057042748e-05 -4.000032320618629456e-02 0.000000000000000000e+00 8.000000000000000000e+00 8.191000000000000000e+03 0.000000000000000000e+00 1.000000000000000000e+00 2.756099939346313477e+00
3.320000076293945312e+01 -4.977495968341827393e-02 0.000000000000000000e+00 -1.660006637393962592e-05 -4.999735578894615173e-02 0.000000000000000000e+00 8.000000000000000000e+00 8.191000000000000000e+03 0.000000000000000000e+00 1.000000000000000000e+00 2.756099939346313477e+00
3.340000152587890625e+01 -5.976369231939315796e-02 0.000000000000000000e+00 -1.554628943267744035e-05 -5.999438837170600891e-02 0.000000000000000000e+00 8.000000000000000000e+00 8.191000000000000000e+03 0.000000000000000000e+00 1.000000000000000000e+00 2.756276607513427734e+00
3.360000228881835938e+01 -6.970874220132827759e-02 0.000000000000000000e+00 -1.467824040446430445e-05 -7.000392675399780273e-02 0.000000000000000000e+00 8.000000000000000000e+00 8.191000000000000000e+03 0.000000000000000000e+00 1.000000000000000000e+00 2.756299972534179688e+00
3.379999923706054688e+01 -7.973334938287734985e-02 0.000000000000000000e+00 -1.382266418659128249e-05 -8.000095188617706299e-02 0.000000000000000000e+00 8.000000000000000000e+00 8.191000000000000000e+03 0.000000000000000000e+00 1.000000000000000000e+00 2.756299972534179688e+00
3.400000000000000000e+01 -8.969677239656448364e-02 0.000000000000000000e+00 -1.310004699917044491e-05 -8.999799191951751709e-02 0.000000000000000000e+00 8.000000000000000000e+00 8.191000000000000000e+03 0.000000000000000000e+00 1.000000000000000000e+00 2.756299972534179688e+00
3.420000076293945312e+01 -9.968324750661849976e-02 0.000000000000000000e+00 -1.245729345100698993e-05 -9.999501705169677734e-02 0.000000000000000000e+00 8.000000000000000000e+00 8.191000000000000000e+03 0.000000000000000000e+00 1.000000000000000000e+00 2.756299972534179688e+00
3.440000152587890625e+01 -1.098095998167991638e-01 0.000000000000000000e+00 -1.181227162305731326e-05 -1.100045591592788696e-01 0.000000000000000000e+00 8.000000000000000000e+00 8.191000000000000000e+03 0.000000000000000000e+00 1.000000000000000000e+00 2.756123065948486328e+00
3.460000228881835938e+01 -1.197277978062629700e-01 0.000000000000000000e+00 -1.129371867136796936e-05 -1.200015842914581299e-01 0.000000000000000000e+00 8.000000000000000000e+00 8.191000000000000000e+03 0.000000000000000000e+00 1.000000000000000000e+00 2.756099939346313477e+00
3.479999923706054688e+01 -1.296444088220596313e-01 0.000000000000000000e+00 -1.072933991963509470e-05 -1.299986243247985840e-01 0.000000000000000000e+00 8.000000000000000000e+00 8.191000000000000000e+03 0.000000000000000000e+00 1.000000000000000000e+00 2.756099939346313477e+00
3.500000000000000000e+01 -1.397832781076431274e-01 0.000000000000000000e+00 -1.035998320730868727e-05 -1.399956643581390381e-01 0.000000000000000000e+00 8.000000000000000000e+00 8.191000000000000000e+03 0.000000000000000000e+00 1.000000000000000000e+00 2.756099939346313477e+00
3.520000076293945312e+01 -1.497252434492111206e-01 0.000000000000000000e+00 -9.926126949721947312e-06 -1.500051915645599365e-01 0.000000000000000000e+00 8.000000000000000000e+00 8.191000000000000000e+03 0.000000000000000000e+00 1.000000000000000000e+00 2.756099939346313477e+00
3.540000152587890625e+01 -1.597658246755599976e-01 0.000000000000000000e+00 -9.494016921962611377e-06 -1.600022166967391968e-01 0.000000000000000000e+00 8.000000000000000000e+00 8.191000000000000000e+03 0.000000000000000000e+00 1.000000000000000000e+00 2.756099939346313477e+00
3.560000228881835938e+01 -1.697379201650619507e-01 0.000000000000000000e+00 -9.153517567028757185e-06 -1.699992567300796509e-01 0.000000000000000000e+00 8.000000000000000000e+00 8.191000000000000000e+03 0.000000000000000000e+00 1.000000000000000000e+00 2.756099939346313477e+00
3.579999923706054688e+01 -1.796795278787612915e-01 0.000000000000000000e+00 -8.895197424862999469e-06 -1.799962967634201050e-01 0.000000000000000000e+00 8.000000000000000000e+00 8.191000000000000000e+03 0.000000000000000000e+00 1.000000000000000000e+00 2.756099939346313477e+00
3.600000000000000000e+01 -1.897440701723098755e-01 0.000000000000000000e+00 -8.647971299069467932e-06 -1.900058239698410034e-01 0.000000000000000000e+00 8.000000000000000000e+00 8.191000000000000000e+03 0.000000000000000000e+00 1.000000000000000000e+00 2.756099939346313477e+00
3.620000076293945312e+01 -1.997334510087966919e-01 0.000000000000000000e+00 -8.415026059083174914e-06 -2.000028640031814575e-01 0.000000000000000000e+00 8.000000000000000000e+00 8.191000000000000000e+03 0.000000000000000000e+00 1.000000000000000000e+00 2.756099939346313477e+00
3.640000152587890625e+01 -1.897186338901519775e-01 0.000000000000000000e+00 -7.999460649443790317e-06 -1.900058239698410034e-01 0.000000000000000000e+00 8.000000000000000000e+00 8.191000000000000000e+03 0.000000000000000000e+00 2.000000000000000000e+00 2.756099939346313477e+00
3.660000228881835938e+01 -1.796844601631164551e-01 0.000000000000000000e+00 -7.638978786417283118e-06 -1.799962967634201050e-01 0.000000000000000000e+00 7.000000000000000000e+00 8.191000000000000000e+03 0.000000000000000000e+00 2.000000000000000000e+00 2.756099939346313477e+00
3.679999923706054688e+01 -1.697053760290145874e-01 0.000000000000000000e+00 -7.317295512621058151e-06 -1.699992567300796509e-01 0.000000000000000000e+00 7.000000000000000000e+00 8.191000000000000000e+03 0.000000000000000000e+00 2.000000000000000000e+00 2.756099939346313477e+00
3.700000000000000000e+01 -1.596404016017913818e-01 0.000000000000000000e+00 -7.019121312623610720e-06 -1.600022166967391968e-01 0.000000000000000000e+00 7.000000000000000000e+00 8.191000000000000000e+03 0.000000000000000000e+00 2.000000000000000000e+00 2.756099939346313477e+00
3.720000076293945312e+01 -1.497756838798522949e-01 0.000000000000000000e+00 -6.747919996996643022e-06 -1.500051915645599365e-01 0.000000000000000000e+00 7.000000000000000000e+00 8.191000000000000000e+03 0.000000000000000000e+00 2.000000000000000000e+00 2.756099939346313477e+00
3.740000152587890625e+01 -1.396275609731674194e-01 0.000000000000000000e+00 -6.488194685516646132e-06 -1.399956643581390381e-01 0.000000000000000000e+00 7.000000000000000000e+00 8.191000000000000000e+03 0.000000000000000000e+00 2.000000000000000000e+00 2.756099939346313477e+00
3.760000228881835938e+01 -1.297465413808822632e-01 0.000000000000000000e+00 -6.250460501178167760e-06 -1.299986243247985840e-01 0.000000000000000000e+00 7.000000000000000000e+00 8.191000000000000000e+03 0.000000000000000000e+00 2.000000000000000000e+00 2.756099939346313477e+00
3.779999923706054688e+01 -1.197101995348930359e-01 0.000000000000000000e+00 -6.009256594552425668e-06 -1.200015842914581299e-01 0.000000000000000000e+00 7.000000000000000000e+00 8.191000000000000000e+03 0.000000000000000000e+00 2.000000000000000000e+00 2.756099939346313477e+00
3.800000000000000000e+01 -1.096941828727722168e-01 0.000000000000000000e+00 -5.772658369096461684e-06 -1.100045591592788696e-01 0.000000000000000000e+00 7.000000000000000000e+00 8.191000000000000000e+03 0.000000000000000000e+00 2.000000000000000000e+00 2.756099939346313477e+00
3.820000076293945312e+01 -9.974283725023269653e-02 0.000000000000000000e+00 -5.530666840058984235e-06 -9.999501705169677734e-02 0.000000000000000000e+00 7.000000000000000000e+00 8.191000000000000000e+03 0.000000000000000000e+00 2.000000000000000000e+00 2.756099939346313477e+00
3.840000152587890625e+01 -8.976225554943084717e-02 0.000000000000000000e+00 -5.287100520945386961e-06 -8.999799191951751709e-02 0.000000000000000000e+00 7.000000000000000000e+00 8.191000000000000000e+03 0.000000000000000000e+00 2.000000000000000000e+00 2.756011486053466797e+00
3.860000228881835938e+01 -7.972536981105804443e-02 0.000000000000000000e+00 -5.024294296163134277e-06 -8.000095188617706299e-02 0.000000000000000000e+00 7.000000000000000000e+00 8.191000000000000000e+03 0.000000000000000000e+00 2.000000000000000000e+00 2.756000041961669922e+00
3.879999923706054688e+01 -6.964635848999023438e-02 0.000000000000000000e+00 -4.737668405141448602e-06 -7.000392675399780273e-02 0.000000000000000000e+00 7.000000000000000000e+00 8.191000000000000000e+03 0.000000000000000000e+00 2.000000000000000000e+00 2.756000041961669922e+00
3.900000000000000000e+01 -5.967142432928085327e-02 0.000000000000000000e+00 -4.407503183756489307e-06 -5.999438837170600891e-02 0.000000000000000000e+00 7.000000000000000000e+00 8.191000000000000000e+03 0.000000000000000000e+00 2.000000000000000000e+00 2.756000041961669922e+00
3.920000076293945312e+01 -4.973936080932617188e-02 0.000000000000000000e+00 -4.034141511510824785e-06 -4.999735578894615173e-02 0.000000000000000000e+00 7.000000000000000000e+00 8.191000000000000000e+03 0.000000000000000000e+00 2.000000000000000000e+00 2.756000041961669922e+00
3.940000152587890625e+01 -3.970362246036529541e-02 0.000000000000000000e+00 -3.577850065994425677e-06 -4.000032320618629456e-02 0.000000000000000000e+00 7.000000000000000000e+00 8.191000000000000000e+03 0.000000000000000000e+00 2.000000000000000000e+00 2.756088495254516602e+00
3.960000228881835938e+01 -2.970932796597480774e-02 0.000000000000000000e+00 -3.013945388374850154e-06 -3.000328317284584045e-02 0.000000000000000000e+00 7.000000000000000000e+00 8.191000000000000000e+03 0.000000000000000000e+00 2.000000000000000000e+00 2.756099939346313477e+00
3.979999923706054688e+01 -1.972872018814086914e-02 0.000000000000000000e+00 -2.328173650312237442e-06 -1.999375596642494202e-02 0.000000000000000000e+00 7.000000000000000000e+00 8.191000000000000000e+03 0.000000000000000000e+00 2.000000000000000000e+00 2.756099939346313477e+00
4.000000000000000000e+01 -9.654853492975234985e-03 0.000000000000000000e+00 -1.520490059192525223e-06 -9.996719658374786377e-03 0.000000000000000000e+00 7.000000000000000000e+00 8.191000000000000000e+03 0.000000000000000000e+00 2.000000000000000000e+00 2.756099939346313477e+00
4.020000076293945312e+01 3.082893381360918283e-04 0.000000000000000000e+00 -5.870169843547046185e-07 3.129243850708007812e-07 0.000000000000000000e+00 7.000000000000000000e+00 8.191000000000000000e+03 0.000000000000000000e+00 2.000000000000000000e+00 2.756099939346313477e+00
4.040000152587890625e+01 1.033919304609298706e-02 0.000000000000000000e+00 5.174371722205250990e-07 9.997349232435226440e-03 0.000000000000000000e+00 6.000000000000000000e+00 8.191000000000000000e+03 0.000000000000000000e+00 2.000000000000000000e+00 2.756011486053466797e+00
4.060000228881835938e+01 2.033742889761924744e-02 0.000000000000000000e+00 1.093102355298469774e-06 1.999438367784023285e-02 0.000000000000000000e+00 6.000000000000000000e+00 7.164000000000000000e+03 0.000000000000000000e+00 2.000000000000000000e+00 2.756000041961669922e+00
4.079999923706054688e+01 2.987652458250522614e-02 0.000000000000000000e+00 3.431663117225980386e-06 3.000391460955142975e-02 0.000000000000000000e+00 7.000000000000000000e+00 6.143000000000000000e+03 0.000000000000000000e+00 2.000000000000000000e+00 2.756000041961669922e+00
4.100000000000000000e+01 4.038428887724876404e-02 0.000000000000000000e+00 5.237893674348015338e-06 4.000094905495643616e-02 0.000000000000000000e+00 7.000000000000000000e+00 8.191000000000000000e+03 0.000000000000000000e+00 2.000000000000000000e+00 2.756000041961669922e+00
4.120000076293945312e+01 5.035825818777084351e-02 0.000000000000000000e+00 7.313200057978974655e-06 4.999798536300659180e-02 0.000000000000000000e+00 7.000000000000000000e+00 8.191000000000000000e+03 0.000000000000000000e+00 2.000000000000000000e+00 2.756000041961669922e+00
4.140000152587890625e+01 6.036185473203659058e-02 0.000000000000000000e+00 9.666455298429355025e-06 5.999501794576644897e-02 0.000000000000000000e+00 7.000000000000000000e+00 8.188000000000000000e+03 0.000000000000000000e+00 2.000000000000000000e+00 2.756176710128784180e+00
4.160000228881835938e+01 7.031763345003128052e-02 0.000000000000000000e+00 1.223180606757523492e-05 7.000455260276794434e-02 0.000000000000000000e+00 8.000000000000000000e+00 8.191000000000000000e+03 0.000000000000000000e+00 2.000000000000000000e+00 2.756199836730957031e+00
4.179999923706054688e+01 8.029025793075561523e-02 0.000000000000000000e+00 1.464666001993464306e-05 8.000158518552780151e-02 0.000000000000000000e+00 8.000000000000000000e+00 8.191000000000000000e+03 0.000000000000000000e+00 2.000000000000000000e+00 2.756199836730957031e+00
4.200000000000000000e+01 9.041230380535125732e-02 0.000000000000000000e+00 1.709686875983607024e-05 8.999861776828765869e-02 0.000000000000000000e+00 8.000000000000000000e+00 8.191000000000000000e+03 0.000000000000000000e+00 2.000000000000000000e+00 2.756199836730957031e+00
4.220000076293945312e+01 1.003848239779472351e-01 0.000000000000000000e+00 1.969158984138630331e-05 9.999565780162811279e-02 0.000000000000000000e+00 8.000000000000000000e+00 8.191000000000000000e+03 0.000000000000000000e+00 2.000000000000000000e+00 2.756199836730957031e+00
4.240000152587890625e+01 1.103791892528533936e-01 0.000000000000000000e+00 2.210137063229922205e-05 1.100051850080490112e-01 0.000000000000000000e+00 8.000000000000000000e+00 8.191000000000000000e+03 0.000000000000000000e+00 2.000000000000000000e+00 2.756111383438110352e+00
4.260000228881835938e+01 1.202637553215026855e-01 0.000000000000000000e+00 2.421284807496704161e-05 1.200022250413894653e-01 0.000000000000000000e+00 8.000000000000000000e+00 8.191000000000000000e+03 0.000000000000000000e+00 2.000000000000000000e+00 2.756099939346313477e+00
4.279999923706054688e+01 1.303964555263519287e-01 0.000000000000000000e+00 2.623890759423375130e-05 1.299992501735687256e-01 0.000000000000000000e+00 8.000000000000000000e+00 8.191000000000000000e+03 0.000000000000000000e+00 2.000000000000000000e+00 2.756099939346313477e+00
4.300000000000000000e+01 1.402995288372039795e-01 0.000000000000000000e+00 2.806127486110199243e-05 1.399962902069091797e-01 0.000000000000000000e+00 8.000000000000000000e+00 8.191000000000000000e+03 0.000000000000000000e+00 2.000000000000000000e+00 2.756099939346313477e+00
4.320000076293945312e+01 1.503653228282928467e-01 0.000000000000000000e+00 2.966390275105368346e-05 1.500058174133300781e-01 0.000000000000000000e+00 8.000000000000000000e+00 8.191000000000000000e+03 0.000000000000000000e+00 2.000000000000000000e+00 2.756099939346313477e+00
4.340000152587890625e+01 1.603934764862060547e-01 0.000000000000000000e+00 3.101482434431090951e-05 1.600028574466705322e-01 0.000000000000000000e+00 8.000000000000000000e+00 8.191000000000000000e+03 0.000000000000000000e+00 2.000000000000000000e+00 2.756011486053466797e+00
4.360000228881835938e+01 1.704127788543701172e-01 0.000000000000000000e+00 3.182383079547435045e-05 1.699998974800109863e-01 0.000000000000000000e+00 8.000000000000000000e+00 8.191000000000000000e+03 0.000000000000000000e+00 2.000000000000000000e+00 2.756000041961669922e+00
4.379999923706054688e+01 1.802995949983596802e-01 0.000000000000000000e+00 3.228911373298615217e-05 1.799969226121902466e-01 0.000000000000000000e+00 8.000000000000000000e+00 8.191000000000000000e+03 0.000000000000000000e+00 2.000000000000000000e+00 2.756000041961669922e+00
4.400000000000000000e+01 1.902951896190643311e-01 0.000000000000000000e+00 3.236771954107098281e-05 1.899939626455307007e-01 0.000000000000000000e+00 8.000000000000000000e+00 8.191000000000000000e+03 0.000000000000000000e+00 2.000000000000000000e+00 2.756000041961669922e+00
4.420000076293945312e+01 2.003630101680755615e-01 0.000000000000000000e+00 3.202585139661096036e-05 2.000034898519515991e-01 0.000000000000000000e+00 8.000000000000000000e+00 8.191000000000000000e+03 0.000000000000000000e+00 2.000000000000000000e+00 2.756000041961669922e+00
4.440000152587890625e+01 2.103570550680160522e-01 0.000000000000000000e+00 3.138320244033820927e-05 2.100005298852920532e-01 0.000000000000000000e+00 8.000000000000000000e+00 8.191000000000000000e+03 0.000000000000000000e+00 2.000000000000000000e+00 2.756000041961669922e+00
4.460000228881835938e+01 2.203578650951385498e-01 0.000000000000000000e+00 3.053614273085258901e-05 2.199975699186325073e-01 0.000000000000000000e+00 8.000000000000000000e+00 8.191000000000000000e+03 0.000000000000000000e+00 2.000000000000000000e+00 2.756000041961669922e+00
4.479999923706054688e+01 2.303886413574218750e-01 0.000000000000000000e+00 2.962169492093380541e-05 2.299945950508117676e-01 0.000000000000000000e+00 8.000000000000000000e+00 8.191000000000000000e+03 0.000000000000000000e+00 2.000000000000000000e+00 2.756000041961669922e+00
4.500000000000000000e+01 2.403407394886016846e-01 0.000000000000000000e+00 2.862415203708223999e-05 2.400041371583938599e-01 0.000000000000000000e+00 8.000000000000000000e+00 8.191000000000000000e+03 0.000000000000000000e+00 2.000000000000000000e+00 2.756000041961669922e+00
4.520000076293945312e+01 2.503028213977813721e-01 0.000000000000000000e+00 2.763038537523243576e-05 2.500011622905731201e-01 0.000000000000000000e+00 8.000000000000000000e+00 8.191000000000000000e+03 0.000000000000000000e+00 2.000000000000000000e+00 2.756000041961669922e+00
4.540000152587890625e+01 2.603347301483154297e-01 0.000000000000000000e+00 2.677636985026765615e-05 2.599982023239135742e-01 0.000000000000000000e+00 8.000000000000000000e+00 8.191000000000000000e+03 0.000000000000000000e+00 2.000000000000000000e+00 2.756088495254516602e+00
4.560000228881835938e+01 2.703347504138946533e-01 0.000000000000000000e+00 2.592149758129380643e-05 2.699952423572540283e-01 0.000000000000000000e+00 8.000000000000000000e+00 8.191000000000000000e+03 0.000000000000000000e+00 2.000000000000000000e+00 2.756099939346313477e+00
4.579999923706054688e+01 2.803032994270324707e-01 0.000000000000000000e+00 2.521827809687238187e-05 2.800047695636749268e-01 0.000000000000000000e+00 8.000000000000000000e+00 8.191000000000000000e+03 0.000000000000000000e+00 2.000000000000000000e+00 2.756099939346313477e+00
4.600000000000000000e+01 2.903400361537933350e-01 0.000000000000000000e+00 2.459793176967650652e-05 2.900017797946929932e-01 0.000000000000000000e+00 8.000000000000000000e+00 8.191000000000000000e+03 0.000000000000000000e+00 2.000000000000000000e+00 2.756099939346313477e+00
4.620000076293945312e+01 3.003737330436706543e-01 0.000000000000000000e+00 2.400653283984865993e-05 2.999988198280334473e-01 0.000000000000000000e+00 8.000000000000000000e+00 8.191000000000000000e+03 0.000000000000000000e+00 2.000000000000000000e+00 2.756099939346313477e+00
4.640000152587890625e+01 2.903279364109039307e-01 0.000000000000000000e+00 2.211532773799262941e-05 2.900017797946929932e-01 0.000000000000000000e+00 8.000000000000000000e+00 8.191000000000000000e+03 0.000000000000000000e+00 2.000000000000000000e+00 2.756099939346313477e+00
4.660000228881835938e+01 2.803361415863037109e-01 0.000000000000000000e+00 2.071652488666586578e-05 2.800047695636749268e-01 0.000000000000000000e+00 8.000000000000000000e+00 8.191000000000000000e+03 0.000000000000000000e+00 2.000000000000000000e+00 2.756099939346313477e+00
4.679999923706054688e+01 2.703209817409515381e-01 0.000000000000000000e+00 1.930690632434561849e-05 2.699952423572540283e-01 0.000000000000000000e+00 8.000000000000000000e+00 8.191000000000000000e+03 0.000000000000000000e+00 2.000000000000000000e+00 2.756099939346313477e+00
4.700000000000000000e+01 2.603424787521362305e-01 0.000000000000000000e+00 1.801723192329518497e-05 2.599982023239135742e-01 0.000000000000000000e+00 8.000000000000000000e+00 8.191000000000000000e+03 0.000000000000000000e+00 2.000000000000000000e+00 2.756099939346313477e+00
4.720000076293945312e+01 2.503256499767303467e-01 0.000000000000000000e+00 1.654810330364853144e-05 2.500011622905731201e-01 0.000000000000000000e+00 8.000000000000000000e+00 8.191000000000000000e+03 0.000000000000000000e+00 2.000000000000000000e+00 2.756099939346313477e+00
4.740000152587890625e+01 2.403252571821212769e-01 0.000000000000000000e+00 1.506770604464691132e-05 2.400041371583938599e-01 0.000000000000000000e+00 8.000000000000000000e+00 8.191000000000000000e+03 0.000000000000000000e+00 2.000000000000000000e+00 2.755834579467773438e+00
4.760000228881835938e+01 2.301940023899078369e-01 0.000000000000000000e+00 1.341483039141166955e-05 2.299945950508117676e-01 0.000000000000000000e+00 8.000000000000000000e+00 8.191000000000000000e+03 0.000000000000000000e+00 2.000000000000000000e+00 2.755800008773803711e+00
4.779999923706054688e+01 2.202971428632736206e-01 0.000000000000000000e+00 1.172135944216279313e-05 2.199975699186325073e-01 0.000000000000000000e+00 8.000000000000000000e+00 8.191000000000000000e+03 0.000000000000000000e+00 2.000000000000000000e+00 2.755800008773803711e+00
4.800000000000000000e+01 2.102986276149749756e-01 0.000000000000000000e+00 1.003655233944300562e-05 2.100005298852920532e-01 0.000000000000000000e+00 8.000000000000000000e+00 8.191000000000000000e+03 0.000000000000000000e+00 2.000000000000000000e+00 2.755800008773803711e+00
4.820000076293945312e+01 2.002980411052703857e-01 0.000000000000000000e+00 8.450720997643657029e-06 2.000034898519515991e-01 0.000000000000000000e+00 8.000000000000000000e+00 8.191000000000000000e+03 0.000000000000000000e+00 2.000000000000000000e+00 2.755800008773803711e+00
4.840000152587890625e+01 1.903419792652130127e-01 0.000000000000000000e+00 6.815165306761628017e-06 1.899939626455307007e-01 0.000000000000000000e+00 8.000000000000000000e+00 8.191000000000000000e+03 0.000000000000000000e+00 2.000000000000000000e+00 2.755800008773803711e+00
4.860000228881835938e+01 1.802735328674316406e-01 0.000000000000000000e+00 5.245265128905884922e-06 1.799969226121902466e-01 0.000000000000000000e+00 7.000000000000000000e+00 8.191000000000000000e+03 0.000000000000000000e+00 2.000000000000000000e+00 2.755800008773803711e+00
4.879999923706054688e+01 1.702977269887924194e-01 0.000000000000000000e+00 3.861369350488530472e-06 1.699998974800109863e-01 0.000000000000000000e+00 7.000000000000000000e+00 8.191000000000000000e+03 0.000000000000000000e+00 2.000000000000000000e+00 2.755800008773803711e+00
4.900000000000000000e+01 1.603375822305679321e-01 0.000000000000000000e+00 2.574717200332088396e-06 1.600028574466705322e-01 0.000000000000000000e+00 7.000000000000000000e+00 8.191000000000000000e+03 0.000000000000000000e+00 2.000000000000000000e+00 2.755800008773803711e+00
4.920000076293945312e+01 1.502503454685211182e-01 0.000000000000000000e+00 1.473258407713728957e-06 1.500058174133300781e-01 0.000000000000000000e+00 7.000000000000000000e+00 8.191000000000000000e+03 0.000000000000000000e+00 2.000000000000000000e+00 2.755800008773803711e+00
4.940000152587890625e+01 1.402755230665206909e-01 0.000000000000000000e+00 4.413175602735464054e-08 1.399962902069091797e-01 0.000000000000000000e+00 7.000000000000000000e+00 8.191000000000000000e+03 0.000000000000000000e+00 2.000000000000000000e+00 2.755976676940917969e+00
4.960000228881835938e+01 1.303342431783676147e-01 0.000000000000000000e+00 -1.093766627491277177e-06 1.299992501735687256e-01 0.000000000000000000e+00 6.000000000000000000e+00 7.164000000000000000e+03 0.000000000000000000e+00 2.000000000000000000e+00 2.756000041961669922e+00
4.979999923706054688e+01 1.203492209315299988e-01 0.000000000000000000e+00 -3.521835424180608243e-06 1.200022250413894653e-01 0.000000000000000000e+00 7.000000000000000000e+00 8.191000000000000000e+03 0.000000000000000000e+00 2.000000000000000000e+00 2.756000041961669922e+00
5.000000000000000000e+01 1.102653145790100098e-01 0.000000000000000000e+00 -5.616650014417245984e-06 1.100051850080490112e-01 0.000000000000000000e+00 7.000000000000000000e+00 8.191000000000000000e+03 0.000000000000000000e+00 2.000000000000000000e+00 2.756000041961669922e+00
5.020000076293945312e+01 1.003264188766479492e-01 0.000000000000000000e+00 -7.648258360859472305e-06 9.999565780162811279e-02 0.000000000000000000e+00 7.000000000000000000e+00 8.191000000000000000e+03 0.000000000000000000e+00 2.000000000000000000e+00 2.756000041961669922e+00
5.040000152587890625e+01 9.030810743570327759e-02 0.000000000000000000e+00 -9.560646503814496100e-06 8.999861776828765869e-02 0.000000000000000000e+00 7.000000000000000000e+00 7.164000000000000000e+03 0.000000000000000000e+00 2.000000000000000000e+00 2.756000041961669922e+00
5.060000228881835938e+01 8.039399981498718262e-02 0.000000000000000000e+00 -1.167037044069729745e-05 8.000158518552780151e-02 0.000000000000000000e+00 8.000000000000000000e+00 8.191000000000000000e+03 0.000000000000000000e+00 2.000000000000000000e+00 2.756000041961669922e+00
5.079999923706054688e+01 7.031785696744918823e-02 0.000000000000000000e+00 -1.427120150765404105e-05 7.000455260276794434e-02 0.000000000000000000e+00 8.000000000000000000e+00 8.191000000000000000e+03 0.000000000000000000e+00 2.000000000000000000e+00 2.756000041961669922e+00
5.100000000000000000e+01 6.028597801923751831e-02 0.000000000000000000e+00 -1.682389120105654001e-05 5.999501794576644897e-02 0.000000000000000000e+00 8.000000000000000000e+00 8.191000000000000000e+03 0.000000000000000000e+00 2.000000000000000000e+00 2.756000041961669922e+00
5.120000076293945312e+01 5.032645538449287415e-02 0.000000000000000000e+00 -1.910148603201378137e-05 4.999798536300659180e-02 0.000000000000000000e+00 8.000000000000000000e+00 8.191000000000000000e+03 0.000000000000000000e+00 2.000000000000000000e+00 2.756000041961669922e+00
5.140000152587890625e+01 4.026490449905395508e-02 0.000000000000000000e+00 -2.095257877954281867e-05 4.000094905495643616e-02 0.000000000000000000e+00 8.000000000000000000e+00 8.191000000000000000e+03 0.000000000000000000e+00 2.000000000000000000e+00 2.755911350250244141e+00
5.160000228881835938e+01 3.033819235861301422e-02 0.000000000000000000e+00 -2.224289528385270387e-05 3.000391460955142975e-02 0.000000000000000000e+00 8.000000000000000000e+00 8.191000000000000000e+03 0.000000000000000000e+00 2.000000000000000000e+00 2.755899906158447266e+00
5.179999923706054688e+01 2.022084593772888184e-02 0.000000000000000000e+00 -2.297111132065765560e-05 1.999438367784023285e-02 0.000000000000000000e+00 8.000000000000000000e+00 8.191000000000000000e+03 0.000000000000000000e+00 2.000000000000000000e+00 2.755899906158447266e+00
5.200000000000000000e+01 1.030911132693290710e-02 0.000000000000000000e+00 -2.302185021108016372e-05 9.997349232435226440e-03 0.000000000000000000e+00 8.000000000000000000e+00 8.191000000000000000e+03 0.000000000000000000e+00 2.000000000000000000e+00 2.755899906158447266e+00
5.220000076293945312e+01 2.593818935565650463e-04 0.000000000000000000e+00 -2.262287853227462620e-05 3.129243850708007812e-07 0.000000000000000000e+00 8.000000000000000000e+00 8.191000000000000000e+03 0.000000000000000000e+00 2.000000000000000000e+00 2.755899906158447266e+00
5.240000152587890625e+01 -9.710583835840225220e-03 0.000000000000000000e+00 -2.176708039769437164e-05 -9.996719658374786377e-03 0.000000000000000000e+00 8.000000000000000000e+00 8.191000000000000000e+03 0.000000000000000000e+00 2.000000000000000000e+00 2.755899906158447266e+00
5.260000228881835938e+01 -1.970321685075759888e-02 0.000000000000000000e+00 -2.070150185318198055e-05 -1.999375596642494202e-02 0.000000000000000000e+00 8.000000000000000000e+00 8.191000000000000000e+03 0.000000000000000000e+00 2.000000000000000000e+00 2.755899906158447266e+00
5.279999923706054688e+01 -2.950789406895637512e-02 0.000000000000000000e+00 -1.948443241417407990e-05 -3.000328317284584045e-02 0.000000000000000000e+00 8.000000000000000000e+00 6.143000000000000000e+03 0.000000000000000000e+00 2.000000000000000000e+00 2.755899906158447266e+00
5.300000000000000000e+01 -3.971528634428977966e-02 0.000000000000000000e+00 -1.827636333473492414e-05 -4.000032320618629456e-02 0.000000000000000000e+00 8.000000000000000000e+00 8.191000000000000000e+03 0.000000000000000000e+00 2.000000000000000000e+00 2.755899906158447266e+00
5.320000076293945312e+01 -4.973591491580009460e-02 0.000000000000000000e+00 -1.723769128147978336e-05 -4.999735578894615173e-02 0.000000000000000000e+00 8.000000000000000000e+00 8.191000000000000000e+03 0.000000000000000000e+00 2.000000000000000000e+00 2.755899906158447266e+00
5.340000152587890625e+01 -5.966199934482574463e-02 0.000000000000000000e+00 -1.615641303942538798e-05 -5.999438837170600891e-02 0.000000000000000000e+00 8.000000000000000000e+00 8.191000000000000000e+03 0.000000000000000000e+00 2.000000000000000000e+00 2.756076574325561523e+00
5.360000228881835938e+01 -6.978680938482284546e-02 0.000000000000000000e+00 -1.521600643172860146e-05 -7.000392675399780273e-02 0.000000000000000000e+00 8.000000000000000000e+00 8.191000000000000000e+03 0.000000000000000000e+00 2.000000000000000000e+00 2.756099939346313477e+00
5.379999923706054688e+01 -7.974845916032791138e-02 0.000000000000000000e+00 -1.439822881366126239e-05 -8.000095188617706299e-02 0.000000000000000000e+00 8.000000000000000000e+00 8.191000000000000000e+03 0.000000000000000000e+00 2.000000000000000000e+00 2.756099939346313477e+00
5.400000000000000000e+01 -8.976675570011138916e-02 0.000000000000000000e+00 -1.363960109301842749e-05 -8.999799191951751709e-02 0.000000000000000000e+00 8.000000000000000000e+00 8.191000000000000000e+03 0.000000000000000000e+00 2.000000000000000000e+00 2.756099939346313477e+00
5.420000076293945312e+01 -9.968058019876480103e-02 0.000000000000000000e+00 -1.292849992751143873e-05 -9.999501705169677734e-02 0.000000000000000000e+00 8.000000000000000000e+00 8.191000000000000000e+03 0.000000000000000000e+00 2.000000000000000000e+00 2.756099939346313477e+00
5.440000152587890625e+01 -1.096831858158111572e-01 0.000000000000000000e+00 -1.227391112479381263e-05 -1.100045591592788696e-01 0.000000000000000000e+00 8.000000000000000000e+00 8.191000000000000000e+03 0.000000000000000000e+00 2.000000000000000000e+00 2.755923271179199219e+00
5.460000228881835938e+01 -1.197546869516372681e-01 0.000000000000000000e+00 -1.177114336314843968e-05 -1.200015842914581299e-01 0.000000000000000000e+00 8.000000000000000000e+00 8.191000000000000000e+03 0.000000000000000000e+00 2.000000000000000000e+00 2.755899906158447266e+00
5.479999923706054688e+01 -1.297050267457962036e-01 0.000000000000000000e+00 -1.122395042330026627e-05 -1.299986243247985840e-01 0.000000000000000000e+00 8.000000000000000000e+00 8.191000000000000000e+03 0.000000000000000000e+00 2.000000000000000000e+00 2.755899906158447266e+00
5.500000000000000000e+01 -1.397779732942581177e-01 0.000000000000000000e+00 -1.078384866559645161e-05 -1.399956643581390381e-01 0.000000000000000000e+00 8.000000000000000000e+00 8.191000000000000000e+03 0.000000000000000000e+00 2.000000000000000000e+00 2.755899906158447266e+00
5.520000076293945312e+01 -1.497775018215179443e-01 0.000000000000000000e+00 -1.035515651892637834e-05 -1.500051915645599365e-01 0.000000000000000000e+00 8.000000000000000000e+00 8.191000000000000000e+03 0.000000000000000000e+00 2.000000000000000000e+00 2.755899906158447266e+00
5.540000152587890625e+01 -1.596985906362533569e-01 0.000000000000000000e+00 -9.977983609132934362e-06 -1.600022166967391968e-01 0.000000000000000000e+00 8.000000000000000000e+00 8.191000000000000000e+03 0.000000000000000000e+00 2.000000000000000000e+00 2.755899906158447266e+00
5.560000228881835938e+01 -1.697618216276168823e-01 0.000000000000000000e+00 -9.644932106311898679e-06 -1.699992567300796509e-01 0.000000000000000000e+00 8.000000000000000000e+00 8.191000000000000000e+03 0.000000000000000000e+00 2.000000000000000000e+00 2.755899906158447266e+00
5.579999923706054688e+01 -1.796854287385940552e-01 0.000000000000000000e+00 -9.344808859168551862e-06 -1.799962967634201050e-01 0.000000000000000000e+00 8.000000000000000000e+00 8.191000000000000000e+03 0.000000000000000000e+00 2.000000000000000000e+00 2.755899906158447266e+00
5.600000000000000000e+01 -1.897392123937606812e-01 0.000000000000000000e+00 -9.060793672688305378e-06 -1.900058239698410034e-01 0.000000000000000000e+00 8.000000000000000000e+00 8.191000000000000000e+03 0.000000000000000000e+00 2.000000000000000000e+00 2.755899906158447266e+00
5.620000076293945312e+01 -1.997351795434951782e-01 0.000000000000000000e+00 -8.843306204653345048e-06 -2.000028640031814575e-01 0.000000000000000000e+00 8.000000000000000000e+00 8.191000000000000000e+03 0.000000000000000000e+00 2.000000000000000000e+00 2.755899906158447266e+00
5.640000152587890625e+01 -1.997838914394378662e-01 0.000000000000000000e+00 -8.538851943740155548e-06 -2.000028640031814575e-01 0.000000000000000000e+00 8.000000000000000000e+00 8.191000000000000000e+03 0.000000000000000000e+00 3.000000000000000000e+00 2.755899906158447266e+00
