2.000000029802322388e-01 2.621528401505202055e-04 0.000000000000000000e+00 -3.171574860516557237e-07 3.129243850708007812e-07 0.000000000000000000e+00 6.000000000000000000e+00 8.191000000000000000e+03 0.000000000000000000e+00 0.000000000000000000e+00 2.757299900054931641e+00
4.000000059604644775e-01 1.032466255128383636e-02 0.000000000000000000e+00 -1.893972410016431240e-07 9.997349232435226440e-03 0.000000000000000000e+00 6.000000000000000000e+00 8.191000000000000000e+03 0.000000000000000000e+00 0.000000000000000000e+00 2.757299900054931641e+00
6.000000238418579102e-01 2.034476213157176971e-02 0.000000000000000000e+00 -1.160838962732668733e-07 1.999438367784023285e-02 0.000000000000000000e+00 6.000000000000000000e+00 8.191000000000000000e+03 0.000000000000000000e+00 0.000000000000000000e+00 2.757200002670288086e+00
8.000000119209289551e-01 2.990589849650859833e-02 0.000000000000000000e+00 -5.931363489253271837e-08 3.000391460955142975e-02 0.000000000000000000e+00 6.000000000000000000e+00 6.143000000000000000e+03 0.000000000000000000e+00 0.000000000000000000e+00 2.757200002670288086e+00
1.000000000000000000e+00 4.037781059741973877e-02 0.000000000000000000e+00 -3.894924827108070531e-09 4.000094905495643616e-02 0.000000000000000000e+00 5.000000000000000000e+00 8.191000000000000000e+03 0.000000000000000000e+00 0.000000000000000000e+00 2.757200002670288086e+00
1.200000047683715820e+00 5.034315586090087891e-02 0.000000000000000000e+00 1.093948842623149176e-08 4.999798536300659180e-02 0.000000000000000000e+00 4.000000000000000000e+00 6.908000000000000000e+03 0.000000000000000000e+00 0.000000000000000000e+00 2.757200002670288086e+00
1.399999976158142090e+00 6.029966473579406738e-02 0.000000000000000000e+00 1.093948842623149176e-08 5.999501794576644897e-02 0.000000000000000000e+00 4.000000000000000000e+00 6.908000000000000000e+03 0.000000000000000000e+00 0.000000000000000000e+00 2.757200002670288086e+00
1.600000023841857910e+00 7.030799239873886108e-02 0.000000000000000000e+00 1.093948842623149176e-08 7.000455260276794434e-02 0.000000000000000000e+00 4.000000000000000000e+00 7.164000000000000000e+03 0.000000000000000000e+00 0.000000000000000000e+00 2.755899906158447266e+00
1.800000071525573730e+00 8.037492632865905762e-02 0.000000000000000000e+00 1.091851729029258422e-07 8.000158518552780151e-02 0.000000000000000000e+00 5.000000000000000000e+00 7.164000000000000000e+03 0.000000000000000000e+00 0.000000000000000000e+00 2.755899906158447266e+00
2.000000000000000000e+00 9.034296125173568726e-02 0.000000000000000000e+00 5.088307375444856007e-07 8.999861776828765869e-02 0.000000000000000000e+00 6.000000000000000000e+00 8.191000000000000000e+03 0.000000000000000000e+00 0.000000000000000000e+00 2.755899906158447266e+00
2.200000047683715820e+00 1.003018319606781006e-01 0.000000000000000000e+00 7.498584864151780494e-07 9.999565780162811279e-02 0.000000000000000000e+00 6.000000000000000000e+00 8.191000000000000000e+03 0.000000000000000000e+00 0.000000000000000000e+00 2.755899906158447266e+00
2.400000095367431641e+00 1.103292629122734070e-01 0.000000000000000000e+00 1.073957264452474192e-06 1.100051850080490112e-01 0.000000000000000000e+00 6.000000000000000000e+00 7.164000000000000000e+03 0.000000000000000000e+00 0.000000000000000000e+00 2.755899906158447266e+00
2.600000143051147461e+00 1.202926188707351685e-01 0.000000000000000000e+00 1.563005412208440248e-06 1.200022250413894653e-01 0.000000000000000000e+00 7.000000000000000000e+00 8.191000000000000000e+03 0.000000000000000000e+00 0.000000000000000000e+00 2.755800008773803711e+00
2.799999952316284180e+00 1.303433626890182495e-01 0.000000000000000000e+00 2.219400812464300543e-06 1.299992501735687256e-01 0.000000000000000000e+00 7.000000000000000000e+00 8.191000000000000000e+03 0.000000000000000000e+00 0.000000000000000000e+00 2.755800008773803711e+00
3.000000000000000000e+00 1.403257995843887329e-01 0.000000000000000000e+00 3.102147275058086962e-06 1.399962902069091797e-01 0.000000000000000000e+00 7.000000000000000000e+00 8.191000000000000000e+03 0.000000000000000000e+00 0.000000000000000000e+00 2.755800008773803711e+00
3.200000047683715820e+00 1.503308266401290894e-01 0.000000000000000000e+00 4.267036274541169405e-06 1.500058174133300781e-01 0.000000000000000000e+00 7.000000000000000000e+00 8.191000000000000000e+03 0.000000000000000000e+00 0.000000000000000000e+00 2.755800008773803711e+00
3.400000095367431641e+00 1.603555977344512939e-01 0.000000000000000000e+00 5.743287147197406739e-06 1.600028574466705322e-01 0.000000000000000000e+00 7.000000000000000000e+00 8.191000000000000000e+03 0.000000000000000000e+00 0.000000000000000000e+00 2.755800008773803711e+00
3.600000143051147461e+00 1.703390777111053467e-01 0.000000000000000000e+00 7.532519248343305662e-06 1.699998974800109863e-01 0.000000000000000000e+00 7.000000000000000000e+00 8.191000000000000000e+03 0.000000000000000000e+00 0.000000000000000000e+00 2.756000041961669922e+00
3.799999952316284180e+00 1.803710311651229858e-01 0.000000000000000000e+00 9.591267371433787048e-06 1.799969226121902466e-01 0.000000000000000000e+00 7.000000000000000000e+00 8.191000000000000000e+03 0.000000000000000000e+00 0.000000000000000000e+00 2.756000041961669922e+00
4.000000000000000000e+00 1.903466433286666870e-01 0.000000000000000000e+00 1.189601152873365209e-05 1.899939626455307007e-01 0.000000000000000000e+00 8.000000000000000000e+00 8.191000000000000000e+03 0.000000000000000000e+00 0.000000000000000000e+00 2.756000041961669922e+00
4.200000286102294922e+00 2.003883868455886841e-01 0.000000000000000000e+00 1.416629856976214796e-05 2.000034898519515991e-01 0.000000000000000000e+00 8.000000000000000000e+00 8.191000000000000000e+03 0.000000000000000000e+00 0.000000000000000000e+00 2.756000041961669922e+00
4.400000095367431641e+00 2.103637456893920898e-01 0.000000000000000000e+00 1.628819700272288173e-05 2.100005298852920532e-01 0.000000000000000000e+00 8.000000000000000000e+00 8.191000000000000000e+03 0.000000000000000000e+00 0.000000000000000000e+00 2.756000041961669922e+00
4.599999904632568359e+00 2.203644514083862305e-01 0.000000000000000000e+00 1.815588984754867852e-05 2.199975699186325073e-01 0.000000000000000000e+00 8.000000000000000000e+00 8.191000000000000000e+03 0.000000000000000000e+00 0.000000000000000000e+00 2.756199836730957031e+00
4.800000190734863281e+00 2.303534299135208130e-01 0.000000000000000000e+00 1.952122875081840903e-05 2.299945950508117676e-01 0.000000000000000000e+00 8.000000000000000000e+00 8.191000000000000000e+03 0.000000000000000000e+00 0.000000000000000000e+00 2.756199836730957031e+00
5.000000000000000000e+00 2.403731346130371094e-01 0.000000000000000000e+00 2.036933983617927879e-05 2.400041371583938599e-01 0.000000000000000000e+00 8.000000000000000000e+00 8.191000000000000000e+03 0.000000000000000000e+00 0.000000000000000000e+00 2.756199836730957031e+00
5.200000286102294922e+00 2.503569126129150391e-01 0.000000000000000000e+00 2.067330387944821268e-05 2.500011622905731201e-01 0.000000000000000000e+00 8.000000000000000000e+00 8.191000000000000000e+03 0.000000000000000000e+00 0.000000000000000000e+00 2.756199836730957031e+00
5.400000095367431641e+00 2.603098154067993164e-01 0.000000000000000000e+00 2.050553848675917834e-05 2.599982023239135742e-01 0.000000000000000000e+00 8.000000000000000000e+00 8.191000000000000000e+03 0.000000000000000000e+00 0.000000000000000000e+00 2.756199836730957031e+00
5.599999904632568359e+00 2.703916430473327637e-01 0.000000000000000000e+00 1.998527477553579956e-05 2.699952423572540283e-01 0.000000000000000000e+00 8.000000000000000000e+00 8.191000000000000000e+03 0.000000000000000000e+00 0.000000000000000000e+00 2.756099939346313477e+00
5.800000190734863281e+00 2.803423404693603516e-01 0.000000000000000000e+00 1.930798680405132473e-05 2.800047695636749268e-01 0.000000000000000000e+00 8.000000000000000000e+00 8.191000000000000000e+03 0.000000000000000000e+00 0.000000000000000000e+00 2.756099939346313477e+00
6.000000000000000000e+00 2.903622984886169434e-01 0.000000000000000000e+00 1.854393121902830899e-05 2.900017797946929932e-01 0.000000000000000000e+00 8.000000000000000000e+00 8.191000000000000000e+03 0.000000000000000000e+00 0.000000000000000000e+00 2.756099939346313477e+00
6.200000286102294922e+00 3.003604412078857422e-01 0.000000000000000000e+00 1.778285877662710845e-05 2.999988198280334473e-01 0.000000000000000000e+00 8.000000000000000000e+00 8.191000000000000000e+03 0.000000000000000000e+00 0.000000000000000000e+00 2.756099939346313477e+00
6.400000095367431641e+00 2.903451323509216309e-01 0.000000000000000000e+00 1.545674967928789556e-05 2.900017797946929932e-01 0.000000000000000000e+00 8.000000000000000000e+00 8.191000000000000000e+03 0.000000000000000000e+00 0.000000000000000000e+00 2.756099939346313477e+00
6.599999904632568359e+00 2.803412675857543945e-01 0.000000000000000000e+00 1.362132115900749341e-05 2.800047695636749268e-01 0.000000000000000000e+00 8.000000000000000000e+00 8.191000000000000000e+03 0.000000000000000000e+00 0.000000000000000000e+00 2.756099939346313477e+00
6.800000190734863281e+00 2.703348994255065918e-01 0.000000000000000000e+00 1.185656037705484778e-05 2.699952423572540283e-01 0.000000000000000000e+00 8.000000000000000000e+00 8.191000000000000000e+03 0.000000000000000000e+00 0.000000000000000000e+00 2.756099939346313477e+00
7.000000000000000000e+00 2.603856921195983887e-01 0.000000000000000000e+00 1.001604505290742964e-05 2.599982023239135742e-01 0.000000000000000000e+00 8.000000000000000000e+00 8.191000000000000000e+03 0.000000000000000000e+00 0.000000000000000000e+00 2.756099939346313477e+00
7.200000286102294922e+00 2.502804100513458252e-01 0.000000000000000000e+00 7.948693564685527235e-06 2.500011622905731201e-01 0.000000000000000000e+00 8.000000000000000000e+00 8.191000000000000000e+03 0.000000000000000000e+00 0.000000000000000000e+00 2.756099939346313477e+00
7.400000095367431641e+00 2.403533011674880981e-01 0.000000000000000000e+00 5.666492597811156884e-06 2.400041371583938599e-01 0.000000000000000000e+00 7.000000000000000000e+00 8.191000000000000000e+03 0.000000000000000000e+00 0.000000000000000000e+00 2.756099939346313477e+00
7.599999904632568359e+00 2.303145825862884521e-01 0.000000000000000000e+00 3.199730599590111524e-06 2.299945950508117676e-01 0.000000000000000000e+00 7.000000000000000000e+00 8.191000000000000000e+03 0.000000000000000000e+00 0.000000000000000000e+00 2.755800008773803711e+00
7.800000190734863281e+00 2.203511148691177368e-01 0.000000000000000000e+00 5.973371912659786176e-07 2.199975699186325073e-01 0.000000000000000000e+00 7.000000000000000000e+00 8.191000000000000000e+03 0.000000000000000000e+00 0.000000000000000000e+00 2.755800008773803711e+00
8.000000000000000000e+00 2.103091776371002197e-01 0.000000000000000000e+00 -1.093766627491277177e-06 2.100005298852920532e-01 0.000000000000000000e+00 6.000000000000000000e+00 7.164000000000000000e+03 0.000000000000000000e+00 0.000000000000000000e+00 2.755800008773803711e+00
8.199999809265136719e+00 2.003528177738189697e-01 0.000000000000000000e+00 -4.546694526652572677e-06 2.000034898519515991e-01 0.000000000000000000e+00 7.000000000000000000e+00 8.191000000000000000e+03 0.000000000000000000e+00 0.000000000000000000e+00 2.755800008773803711e+00
8.400000572204589844e+00 1.903843134641647339e-01 0.000000000000000000e+00 -6.801687959523405880e-06 1.899939626455307007e-01 0.000000000000000000e+00 7.000000000000000000e+00 8.191000000000000000e+03 0.000000000000000000e+00 0.000000000000000000e+00 2.755800008773803711e+00
8.600000381469726562e+00 1.803218871355056763e-01 0.000000000000000000e+00 -8.582632290199398994e-06 1.799969226121902466e-01 0.000000000000000000e+00 7.000000000000000000e+00 8.191000000000000000e+03 0.000000000000000000e+00 0.000000000000000000e+00 2.756299972534179688e+00
8.800000190734863281e+00 1.703180074691772461e-01 0.000000000000000000e+00 -9.757480256666895002e-06 1.699998974800109863e-01 0.000000000000000000e+00 7.000000000000000000e+00 8.190000000000000000e+03 0.000000000000000000e+00 0.000000000000000000e+00 2.756299972534179688e+00
9.000000000000000000e+00 1.602969169616699219e-01 0.000000000000000000e+00 -1.028981660056160763e-05 1.600028574466705322e-01 0.000000000000000000e+00 8.000000000000000000e+00 8.191000000000000000e+03 0.000000000000000000e+00 0.000000000000000000e+00 2.756299972534179688e+00
9.199999809265136719e+00 1.503445953130722046e-01 0.000000000000000000e+00 -1.029076065606204793e-05 1.500058174133300781e-01 0.000000000000000000e+00 8.000000000000000000e+00 8.191000000000000000e+03 0.000000000000000000e+00 0.000000000000000000e+00 2.756299972534179688e+00
9.400000572204589844e+00 1.403536796569824219e-01 0.000000000000000000e+00 -9.926764505507890135e-06 1.399962902069091797e-01 0.000000000000000000e+00 8.000000000000000000e+00 8.191000000000000000e+03 0.000000000000000000e+00 0.000000000000000000e+00 2.756299972534179688e+00
9.600000381469726562e+00 1.303705573081970215e-01 0.000000000000000000e+00 -9.315137504017911851e-06 1.299992501735687256e-01 0.000000000000000000e+00 8.000000000000000000e+00 8.191000000000000000e+03 0.000000000000000000e+00 0.000000000000000000e+00 2.755699872970581055e+00
9.800000190734863281e+00 1.203441619873046875e-01 0.000000000000000000e+00 -8.592962331022135913e-06 1.200022250413894653e-01 0.000000000000000000e+00 8.000000000000000000e+00 8.191000000000000000e+03 0.000000000000000000e+00 0.000000000000000000e+00 2.755699872970581055e+00
1.000000000000000000e+01 1.103096380829811096e-01 0.000000000000000000e+00 -7.921538781374692917e-06 1.100051850080490112e-01 0.000000000000000000e+00 8.000000000000000000e+00 8.191000000000000000e+03 0.000000000000000000e+00 0.000000000000000000e+00 2.755699872970581055e+00
1.019999980926513672e+01 1.003244966268539429e-01 0.000000000000000000e+00 -7.275705684151034802e-06 9.999565780162811279e-02 0.000000000000000000e+00 7.000000000000000000e+00 8.191000000000000000e+03 0.000000000000000000e+00 0.000000000000000000e+00 2.755699872970581055e+00
1.040000057220458984e+01 9.032798558473587036e-02 0.000000000000000000e+00 -6.650232990068616346e-06 8.999861776828765869e-02 0.000000000000000000e+00 7.000000000000000000e+00 8.191000000000000000e+03 0.000000000000000000e+00 0.000000000000000000e+00 2.755699872970581055e+00
1.060000038146972656e+01 8.027572929859161377e-02 0.000000000000000000e+00 -6.090237093303585425e-06 8.000158518552780151e-02 0.000000000000000000e+00 7.000000000000000000e+00 8.191000000000000000e+03 0.000000000000000000e+00 0.000000000000000000e+00 2.755899906158447266e+00
1.080000019073486328e+01 7.032711803913116455e-02 0.000000000000000000e+00 -5.597859853878617287e-06 7.000455260276794434e-02 0.000000000000000000e+00 7.000000000000000000e+00 8.191000000000000000e+03 0.000000000000000000e+00 0.000000000000000000e+00 2.755899906158447266e+00
1.100000000000000000e+01 6.036341190338134766e-02 0.000000000000000000e+00 -5.164220965525601059e-06 5.999501794576644897e-02 0.000000000000000000e+00 7.000000000000000000e+00 8.191000000000000000e+03 0.000000000000000000e+00 0.000000000000000000e+00 2.755899906158447266e+00
1.119999980926513672e+01 5.034449324011802673e-02 0.000000000000000000e+00 -4.779334631166420877e-06 4.999798536300659180e-02 0.000000000000000000e+00 7.000000000000000000e+00 8.191000000000000000e+03 0.000000000000000000e+00 0.000000000000000000e+00 2.755899906158447266e+00
1.140000057220458984e+01 4.033276811242103577e-02 0.000000000000000000e+00 -4.446099865162977949e-06 4.000094905495643616e-02 0.000000000000000000e+00 7.000000000000000000e+00 8.191000000000000000e+03 0.000000000000000000e+00 0.000000000000000000e+00 2.755899906158447266e+00
1.160000038146972656e+01 3.036662749946117401e-02 0.000000000000000000e+00 -4.156399427301948890e-06 3.000391460955142975e-02 0.000000000000000000e+00 7.000000000000000000e+00 8.191000000000000000e+03 0.000000000000000000e+00 0.000000000000000000e+00 2.755800008773803711e+00
1.180000019073486328e+01 2.032992243766784668e-02 0.000000000000000000e+00 -3.896420821547508240e-06 1.999438367784023285e-02 0.000000000000000000e+00 7.000000000000000000e+00 8.191000000000000000e+03 0.000000000000000000e+00 0.000000000000000000e+00 2.755800008773803711e+00
1.200000000000000000e+01 1.030998211354017258e-02 0.000000000000000000e+00 -3.674934987429878674e-06 9.997349232435226440e-03 0.000000000000000000e+00 7.000000000000000000e+00 8.191000000000000000e+03 0.000000000000000000e+00 0.000000000000000000e+00 2.755800008773803711e+00
1.219999980926513672e+01 2.769420680124312639e-04 0.000000000000000000e+00 -3.477335894785937853e-06 3.129243850708007812e-07 0.000000000000000000e+00 7.000000000000000000e+00 8.191000000000000000e+03 0.000000000000000000e+00 0.000000000000000000e+00 2.755800008773803711e+00
1.240000057220458984e+01 -9.680586867034435272e-03 0.000000000000000000e+00 -3.305828158772783354e-06 -9.996719658374786377e-03 0.000000000000000000e+00 7.000000000000000000e+00 8.191000000000000000e+03 0.000000000000000000e+00 0.000000000000000000e+00 2.755800008773803711e+00
1.260000038146972656e+01 -1.970189437270164490e-02 0.000000000000000000e+00 -3.157906803608057089e-06 -1.999375596642494202e-02 0.000000000000000000e+00 7.000000000000000000e+00 8.191000000000000000e+03 0.000000000000000000e+00 0.000000000000000000e+00 2.756000041961669922e+00
1.280000019073486328e+01 -2.951435185968875885e-02 0.000000000000000000e+00 -3.036749831153429113e-06 -3.000328317284584045e-02 0.000000000000000000e+00 7.000000000000000000e+00 6.143000000000000000e+03 0.000000000000000000e+00 0.000000000000000000e+00 2.756000041961669922e+00
1.300000000000000000e+01 -3.967150673270225525e-02 0.000000000000000000e+00 -2.935131988124339841e-06 -4.000032320618629456e-02 0.000000000000000000e+00 7.000000000000000000e+00 8.191000000000000000e+03 0.000000000000000000e+00 0.000000000000000000e+00 2.756000041961669922e+00
1.319999980926513672e+01 -4.967068508267402649e-02 0.000000000000000000e+00 -2.859147343770018779e-06 -4.999735578894615173e-02 0.000000000000000000e+00 7.000000000000000000e+00 8.191000000000000000e+03 0.000000000000000000e+00 0.000000000000000000e+00 2.756000041961669922e+00
1.340000057220458984e+01 -5.970336496829986572e-02 0.000000000000000000e+00 -2.808566023304592818e-06 -5.999438837170600891e-02 0.000000000000000000e+00 7.000000000000000000e+00 8.191000000000000000e+03 0.000000000000000000e+00 0.000000000000000000e+00 2.756000041961669922e+00
1.360000038146972656e+01 -6.969341635704040527e-02 0.000000000000000000e+00 -2.787269067994202487e-06 -7.000392675399780273e-02 0.000000000000000000e+00 7.000000000000000000e+00 8.191000000000000000e+03 0.000000000000000000e+00 0.000000000000000000e+00 2.756500005722045898e+00
1.380000019073486328e+01 -7.971721887588500977e-02 0.000000000000000000e+00 -2.794057081700884737e-06 -8.000095188617706299e-02 0.000000000000000000e+00 7.000000000000000000e+00 8.191000000000000000e+03 0.000000000000000000e+00 0.000000000000000000e+00 2.756500005722045898e+00
1.400000000000000000e+01 -8.967638015747070312e-02 0.000000000000000000e+00 -2.836471367118065245e-06 -8.999799191951751709e-02 0.000000000000000000e+00 7.000000000000000000e+00 8.191000000000000000e+03 0.000000000000000000e+00 0.000000000000000000e+00 2.756500005722045898e+00
1.419999980926513672e+01 -9.964867681264877319e-02 0.000000000000000000e+00 -2.919067583206924610e-06 -9.999501705169677734e-02 0.000000000000000000e+00 7.000000000000000000e+00 8.191000000000000000e+03 0.000000000000000000e+00 0.000000000000000000e+00 2.756500005722045898e+00
1.440000057220458984e+01 -1.096837595105171204e-01 0.000000000000000000e+00 -3.053987256862455979e-06 -1.100045591592788696e-01 0.000000000000000000e+00 7.000000000000000000e+00 8.191000000000000000e+03 0.000000000000000000e+00 0.000000000000000000e+00 2.756500005722045898e+00
1.460000038146972656e+01 -1.197054982185363770e-01 0.000000000000000000e+00 -3.240977775931241922e-06 -1.200015842914581299e-01 0.000000000000000000e+00 7.000000000000000000e+00 8.191000000000000000e+03 0.000000000000000000e+00 0.000000000000000000e+00 2.755899906158447266e+00
1.480000019073486328e+01 -1.296788603067398071e-01 0.000000000000000000e+00 -3.485091838228981942e-06 -1.299986243247985840e-01 0.000000000000000000e+00 7.000000000000000000e+00 8.191000000000000000e+03 0.000000000000000000e+00 0.000000000000000000e+00 2.755899906158447266e+00
1.500000000000000000e+01 -1.396543979644775391e-01 0.000000000000000000e+00 -3.785349008467164822e-06 -1.399956643581390381e-01 0.000000000000000000e+00 7.000000000000000000e+00 8.191000000000000000e+03 0.000000000000000000e+00 0.000000000000000000e+00 2.755899906158447266e+00
1.519999980926513672e+01 -1.496763676404953003e-01 0.000000000000000000e+00 -4.140638793614925817e-06 -1.500051915645599365e-01 0.000000000000000000e+00 7.000000000000000000e+00 8.191000000000000000e+03 0.000000000000000000e+00 0.000000000000000000e+00 2.755899906158447266e+00
1.540000057220458984e+01 -1.596778035163879395e-01 0.000000000000000000e+00 -4.533073479251470417e-06 -1.600022166967391968e-01 0.000000000000000000e+00 7.000000000000000000e+00 8.191000000000000000e+03 0.000000000000000000e+00 0.000000000000000000e+00 2.755899906158447266e+00
1.560000038146972656e+01 -1.697046309709548950e-01 0.000000000000000000e+00 -4.948593868903117254e-06 -1.699992567300796509e-01 0.000000000000000000e+00 7.000000000000000000e+00 8.191000000000000000e+03 0.000000000000000000e+00 0.000000000000000000e+00 2.755800008773803711e+00
1.580000019073486328e+01 -1.797154098749160767e-01 0.000000000000000000e+00 -5.328409770299913362e-06 -1.799962967634201050e-01 0.000000000000000000e+00 7.000000000000000000e+00 8.191000000000000000e+03 0.000000000000000000e+00 0.000000000000000000e+00 2.755800008773803711e+00
1.600000000000000000e+01 -1.897148191928863525e-01 0.000000000000000000e+00 -5.640774361381772906e-06 -1.900058239698410034e-01 0.000000000000000000e+00 7.000000000000000000e+00 8.191000000000000000e+03 0.000000000000000000e+00 0.000000000000000000e+00 2.755800008773803711e+00
1.620000076293945312e+01 -1.997101753950119019e-01 0.000000000000000000e+00 -5.891633918508887291e-06 -2.000028640031814575e-01 0.000000000000000000e+00 7.000000000000000000e+00 8.191000000000000000e+03 0.000000000000000000e+00 0.000000000000000000e+00 2.755800008773803711e+00
1.639999961853027344e+01 -1.897159069776535034e-01 0.000000000000000000e+00 -4.721692221210105345e-06 -1.900058239698410034e-01 0.000000000000000000e+00 7.000000000000000000e+00 8.191000000000000000e+03 0.000000000000000000e+00 1.000000000000000000e+00 2.755800008773803711e+00
1.660000038146972656e+01 -1.797577291727066040e-01 0.000000000000000000e+00 -3.955165539082372561e-06 -1.799962967634201050e-01 0.000000000000000000e+00 7.000000000000000000e+00 8.191000000000000000e+03 0.000000000000000000e+00 1.000000000000000000e+00 2.755800008773803711e+00
1.680000114440917969e+01 -1.696890741586685181e-01 0.000000000000000000e+00 -3.402947413633228280e-06 -1.699992567300796509e-01 0.000000000000000000e+00 7.000000000000000000e+00 8.191000000000000000e+03 0.000000000000000000e+00 1.000000000000000000e+00 2.755800008773803711e+00
1.700000000000000000e+01 -1.596889197826385498e-01 0.000000000000000000e+00 -2.975657707793288864e-06 -1.600022166967391968e-01 0.000000000000000000e+00 7.000000000000000000e+00 8.191000000000000000e+03 0.000000000000000000e+00 1.000000000000000000e+00 2.755800008773803711e+00
1.720000076293945312e+01 -1.497156769037246704e-01 0.000000000000000000e+00 -2.627162302815122530e-06 -1.500051915645599365e-01 0.000000000000000000e+00 7.000000000000000000e+00 8.191000000000000000e+03 0.000000000000000000e+00 1.000000000000000000e+00 2.755800008773803711e+00
1.739999961853027344e+01 -1.397170573472976685e-01 0.000000000000000000e+00 -2.336378884137957357e-06 -1.399956643581390381e-01 0.000000000000000000e+00 7.000000000000000000e+00 8.191000000000000000e+03 0.000000000000000000e+00 1.000000000000000000e+00 2.755800008773803711e+00
1.760000038146972656e+01 -1.296965032815933228e-01 0.000000000000000000e+00 -2.085030928355990909e-06 -1.299986243247985840e-01 0.000000000000000000e+00 7.000000000000000000e+00 8.191000000000000000e+03 0.000000000000000000e+00 1.000000000000000000e+00 2.756199836730957031e+00
1.780000114440917969e+01 -1.197022050619125366e-01 0.000000000000000000e+00 -1.872054440354986582e-06 -1.200015842914581299e-01 0.000000000000000000e+00 7.000000000000000000e+00 8.191000000000000000e+03 0.000000000000000000e+00 1.000000000000000000e+00 2.756199836730957031e+00
1.800000000000000000e+01 -1.097399815917015076e-01 0.000000000000000000e+00 -1.688799329713219777e-06 -1.100045591592788696e-01 0.000000000000000000e+00 7.000000000000000000e+00 8.191000000000000000e+03 0.000000000000000000e+00 1.000000000000000000e+00 2.756199836730957031e+00
1.820000076293945312e+01 -9.968283027410507202e-02 0.000000000000000000e+00 -1.534638954581168946e-06 -9.999501705169677734e-02 0.000000000000000000e+00 7.000000000000000000e+00 8.191000000000000000e+03 0.000000000000000000e+00 1.000000000000000000e+00 2.756199836730957031e+00
1.839999961853027344e+01 -8.971159905195236206e-02 0.000000000000000000e+00 -1.405647594765468966e-06 -8.999799191951751709e-02 0.000000000000000000e+00 7.000000000000000000e+00 8.191000000000000000e+03 0.000000000000000000e+00 1.000000000000000000e+00 2.756199836730957031e+00
1.860000038146972656e+01 -7.968445867300033569e-02 0.000000000000000000e+00 -1.292207343794871122e-06 -8.000095188617706299e-02 0.000000000000000000e+00 7.000000000000000000e+00 8.191000000000000000e+03 0.000000000000000000e+00 1.000000000000000000e+00 2.755800008773803711e+00
1.880000114440917969e+01 -6.970620900392532349e-02 0.000000000000000000e+00 -1.193340608551807236e-06 -7.000392675399780273e-02 0.000000000000000000e+00 7.000000000000000000e+00 8.191000000000000000e+03 0.000000000000000000e+00 1.000000000000000000e+00 2.755800008773803711e+00
1.900000000000000000e+01 -5.972567200660705566e-02 0.000000000000000000e+00 -1.107655407395213842e-06 -5.999438837170600891e-02 0.000000000000000000e+00 7.000000000000000000e+00 8.191000000000000000e+03 0.000000000000000000e+00 1.000000000000000000e+00 2.755800008773803711e+00
1.920000076293945312e+01 -4.969266802072525024e-02 0.000000000000000000e+00 -1.036858293446130119e-06 -4.999735578894615173e-02 0.000000000000000000e+00 7.000000000000000000e+00 8.191000000000000000e+03 0.000000000000000000e+00 1.000000000000000000e+00 2.755800008773803711e+00
1.939999961853027344e+01 -3.970821201801300049e-02 0.000000000000000000e+00 -9.776641718417522497e-07 -4.000032320618629456e-02 0.000000000000000000e+00 7.000000000000000000e+00 8.191000000000000000e+03 0.000000000000000000e+00 1.000000000000000000e+00 2.755800008773803711e+00
1.960000038146972656e+01 -2.967569604516029358e-02 0.000000000000000000e+00 -9.174265755973465275e-07 -3.000328317284584045e-02 0.000000000000000000e+00 7.000000000000000000e+00 8.191000000000000000e+03 0.000000000000000000e+00 1.000000000000000000e+00 2.755800008773803711e+00
1.980000114440917969e+01 -1.964827254414558411e-02 0.000000000000000000e+00 -8.712137287147925235e-07 -1.999375596642494202e-02 0.000000000000000000e+00 7.000000000000000000e+00 8.191000000000000000e+03 0.000000000000000000e+00 1.000000000000000000e+00 2.755800008773803711e+00
2.000000000000000000e+01 -9.691781364381313324e-03 0.000000000000000000e+00 -8.225869123634765856e-07 -9.996719658374786377e-03 0.000000000000000000e+00 7.000000000000000000e+00 8.191000000000000000e+03 0.000000000000000000e+00 1.000000000000000000e+00 2.755800008773803711e+00
2.020000076293945312e+01 3.422977461013942957e-04 0.000000000000000000e+00 -7.790105769345245790e-07 3.129243850708007812e-07 0.000000000000000000e+00 7.000000000000000000e+00 8.191000000000000000e+03 0.000000000000000000e+00 1.000000000000000000e+00 2.755800008773803711e+00
2.039999961853027344e+01 1.036301348358392715e-02 0.000000000000000000e+00 -7.469244565072585829e-07 9.997349232435226440e-03 0.000000000000000000e+00 6.000000000000000000e+00 8.191000000000000000e+03 0.000000000000000000e+00 1.000000000000000000e+00 2.755800008773803711e+00
2.060000038146972656e+01 2.035894431173801422e-02 0.000000000000000000e+00 -7.057870448079484049e-07 1.999438367784023285e-02 0.000000000000000000e+00 6.000000000000000000e+00 8.191000000000000000e+03 0.000000000000000000e+00 1.000000000000000000e+00 2.755800008773803711e+00
2.080000114440917969e+01 2.991002239286899567e-02 0.000000000000000000e+00 -6.632626536884345114e-07 3.000391460955142975e-02 0.000000000000000000e+00 6.000000000000000000e+00 6.143000000000000000e+03 0.000000000000000000e+00 1.000000000000000000e+00 2.755800008773803711e+00
2.100000000000000000e+01 4.034046083688735962e-02 0.000000000000000000e+00 -6.161283181427279487e-07 4.000094905495643616e-02 0.000000000000000000e+00 6.000000000000000000e+00 8.191000000000000000e+03 0.000000000000000000e+00 1.000000000000000000e+00 2.755800008773803711e+00
2.120000076293945312e+01 5.034356191754341125e-02 0.000000000000000000e+00 -5.626338861475232989e-07 4.999798536300659180e-02 0.000000000000000000e+00 6.000000000000000000e+00 8.191000000000000000e+03 0.000000000000000000e+00 1.000000000000000000e+00 2.755800008773803711e+00
2.139999961853027344e+01 6.033360585570335388e-02 0.000000000000000000e+00 -4.978039100933528971e-07 5.999501794576644897e-02 0.000000000000000000e+00 6.000000000000000000e+00 8.191000000000000000e+03 0.000000000000000000e+00 1.000000000000000000e+00 2.755800008773803711e+00
2.160000038146972656e+01 7.037691771984100342e-02 0.000000000000000000e+00 -4.157333535204088548e-07 7.000455260276794434e-02 0.000000000000000000e+00 6.000000000000000000e+00 8.191000000000000000e+03 0.000000000000000000e+00 1.000000000000000000e+00 2.756000041961669922e+00
2.180000114440917969e+01 8.030564337968826294e-02 0.000000000000000000e+00 -3.083389401581371203e-07 8.000158518552780151e-02 0.000000000000000000e+00 6.000000000000000000e+00 8.191000000000000000e+03 0.000000000000000000e+00 1.000000000000000000e+00 2.756000041961669922e+00
2.200000000000000000e+01 9.032256901264190674e-02 0.000000000000000000e+00 -1.629505277378484607e-07 8.999861776828765869e-02 0.000000000000000000e+00 6.000000000000000000e+00 8.191000000000000000e+03 0.000000000000000000e+00 1.000000000000000000e+00 2.756000041961669922e+00
2.220000076293945312e+01 1.003571376204490662e-01 0.000000000000000000e+00 3.697113726275347290e-08 9.999565780162811279e-02 0.000000000000000000e+00 6.000000000000000000e+00 8.191000000000000000e+03 0.000000000000000000e+00 1.000000000000000000e+00 2.756000041961669922e+00
2.239999961853027344e+01 1.103917285799980164e-01 0.000000000000000000e+00 1.091851729029258422e-07 1.100051850080490112e-01 0.000000000000000000e+00 5.000000000000000000e+00 7.164000000000000000e+03 0.000000000000000000e+00 1.000000000000000000e+00 2.756000041961669922e+00
2.260000038146972656e+01 1.203409060835838318e-01 0.000000000000000000e+00 7.043338428047718480e-07 1.200022250413894653e-01 0.000000000000000000e+00 6.000000000000000000e+00 8.191000000000000000e+03 0.000000000000000000e+00 1.000000000000000000e+00 2.755599975585937500e+00
2.280000114440917969e+01 1.303295493125915527e-01 0.000000000000000000e+00 1.093102355298469774e-06 1.299992501735687256e-01 0.000000000000000000e+00 6.000000000000000000e+00 7.164000000000000000e+03 0.000000000000000000e+00 1.000000000000000000e+00 2.755599975585937500e+00
2.300000000000000000e+01 1.403102725744247437e-01 0.000000000000000000e+00 2.000715312533429824e-06 1.399962902069091797e-01 0.000000000000000000e+00 7.000000000000000000e+00 8.191000000000000000e+03 0.000000000000000000e+00 1.000000000000000000e+00 2.755599975585937500e+00
2.320000076293945312e+01 1.503259241580963135e-01 0.000000000000000000e+00 3.010121645274921320e-06 1.500058174133300781e-01 0.000000000000000000e+00 7.000000000000000000e+00 8.191000000000000000e+03 0.000000000000000000e+00 1.000000000000000000e+00 2.755599975585937500e+00
2.339999961853027344e+01 1.603237688541412354e-01 0.000000000000000000e+00 4.313264525990234688e-06 1.600028574466705322e-01 0.000000000000000000e+00 7.000000000000000000e+00 8.191000000000000000e+03 0.000000000000000000e+00 1.000000000000000000e+00 2.755599975585937500e+00
2.360000038146972656e+01 1.703529208898544312e-01 0.000000000000000000e+00 5.937950390944024548e-06 1.699998974800109863e-01 0.000000000000000000e+00 7.000000000000000000e+00 8.191000000000000000e+03 0.000000000000000000e+00 1.000000000000000000e+00 2.755499839782714844e+00
2.380000114440917969e+01 1.803638339042663574e-01 0.000000000000000000e+00 7.857957825763151050e-06 1.799969226121902466e-01 0.000000000000000000e+00 7.000000000000000000e+00 8.191000000000000000e+03 0.000000000000000000e+00 1.000000000000000000e+00 2.755499839782714844e+00
2.400000000000000000e+01 1.903169900178909302e-01 0.000000000000000000e+00 1.001940563583048061e-05 1.899939626455307007e-01 0.000000000000000000e+00 7.000000000000000000e+00 8.190000000000000000e+03 0.000000000000000000e+00 1.000000000000000000e+00 2.755499839782714844e+00
2.420000076293945312e+01 2.003421485424041748e-01 0.000000000000000000e+00 1.233960301760816947e-05 2.000034898519515991e-01 0.000000000000000000e+00 8.000000000000000000e+00 8.191000000000000000e+03 0.000000000000000000e+00 1.000000000000000000e+00 2.755499839782714844e+00
2.439999961853027344e+01 2.103278636932373047e-01 0.000000000000000000e+00 1.461661031498806551e-05 2.100005298852920532e-01 0.000000000000000000e+00 8.000000000000000000e+00 8.191000000000000000e+03 0.000000000000000000e+00 1.000000000000000000e+00 2.755499839782714844e+00
2.460000038146972656e+01 2.203386574983596802e-01 0.000000000000000000e+00 1.669918674451764673e-05 2.199975699186325073e-01 0.000000000000000000e+00 8.000000000000000000e+00 8.191000000000000000e+03 0.000000000000000000e+00 1.000000000000000000e+00 2.755599975585937500e+00
2.480000114440917969e+01 2.303289026021957397e-01 0.000000000000000000e+00 1.842318124545272440e-05 2.299945950508117676e-01 0.000000000000000000e+00 8.000000000000000000e+00 8.191000000000000000e+03 0.000000000000000000e+00 1.000000000000000000e+00 2.755599975585937500e+00
2.500000000000000000e+01 2.403447479009628296e-01 0.000000000000000000e+00 1.968096148630138487e-05 2.400041371583938599e-01 0.000000000000000000e+00 8.000000000000000000e+00 8.191000000000000000e+03 0.000000000000000000e+00 1.000000000000000000e+00 2.755599975585937500e+00
2.520000076293945312e+01 2.503201663494110107e-01 0.000000000000000000e+00 2.030850737355649471e-05 2.500011622905731201e-01 0.000000000000000000e+00 8.000000000000000000e+00 8.191000000000000000e+03 0.000000000000000000e+00 1.000000000000000000e+00 2.755599975585937500e+00
2.539999961853027344e+01 2.603718042373657227e-01 0.000000000000000000e+00 2.044563734671100974e-05 2.599982023239135742e-01 0.000000000000000000e+00 8.000000000000000000e+00 8.191000000000000000e+03 0.000000000000000000e+00 1.000000000000000000e+00 2.755599975585937500e+00
2.560000038146972656e+01 2.703459262847900391e-01 0.000000000000000000e+00 2.015329118876252323e-05 2.699952423572540283e-01 0.000000000000000000e+00 8.000000000000000000e+00 8.191000000000000000e+03 0.000000000000000000e+00 1.000000000000000000e+00 2.755800008773803711e+00
2.580000114440917969e+01 2.803259193897247314e-01 0.000000000000000000e+00 1.955974948941729963e-05 2.800047695636749268e-01 0.000000000000000000e+00 8.000000000000000000e+00 8.191000000000000000e+03 0.000000000000000000e+00 1.000000000000000000e+00 2.755800008773803711e+00
2.600000000000000000e+01 2.903608977794647217e-01 0.000000000000000000e+00 1.880640593299176544e-05 2.900017797946929932e-01 0.000000000000000000e+00 8.000000000000000000e+00 8.191000000000000000e+03 0.000000000000000000e+00 1.000000000000000000e+00 2.755800008773803711e+00
2.620000076293945312e+01 3.003464341163635254e-01 0.000000000000000000e+00 1.802741098799742758e-05 2.999988198280334473e-01 0.000000000000000000e+00 8.000000000000000000e+00 8.191000000000000000e+03 0.000000000000000000e+00 1.000000000000000000e+00 2.755800008773803711e+00
2.639999961853027344e+01 2.903547883033752441e-01 0.000000000000000000e+00 1.538338983664289117e-05 2.900017797946929932e-01 0.000000000000000000e+00 8.000000000000000000e+00 8.191000000000000000e+03 0.000000000000000000e+00 1.000000000000000000e+00 2.755800008773803711e+00
2.660000038146972656e+01 2.803490459918975830e-01 0.000000000000000000e+00 1.330183840764220804e-05 2.800047695636749268e-01 0.000000000000000000e+00 8.000000000000000000e+00 8.191000000000000000e+03 0.000000000000000000e+00 1.000000000000000000e+00 2.755800008773803711e+00
2.680000114440917969e+01 2.703138589859008789e-01 0.000000000000000000e+00 1.133923433371819556e-05 2.699952423572540283e-01 0.000000000000000000e+00 8.000000000000000000e+00 8.191000000000000000e+03 0.000000000000000000e+00 1.000000000000000000e+00 2.755800008773803711e+00
2.700000000000000000e+01 2.603223323822021484e-01 0.000000000000000000e+00 9.245179171557538211e-06 2.599982023239135742e-01 0.000000000000000000e+00 8.000000000000000000e+00 8.191000000000000000e+03 0.000000000000000000e+00 1.000000000000000000e+00 2.755800008773803711e+00
2.720000076293945312e+01 2.502826750278472900e-01 0.000000000000000000e+00 7.004998678894480690e-06 2.500011622905731201e-01 0.000000000000000000e+00 8.000000000000000000e+00 8.191000000000000000e+03 0.000000000000000000e+00 1.000000000000000000e+00 2.755800008773803711e+00
2.739999961853027344e+01 2.402837276458740234e-01 0.000000000000000000e+00 4.524164523900253698e-06 2.400041371583938599e-01 0.000000000000000000e+00 7.000000000000000000e+00 8.191000000000000000e+03 0.000000000000000000e+00 1.000000000000000000e+00 2.755800008773803711e+00
2.760000038146972656e+01 2.303121984004974365e-01 0.000000000000000000e+00 1.918198904604651034e-06 2.299945950508117676e-01 0.000000000000000000e+00 7.000000000000000000e+00 8.191000000000000000e+03 0.000000000000000000e+00 1.000000000000000000e+00 2.756000041961669922e+00
2.780000114440917969e+01 2.203276604413986206e-01 0.000000000000000000e+00 -7.554920671282161493e-07 2.199975699186325073e-01 0.000000000000000000e+00 7.000000000000000000e+00 8.191000000000000000e+03 0.000000000000000000e+00 1.000000000000000000e+00 2.756000041961669922e+00
2.800000000000000000e+01 2.102730721235275269e-01 0.000000000000000000e+00 -1.093766627491277177e-06 2.100005298852920532e-01 0.000000000000000000e+00 6.000000000000000000e+00 7.164000000000000000e+03 0.000000000000000000e+00 1.000000000000000000e+00 2.756000041961669922e+00
2.820000076293945312e+01 2.003453671932220459e-01 0.000000000000000000e+00 -5.801425231766188517e-06 2.000034898519515991e-01 0.000000000000000000e+00 7.000000000000000000e+00 8.191000000000000000e+03 0.000000000000000000e+00 1.000000000000000000e+00 2.756000041961669922e+00
2.839999961853027344e+01 1.903156638145446777e-01 0.000000000000000000e+00 -7.877320058469194919e-06 1.899939626455307007e-01 0.000000000000000000e+00 7.000000000000000000e+00 8.191000000000000000e+03 0.000000000000000000e+00 1.000000000000000000e+00 2.756000041961669922e+00
2.860000038146972656e+01 1.803213804960250854e-01 0.000000000000000000e+00 -9.377110472996719182e-06 1.799969226121902466e-01 0.000000000000000000e+00 7.000000000000000000e+00 8.191000000000000000e+03 0.000000000000000000e+00 1.000000000000000000e+00 2.755800008773803711e+00
2.880000114440917969e+01 1.702856421470642090e-01 0.000000000000000000e+00 -1.020796480588614941e-05 1.699998974800109863e-01 0.000000000000000000e+00 8.000000000000000000e+00 8.191000000000000000e+03 0.000000000000000000e+00 1.000000000000000000e+00 2.755800008773803711e+00
2.900000000000000000e+01 1.603745371103286743e-01 0.000000000000000000e+00 -1.052311927196569741e-05 1.600028574466705322e-01 0.000000000000000000e+00 8.000000000000000000e+00 8.191000000000000000e+03 0.000000000000000000e+00 1.000000000000000000e+00 2.755800008773803711e+00
2.920000076293945312e+01 1.503955274820327759e-01 0.000000000000000000e+00 -1.030994917528005317e-05 1.500058174133300781e-01 0.000000000000000000e+00 8.000000000000000000e+00 8.191000000000000000e+03 0.000000000000000000e+00 1.000000000000000000e+00 2.755800008773803711e+00
2.939999961853027344e+01 1.403429210186004639e-01 0.000000000000000000e+00 -9.836067874857690185e-06 1.399962902069091797e-01 0.000000000000000000e+00 8.000000000000000000e+00 8.191000000000000000e+03 0.000000000000000000e+00 1.000000000000000000e+00 2.755800008773803711e+00
2.960000038146972656e+01 1.303221285343170166e-01 0.000000000000000000e+00 -9.196272003464400768e-06 1.299992501735687256e-01 0.000000000000000000e+00 8.000000000000000000e+00 8.191000000000000000e+03 0.000000000000000000e+00 1.000000000000000000e+00 2.755499839782714844e+00
2.980000114440917969e+01 1.203144341707229614e-01 0.000000000000000000e+00 -8.499802788719534874e-06 1.200022250413894653e-01 0.000000000000000000e+00 8.000000000000000000e+00 8.191000000000000000e+03 0.000000000000000000e+00 1.000000000000000000e+00 2.755499839782714844e+00
3.000000000000000000e+01 1.103590503334999084e-01 0.000000000000000000e+00 -7.775029189360793680e-06 1.100051850080490112e-01 0.000000000000000000e+00 8.000000000000000000e+00 8.191000000000000000e+03 0.000000000000000000e+00 1.000000000000000000e+00 2.755499839782714844e+00
3.020000076293945312e+01 1.003483161330223083e-01 0.000000000000000000e+00 -7.180618922575376928e-06 9.999565780162811279e-02 0.000000000000000000e+00 7.000000000000000000e+00 8.191000000000000000e+03 0.000000000000000000e+00 1.000000000000000000e+00 2.755499839782714844e+00
3.039999961853027344e+01 9.030155092477798462e-02 0.000000000000000000e+00 -6.593258603970753029e-06 8.999861776828765869e-02 0.000000000000000000e+00 7.000000000000000000e+00 8.191000000000000000e+03 0.000000000000000000e+00 1.000000000000000000e+00 2.755499839782714844e+00
3.060000038146972656e+01 8.036852627992630005e-02 0.000000000000000000e+00 -6.066800779080949724e-06 8.000158518552780151e-02 0.000000000000000000e+00 7.000000000000000000e+00 8.191000000000000000e+03 0.000000000000000000e+00 1.000000000000000000e+00 2.755699872970581055e+00
3.080000114440917969e+01 7.030127942562103271e-02 0.000000000000000000e+00 -5.605764272331725806e-06 7.000455260276794434e-02 0.000000000000000000e+00 7.000000000000000000e+00 8.191000000000000000e+03 0.000000000000000000e+00 1.000000000000000000e+00 2.755699872970581055e+00
3.100000000000000000e+01 6.028696894645690918e-02 0.000000000000000000e+00 -5.199355655349791050e-06 5.999501794576644897e-02 0.000000000000000000e+00 7.000000000000000000e+00 8.191000000000000000e+03 0.000000000000000000e+00 1.000000000000000000e+00 2.755699872970581055e+00
3.120000076293945312e+01 5.031517148017883301e-02 0.000000000000000000e+00 -4.844027898798231035e-06 4.999798536300659180e-02 0.000000000000000000e+00 7.000000000000000000e+00 8.191000000000000000e+03 0.000000000000000000e+00 1.000000000000000000e+00 2.755699872970581055e+00
3.139999961853027344e+01 4.030813649296760559e-02 0.000000000000000000e+00 -4.528592853603186086e-06 4.000094905495643616e-02 0.000000000000000000e+00 7.000000000000000000e+00 8.191000000000000000e+03 0.000000000000000000e+00 1.000000000000000000e+00 2.755699872970581055e+00
3.160000038146972656e+01 3.032395243644714355e-02 0.000000000000000000e+00 -4.254215582477627322e-06 3.000391460955142975e-02 0.000000000000000000e+00 7.000000000000000000e+00 8.191000000000000000e+03 0.000000000000000000e+00 1.000000000000000000e+00 2.755599975585937500e+00
3.180000114440917969e+01 2.030603773891925812e-02 0.000000000000000000e+00 -4.011581495433347300e-06 1.999438367784023285e-02 0.000000000000000000e+00 7.000000000000000000e+00 8.191000000000000000e+03 0.000000000000000000e+00 1.000000000000000000e+00 2.755599975585937500e+00
3.200000000000000000e+01 1.027141325175762177e-02 0.000000000000000000e+00 -3.803182835326879285e-06 9.997349232435226440e-03 0.000000000000000000e+00 7.000000000000000000e+00 8.191000000000000000e+03 0.000000000000000000e+00 1.000000000000000000e+00 2.755599975585937500e+00
3.220000076293945312e+01 3.686601121444255114e-04 0.000000000000000000e+00 -3.619049266490037553e-06 3.129243850708007812e-07 0.000000000000000000e+00 7.000000000000000000e+00 8.191000000000000000e+03 0.000000000000000000e+00 1.000000000000000000e+00 2.755599975585937500e+00
3.240000152587890625e+01 -9.715480729937553406e-03 0.000000000000000000e+00 -3.456025751802371815e-06 -9.996719658374786377e-03 0.000000000000000000e+00 7.000000000000000000e+00 8.191000000000000000e+03 0.000000000000000000e+00 1.000000000000000000e+00 2.755599975585937500e+00
3.260000228881835938e+01 -1.968438178300857544e-02 0.000000000000000000e+00 -3.319433972137630917e-06 -1.999375596642494202e-02 0.000000000000000000e+00 7.000000000000000000e+00 8.191000000000000000e+03 0.000000000000000000e+00 1.000000000000000000e+00 2.755800008773803711e+00
3.279999923706054688e+01 -2.952678501605987549e-02 0.000000000000000000e+00 -3.205391294613946229e-06 -3.000328317284584045e-02 0.000000000000000000e+00 7.000000000000000000e+00 6.143000000000000000e+03 0.000000000000000000e+00 1.000000000000000000e+00 2.755800008773803711e+00
3.300000000000000000e+01 -3.970262408256530762e-02 0.000000000000000000e+00 -3.109161980319186114e-06 -4.000032320618629456e-02 0.000000000000000000e+00 7.000000000000000000e+00 8.191000000000000000e+03 0.000000000000000000e+00 1.000000000000000000e+00 2.755800008773803711e+00
3.320000076293945312e+01 -4.970086365938186646e-02 0.000000000000000000e+00 -3.040343017346458510e-06 -4.999735578894615173e-02 0.000000000000000000e+00 7.000000000000000000e+00 8.191000000000000000e+03 0.000000000000000000e+00 1.000000000000000000e+00 2.755800008773803711e+00
3.340000152587890625e+01 -5.973679572343826294e-02 0.000000000000000000e+00 -2.996898274432169273e-06 -5.999438837170600891e-02 0.000000000000000000e+00 7.000000000000000000e+00 8.191000000000000000e+03 0.000000000000000000e+00 1.000000000000000000e+00 2.755800008773803711e+00
3.360000228881835938e+01 -6.969817727804183960e-02 0.000000000000000000e+00 -2.974136577904573642e-06 -7.000392675399780273e-02 0.000000000000000000e+00 7.000000000000000000e+00 8.191000000000000000e+03 0.000000000000000000e+00 1.000000000000000000e+00 2.755800008773803711e+00
3.379999923706054688e+01 -7.969682663679122925e-02 0.000000000000000000e+00 -2.991494056914234534e-06 -8.000095188617706299e-02 0.000000000000000000e+00 7.000000000000000000e+00 8.191000000000000000e+03 0.000000000000000000e+00 1.000000000000000000e+00 2.755800008773803711e+00
3.400000000000000000e+01 -8.968638628721237183e-02 0.000000000000000000e+00 -3.035998361156089231e-06 -8.999799191951751709e-02 0.000000000000000000e+00 7.000000000000000000e+00 8.191000000000000000e+03 0.000000000000000000e+00 1.000000000000000000e+00 2.755800008773803711e+00
3.420000076293945312e+01 -9.967263787984848022e-02 0.000000000000000000e+00 -3.118356744380434975e-06 -9.999501705169677734e-02 0.000000000000000000e+00 7.000000000000000000e+00 8.191000000000000000e+03 0.000000000000000000e+00 1.000000000000000000e+00 2.755800008773803711e+00
3.440000152587890625e+01 -1.096936613321304321e-01 0.000000000000000000e+00 -3.245901098125614226e-06 -1.100045591592788696e-01 0.000000000000000000e+00 7.000000000000000000e+00 8.191000000000000000e+03 0.000000000000000000e+00 1.000000000000000000e+00 2.755800008773803711e+00
3.460000228881835938e+01 -1.196854040026664734e-01 0.000000000000000000e+00 -3.419064796617021784e-06 -1.200015842914581299e-01 0.000000000000000000e+00 7.000000000000000000e+00 8.191000000000000000e+03 0.000000000000000000e+00 1.000000000000000000e+00 2.755599975585937500e+00
3.479999923706054688e+01 -1.297016888856887817e-01 0.000000000000000000e+00 -3.641814828370115720e-06 -1.299986243247985840e-01 0.000000000000000000e+00 7.000000000000000000e+00 8.191000000000000000e+03 0.000000000000000000e+00 1.000000000000000000e+00 2.755599975585937500e+00
3.500000000000000000e+01 -1.397397965192794800e-01 0.000000000000000000e+00 -3.906947313225828111e-06 -1.399956643581390381e-01 0.000000000000000000e+00 7.000000000000000000e+00 8.191000000000000000e+03 0.000000000000000000e+00 1.000000000000000000e+00 2.755599975585937500e+00
3.520000076293945312e+01 -1.497153788805007935e-01 0.000000000000000000e+00 -4.213250576867721975e-06 -1.500051915645599365e-01 0.000000000000000000e+00 7.000000000000000000e+00 8.191000000000000000e+03 0.000000000000000000e+00 1.000000000000000000e+00 2.755599975585937500e+00
3.540000152587890625e+01 -1.596787720918655396e-01 0.000000000000000000e+00 -4.537095264822710305e-06 -1.600022166967391968e-01 0.000000000000000000e+00 7.000000000000000000e+00 8.191000000000000000e+03 0.000000000000000000e+00 1.000000000000000000e+00 2.755599975585937500e+00
3.560000228881835938e+01 -1.696985363960266113e-01 0.000000000000000000e+00 -4.851809080719249323e-06 -1.699992567300796509e-01 0.000000000000000000e+00 7.000000000000000000e+00 8.191000000000000000e+03 0.000000000000000000e+00 1.000000000000000000e+00 2.756000041961669922e+00
3.579999923706054688e+01 -1.796952337026596069e-01 0.000000000000000000e+00 -5.133560080139432102e-06 -1.799962967634201050e-01 0.000000000000000000e+00 7.000000000000000000e+00 8.191000000000000000e+03 0.000000000000000000e+00 1.000000000000000000e+00 2.756000041961669922e+00
3.600000000000000000e+01 -1.897153854370117188e-01 0.000000000000000000e+00 -5.375870841817231849e-06 -1.900058239698410034e-01 0.000000000000000000e+00 7.000000000000000000e+00 8.191000000000000000e+03 0.000000000000000000e+00 1.000000000000000000e+00 2.756000041961669922e+00
3.620000076293945312e+01 -1.997047215700149536e-01 0.000000000000000000e+00 -5.614813744614366442e-06 -2.000028640031814575e-01 0.000000000000000000e+00 7.000000000000000000e+00 8.191000000000000000e+03 0.000000000000000000e+00 1.000000000000000000e+00 2.756000041961669922e+00
3.640000152587890625e+01 -1.897054314613342285e-01 0.000000000000000000e+00 -4.525309122982434928e-06 -1.900058239698410034e-01 0.000000000000000000e+00 7.000000000000000000e+00 8.191000000000000000e+03 0.000000000000000000e+00 2.000000000000000000e+00 2.756000041961669922e+00
3.660000228881835938e+01 -1.797112226486206055e-01 0.000000000000000000e+00 -3.818178356596035883e-06 -1.799962967634201050e-01 0.000000000000000000e+00 7.000000000000000000e+00 8.191000000000000000e+03 0.000000000000000000e+00 2.000000000000000000e+00 2.755599975585937500e+00
3.679999923706054688e+01 -1.697190403938293457e-01 0.000000000000000000e+00 -3.307739916635910049e-06 -1.699992567300796509e-01 0.000000000000000000e+00 7.000000000000000000e+00 8.191000000000000000e+03 0.000000000000000000e+00 2.000000000000000000e+00 2.755599975585937500e+00
3.700000000000000000e+01 -1.597489714622497559e-01 0.000000000000000000e+00 -2.919302460213657469e-06 -1.600022166967391968e-01 0.000000000000000000e+00 7.000000000000000000e+00 8.191000000000000000e+03 0.000000000000000000e+00 2.000000000000000000e+00 2.755599975585937500e+00
3.720000076293945312e+01 -1.497118771076202393e-01 0.000000000000000000e+00 -2.622141437313985080e-06 -1.500051915645599365e-01 0.000000000000000000e+00 7.000000000000000000e+00 8.191000000000000000e+03 0.000000000000000000e+00 2.000000000000000000e+00 2.755599975585937500e+00
3.740000152587890625e+01 -1.397037804126739502e-01 0.000000000000000000e+00 -2.369192770856898278e-06 -1.399956643581390381e-01 0.000000000000000000e+00 7.000000000000000000e+00 8.191000000000000000e+03 0.000000000000000000e+00 2.000000000000000000e+00 2.755599975585937500e+00
3.760000228881835938e+01 -1.297069489955902100e-01 0.000000000000000000e+00 -2.158295956178335473e-06 -1.299986243247985840e-01 0.000000000000000000e+00 7.000000000000000000e+00 8.191000000000000000e+03 0.000000000000000000e+00 2.000000000000000000e+00 2.755699872970581055e+00
3.779999923706054688e+01 -1.197325810790061951e-01 0.000000000000000000e+00 -1.979019771169987507e-06 -1.200015842914581299e-01 0.000000000000000000e+00 7.000000000000000000e+00 8.191000000000000000e+03 0.000000000000000000e+00 2.000000000000000000e+00 2.755699872970581055e+00
3.800000000000000000e+01 -1.097071766853332520e-01 0.000000000000000000e+00 -1.817983388718857896e-06 -1.100045591592788696e-01 0.000000000000000000e+00 7.000000000000000000e+00 8.191000000000000000e+03 0.000000000000000000e+00 2.000000000000000000e+00 2.755699872970581055e+00
3.820000076293945312e+01 -9.973613172769546509e-02 0.000000000000000000e+00 -1.680264404058107175e-06 -9.999501705169677734e-02 0.000000000000000000e+00 7.000000000000000000e+00 8.191000000000000000e+03 0.000000000000000000e+00 2.000000000000000000e+00 2.755699872970581055e+00
3.840000152587890625e+01 -8.968631178140640259e-02 0.000000000000000000e+00 -1.560569103276066016e-06 -8.999799191951751709e-02 0.000000000000000000e+00 7.000000000000000000e+00 8.191000000000000000e+03 0.000000000000000000e+00 2.000000000000000000e+00 2.755699872970581055e+00
3.860000228881835938e+01 -7.974196970462799072e-02 0.000000000000000000e+00 -1.451986577194475103e-06 -8.000095188617706299e-02 0.000000000000000000e+00 7.000000000000000000e+00 8.191000000000000000e+03 0.000000000000000000e+00 2.000000000000000000e+00 2.755599975585937500e+00
3.879999923706054688e+01 -6.972859799861907959e-02 0.000000000000000000e+00 -1.358292820441420190e-06 -7.000392675399780273e-02 0.000000000000000000e+00 7.000000000000000000e+00 8.191000000000000000e+03 0.000000000000000000e+00 2.000000000000000000e+00 2.755599975585937500e+00
3.900000000000000000e+01 -5.970519408583641052e-02 0.000000000000000000e+00 -1.278272975469008088e-06 -5.999438837170600891e-02 0.000000000000000000e+00 7.000000000000000000e+00 8.191000000000000000e+03 0.000000000000000000e+00 2.000000000000000000e+00 2.755599975585937500e+00
3.920000076293945312e+01 -4.971899092197418213e-02 0.000000000000000000e+00 -1.209142396874085534e-06 -4.999735578894615173e-02 0.000000000000000000e+00 7.000000000000000000e+00 8.191000000000000000e+03 0.000000000000000000e+00 2.000000000000000000e+00 2.755599975585937500e+00
3.940000152587890625e+01 -3.967870026826858521e-02 0.000000000000000000e+00 -1.142929590969288256e-06 -4.000032320618629456e-02 0.000000000000000000e+00 7.000000000000000000e+00 8.191000000000000000e+03 0.000000000000000000e+00 2.000000000000000000e+00 2.755599975585937500e+00
3.960000228881835938e+01 -2.969463728368282318e-02 0.000000000000000000e+00 -1.084609152712801006e-06 -3.000328317284584045e-02 0.000000000000000000e+00 7.000000000000000000e+00 8.191000000000000000e+03 0.000000000000000000e+00 2.000000000000000000e+00 2.755599975585937500e+00
3.979999923706054688e+01 -1.967340707778930664e-02 0.000000000000000000e+00 -1.035136506288836244e-06 -1.999375596642494202e-02 0.000000000000000000e+00 7.000000000000000000e+00 8.191000000000000000e+03 0.000000000000000000e+00 2.000000000000000000e+00 2.755599975585937500e+00
4.000000000000000000e+01 -9.684328921139240265e-03 0.000000000000000000e+00 -9.890919727695290931e-07 -9.996719658374786377e-03 0.000000000000000000e+00 7.000000000000000000e+00 8.191000000000000000e+03 0.000000000000000000e+00 2.000000000000000000e+00 2.755599975585937500e+00
4.020000076293945312e+01 2.916645316872745752e-04 0.000000000000000000e+00 -9.424862241758091841e-07 3.129243850708007812e-07 0.000000000000000000e+00 7.000000000000000000e+00 8.191000000000000000e+03 0.000000000000000000e+00 2.000000000000000000e+00 2.755599975585937500e+00
4.040000152587890625e+01 1.035332772880792618e-02 0.000000000000000000e+00 -9.056708449861616828e-07 9.997349232435226440e-03 0.000000000000000000e+00 7.000000000000000000e+00 8.191000000000000000e+03 0.000000000000000000e+00 2.000000000000000000e+00 2.755599975585937500e+00
4.060000228881835938e+01 2.032462134957313538e-02 0.000000000000000000e+00 -8.604307026871538255e-07 1.999438367784023285e-02 0.000000000000000000e+00 7.000000000000000000e+00 8.191000000000000000e+03 0.000000000000000000e+00 2.000000000000000000e+00 2.755800008773803711e+00
4.079999923706054688e+01 2.993339858949184418e-02 0.000000000000000000e+00 -8.178805046554771252e-07 3.000391460955142975e-02 0.000000000000000000e+00 7.000000000000000000e+00 6.143000000000000000e+03 0.000000000000000000e+00 2.000000000000000000e+00 2.755800008773803711e+00
4.100000000000000000e+01 4.028209671378135681e-02 0.000000000000000000e+00 -7.734090559097239748e-07 4.000094905495643616e-02 0.000000000000000000e+00 7.000000000000000000e+00 8.191000000000000000e+03 0.000000000000000000e+00 2.000000000000000000e+00 2.755800008773803711e+00
4.120000076293945312e+01 5.034907534718513489e-02 0.000000000000000000e+00 -7.291546353371813893e-07 4.999798536300659180e-02 0.000000000000000000e+00 6.000000000000000000e+00 8.191000000000000000e+03 0.000000000000000000e+00 2.000000000000000000e+00 2.755800008773803711e+00
4.140000152587890625e+01 6.028194352984428406e-02 0.000000000000000000e+00 -6.685126550109998789e-07 5.999501794576644897e-02 0.000000000000000000e+00 6.000000000000000000e+00 8.191000000000000000e+03 0.000000000000000000e+00 2.000000000000000000e+00 2.755800008773803711e+00
4.160000228881835938e+01 7.033400237560272217e-02 0.000000000000000000e+00 -5.938173899266985245e-07 7.000455260276794434e-02 0.000000000000000000e+00 6.000000000000000000e+00 8.191000000000000000e+03 0.000000000000000000e+00 2.000000000000000000e+00 2.755699872970581055e+00
4.179999923706054688e+01 8.033236861228942871e-02 0.000000000000000000e+00 -4.979905838808917906e-07 8.000158518552780151e-02 0.000000000000000000e+00 6.000000000000000000e+00 8.191000000000000000e+03 0.000000000000000000e+00 2.000000000000000000e+00 2.755699872970581055e+00
4.200000000000000000e+01 9.031213074922561646e-02 0.000000000000000000e+00 -3.688217020680895075e-07 8.999861776828765869e-02 0.000000000000000000e+00 6.000000000000000000e+00 8.191000000000000000e+03 0.000000000000000000e+00 2.000000000000000000e+00 2.755699872970581055e+00
4.220000076293945312e+01 1.003022342920303345e-01 0.000000000000000000e+00 -1.931919655362435151e-07 9.999565780162811279e-02 0.000000000000000000e+00 6.000000000000000000e+00 8.191000000000000000e+03 0.000000000000000000e+00 2.000000000000000000e+00 2.755699872970581055e+00
4.240000152587890625e+01 1.103550419211387634e-01 0.000000000000000000e+00 4.880975268406473333e-08 1.100051850080490112e-01 0.000000000000000000e+00 6.000000000000000000e+00 8.191000000000000000e+03 0.000000000000000000e+00 2.000000000000000000e+00 2.755699872970581055e+00
4.260000228881835938e+01 1.204365342855453491e-01 0.000000000000000000e+00 1.091851729029258422e-07 1.200022250413894653e-01 0.000000000000000000e+00 5.000000000000000000e+00 7.164000000000000000e+03 0.000000000000000000e+00 2.000000000000000000e+00 2.755399942398071289e+00
4.279999923706054688e+01 1.303297430276870728e-01 0.000000000000000000e+00 8.574579055675712880e-07 1.299992501735687256e-01 0.000000000000000000e+00 6.000000000000000000e+00 8.191000000000000000e+03 0.000000000000000000e+00 2.000000000000000000e+00 2.755399942398071289e+00
4.300000000000000000e+01 1.403518170118331909e-01 0.000000000000000000e+00 1.093102355298469774e-06 1.399962902069091797e-01 0.000000000000000000e+00 6.000000000000000000e+00 7.164000000000000000e+03 0.000000000000000000e+00 2.000000000000000000e+00 2.755399942398071289e+00
4.320000076293945312e+01 1.503115296363830566e-01 0.000000000000000000e+00 2.407126657999469899e-06 1.500058174133300781e-01 0.000000000000000000e+00 7.000000000000000000e+00 8.191000000000000000e+03 0.000000000000000000e+00 2.000000000000000000e+00 2.755399942398071289e+00
4.340000152587890625e+01 1.602947860956192017e-01 0.000000000000000000e+00 3.585121703508775681e-06 1.600028574466705322e-01 0.000000000000000000e+00 7.000000000000000000e+00 8.191000000000000000e+03 0.000000000000000000e+00 2.000000000000000000e+00 2.755399942398071289e+00
4.360000228881835938e+01 1.703142821788787842e-01 0.000000000000000000e+00 5.082805273559642956e-06 1.699998974800109863e-01 0.000000000000000000e+00 7.000000000000000000e+00 8.191000000000000000e+03 0.000000000000000000e+00 2.000000000000000000e+00 2.755899906158447266e+00
4.379999923706054688e+01 1.803273260593414307e-01 0.000000000000000000e+00 6.887143626954639331e-06 1.799969226121902466e-01 0.000000000000000000e+00 7.000000000000000000e+00 8.191000000000000000e+03 0.000000000000000000e+00 2.000000000000000000e+00 2.755899906158447266e+00
4.400000000000000000e+01 1.902917027473449707e-01 0.000000000000000000e+00 8.957953468780033290e-06 1.899939626455307007e-01 0.000000000000000000e+00 7.000000000000000000e+00 8.191000000000000000e+03 0.000000000000000000e+00 2.000000000000000000e+00 2.755899906158447266e+00
4.420000076293945312e+01 2.003377079963684082e-01 0.000000000000000000e+00 1.124575828725937754e-05 2.000034898519515991e-01 0.000000000000000000e+00 8.000000000000000000e+00 8.191000000000000000e+03 0.000000000000000000e+00 2.000000000000000000e+00 2.755899906158447266e+00
4.440000152587890625e+01 2.103400230407714844e-01 0.000000000000000000e+00 1.355696531391004100e-05 2.100005298852920532e-01 0.000000000000000000e+00 8.000000000000000000e+00 8.191000000000000000e+03 0.000000000000000000e+00 2.000000000000000000e+00 2.755899906158447266e+00
4.460000228881835938e+01 2.203473895788192749e-01 0.000000000000000000e+00 1.577131661179009825e-05 2.199975699186325073e-01 0.000000000000000000e+00 8.000000000000000000e+00 8.191000000000000000e+03 0.000000000000000000e+00 2.000000000000000000e+00 2.755199909210205078e+00
4.479999923706054688e+01 2.303314954042434692e-01 0.000000000000000000e+00 1.767431967891752720e-05 2.299945950508117676e-01 0.000000000000000000e+00 8.000000000000000000e+00 8.191000000000000000e+03 0.000000000000000000e+00 2.000000000000000000e+00 2.755199909210205078e+00
4.500000000000000000e+01 2.403158247470855713e-01 0.000000000000000000e+00 1.914808126457501203e-05 2.400041371583938599e-01 0.000000000000000000e+00 8.000000000000000000e+00 8.191000000000000000e+03 0.000000000000000000e+00 2.000000000000000000e+00 2.755199909210205078e+00
4.520000076293945312e+01 2.503346800804138184e-01 0.000000000000000000e+00 2.010444404731970280e-05 2.500011622905731201e-01 0.000000000000000000e+00 8.000000000000000000e+00 8.191000000000000000e+03 0.000000000000000000e+00 2.000000000000000000e+00 2.755199909210205078e+00
4.540000152587890625e+01 2.603647708892822266e-01 0.000000000000000000e+00 2.047795715043321252e-05 2.599982023239135742e-01 0.000000000000000000e+00 8.000000000000000000e+00 8.191000000000000000e+03 0.000000000000000000e+00 2.000000000000000000e+00 2.755199909210205078e+00
4.560000228881835938e+01 2.703470587730407715e-01 0.000000000000000000e+00 2.036217301792930812e-05 2.699952423572540283e-01 0.000000000000000000e+00 8.000000000000000000e+00 8.191000000000000000e+03 0.000000000000000000e+00 2.000000000000000000e+00 2.755699872970581055e+00
4.579999923706054688e+01 2.803608477115631104e-01 0.000000000000000000e+00 1.985948256333358586e-05 2.800047695636749268e-01 0.000000000000000000e+00 8.000000000000000000e+00 8.191000000000000000e+03 0.000000000000000000e+00 2.000000000000000000e+00 2.755699872970581055e+00
4.600000000000000000e+01 2.903570830821990967e-01 0.000000000000000000e+00 1.921453986142296344e-05 2.900017797946929932e-01 0.000000000000000000e+00 8.000000000000000000e+00 8.191000000000000000e+03 0.000000000000000000e+00 2.000000000000000000e+00 2.755699872970581055e+00
4.620000076293945312e+01 3.003209829330444336e-01 0.000000000000000000e+00 1.838996104197576642e-05 2.999988198280334473e-01 0.000000000000000000e+00 8.000000000000000000e+00 8.191000000000000000e+03 0.000000000000000000e+00 2.000000000000000000e+00 2.755699872970581055e+00
4.640000152587890625e+01 2.903003990650177002e-01 0.000000000000000000e+00 1.548499312775675207e-05 2.900017797946929932e-01 0.000000000000000000e+00 8.000000000000000000e+00 8.191000000000000000e+03 0.000000000000000000e+00 2.000000000000000000e+00 2.755699872970581055e+00
4.660000228881835938e+01 2.803316116333007812e-01 0.000000000000000000e+00 1.320090996159706265e-05 2.800047695636749268e-01 0.000000000000000000e+00 8.000000000000000000e+00 8.191000000000000000e+03 0.000000000000000000e+00 2.000000000000000000e+00 2.755599975585937500e+00
4.679999923706054688e+01 2.703168094158172607e-01 0.000000000000000000e+00 1.100481676985509694e-05 2.699952423572540283e-01 0.000000000000000000e+00 8.000000000000000000e+00 8.191000000000000000e+03 0.000000000000000000e+00 2.000000000000000000e+00 2.755599975585937500e+00
4.700000000000000000e+01 2.603349387645721436e-01 0.000000000000000000e+00 8.735250048630405217e-06 2.599982023239135742e-01 0.000000000000000000e+00 8.000000000000000000e+00 8.191000000000000000e+03 0.000000000000000000e+00 2.000000000000000000e+00 2.755599975585937500e+00
4.720000076293945312e+01 2.503255903720855713e-01 0.000000000000000000e+00 6.325058166112285107e-06 2.500011622905731201e-01 0.000000000000000000e+00 8.000000000000000000e+00 8.191000000000000000e+03 0.000000000000000000e+00 2.000000000000000000e+00 2.755599975585937500e+00
4.740000152587890625e+01 2.403116971254348755e-01 0.000000000000000000e+00 3.673634182632667944e-06 2.400041371583938599e-01 0.000000000000000000e+00 7.000000000000000000e+00 8.191000000000000000e+03 0.000000000000000000e+00 2.000000000000000000e+00 2.755599975585937500e+00
4.760000228881835938e+01 2.302902489900588989e-01 0.000000000000000000e+00 9.612863323127385229e-07 2.299945950508117676e-01 0.000000000000000000e+00 7.000000000000000000e+00 8.191000000000000000e+03 0.000000000000000000e+00 2.000000000000000000e+00 2.755300045013427734e+00
4.779999923706054688e+01 2.203228920698165894e-01 0.000000000000000000e+00 -1.754953586896590423e-06 2.199975699186325073e-01 0.000000000000000000e+00 7.000000000000000000e+00 8.191000000000000000e+03 0.000000000000000000e+00 2.000000000000000000e+00 2.755300045013427734e+00
4.800000000000000000e+01 2.103372067213058472e-01 0.000000000000000000e+00 -4.341080966696608812e-06 2.100005298852920532e-01 0.000000000000000000e+00 7.000000000000000000e+00 8.191000000000000000e+03 0.000000000000000000e+00 2.000000000000000000e+00 2.755300045013427734e+00
4.820000076293945312e+01 2.003217935562133789e-01 0.000000000000000000e+00 -6.663714430032996461e-06 2.000034898519515991e-01 0.000000000000000000e+00 7.000000000000000000e+00 8.191000000000000000e+03 0.000000000000000000e+00 2.000000000000000000e+00 2.755300045013427734e+00
4.840000152587890625e+01 1.903067529201507568e-01 0.000000000000000000e+00 -8.524069016857538372e-06 1.899939626455307007e-01 0.000000000000000000e+00 7.000000000000000000e+00 8.191000000000000000e+03 0.000000000000000000e+00 2.000000000000000000e+00 2.755300045013427734e+00
4.860000228881835938e+01 1.803112328052520752e-01 0.000000000000000000e+00 -9.776957995200064033e-06 1.799969226121902466e-01 0.000000000000000000e+00 7.000000000000000000e+00 8.190000000000000000e+03 0.000000000000000000e+00 2.000000000000000000e+00 2.755800008773803711e+00
4.879999923706054688e+01 1.703236550092697144e-01 0.000000000000000000e+00 -1.037606762110954151e-05 1.699998974800109863e-01 0.000000000000000000e+00 8.000000000000000000e+00 8.191000000000000000e+03 0.000000000000000000e+00 2.000000000000000000e+00 2.755800008773803711e+00
4.900000000000000000e+01 1.603097319602966309e-01 0.000000000000000000e+00 -1.045071712724165991e-05 1.600028574466705322e-01 0.000000000000000000e+00 8.000000000000000000e+00 8.191000000000000000e+03 0.000000000000000000e+00 2.000000000000000000e+00 2.755800008773803711e+00
4.920000076293945312e+01 1.503202319145202637e-01 0.000000000000000000e+00 -1.014510962704662234e-05 1.500058174133300781e-01 0.000000000000000000e+00 8.000000000000000000e+00 8.191000000000000000e+03 0.000000000000000000e+00 2.000000000000000000e+00 2.755800008773803711e+00
4.940000152587890625e+01 1.403206735849380493e-01 0.000000000000000000e+00 -9.567066626914311200e-06 1.399962902069091797e-01 0.000000000000000000e+00 8.000000000000000000e+00 8.191000000000000000e+03 0.000000000000000000e+00 2.000000000000000000e+00 2.755800008773803711e+00
4.960000228881835938e+01 1.303102374076843262e-01 0.000000000000000000e+00 -8.876604624674655497e-06 1.299992501735687256e-01 0.000000000000000000e+00 8.000000000000000000e+00 8.191000000000000000e+03 0.000000000000000000e+00 2.000000000000000000e+00 2.755300045013427734e+00
4.979999923706054688e+01 1.203174516558647156e-01 0.000000000000000000e+00 -8.195269401767291129e-06 1.200022250413894653e-01 0.000000000000000000e+00 8.000000000000000000e+00 8.191000000000000000e+03 0.000000000000000000e+00 2.000000000000000000e+00 2.755300045013427734e+00
5.000000000000000000e+01 1.103034764528274536e-01 0.000000000000000000e+00 -7.531027222285047174e-06 1.100051850080490112e-01 0.000000000000000000e+00 8.000000000000000000e+00 8.191000000000000000e+03 0.000000000000000000e+00 2.000000000000000000e+00 2.755300045013427734e+00
5.020000076293945312e+01 1.003453731536865234e-01 0.000000000000000000e+00 -6.932725227670744061e-06 9.999565780162811279e-02 0.000000000000000000e+00 7.000000000000000000e+00 8.191000000000000000e+03 0.000000000000000000e+00 2.000000000000000000e+00 2.755300045013427734e+00
5.040000152587890625e+01 9.035878628492355347e-02 0.000000000000000000e+00 -6.374624717864207923e-06 8.999861776828765869e-02 0.000000000000000000e+00 7.000000000000000000e+00 8.191000000000000000e+03 0.000000000000000000e+00 2.000000000000000000e+00 2.755300045013427734e+00
5.060000228881835938e+01 8.033838123083114624e-02 0.000000000000000000e+00 -5.884817255719099194e-06 8.000158518552780151e-02 0.000000000000000000e+00 7.000000000000000000e+00 8.191000000000000000e+03 0.000000000000000000e+00 2.000000000000000000e+00 2.755499839782714844e+00
5.079999923706054688e+01 7.032819092273712158e-02 0.000000000000000000e+00 -5.450983735499903560e-06 7.000455260276794434e-02 0.000000000000000000e+00 7.000000000000000000e+00 8.191000000000000000e+03 0.000000000000000000e+00 2.000000000000000000e+00 2.755499839782714844e+00
5.100000000000000000e+01 6.028806045651435852e-02 0.000000000000000000e+00 -5.066852281743194908e-06 5.999501794576644897e-02 0.000000000000000000e+00 7.000000000000000000e+00 8.191000000000000000e+03 0.000000000000000000e+00 2.000000000000000000e+00 2.755499839782714844e+00
5.120000076293945312e+01 5.032083019614219666e-02 0.000000000000000000e+00 -4.735741185868391767e-06 4.999798536300659180e-02 0.000000000000000000e+00 7.000000000000000000e+00 8.191000000000000000e+03 0.000000000000000000e+00 2.000000000000000000e+00 2.755499839782714844e+00
5.140000152587890625e+01 4.029842093586921692e-02 0.000000000000000000e+00 -4.442290901351952925e-06 4.000094905495643616e-02 0.000000000000000000e+00 7.000000000000000000e+00 8.191000000000000000e+03 0.000000000000000000e+00 2.000000000000000000e+00 2.755499839782714844e+00
5.160000228881835938e+01 3.031702525913715363e-02 0.000000000000000000e+00 -4.181807071290677413e-06 3.000391460955142975e-02 0.000000000000000000e+00 7.000000000000000000e+00 8.191000000000000000e+03 0.000000000000000000e+00 2.000000000000000000e+00 2.755899906158447266e+00
5.179999923706054688e+01 2.028913982212543488e-02 0.000000000000000000e+00 -3.956814452976686880e-06 1.999438367784023285e-02 0.000000000000000000e+00 7.000000000000000000e+00 8.191000000000000000e+03 0.000000000000000000e+00 2.000000000000000000e+00 2.755899906158447266e+00
5.200000000000000000e+01 1.030349172651767731e-02 0.000000000000000000e+00 -3.756737669391441159e-06 9.997349232435226440e-03 0.000000000000000000e+00 7.000000000000000000e+00 8.191000000000000000e+03 0.000000000000000000e+00 2.000000000000000000e+00 2.755899906158447266e+00
5.220000076293945312e+01 3.465832851361483335e-04 0.000000000000000000e+00 -3.585777903936104849e-06 3.129243850708007812e-07 0.000000000000000000e+00 7.000000000000000000e+00 8.191000000000000000e+03 0.000000000000000000e+00 2.000000000000000000e+00 2.755899906158447266e+00
5.240000152587890625e+01 -9.722989052534103394e-03 0.000000000000000000e+00 -3.440151203903951682e-06 -9.996719658374786377e-03 0.000000000000000000e+00 7.000000000000000000e+00 8.191000000000000000e+03 0.000000000000000000e+00 2.000000000000000000e+00 2.755899906158447266e+00
5.260000228881835938e+01 -1.973565667867660522e-02 0.000000000000000000e+00 -3.308208533780998550e-06 -1.999375596642494202e-02 0.000000000000000000e+00 7.000000000000000000e+00 8.191000000000000000e+03 0.000000000000000000e+00 2.000000000000000000e+00 2.755499839782714844e+00
5.279999923706054688e+01 -2.949819527566432953e-02 0.000000000000000000e+00 -3.198966624040622264e-06 -3.000328317284584045e-02 0.000000000000000000e+00 7.000000000000000000e+00 6.143000000000000000e+03 0.000000000000000000e+00 2.000000000000000000e+00 2.755499839782714844e+00
5.300000000000000000e+01 -3.971030190587043762e-02 0.000000000000000000e+00 -3.116375864919973537e-06 -4.000032320618629456e-02 0.000000000000000000e+00 7.000000000000000000e+00 8.191000000000000000e+03 0.000000000000000000e+00 2.000000000000000000e+00 2.755499839782714844e+00
5.320000076293945312e+01 -4.973547160625457764e-02 0.000000000000000000e+00 -3.056504056075937115e-06 -4.999735578894615173e-02 0.000000000000000000e+00 7.000000000000000000e+00 8.191000000000000000e+03 0.000000000000000000e+00 2.000000000000000000e+00 2.755499839782714844e+00
5.340000152587890625e+01 -5.969432741403579712e-02 0.000000000000000000e+00 -3.012616616615559906e-06 -5.999438837170600891e-02 0.000000000000000000e+00 7.000000000000000000e+00 8.191000000000000000e+03 0.000000000000000000e+00 2.000000000000000000e+00 2.755499839782714844e+00
5.360000228881835938e+01 -6.970462203025817871e-02 0.000000000000000000e+00 -3.002298399223946035e-06 -7.000392675399780273e-02 0.000000000000000000e+00 7.000000000000000000e+00 8.191000000000000000e+03 0.000000000000000000e+00 2.000000000000000000e+00 2.755699872970581055e+00
5.379999923706054688e+01 -7.972335815429687500e-02 0.000000000000000000e+00 -3.019923042302252725e-06 -8.000095188617706299e-02 0.000000000000000000e+00 7.000000000000000000e+00 8.191000000000000000e+03 0.000000000000000000e+00 2.000000000000000000e+00 2.755699872970581055e+00
5.400000000000000000e+01 -8.971995860338211060e-02 0.000000000000000000e+00 -3.068354772040038370e-06 -8.999799191951751709e-02 0.000000000000000000e+00 7.000000000000000000e+00 8.191000000000000000e+03 0.000000000000000000e+00 2.000000000000000000e+00 2.755699872970581055e+00
5.420000076293945312e+01 -9.967058151960372925e-02 0.000000000000000000e+00 -3.157262653985526413e-06 -9.999501705169677734e-02 0.000000000000000000e+00 7.000000000000000000e+00 8.191000000000000000e+03 0.000000000000000000e+00 2.000000000000000000e+00 2.755699872970581055e+00
5.440000152587890625e+01 -1.096827089786529541e-01 0.000000000000000000e+00 -3.285904313088394701e-06 -1.100045591592788696e-01 0.000000000000000000e+00 7.000000000000000000e+00 8.191000000000000000e+03 0.000000000000000000e+00 2.000000000000000000e+00 2.755699872970581055e+00
5.460000228881835938e+01 -1.196934506297111511e-01 0.000000000000000000e+00 -3.450509666436119005e-06 -1.200015842914581299e-01 0.000000000000000000e+00 7.000000000000000000e+00 8.191000000000000000e+03 0.000000000000000000e+00 2.000000000000000000e+00 2.755499839782714844e+00
5.479999923706054688e+01 -1.297304332256317139e-01 0.000000000000000000e+00 -3.660826678242301568e-06 -1.299986243247985840e-01 0.000000000000000000e+00 7.000000000000000000e+00 8.191000000000000000e+03 0.000000000000000000e+00 2.000000000000000000e+00 2.755499839782714844e+00
5.500000000000000000e+01 -1.396988034248352051e-01 0.000000000000000000e+00 -3.907177415385376662e-06 -1.399956643581390381e-01 0.000000000000000000e+00 7.000000000000000000e+00 8.191000000000000000e+03 0.000000000000000000e+00 2.000000000000000000e+00 2.755499839782714844e+00
5.520000076293945312e+01 -1.497238129377365112e-01 0.000000000000000000e+00 -4.178625204076524824e-06 -1.500051915645599365e-01 0.000000000000000000e+00 7.000000000000000000e+00 8.191000000000000000e+03 0.000000000000000000e+00 2.000000000000000000e+00 2.755499839782714844e+00
5.540000152587890625e+01 -1.596766859292984009e-01 0.000000000000000000e+00 -4.448700110515346751e-06 -1.600022166967391968e-01 0.000000000000000000e+00 7.000000000000000000e+00 8.191000000000000000e+03 0.000000000000000000e+00 2.000000000000000000e+00 2.755499839782714844e+00
5.560000228881835938e+01 -1.696910560131072998e-01 0.000000000000000000e+00 -4.700279532698914409e-06 -1.699992567300796509e-01 0.000000000000000000e+00 7.000000000000000000e+00 8.191000000000000000e+03 0.000000000000000000e+00 2.000000000000000000e+00 2.755399942398071289e+00
5.579999923706054688e+01 -1.797279566526412964e-01 0.000000000000000000e+00 -4.935108790959930047e-06 -1.799962967634201050e-01 0.000000000000000000e+00 7.000000000000000000e+00 8.191000000000000000e+03 0.000000000000000000e+00 2.000000000000000000e+00 2.755399942398071289e+00
5.600000000000000000e+01 -1.896944195032119751e-01 0.000000000000000000e+00 -5.164011326996842399e-06 -1.900058239698410034e-01 0.000000000000000000e+00 7.000000000000000000e+00 8.191000000000000000e+03 0.000000000000000000e+00 2.000000000000000000e+00 2.755399942398071289e+00
5.620000076293945312e+01 -1.997319459915161133e-01 0.000000000000000000e+00 -5.427293217508122325e-06 -2.000028640031814575e-01 0.000000000000000000e+00 7.000000000000000000e+00 8.191000000000000000e+03 0.000000000000000000e+00 2.000000000000000000e+00 2.755399942398071289e+00
5.640000152587890625e+01 -1.897358149290084839e-01 0.000000000000000000e+00 -4.383583473099861294e-06 -1.900058239698410034e-01 0.000000000000000000e+00 7.000000000000000000e+00 8.191000000000000000e+03 0.000000000000000000e+00 3.000000000000000000e+00 2.755399942398071289e+00
5.660000228881835938e+01 -1.797291040420532227e-01 0.000000000000000000e+00 -3.697304009619983844e-06 -1.799962967634201050e-01 0.000000000000000000e+00 7.000000000000000000e+00 8.191000000000000000e+03 0.000000000000000000e+00 3.000000000000000000e+00 2.755699872970581055e+00
5.679999923706054688e+01 -1.696968525648117065e-01 0.000000000000000000e+00 -3.205958591934177093e-06 -1.699992567300796509e-01 0.000000000000000000e+00 7.000000000000000000e+00 8.191000000000000000e+03 0.000000000000000000e+00 3.000000000000000000e+00 2.755699872970581055e+00
5.700000000000000000e+01 -1.596877574920654297e-01 0.000000000000000000e+00 -2.833860889950301498e-06 -1.600022166967391968e-01 0.000000000000000000e+00 7.000000000000000000e+00 8.191000000000000000e+03 0.000000000000000000e+00 3.000000000000000000e+00 2.755699872970581055e+00
5.720000076293945312e+01 -1.497450321912765503e-01 0.000000000000000000e+00 -2.550403223722241819e-06 -1.500051915645599365e-01 0.000000000000000000e+00 7.000000000000000000e+00 8.191000000000000000e+03 0.000000000000000000e+00 3.000000000000000000e+00 2.755699872970581055e+00
5.740000152587890625e+01 -1.396943926811218262e-01 0.000000000000000000e+00 -2.320554585821810178e-06 -1.399956643581390381e-01 0.000000000000000000e+00 7.000000000000000000e+00 8.191000000000000000e+03 0.000000000000000000e+00 3.000000000000000000e+00 2.755699872970581055e+00
5.760000228881835938e+01 -1.297160983085632324e-01 0.000000000000000000e+00 -2.129080485246959142e-06 -1.299986243247985840e-01 0.000000000000000000e+00 7.000000000000000000e+00 8.191000000000000000e+03 0.000000000000000000e+00 3.000000000000000000e+00 2.755399942398071289e+00
5.779999923706054688e+01 -1.197147443890571594e-01 0.000000000000000000e+00 -1.966193394764559343e-06 -1.200015842914581299e-01 0.000000000000000000e+00 7.000000000000000000e+00 8.191000000000000000e+03 0.000000000000000000e+00 3.000000000000000000e+00 2.755399942398071289e+00
5.800000000000000000e+01 -1.096784472465515137e-01 0.000000000000000000e+00 -1.827182472879940178e-06 -1.100045591592788696e-01 0.000000000000000000e+00 7.000000000000000000e+00 8.191000000000000000e+03 0.000000000000000000e+00 3.000000000000000000e+00 2.755399942398071289e+00
5.820000076293945312e+01 -9.973864257335662842e-02 0.000000000000000000e+00 -1.702374106571369339e-06 -9.999501705169677734e-02 0.000000000000000000e+00 7.000000000000000000e+00 8.191000000000000000e+03 0.000000000000000000e+00 3.000000000000000000e+00 2.755399942398071289e+00
5.840000152587890625e+01 -8.970574289560317993e-02 0.000000000000000000e+00 -1.591196678418782540e-06 -8.999799191951751709e-02 0.000000000000000000e+00 7.000000000000000000e+00 8.191000000000000000e+03 0.000000000000000000e+00 3.000000000000000000e+00 2.755399942398071289e+00
5.860000228881835938e+01 -7.971913367509841919e-02 0.000000000000000000e+00 -1.496283175583812408e-06 -8.000095188617706299e-02 0.000000000000000000e+00 7.000000000000000000e+00 8.191000000000000000e+03 0.000000000000000000e+00 3.000000000000000000e+00 2.755399942398071289e+00
5.879999923706054688e+01 -6.970487534999847412e-02 0.000000000000000000e+00 -1.408448724760091864e-06 -7.000392675399780273e-02 0.000000000000000000e+00 7.000000000000000000e+00 8.191000000000000000e+03 0.000000000000000000e+00 3.000000000000000000e+00 2.755399942398071289e+00
5.900000000000000000e+01 -5.968350917100906372e-02 0.000000000000000000e+00 -1.329211499978555366e-06 -5.999438837170600891e-02 0.000000000000000000e+00 7.000000000000000000e+00 8.191000000000000000e+03 0.000000000000000000e+00 3.000000000000000000e+00 2.755399942398071289e+00
5.920000076293945312e+01 -4.967517405748367310e-02 0.000000000000000000e+00 -1.261191755475010723e-06 -4.999735578894615173e-02 0.000000000000000000e+00 7.000000000000000000e+00 8.191000000000000000e+03 0.000000000000000000e+00 3.000000000000000000e+00 2.755399942398071289e+00
5.940000152587890625e+01 -3.969786316156387329e-02 0.000000000000000000e+00 -1.198370910060475580e-06 -4.000032320618629456e-02 0.000000000000000000e+00 7.000000000000000000e+00 8.191000000000000000e+03 0.000000000000000000e+00 3.000000000000000000e+00 2.755399942398071289e+00
5.960000228881835938e+01 -2.965362370014190674e-02 0.000000000000000000e+00 -1.143262238656461705e-06 -3.000328317284584045e-02 0.000000000000000000e+00 7.000000000000000000e+00 8.191000000000000000e+03 0.000000000000000000e+00 3.000000000000000000e+00 2.755899906158447266e+00
5.979999923706054688e+01 -1.969583891332149506e-02 0.000000000000000000e+00 -1.095801508199656382e-06 -1.999375596642494202e-02 0.000000000000000000e+00 7.000000000000000000e+00 8.191000000000000000e+03 0.000000000000000000e+00 3.000000000000000000e+00 2.755899906158447266e+00
6.000000000000000000e+01 -9.671933017671108246e-03 0.000000000000000000e+00 -1.042568328557536006e-06 -9.996719658374786377e-03 0.000000000000000000e+00 7.000000000000000000e+00 8.191000000000000000e+03 0.000000000000000000e+00 3.000000000000000000e+00 2.755899906158447266e+00
6.020000076293945312e+01 2.754783781711012125e-04 0.000000000000000000e+00 -1.003145484901324380e-06 3.129243850708007812e-07 0.000000000000000000e+00 7.000000000000000000e+00 8.191000000000000000e+03 0.000000000000000000e+00 3.000000000000000000e+00 2.755899906158447266e+00
