2.000000029802322388e-01 8.952585631050169468e-05 0.000000000000000000e+00 -1.094613644170294720e-08 3.129243850708007812e-07 0.000000000000000000e+00 4.000000000000000000e+00 7.164000000000000000e+03 0.000000000000000000e+00 0.000000000000000000e+00 2.756500005722045898e+00
4.000000059604644775e-01 1.001651771366596222e-02 0.000000000000000000e+00 -1.092515233835911204e-07 9.997349232435226440e-03 0.000000000000000000e+00 5.000000000000000000e+00 7.164000000000000000e+03 0.000000000000000000e+00 0.000000000000000000e+00 2.756500005722045898e+00
6.000000238418579102e-01 2.003746666014194489e-02 0.000000000000000000e+00 -1.093766627491277177e-06 1.999438367784023285e-02 0.000000000000000000e+00 6.000000000000000000e+00 7.164000000000000000e+03 0.000000000000000000e+00 0.000000000000000000e+00 2.756500005722045898e+00
8.000000119209289551e-01 2.971336431801319122e-02 0.000000000000000000e+00 -9.740422228787792847e-07 3.000391460955142975e-02 0.000000000000000000e+00 7.000000000000000000e+00 6.143000000000000000e+03 0.000000000000000000e+00 0.000000000000000000e+00 2.756500005722045898e+00
1.000000000000000000e+00 3.999796882271766663e-02 0.000000000000000000e+00 -4.635620030057907570e-07 4.000094905495643616e-02 0.000000000000000000e+00 7.000000000000000000e+00 8.191000000000000000e+03 0.000000000000000000e+00 0.000000000000000000e+00 2.756500005722045898e+00
1.200000047683715820e+00 5.007130652666091919e-02 0.000000000000000000e+00 1.172209991295858345e-07 4.999798536300659180e-02 0.000000000000000000e+00 6.000000000000000000e+00 8.191000000000000000e+03 0.000000000000000000e+00 0.000000000000000000e+00 2.755687236785888672e+00
1.399999976158142090e+00 6.002280861139297485e-02 0.000000000000000000e+00 8.521536187799938489e-07 5.999501794576644897e-02 0.000000000000000000e+00 6.000000000000000000e+00 8.191000000000000000e+03 0.000000000000000000e+00 0.000000000000000000e+00 2.755599975585937500e+00
1.600000023841857910e+00 7.007233053445816040e-02 0.000000000000000000e+00 1.093102355298469774e-06 7.000455260276794434e-02 0.000000000000000000e+00 6.000000000000000000e+00 7.164000000000000000e+03 0.000000000000000000e+00 0.000000000000000000e+00 2.755599975585937500e+00
1.800000071525573730e+00 8.003144711256027222e-02 0.000000000000000000e+00 2.947313078038860112e-06 8.000158518552780151e-02 0.000000000000000000e+00 7.000000000000000000e+00 8.191000000000000000e+03 0.000000000000000000e+00 0.000000000000000000e+00 2.755599975585937500e+00
2.000000000000000000e+00 8.998330682516098022e-02 0.000000000000000000e+00 4.377347977424506098e-06 8.999861776828765869e-02 0.000000000000000000e+00 7.000000000000000000e+00 8.191000000000000000e+03 0.000000000000000000e+00 0.000000000000000000e+00 2.755599975585937500e+00
2.200000047683715820e+00 9.993301331996917725e-02 0.000000000000000000e+00 6.011573987052543089e-06 9.999565780162811279e-02 0.000000000000000000e+00 7.000000000000000000e+00 8.191000000000000000e+03 0.000000000000000000e+00 0.000000000000000000e+00 2.755690097808837891e+00
2.400000095367431641e+00 1.100172773003578186e-01 0.000000000000000000e+00 7.788537914166226983e-06 1.100051850080490112e-01 0.000000000000000000e+00 7.000000000000000000e+00 8.191000000000000000e+03 0.000000000000000000e+00 0.000000000000000000e+00 2.755699872970581055e+00
2.600000143051147461e+00 1.200430691242218018e-01 0.000000000000000000e+00 9.605646482668817043e-06 1.200022250413894653e-01 0.000000000000000000e+00 7.000000000000000000e+00 8.191000000000000000e+03 0.000000000000000000e+00 0.000000000000000000e+00 2.755699872970581055e+00
2.799999952316284180e+00 1.300534158945083618e-01 0.000000000000000000e+00 1.134204921982018277e-05 1.299992501735687256e-01 0.000000000000000000e+00 8.000000000000000000e+00 8.191000000000000000e+03 0.000000000000000000e+00 0.000000000000000000e+00 2.755699872970581055e+00
3.000000000000000000e+00 1.400109827518463135e-01 0.000000000000000000e+00 1.271637665922753513e-05 1.399962902069091797e-01 0.000000000000000000e+00 8.000000000000000000e+00 8.191000000000000000e+03 0.000000000000000000e+00 0.000000000000000000e+00 2.755699872970581055e+00
3.200000047683715820e+00 1.500508934259414673e-01 0.000000000000000000e+00 1.379801869916263968e-05 1.500058174133300781e-01 0.000000000000000000e+00 8.000000000000000000e+00 8.191000000000000000e+03 0.000000000000000000e+00 0.000000000000000000e+00 2.755699872970581055e+00
3.400000095367431641e+00 1.600070148706436157e-01 0.000000000000000000e+00 1.441094264009734616e-05 1.600028574466705322e-01 0.000000000000000000e+00 8.000000000000000000e+00 8.191000000000000000e+03 0.000000000000000000e+00 0.000000000000000000e+00 2.755699872970581055e+00
3.600000143051147461e+00 1.700813025236129761e-01 0.000000000000000000e+00 1.458096812712028623e-05 1.699998974800109863e-01 0.000000000000000000e+00 8.000000000000000000e+00 8.191000000000000000e+03 0.000000000000000000e+00 0.000000000000000000e+00 2.755699872970581055e+00
3.799999952316284180e+00 1.800600588321685791e-01 0.000000000000000000e+00 1.438261188013711944e-05 1.799969226121902466e-01 0.000000000000000000e+00 8.000000000000000000e+00 8.191000000000000000e+03 0.000000000000000000e+00 0.000000000000000000e+00 2.755699872970581055e+00
4.000000000000000000e+00 1.899940520524978638e-01 0.000000000000000000e+00 1.395571598550304770e-05 1.899939626455307007e-01 0.000000000000000000e+00 8.000000000000000000e+00 8.191000000000000000e+03 0.000000000000000000e+00 0.000000000000000000e+00 2.755699872970581055e+00
4.200000286102294922e+00 1.999881416559219360e-01 0.000000000000000000e+00 1.340776816505240276e-05 2.000034898519515991e-01 0.000000000000000000e+00 8.000000000000000000e+00 8.191000000000000000e+03 0.000000000000000000e+00 0.000000000000000000e+00 2.755699872970581055e+00
4.400000095367431641e+00 2.100073844194412231e-01 0.000000000000000000e+00 1.286802307731704786e-05 2.100005298852920532e-01 0.000000000000000000e+00 8.000000000000000000e+00 8.191000000000000000e+03 0.000000000000000000e+00 0.000000000000000000e+00 2.755699872970581055e+00
4.599999904632568359e+00 2.200068384408950806e-01 0.000000000000000000e+00 1.231244550581322983e-05 2.199975699186325073e-01 0.000000000000000000e+00 8.000000000000000000e+00 8.191000000000000000e+03 0.000000000000000000e+00 0.000000000000000000e+00 2.755699872970581055e+00
4.800000190734863281e+00 2.300144135951995850e-01 0.000000000000000000e+00 1.171624262497061864e-05 2.299945950508117676e-01 0.000000000000000000e+00 8.000000000000000000e+00 8.191000000000000000e+03 0.000000000000000000e+00 0.000000000000000000e+00 2.755699872970581055e+00
5.000000000000000000e+00 2.400577217340469360e-01 0.000000000000000000e+00 1.123999300034483895e-05 2.400041371583938599e-01 0.000000000000000000e+00 8.000000000000000000e+00 8.191000000000000000e+03 0.000000000000000000e+00 0.000000000000000000e+00 2.755699872970581055e+00
5.200000286102294922e+00 2.500258386135101318e-01 0.000000000000000000e+00 1.079466528608463705e-05 2.500011622905731201e-01 0.000000000000000000e+00 8.000000000000000000e+00 8.191000000000000000e+03 0.000000000000000000e+00 0.000000000000000000e+00 2.755790233612060547e+00
5.400000095367431641e+00 2.600459456443786621e-01 0.000000000000000000e+00 1.039420385495759547e-05 2.599982023239135742e-01 0.000000000000000000e+00 8.000000000000000000e+00 8.191000000000000000e+03 0.000000000000000000e+00 0.000000000000000000e+00 2.755800008773803711e+00
5.599999904632568359e+00 2.699939906597137451e-01 0.000000000000000000e+00 1.004428850137628615e-05 2.699952423572540283e-01 0.000000000000000000e+00 8.000000000000000000e+00 8.191000000000000000e+03 0.000000000000000000e+00 0.000000000000000000e+00 2.755800008773803711e+00
5.800000190734863281e+00 2.800212800502777100e-01 0.000000000000000000e+00 9.767029951035510749e-06 2.800047695636749268e-01 0.000000000000000000e+00 8.000000000000000000e+00 8.191000000000000000e+03 0.000000000000000000e+00 0.000000000000000000e+00 2.755800008773803711e+00
6.000000000000000000e+00 2.900690138339996338e-01 0.000000000000000000e+00 9.506681635684799403e-06 2.900017797946929932e-01 0.000000000000000000e+00 8.000000000000000000e+00 8.191000000000000000e+03 0.000000000000000000e+00 0.000000000000000000e+00 2.755800008773803711e+00
6.200000286102294922e+00 3.000860512256622314e-01 0.000000000000000000e+00 9.274145668314304203e-06 2.999988198280334473e-01 0.000000000000000000e+00 8.000000000000000000e+00 8.191000000000000000e+03 0.000000000000000000e+00 0.000000000000000000e+00 2.755800008773803711e+00
6.400000095367431641e+00 2.900148630142211914e-01 0.000000000000000000e+00 8.647729373478796333e-06 2.900017797946929932e-01 0.000000000000000000e+00 8.000000000000000000e+00 8.191000000000000000e+03 0.000000000000000000e+00 0.000000000000000000e+00 2.755800008773803711e+00
6.599999904632568359e+00 2.799960672855377197e-01 0.000000000000000000e+00 8.222867108997888863e-06 2.800047695636749268e-01 0.000000000000000000e+00 8.000000000000000000e+00 8.191000000000000000e+03 0.000000000000000000e+00 0.000000000000000000e+00 2.755800008773803711e+00
6.800000190734863281e+00 2.699910998344421387e-01 0.000000000000000000e+00 7.820604878361336887e-06 2.699952423572540283e-01 0.000000000000000000e+00 8.000000000000000000e+00 8.191000000000000000e+03 0.000000000000000000e+00 0.000000000000000000e+00 2.755800008773803711e+00
7.000000000000000000e+00 2.600374519824981689e-01 0.000000000000000000e+00 7.462944722647080198e-06 2.599982023239135742e-01 0.000000000000000000e+00 7.000000000000000000e+00 8.191000000000000000e+03 0.000000000000000000e+00 0.000000000000000000e+00 2.755800008773803711e+00
7.200000286102294922e+00 2.500115334987640381e-01 0.000000000000000000e+00 7.142270987969823182e-06 2.500011622905731201e-01 0.000000000000000000e+00 7.000000000000000000e+00 8.191000000000000000e+03 0.000000000000000000e+00 0.000000000000000000e+00 2.755528926849365234e+00
7.400000095367431641e+00 2.400371879339218140e-01 0.000000000000000000e+00 6.801632935093948618e-06 2.400041371583938599e-01 0.000000000000000000e+00 7.000000000000000000e+00 8.191000000000000000e+03 0.000000000000000000e+00 0.000000000000000000e+00 2.755499839782714844e+00
7.599999904632568359e+00 2.300281226634979248e-01 0.000000000000000000e+00 6.445489816542249173e-06 2.299945950508117676e-01 0.000000000000000000e+00 7.000000000000000000e+00 8.191000000000000000e+03 0.000000000000000000e+00 0.000000000000000000e+00 2.755499839782714844e+00
7.800000190734863281e+00 2.200851887464523315e-01 0.000000000000000000e+00 6.042540917405858636e-06 2.199975699186325073e-01 0.000000000000000000e+00 7.000000000000000000e+00 8.191000000000000000e+03 0.000000000000000000e+00 0.000000000000000000e+00 2.755499839782714844e+00
8.000000000000000000e+00 2.100779563188552856e-01 0.000000000000000000e+00 5.540136044146493077e-06 2.100005298852920532e-01 0.000000000000000000e+00 7.000000000000000000e+00 8.191000000000000000e+03 0.000000000000000000e+00 0.000000000000000000e+00 2.755499839782714844e+00
8.199999809265136719e+00 2.000368237495422363e-01 0.000000000000000000e+00 4.925457687932066619e-06 2.000034898519515991e-01 0.000000000000000000e+00 7.000000000000000000e+00 8.191000000000000000e+03 0.000000000000000000e+00 0.000000000000000000e+00 2.755590200424194336e+00
8.400000572204589844e+00 1.899638324975967407e-01 0.000000000000000000e+00 4.140491000725887716e-06 1.899939626455307007e-01 0.000000000000000000e+00 7.000000000000000000e+00 8.191000000000000000e+03 0.000000000000000000e+00 0.000000000000000000e+00 2.755599975585937500e+00
8.600000381469726562e+00 1.800203323364257812e-01 0.000000000000000000e+00 3.160660071443999186e-06 1.799969226121902466e-01 0.000000000000000000e+00 7.000000000000000000e+00 8.191000000000000000e+03 0.000000000000000000e+00 0.000000000000000000e+00 2.755599975585937500e+00
8.800000190734863281e+00 1.700515300035476685e-01 0.000000000000000000e+00 1.930749931489117444e-06 1.699998974800109863e-01 0.000000000000000000e+00 7.000000000000000000e+00 8.191000000000000000e+03 0.000000000000000000e+00 0.000000000000000000e+00 2.755599975585937500e+00
9.000000000000000000e+00 1.600340306758880615e-01 0.000000000000000000e+00 4.411652696489909431e-07 1.600028574466705322e-01 0.000000000000000000e+00 7.000000000000000000e+00 8.191000000000000000e+03 0.000000000000000000e+00 0.000000000000000000e+00 2.755599975585937500e+00
9.199999809265136719e+00 1.499806344509124756e-01 0.000000000000000000e+00 -1.092927277568378486e-06 1.500058174133300781e-01 0.000000000000000000e+00 6.000000000000000000e+00 7.164000000000000000e+03 0.000000000000000000e+00 0.000000000000000000e+00 2.755690097808837891e+00
9.400000572204589844e+00 1.400153934955596924e-01 0.000000000000000000e+00 -3.142816922263591550e-06 1.399962902069091797e-01 0.000000000000000000e+00 7.000000000000000000e+00 8.191000000000000000e+03 0.000000000000000000e+00 0.000000000000000000e+00 2.755699872970581055e+00
9.600000381469726562e+00 1.299859583377838135e-01 0.000000000000000000e+00 -5.052091637480771169e-06 1.299992501735687256e-01 0.000000000000000000e+00 7.000000000000000000e+00 8.191000000000000000e+03 0.000000000000000000e+00 0.000000000000000000e+00 2.755699872970581055e+00
9.800000190734863281e+00 1.200058013200759888e-01 0.000000000000000000e+00 -6.833129646111046895e-06 1.200022250413894653e-01 0.000000000000000000e+00 7.000000000000000000e+00 8.191000000000000000e+03 0.000000000000000000e+00 0.000000000000000000e+00 2.755699872970581055e+00
1.000000000000000000e+01 1.100471392273902893e-01 0.000000000000000000e+00 -8.332774996233638376e-06 1.100051850080490112e-01 0.000000000000000000e+00 7.000000000000000000e+00 8.191000000000000000e+03 0.000000000000000000e+00 0.000000000000000000e+00 2.755699872970581055e+00
1.019999980926513672e+01 1.000353768467903137e-01 0.000000000000000000e+00 -9.401735042047221214e-06 9.999565780162811279e-02 0.000000000000000000e+00 7.000000000000000000e+00 8.191000000000000000e+03 0.000000000000000000e+00 0.000000000000000000e+00 2.755248546600341797e+00
1.040000057220458984e+01 8.996580541133880615e-02 0.000000000000000000e+00 -1.001197415462229401e-05 8.999861776828765869e-02 0.000000000000000000e+00 8.000000000000000000e+00 8.191000000000000000e+03 0.000000000000000000e+00 0.000000000000000000e+00 2.755199909210205078e+00
1.060000038146972656e+01 7.998018711805343628e-02 0.000000000000000000e+00 -1.005852664093254134e-05 8.000158518552780151e-02 0.000000000000000000e+00 8.000000000000000000e+00 8.191000000000000000e+03 0.000000000000000000e+00 0.000000000000000000e+00 2.755199909210205078e+00
1.080000019073486328e+01 7.006034255027770996e-02 0.000000000000000000e+00 -9.887112355499994010e-06 7.000455260276794434e-02 0.000000000000000000e+00 8.000000000000000000e+00 8.191000000000000000e+03 0.000000000000000000e+00 0.000000000000000000e+00 2.755199909210205078e+00
1.100000000000000000e+01 6.002506986260414124e-02 0.000000000000000000e+00 -9.386529200128279626e-06 5.999501794576644897e-02 0.000000000000000000e+00 8.000000000000000000e+00 8.191000000000000000e+03 0.000000000000000000e+00 0.000000000000000000e+00 2.755199909210205078e+00
1.119999980926513672e+01 5.004576593637466431e-02 0.000000000000000000e+00 -8.807176527625415474e-06 4.999798536300659180e-02 0.000000000000000000e+00 8.000000000000000000e+00 8.191000000000000000e+03 0.000000000000000000e+00 0.000000000000000000e+00 2.755561113357543945e+00
1.140000057220458984e+01 4.005688056349754333e-02 0.000000000000000000e+00 -8.257357876573223621e-06 4.000094905495643616e-02 0.000000000000000000e+00 8.000000000000000000e+00 8.191000000000000000e+03 0.000000000000000000e+00 0.000000000000000000e+00 2.755599975585937500e+00
1.160000038146972656e+01 3.001181036233901978e-02 0.000000000000000000e+00 -7.641458068974316120e-06 3.000391460955142975e-02 0.000000000000000000e+00 8.000000000000000000e+00 8.191000000000000000e+03 0.000000000000000000e+00 0.000000000000000000e+00 2.755599975585937500e+00
1.180000019073486328e+01 1.998838968575000763e-02 0.000000000000000000e+00 -7.104054930096026510e-06 1.999438367784023285e-02 0.000000000000000000e+00 7.000000000000000000e+00 8.191000000000000000e+03 0.000000000000000000e+00 0.000000000000000000e+00 2.755599975585937500e+00
1.200000000000000000e+01 9.961196221411228180e-03 0.000000000000000000e+00 -6.600951564905699342e-06 9.997349232435226440e-03 0.000000000000000000e+00 7.000000000000000000e+00 8.191000000000000000e+03 0.000000000000000000e+00 0.000000000000000000e+00 2.755599975585937500e+00
1.219999980926513672e+01 -2.732705615926533937e-05 0.000000000000000000e+00 -6.143577593320515007e-06 3.129243850708007812e-07 0.000000000000000000e+00 7.000000000000000000e+00 8.191000000000000000e+03 0.000000000000000000e+00 0.000000000000000000e+00 2.755599975585937500e+00
1.240000057220458984e+01 -9.967006742954254150e-03 0.000000000000000000e+00 -5.742021585319889709e-06 -9.996719658374786377e-03 0.000000000000000000e+00 7.000000000000000000e+00 8.191000000000000000e+03 0.000000000000000000e+00 0.000000000000000000e+00 2.755599975585937500e+00
1.260000038146972656e+01 -2.004338987171649933e-02 0.000000000000000000e+00 -5.390754722611745819e-06 -1.999375596642494202e-02 0.000000000000000000e+00 7.000000000000000000e+00 8.191000000000000000e+03 0.000000000000000000e+00 0.000000000000000000e+00 2.755599975585937500e+00
1.280000019073486328e+01 -2.987953647971153259e-02 0.000000000000000000e+00 -5.075616172689478844e-06 -3.000328317284584045e-02 0.000000000000000000e+00 7.000000000000000000e+00 6.143000000000000000e+03 0.000000000000000000e+00 0.000000000000000000e+00 2.755599975585937500e+00
1.300000000000000000e+01 -3.997603058815002441e-02 0.000000000000000000e+00 -4.803196134162135422e-06 -4.000032320618629456e-02 0.000000000000000000e+00 7.000000000000000000e+00 8.191000000000000000e+03 0.000000000000000000e+00 0.000000000000000000e+00 2.755599975585937500e+00
1.319999980926513672e+01 -5.000230297446250916e-02 0.000000000000000000e+00 -4.565504241327289492e-06 -4.999735578894615173e-02 0.000000000000000000e+00 7.000000000000000000e+00 8.191000000000000000e+03 0.000000000000000000e+00 0.000000000000000000e+00 2.755780696868896484e+00
1.340000057220458984e+01 -6.000678241252899170e-02 0.000000000000000000e+00 -4.362221261544618756e-06 -5.999438837170600891e-02 0.000000000000000000e+00 7.000000000000000000e+00 8.191000000000000000e+03 0.000000000000000000e+00 0.000000000000000000e+00 2.755800008773803711e+00
1.360000038146972656e+01 -6.997252255678176880e-02 0.000000000000000000e+00 -4.188801085547311231e-06 -7.000392675399780273e-02 0.000000000000000000e+00 7.000000000000000000e+00 8.191000000000000000e+03 0.000000000000000000e+00 0.000000000000000000e+00 2.755800008773803711e+00
1.380000019073486328e+01 -7.999860495328903198e-02 0.000000000000000000e+00 -4.033714049000991508e-06 -8.000095188617706299e-02 0.000000000000000000e+00 7.000000000000000000e+00 8.191000000000000000e+03 0.000000000000000000e+00 0.000000000000000000e+00 2.755800008773803711e+00
1.400000000000000000e+01 -8.999618142843246460e-02 0.000000000000000000e+00 -3.925962573703145608e-06 -8.999799191951751709e-02 0.000000000000000000e+00 7.000000000000000000e+00 8.191000000000000000e+03 0.000000000000000000e+00 0.000000000000000000e+00 2.755800008773803711e+00
1.419999980926513672e+01 -9.997084736824035645e-02 0.000000000000000000e+00 -3.833480150206014514e-06 -9.999501705169677734e-02 0.000000000000000000e+00 7.000000000000000000e+00 8.191000000000000000e+03 0.000000000000000000e+00 0.000000000000000000e+00 2.755619287490844727e+00
1.440000057220458984e+01 -1.100279763340950012e-01 0.000000000000000000e+00 -3.772553100134246051e-06 -1.100045591592788696e-01 0.000000000000000000e+00 7.000000000000000000e+00 8.191000000000000000e+03 0.000000000000000000e+00 0.000000000000000000e+00 2.755599975585937500e+00
1.460000038146972656e+01 -1.200245171785354614e-01 0.000000000000000000e+00 -3.754605586436809972e-06 -1.200015842914581299e-01 0.000000000000000000e+00 7.000000000000000000e+00 8.191000000000000000e+03 0.000000000000000000e+00 0.000000000000000000e+00 2.755599975585937500e+00
1.480000019073486328e+01 -1.300309449434280396e-01 0.000000000000000000e+00 -3.767814860111684538e-06 -1.299986243247985840e-01 0.000000000000000000e+00 7.000000000000000000e+00 8.191000000000000000e+03 0.000000000000000000e+00 0.000000000000000000e+00 2.755599975585937500e+00
1.500000000000000000e+01 -1.399557739496231079e-01 0.000000000000000000e+00 -3.816169282799819484e-06 -1.399956643581390381e-01 0.000000000000000000e+00 7.000000000000000000e+00 8.191000000000000000e+03 0.000000000000000000e+00 0.000000000000000000e+00 2.755599975585937500e+00
1.519999980926513672e+01 -1.500081270933151245e-01 0.000000000000000000e+00 -3.905212452082196251e-06 -1.500051915645599365e-01 0.000000000000000000e+00 7.000000000000000000e+00 8.191000000000000000e+03 0.000000000000000000e+00 0.000000000000000000e+00 2.755599975585937500e+00
1.540000057220458984e+01 -1.600138992071151733e-01 0.000000000000000000e+00 -4.044814886583480984e-06 -1.600022166967391968e-01 0.000000000000000000e+00 7.000000000000000000e+00 8.191000000000000000e+03 0.000000000000000000e+00 0.000000000000000000e+00 2.755599975585937500e+00
1.560000038146972656e+01 -1.699771732091903687e-01 0.000000000000000000e+00 -4.226226792525267228e-06 -1.699992567300796509e-01 0.000000000000000000e+00 7.000000000000000000e+00 8.191000000000000000e+03 0.000000000000000000e+00 0.000000000000000000e+00 2.755599975585937500e+00
1.580000019073486328e+01 -1.799850165843963623e-01 0.000000000000000000e+00 -4.479048129724105820e-06 -1.799962967634201050e-01 0.000000000000000000e+00 7.000000000000000000e+00 8.191000000000000000e+03 0.000000000000000000e+00 0.000000000000000000e+00 2.755599975585937500e+00
1.600000000000000000e+01 -1.899775564670562744e-01 0.000000000000000000e+00 -4.763664037454873323e-06 -1.900058239698410034e-01 0.000000000000000000e+00 7.000000000000000000e+00 8.191000000000000000e+03 0.000000000000000000e+00 0.000000000000000000e+00 2.755599975585937500e+00
1.620000076293945312e+01 -1.999710649251937866e-01 0.000000000000000000e+00 -5.105586296849651262e-06 -2.000028640031814575e-01 0.000000000000000000e+00 7.000000000000000000e+00 8.191000000000000000e+03 0.000000000000000000e+00 0.000000000000000000e+00 2.755599975585937500e+00
1.639999961853027344e+01 -1.900344341993331909e-01 0.000000000000000000e+00 -4.497850113693857566e-06 -1.900058239698410034e-01 0.000000000000000000e+00 7.000000000000000000e+00 8.191000000000000000e+03 0.000000000000000000e+00 1.000000000000000000e+00 2.755599975585937500e+00
1.660000038146972656e+01 -1.800031065940856934e-01 0.000000000000000000e+00 -4.002239620604086667e-06 -1.799962967634201050e-01 0.000000000000000000e+00 7.000000000000000000e+00 8.191000000000000000e+03 0.000000000000000000e+00 1.000000000000000000e+00 2.755599975585937500e+00
1.680000114440917969e+01 -1.700291782617568970e-01 0.000000000000000000e+00 -3.597908062147325836e-06 -1.699992567300796509e-01 0.000000000000000000e+00 7.000000000000000000e+00 8.191000000000000000e+03 0.000000000000000000e+00 1.000000000000000000e+00 2.755599975585937500e+00
1.700000000000000000e+01 -1.599795669317245483e-01 0.000000000000000000e+00 -3.273055426689097658e-06 -1.600022166967391968e-01 0.000000000000000000e+00 7.000000000000000000e+00 8.191000000000000000e+03 0.000000000000000000e+00 1.000000000000000000e+00 2.755599975585937500e+00
1.720000076293945312e+01 -1.500022411346435547e-01 0.000000000000000000e+00 -2.985630317198229022e-06 -1.500051915645599365e-01 0.000000000000000000e+00 7.000000000000000000e+00 8.191000000000000000e+03 0.000000000000000000e+00 1.000000000000000000e+00 2.755599975585937500e+00
1.739999961853027344e+01 -1.399616599082946777e-01 0.000000000000000000e+00 -2.755395826170570217e-06 -1.399956643581390381e-01 0.000000000000000000e+00 7.000000000000000000e+00 8.191000000000000000e+03 0.000000000000000000e+00 1.000000000000000000e+00 2.755599975585937500e+00
1.760000038146972656e+01 -1.300496906042098999e-01 0.000000000000000000e+00 -2.555696482886560261e-06 -1.299986243247985840e-01 0.000000000000000000e+00 7.000000000000000000e+00 8.191000000000000000e+03 0.000000000000000000e+00 1.000000000000000000e+00 2.755599975585937500e+00
1.780000114440917969e+01 -1.199740394949913025e-01 0.000000000000000000e+00 -2.383046648901654407e-06 -1.200015842914581299e-01 0.000000000000000000e+00 7.000000000000000000e+00 8.191000000000000000e+03 0.000000000000000000e+00 1.000000000000000000e+00 2.755599975585937500e+00
1.800000000000000000e+01 -1.100284308195114136e-01 0.000000000000000000e+00 -2.238490878880838864e-06 -1.100045591592788696e-01 0.000000000000000000e+00 7.000000000000000000e+00 8.191000000000000000e+03 0.000000000000000000e+00 1.000000000000000000e+00 2.755599975585937500e+00
1.820000076293945312e+01 -9.998136013746261597e-02 0.000000000000000000e+00 -2.113185701091424562e-06 -9.999501705169677734e-02 0.000000000000000000e+00 7.000000000000000000e+00 8.191000000000000000e+03 0.000000000000000000e+00 1.000000000000000000e+00 2.755599975585937500e+00
1.839999961853027344e+01 -9.006374329328536987e-02 0.000000000000000000e+00 -2.006293016165727749e-06 -8.999799191951751709e-02 0.000000000000000000e+00 7.000000000000000000e+00 8.191000000000000000e+03 0.000000000000000000e+00 1.000000000000000000e+00 2.755599975585937500e+00
1.860000038146972656e+01 -7.998667657375335693e-02 0.000000000000000000e+00 -1.908718104459694587e-06 -8.000095188617706299e-02 0.000000000000000000e+00 7.000000000000000000e+00 8.191000000000000000e+03 0.000000000000000000e+00 1.000000000000000000e+00 2.755599975585937500e+00
1.880000114440917969e+01 -7.005633413791656494e-02 0.000000000000000000e+00 -1.814095753616129514e-06 -7.000392675399780273e-02 0.000000000000000000e+00 7.000000000000000000e+00 8.191000000000000000e+03 0.000000000000000000e+00 1.000000000000000000e+00 2.755599975585937500e+00
1.900000000000000000e+01 -6.004635244607925415e-02 0.000000000000000000e+00 -1.743005782373074908e-06 -5.999438837170600891e-02 0.000000000000000000e+00 7.000000000000000000e+00 8.191000000000000000e+03 0.000000000000000000e+00 1.000000000000000000e+00 2.755599975585937500e+00
1.920000076293945312e+01 -4.999144747853279114e-02 0.000000000000000000e+00 -1.664055162109434605e-06 -4.999735578894615173e-02 0.000000000000000000e+00 7.000000000000000000e+00 8.191000000000000000e+03 0.000000000000000000e+00 1.000000000000000000e+00 2.755599975585937500e+00
1.939999961853027344e+01 -4.007300734519958496e-02 0.000000000000000000e+00 -1.594787477188219782e-06 -4.000032320618629456e-02 0.000000000000000000e+00 7.000000000000000000e+00 8.191000000000000000e+03 0.000000000000000000e+00 1.000000000000000000e+00 2.755599975585937500e+00
1.960000038146972656e+01 -2.999474667012691498e-02 0.000000000000000000e+00 -1.529077280792989768e-06 -3.000328317284584045e-02 0.000000000000000000e+00 7.000000000000000000e+00 8.191000000000000000e+03 0.000000000000000000e+00 1.000000000000000000e+00 2.755599975585937500e+00
1.980000114440917969e+01 -1.997710764408111572e-02 0.000000000000000000e+00 -1.447576551072415896e-06 -1.999375596642494202e-02 0.000000000000000000e+00 7.000000000000000000e+00 8.191000000000000000e+03 0.000000000000000000e+00 1.000000000000000000e+00 2.755599975585937500e+00
2.000000000000000000e+01 -9.964649565517902374e-03 0.000000000000000000e+00 -1.376324689772445709e-06 -9.996719658374786377e-03 0.000000000000000000e+00 7.000000000000000000e+00 8.191000000000000000e+03 0.000000000000000000e+00 1.000000000000000000e+00 2.755599975585937500e+00
2.020000076293945312e+01 -3.130661207251250744e-05 0.000000000000000000e+00 -1.272847271138743963e-06 3.129243850708007812e-07 0.000000000000000000e+00 7.000000000000000000e+00 8.191000000000000000e+03 0.000000000000000000e+00 1.000000000000000000e+00 2.755599975585937500e+00
2.039999961853027344e+01 9.926971979439258575e-03 0.000000000000000000e+00 -1.152538516180356964e-06 9.997349232435226440e-03 0.000000000000000000e+00 7.000000000000000000e+00 8.191000000000000000e+03 0.000000000000000000e+00 1.000000000000000000e+00 2.755599975585937500e+00
2.060000038146972656e+01 1.997607573866844177e-02 0.000000000000000000e+00 -1.004543491944787093e-06 1.999438367784023285e-02 0.000000000000000000e+00 7.000000000000000000e+00 8.191000000000000000e+03 0.000000000000000000e+00 1.000000000000000000e+00 2.755599975585937500e+00
2.080000114440917969e+01 2.971848472952842712e-02 0.000000000000000000e+00 -8.016788797249319032e-07 3.000391460955142975e-02 0.000000000000000000e+00 7.000000000000000000e+00 6.143000000000000000e+03 0.000000000000000000e+00 1.000000000000000000e+00 2.755599975585937500e+00
2.100000000000000000e+01 4.005724191665649414e-02 0.000000000000000000e+00 -5.147044248587917536e-07 4.000094905495643616e-02 0.000000000000000000e+00 6.000000000000000000e+00 8.191000000000000000e+03 0.000000000000000000e+00 1.000000000000000000e+00 2.755599975585937500e+00
2.120000076293945312e+01 4.998167976737022400e-02 0.000000000000000000e+00 -1.298164136187551776e-07 4.999798536300659180e-02 0.000000000000000000e+00 6.000000000000000000e+00 8.191000000000000000e+03 0.000000000000000000e+00 1.000000000000000000e+00 2.755690097808837891e+00
2.139999961853027344e+01 6.004032120108604431e-02 0.000000000000000000e+00 3.981550662501831539e-07 5.999501794576644897e-02 0.000000000000000000e+00 6.000000000000000000e+00 8.191000000000000000e+03 0.000000000000000000e+00 1.000000000000000000e+00 2.755699872970581055e+00
2.160000038146972656e+01 6.996858865022659302e-02 0.000000000000000000e+00 1.080026208910567220e-06 7.000455260276794434e-02 0.000000000000000000e+00 6.000000000000000000e+00 7.164000000000000000e+03 0.000000000000000000e+00 1.000000000000000000e+00 2.755699872970581055e+00
2.180000114440917969e+01 8.005258440971374512e-02 0.000000000000000000e+00 2.049974227702477947e-06 8.000158518552780151e-02 0.000000000000000000e+00 7.000000000000000000e+00 8.191000000000000000e+03 0.000000000000000000e+00 1.000000000000000000e+00 2.755699872970581055e+00
2.200000000000000000e+01 9.003335982561111450e-02 0.000000000000000000e+00 3.263143071308149956e-06 8.999861776828765869e-02 0.000000000000000000e+00 7.000000000000000000e+00 8.191000000000000000e+03 0.000000000000000000e+00 1.000000000000000000e+00 2.755699872970581055e+00
2.220000076293945312e+01 1.000106483697891235e-01 0.000000000000000000e+00 4.728995008917991072e-06 9.999565780162811279e-02 0.000000000000000000e+00 7.000000000000000000e+00 8.191000000000000000e+03 0.000000000000000000e+00 1.000000000000000000e+00 2.755519151687622070e+00
2.239999961853027344e+01 1.100504025816917419e-01 0.000000000000000000e+00 6.407001819752622396e-06 1.100051850080490112e-01 0.000000000000000000e+00 7.000000000000000000e+00 8.191000000000000000e+03 0.000000000000000000e+00 1.000000000000000000e+00 2.755499839782714844e+00
2.260000038146972656e+01 1.200152114033699036e-01 0.000000000000000000e+00 8.199313924706075341e-06 1.200022250413894653e-01 0.000000000000000000e+00 7.000000000000000000e+00 8.191000000000000000e+03 0.000000000000000000e+00 1.000000000000000000e+00 2.755499839782714844e+00
2.280000114440917969e+01 1.300353258848190308e-01 0.000000000000000000e+00 9.986548320739530027e-06 1.299992501735687256e-01 0.000000000000000000e+00 7.000000000000000000e+00 7.164000000000000000e+03 0.000000000000000000e+00 1.000000000000000000e+00 2.755499839782714844e+00
2.300000000000000000e+01 1.400396525859832764e-01 0.000000000000000000e+00 1.166098718385910615e-05 1.399962902069091797e-01 0.000000000000000000e+00 8.000000000000000000e+00 8.191000000000000000e+03 0.000000000000000000e+00 1.000000000000000000e+00 2.755499839782714844e+00
2.320000076293945312e+01 1.500471085309982300e-01 0.000000000000000000e+00 1.292832803301280364e-05 1.500058174133300781e-01 0.000000000000000000e+00 8.000000000000000000e+00 8.191000000000000000e+03 0.000000000000000000e+00 1.000000000000000000e+00 2.755590200424194336e+00
2.339999961853027344e+01 1.600359827280044556e-01 0.000000000000000000e+00 1.388414875691523775e-05 1.600028574466705322e-01 0.000000000000000000e+00 8.000000000000000000e+00 8.191000000000000000e+03 0.000000000000000000e+00 1.000000000000000000e+00 2.755599975585937500e+00
2.360000038146972656e+01 1.700456589460372925e-01 0.000000000000000000e+00 1.435573994967853650e-05 1.699998974800109863e-01 0.000000000000000000e+00 8.000000000000000000e+00 8.191000000000000000e+03 0.000000000000000000e+00 1.000000000000000000e+00 2.755599975585937500e+00
2.380000114440917969e+01 1.800236850976943970e-01 0.000000000000000000e+00 1.441804033674998209e-05 1.799969226121902466e-01 0.000000000000000000e+00 8.000000000000000000e+00 8.191000000000000000e+03 0.000000000000000000e+00 1.000000000000000000e+00 2.755599975585937500e+00
2.400000000000000000e+01 1.900088787078857422e-01 0.000000000000000000e+00 1.409054220857797191e-05 1.899939626455307007e-01 0.000000000000000000e+00 8.000000000000000000e+00 8.191000000000000000e+03 0.000000000000000000e+00 1.000000000000000000e+00 2.755599975585937500e+00
2.420000076293945312e+01 2.000343799591064453e-01 0.000000000000000000e+00 1.357382279820740223e-05 2.000034898519515991e-01 0.000000000000000000e+00 8.000000000000000000e+00 8.191000000000000000e+03 0.000000000000000000e+00 1.000000000000000000e+00 2.755599975585937500e+00
2.439999961853027344e+01 2.100279480218887329e-01 0.000000000000000000e+00 1.296235404879553244e-05 2.100005298852920532e-01 0.000000000000000000e+00 8.000000000000000000e+00 8.191000000000000000e+03 0.000000000000000000e+00 1.000000000000000000e+00 2.755599975585937500e+00
2.460000038146972656e+01 2.200389504432678223e-01 0.000000000000000000e+00 1.241624977410538122e-05 2.199975699186325073e-01 0.000000000000000000e+00 8.000000000000000000e+00 8.191000000000000000e+03 0.000000000000000000e+00 1.000000000000000000e+00 2.755599975585937500e+00
2.480000114440917969e+01 2.300257086753845215e-01 0.000000000000000000e+00 1.186024928756523877e-05 2.299945950508117676e-01 0.000000000000000000e+00 8.000000000000000000e+00 8.191000000000000000e+03 0.000000000000000000e+00 1.000000000000000000e+00 2.755599975585937500e+00
2.500000000000000000e+01 2.400811910629272461e-01 0.000000000000000000e+00 1.127007271861657500e-05 2.400041371583938599e-01 0.000000000000000000e+00 8.000000000000000000e+00 8.191000000000000000e+03 0.000000000000000000e+00 1.000000000000000000e+00 2.755599975585937500e+00
2.520000076293945312e+01 2.500443160533905029e-01 0.000000000000000000e+00 1.086232441593892872e-05 2.500011622905731201e-01 0.000000000000000000e+00 8.000000000000000000e+00 8.191000000000000000e+03 0.000000000000000000e+00 1.000000000000000000e+00 2.755599975585937500e+00
2.539999961853027344e+01 2.600412964820861816e-01 0.000000000000000000e+00 1.039868766383733600e-05 2.599982023239135742e-01 0.000000000000000000e+00 8.000000000000000000e+00 8.191000000000000000e+03 0.000000000000000000e+00 1.000000000000000000e+00 2.755599975585937500e+00
2.560000038146972656e+01 2.700445950031280518e-01 0.000000000000000000e+00 1.004959631245583296e-05 2.699952423572540283e-01 0.000000000000000000e+00 8.000000000000000000e+00 8.191000000000000000e+03 0.000000000000000000e+00 1.000000000000000000e+00 2.755599975585937500e+00
2.580000114440917969e+01 2.800574302673339844e-01 0.000000000000000000e+00 9.659483112045563757e-06 2.800047695636749268e-01 0.000000000000000000e+00 8.000000000000000000e+00 8.191000000000000000e+03 0.000000000000000000e+00 1.000000000000000000e+00 2.755599975585937500e+00
2.600000000000000000e+01 2.900033295154571533e-01 0.000000000000000000e+00 9.397127541888039559e-06 2.900017797946929932e-01 0.000000000000000000e+00 8.000000000000000000e+00 8.191000000000000000e+03 0.000000000000000000e+00 1.000000000000000000e+00 2.755599975585937500e+00
2.620000076293945312e+01 3.000541627407073975e-01 0.000000000000000000e+00 9.175588274956680834e-06 2.999988198280334473e-01 0.000000000000000000e+00 8.000000000000000000e+00 8.191000000000000000e+03 0.000000000000000000e+00 1.000000000000000000e+00 2.755599975585937500e+00
2.639999961853027344e+01 2.900503575801849365e-01 0.000000000000000000e+00 8.505104233336169273e-06 2.900017797946929932e-01 0.000000000000000000e+00 8.000000000000000000e+00 8.191000000000000000e+03 0.000000000000000000e+00 1.000000000000000000e+00 2.755599975585937500e+00
2.660000038146972656e+01 2.800599932670593262e-01 0.000000000000000000e+00 8.007144970179069787e-06 2.800047695636749268e-01 0.000000000000000000e+00 8.000000000000000000e+00 8.191000000000000000e+03 0.000000000000000000e+00 1.000000000000000000e+00 2.755599975585937500e+00
2.680000114440917969e+01 2.700038850307464600e-01 0.000000000000000000e+00 7.609914064232725650e-06 2.699952423572540283e-01 0.000000000000000000e+00 7.000000000000000000e+00 8.191000000000000000e+03 0.000000000000000000e+00 1.000000000000000000e+00 2.755599975585937500e+00
2.700000000000000000e+01 2.600081562995910645e-01 0.000000000000000000e+00 7.246434961416525766e-06 2.599982023239135742e-01 0.000000000000000000e+00 7.000000000000000000e+00 8.191000000000000000e+03 0.000000000000000000e+00 1.000000000000000000e+00 2.755599975585937500e+00
2.720000076293945312e+01 2.499883174896240234e-01 0.000000000000000000e+00 6.894502348586684093e-06 2.500011622905731201e-01 0.000000000000000000e+00 7.000000000000000000e+00 8.191000000000000000e+03 0.000000000000000000e+00 1.000000000000000000e+00 2.755419254302978516e+00
2.739999961853027344e+01 2.400139868259429932e-01 0.000000000000000000e+00 6.534506610478274524e-06 2.400041371583938599e-01 0.000000000000000000e+00 7.000000000000000000e+00 8.191000000000000000e+03 0.000000000000000000e+00 1.000000000000000000e+00 2.755399942398071289e+00
2.760000038146972656e+01 2.301068305969238281e-01 0.000000000000000000e+00 6.131986083346419036e-06 2.299945950508117676e-01 0.000000000000000000e+00 7.000000000000000000e+00 8.191000000000000000e+03 0.000000000000000000e+00 1.000000000000000000e+00 2.755399942398071289e+00
2.780000114440917969e+01 2.200441062450408936e-01 0.000000000000000000e+00 5.670068276231177151e-06 2.199975699186325073e-01 0.000000000000000000e+00 7.000000000000000000e+00 8.191000000000000000e+03 0.000000000000000000e+00 1.000000000000000000e+00 2.755399942398071289e+00
2.800000000000000000e+01 2.100270241498947144e-01 0.000000000000000000e+00 5.111412065161857754e-06 2.100005298852920532e-01 0.000000000000000000e+00 7.000000000000000000e+00 8.191000000000000000e+03 0.000000000000000000e+00 1.000000000000000000e+00 2.755399942398071289e+00
2.820000076293945312e+01 2.000924497842788696e-01 0.000000000000000000e+00 4.414664090290898457e-06 2.000034898519515991e-01 0.000000000000000000e+00 7.000000000000000000e+00 8.191000000000000000e+03 0.000000000000000000e+00 1.000000000000000000e+00 2.755399942398071289e+00
2.839999961853027344e+01 1.900631636381149292e-01 0.000000000000000000e+00 3.525524789438350126e-06 1.899939626455307007e-01 0.000000000000000000e+00 7.000000000000000000e+00 8.191000000000000000e+03 0.000000000000000000e+00 1.000000000000000000e+00 2.755399942398071289e+00
2.860000038146972656e+01 1.799957901239395142e-01 0.000000000000000000e+00 2.420586497464682907e-06 1.799969226121902466e-01 0.000000000000000000e+00 7.000000000000000000e+00 8.191000000000000000e+03 0.000000000000000000e+00 1.000000000000000000e+00 2.755399942398071289e+00
2.880000114440917969e+01 1.700763553380966187e-01 0.000000000000000000e+00 1.060950921782932710e-06 1.699998974800109863e-01 0.000000000000000000e+00 7.000000000000000000e+00 8.191000000000000000e+03 0.000000000000000000e+00 1.000000000000000000e+00 2.755399942398071289e+00
2.900000000000000000e+01 1.600314676761627197e-01 0.000000000000000000e+00 -5.379424692364409566e-07 1.600028574466705322e-01 0.000000000000000000e+00 7.000000000000000000e+00 8.191000000000000000e+03 0.000000000000000000e+00 1.000000000000000000e+00 2.755399942398071289e+00
2.920000076293945312e+01 1.500511765480041504e-01 0.000000000000000000e+00 -1.093766627491277177e-06 1.500058174133300781e-01 0.000000000000000000e+00 6.000000000000000000e+00 7.164000000000000000e+03 0.000000000000000000e+00 1.000000000000000000e+00 2.755580663681030273e+00
2.939999961853027344e+01 1.399847865104675293e-01 0.000000000000000000e+00 -4.230258582538226619e-06 1.399962902069091797e-01 0.000000000000000000e+00 7.000000000000000000e+00 8.191000000000000000e+03 0.000000000000000000e+00 1.000000000000000000e+00 2.755599975585937500e+00
2.960000038146972656e+01 1.300173252820968628e-01 0.000000000000000000e+00 -6.093277534091612324e-06 1.299992501735687256e-01 0.000000000000000000e+00 7.000000000000000000e+00 8.191000000000000000e+03 0.000000000000000000e+00 1.000000000000000000e+00 2.755599975585937500e+00
2.980000114440917969e+01 1.200013384222984314e-01 0.000000000000000000e+00 -7.756546438031364232e-06 1.200022250413894653e-01 0.000000000000000000e+00 7.000000000000000000e+00 8.191000000000000000e+03 0.000000000000000000e+00 1.000000000000000000e+00 2.755599975585937500e+00
3.000000000000000000e+01 1.100354194641113281e-01 0.000000000000000000e+00 -9.049102118297014385e-06 1.100051850080490112e-01 0.000000000000000000e+00 7.000000000000000000e+00 8.191000000000000000e+03 0.000000000000000000e+00 1.000000000000000000e+00 2.755599975585937500e+00
3.020000076293945312e+01 1.000270769000053406e-01 0.000000000000000000e+00 -9.911437700793612748e-06 9.999565780162811279e-02 0.000000000000000000e+00 8.000000000000000000e+00 8.191000000000000000e+03 0.000000000000000000e+00 1.000000000000000000e+00 2.755238771438598633e+00
3.039999961853027344e+01 8.995901048183441162e-02 0.000000000000000000e+00 -1.022657306748442352e-05 8.999861776828765869e-02 0.000000000000000000e+00 8.000000000000000000e+00 8.191000000000000000e+03 0.000000000000000000e+00 1.000000000000000000e+00 2.755199909210205078e+00
3.060000038146972656e+01 8.003520220518112183e-02 0.000000000000000000e+00 -1.022521973936818540e-05 8.000158518552780151e-02 0.000000000000000000e+00 8.000000000000000000e+00 8.191000000000000000e+03 0.000000000000000000e+00 1.000000000000000000e+00 2.755199909210205078e+00
3.080000114440917969e+01 7.006547600030899048e-02 0.000000000000000000e+00 -9.815219527808949351e-06 7.000455260276794434e-02 0.000000000000000000e+00 8.000000000000000000e+00 8.191000000000000000e+03 0.000000000000000000e+00 1.000000000000000000e+00 2.755199909210205078e+00
3.100000000000000000e+01 6.001675501465797424e-02 0.000000000000000000e+00 -9.297882570535875857e-06 5.999501794576644897e-02 0.000000000000000000e+00 8.000000000000000000e+00 8.191000000000000000e+03 0.000000000000000000e+00 1.000000000000000000e+00 2.755199909210205078e+00
3.120000076293945312e+01 5.000628903508186340e-02 0.000000000000000000e+00 -8.767134204390458763e-06 4.999798536300659180e-02 0.000000000000000000e+00 8.000000000000000000e+00 8.191000000000000000e+03 0.000000000000000000e+00 1.000000000000000000e+00 2.755470752716064453e+00
3.139999961853027344e+01 4.006535932421684265e-02 0.000000000000000000e+00 -8.150581379595678300e-06 4.000094905495643616e-02 0.000000000000000000e+00 8.000000000000000000e+00 8.191000000000000000e+03 0.000000000000000000e+00 1.000000000000000000e+00 2.755499839782714844e+00
3.160000038146972656e+01 3.008765354752540588e-02 0.000000000000000000e+00 -7.533520147262606770e-06 3.000391460955142975e-02 0.000000000000000000e+00 8.000000000000000000e+00 8.191000000000000000e+03 0.000000000000000000e+00 1.000000000000000000e+00 2.755499839782714844e+00
3.180000114440917969e+01 1.996663399040699005e-02 0.000000000000000000e+00 -7.067569185892352834e-06 1.999438367784023285e-02 0.000000000000000000e+00 7.000000000000000000e+00 8.191000000000000000e+03 0.000000000000000000e+00 1.000000000000000000e+00 2.755499839782714844e+00
3.200000000000000000e+01 9.928729385137557983e-03 0.000000000000000000e+00 -6.575735824299044907e-06 9.997349232435226440e-03 0.000000000000000000e+00 7.000000000000000000e+00 8.191000000000000000e+03 0.000000000000000000e+00 1.000000000000000000e+00 2.755499839782714844e+00
3.220000076293945312e+01 5.576745024882256985e-05 0.000000000000000000e+00 -6.153808953968109563e-06 3.129243850708007812e-07 0.000000000000000000e+00 7.000000000000000000e+00 8.191000000000000000e+03 0.000000000000000000e+00 1.000000000000000000e+00 2.755499839782714844e+00
3.240000152587890625e+01 -1.002866681665182114e-02 0.000000000000000000e+00 -5.778917056886712089e-06 -9.996719658374786377e-03 0.000000000000000000e+00 7.000000000000000000e+00 8.191000000000000000e+03 0.000000000000000000e+00 1.000000000000000000e+00 2.755499839782714844e+00
3.260000228881835938e+01 -2.006767503917217255e-02 0.000000000000000000e+00 -5.443316240416606888e-06 -1.999375596642494202e-02 0.000000000000000000e+00 7.000000000000000000e+00 8.191000000000000000e+03 0.000000000000000000e+00 1.000000000000000000e+00 2.755499839782714844e+00
3.279999923706054688e+01 -2.983596920967102051e-02 0.000000000000000000e+00 -5.146273906575515866e-06 -3.000328317284584045e-02 0.000000000000000000e+00 7.000000000000000000e+00 6.143000000000000000e+03 0.000000000000000000e+00 1.000000000000000000e+00 2.755499839782714844e+00
3.300000000000000000e+01 -3.997879475355148315e-02 0.000000000000000000e+00 -4.895418442174559459e-06 -4.000032320618629456e-02 0.000000000000000000e+00 7.000000000000000000e+00 8.191000000000000000e+03 0.000000000000000000e+00 1.000000000000000000e+00 2.755499839782714844e+00
3.320000076293945312e+01 -4.996982961893081665e-02 0.000000000000000000e+00 -4.671215265261707827e-06 -4.999735578894615173e-02 0.000000000000000000e+00 7.000000000000000000e+00 8.191000000000000000e+03 0.000000000000000000e+00 1.000000000000000000e+00 2.755680561065673828e+00
3.340000152587890625e+01 -5.998900532722473145e-02 0.000000000000000000e+00 -4.484223154577193782e-06 -5.999438837170600891e-02 0.000000000000000000e+00 7.000000000000000000e+00 8.191000000000000000e+03 0.000000000000000000e+00 1.000000000000000000e+00 2.755699872970581055e+00
3.360000228881835938e+01 -7.002959400415420532e-02 0.000000000000000000e+00 -4.326209818827919662e-06 -7.000392675399780273e-02 0.000000000000000000e+00 7.000000000000000000e+00 8.191000000000000000e+03 0.000000000000000000e+00 1.000000000000000000e+00 2.755699872970581055e+00
3.379999923706054688e+01 -8.000078052282333374e-02 0.000000000000000000e+00 -4.179364623269066215e-06 -8.000095188617706299e-02 0.000000000000000000e+00 7.000000000000000000e+00 8.191000000000000000e+03 0.000000000000000000e+00 1.000000000000000000e+00 2.755699872970581055e+00
3.400000000000000000e+01 -8.997913450002670288e-02 0.000000000000000000e+00 -4.073629497725050896e-06 -8.999799191951751709e-02 0.000000000000000000e+00 7.000000000000000000e+00 8.191000000000000000e+03 0.000000000000000000e+00 1.000000000000000000e+00 2.755699872970581055e+00
3.420000076293945312e+01 -1.000287383794784546e-01 0.000000000000000000e+00 -4.002859441243344918e-06 -9.999501705169677734e-02 0.000000000000000000e+00 7.000000000000000000e+00 8.191000000000000000e+03 0.000000000000000000e+00 1.000000000000000000e+00 2.755519151687622070e+00
3.440000152587890625e+01 -1.100825741887092590e-01 0.000000000000000000e+00 -3.947668574255658314e-06 -1.100045591592788696e-01 0.000000000000000000e+00 7.000000000000000000e+00 8.191000000000000000e+03 0.000000000000000000e+00 1.000000000000000000e+00 2.755499839782714844e+00
3.460000228881835938e+01 -1.200350970029830933e-01 0.000000000000000000e+00 -3.935479526262497529e-06 -1.200015842914581299e-01 0.000000000000000000e+00 7.000000000000000000e+00 8.191000000000000000e+03 0.000000000000000000e+00 1.000000000000000000e+00 2.755499839782714844e+00
3.479999923706054688e+01 -1.300589591264724731e-01 0.000000000000000000e+00 -3.948789981222944334e-06 -1.299986243247985840e-01 0.000000000000000000e+00 7.000000000000000000e+00 8.191000000000000000e+03 0.000000000000000000e+00 1.000000000000000000e+00 2.755499839782714844e+00
3.500000000000000000e+01 -1.399770677089691162e-01 0.000000000000000000e+00 -4.002251444035209715e-06 -1.399956643581390381e-01 0.000000000000000000e+00 7.000000000000000000e+00 8.191000000000000000e+03 0.000000000000000000e+00 1.000000000000000000e+00 2.755499839782714844e+00
3.520000076293945312e+01 -1.500487029552459717e-01 0.000000000000000000e+00 -4.096590600966010243e-06 -1.500051915645599365e-01 0.000000000000000000e+00 7.000000000000000000e+00 8.191000000000000000e+03 0.000000000000000000e+00 1.000000000000000000e+00 2.755499839782714844e+00
3.540000152587890625e+01 -1.600342839956283569e-01 0.000000000000000000e+00 -4.225972134008770809e-06 -1.600022166967391968e-01 0.000000000000000000e+00 7.000000000000000000e+00 8.191000000000000000e+03 0.000000000000000000e+00 1.000000000000000000e+00 2.755499839782714844e+00
3.560000228881835938e+01 -1.699986010789871216e-01 0.000000000000000000e+00 -4.409465873322915286e-06 -1.699992567300796509e-01 0.000000000000000000e+00 7.000000000000000000e+00 8.191000000000000000e+03 0.000000000000000000e+00 1.000000000000000000e+00 2.755499839782714844e+00
3.579999923706054688e+01 -1.799584031105041504e-01 0.000000000000000000e+00 -4.648990397981833667e-06 -1.799962967634201050e-01 0.000000000000000000e+00 7.000000000000000000e+00 8.191000000000000000e+03 0.000000000000000000e+00 1.000000000000000000e+00 2.755499839782714844e+00
3.600000000000000000e+01 -1.900050938129425049e-01 0.000000000000000000e+00 -4.927546797262039036e-06 -1.900058239698410034e-01 0.000000000000000000e+00 7.000000000000000000e+00 8.191000000000000000e+03 0.000000000000000000e+00 1.000000000000000000e+00 2.755499839782714844e+00
3.620000076293945312e+01 -2.000617533922195435e-01 0.000000000000000000e+00 -5.246432465355610475e-06 -2.000028640031814575e-01 0.000000000000000000e+00 7.000000000000000000e+00 8.191000000000000000e+03 0.000000000000000000e+00 1.000000000000000000e+00 2.755409717559814453e+00
3.640000152587890625e+01 -1.900522559881210327e-01 0.000000000000000000e+00 -4.651456947613041848e-06 -1.900058239698410034e-01 0.000000000000000000e+00 7.000000000000000000e+00 8.191000000000000000e+03 0.000000000000000000e+00 2.000000000000000000e+00 2.755399942398071289e+00
3.660000228881835938e+01 -1.799994409084320068e-01 0.000000000000000000e+00 -4.158957381150685251e-06 -1.799962967634201050e-01 0.000000000000000000e+00 7.000000000000000000e+00 8.191000000000000000e+03 0.000000000000000000e+00 2.000000000000000000e+00 2.755399942398071289e+00
3.679999923706054688e+01 -1.699815988540649414e-01 0.000000000000000000e+00 -3.760707159017329104e-06 -1.699992567300796509e-01 0.000000000000000000e+00 7.000000000000000000e+00 8.191000000000000000e+03 0.000000000000000000e+00 2.000000000000000000e+00 2.755399942398071289e+00
3.700000000000000000e+01 -1.599896997213363647e-01 0.000000000000000000e+00 -3.432881385379005224e-06 -1.600022166967391968e-01 0.000000000000000000e+00 7.000000000000000000e+00 8.191000000000000000e+03 0.000000000000000000e+00 2.000000000000000000e+00 2.755399942398071289e+00
3.720000076293945312e+01 -1.499945819377899170e-01 0.000000000000000000e+00 -3.161627546433010139e-06 -1.500051915645599365e-01 0.000000000000000000e+00 7.000000000000000000e+00 8.191000000000000000e+03 0.000000000000000000e+00 2.000000000000000000e+00 2.755490064620971680e+00
3.740000152587890625e+01 -1.400589644908905029e-01 0.000000000000000000e+00 -2.921478881035000086e-06 -1.399956643581390381e-01 0.000000000000000000e+00 7.000000000000000000e+00 8.191000000000000000e+03 0.000000000000000000e+00 2.000000000000000000e+00 2.755499839782714844e+00
3.760000228881835938e+01 -1.300408840179443359e-01 0.000000000000000000e+00 -2.729875404838821851e-06 -1.299986243247985840e-01 0.000000000000000000e+00 7.000000000000000000e+00 8.191000000000000000e+03 0.000000000000000000e+00 2.000000000000000000e+00 2.755499839782714844e+00
3.779999923706054688e+01 -1.200376749038696289e-01 0.000000000000000000e+00 -2.551760644564637914e-06 -1.200015842914581299e-01 0.000000000000000000e+00 7.000000000000000000e+00 8.191000000000000000e+03 0.000000000000000000e+00 2.000000000000000000e+00 2.755499839782714844e+00
3.800000000000000000e+01 -1.099847778677940369e-01 0.000000000000000000e+00 -2.407679176030796953e-06 -1.100045591592788696e-01 0.000000000000000000e+00 7.000000000000000000e+00 8.191000000000000000e+03 0.000000000000000000e+00 2.000000000000000000e+00 2.755499839782714844e+00
3.820000076293945312e+01 -9.991216659545898438e-02 0.000000000000000000e+00 -2.275460701639531180e-06 -9.999501705169677734e-02 0.000000000000000000e+00 7.000000000000000000e+00 8.191000000000000000e+03 0.000000000000000000e+00 2.000000000000000000e+00 2.755409717559814453e+00
3.840000152587890625e+01 -9.000145643949508667e-02 0.000000000000000000e+00 -2.163706767532858066e-06 -8.999799191951751709e-02 0.000000000000000000e+00 7.000000000000000000e+00 8.191000000000000000e+03 0.000000000000000000e+00 2.000000000000000000e+00 2.755399942398071289e+00
3.860000228881835938e+01 -7.997438311576843262e-02 0.000000000000000000e+00 -2.061312670775805600e-06 -8.000095188617706299e-02 0.000000000000000000e+00 7.000000000000000000e+00 8.191000000000000000e+03 0.000000000000000000e+00 2.000000000000000000e+00 2.755399942398071289e+00
3.879999923706054688e+01 -7.002253830432891846e-02 0.000000000000000000e+00 -1.972947075046249665e-06 -7.000392675399780273e-02 0.000000000000000000e+00 7.000000000000000000e+00 8.191000000000000000e+03 0.000000000000000000e+00 2.000000000000000000e+00 2.755399942398071289e+00
3.900000000000000000e+01 -5.994316935539245605e-02 0.000000000000000000e+00 -1.898685809464950580e-06 -5.999438837170600891e-02 0.000000000000000000e+00 7.000000000000000000e+00 8.191000000000000000e+03 0.000000000000000000e+00 2.000000000000000000e+00 2.755399942398071289e+00
3.920000076293945312e+01 -5.001395195722579956e-02 0.000000000000000000e+00 -1.817357770050875843e-06 -4.999735578894615173e-02 0.000000000000000000e+00 7.000000000000000000e+00 8.191000000000000000e+03 0.000000000000000000e+00 2.000000000000000000e+00 2.755399942398071289e+00
3.940000152587890625e+01 -4.005888849496841431e-02 0.000000000000000000e+00 -1.748022100400703494e-06 -4.000032320618629456e-02 0.000000000000000000e+00 7.000000000000000000e+00 8.191000000000000000e+03 0.000000000000000000e+00 2.000000000000000000e+00 2.755399942398071289e+00
3.960000228881835938e+01 -2.995760180056095123e-02 0.000000000000000000e+00 -1.672814960329560563e-06 -3.000328317284584045e-02 0.000000000000000000e+00 7.000000000000000000e+00 8.191000000000000000e+03 0.000000000000000000e+00 2.000000000000000000e+00 2.755399942398071289e+00
3.979999923706054688e+01 -1.995463296771049500e-02 0.000000000000000000e+00 -1.605026568540779408e-06 -1.999375596642494202e-02 0.000000000000000000e+00 7.000000000000000000e+00 8.191000000000000000e+03 0.000000000000000000e+00 2.000000000000000000e+00 2.755399942398071289e+00
4.000000000000000000e+01 -1.003590784966945648e-02 0.000000000000000000e+00 -1.530824192741420120e-06 -9.996719658374786377e-03 0.000000000000000000e+00 7.000000000000000000e+00 8.191000000000000000e+03 0.000000000000000000e+00 2.000000000000000000e+00 2.755399942398071289e+00
4.020000076293945312e+01 -6.041111191734671593e-06 0.000000000000000000e+00 -1.435707417840603739e-06 3.129243850708007812e-07 0.000000000000000000e+00 7.000000000000000000e+00 8.191000000000000000e+03 0.000000000000000000e+00 2.000000000000000000e+00 2.755399942398071289e+00
4.040000152587890625e+01 1.001979317516088486e-02 0.000000000000000000e+00 -1.326029405390727334e-06 9.997349232435226440e-03 0.000000000000000000e+00 7.000000000000000000e+00 8.191000000000000000e+03 0.000000000000000000e+00 2.000000000000000000e+00 2.755399942398071289e+00
4.060000228881835938e+01 2.000560425221920013e-02 0.000000000000000000e+00 -1.186209146908367984e-06 1.999438367784023285e-02 0.000000000000000000e+00 7.000000000000000000e+00 8.191000000000000000e+03 0.000000000000000000e+00 2.000000000000000000e+00 2.755399942398071289e+00
4.079999923706054688e+01 2.977510355412960052e-02 0.000000000000000000e+00 -9.935700973073835485e-07 3.000391460955142975e-02 0.000000000000000000e+00 7.000000000000000000e+00 6.143000000000000000e+03 0.000000000000000000e+00 2.000000000000000000e+00 2.755399942398071289e+00
4.100000000000000000e+01 4.003386572003364563e-02 0.000000000000000000e+00 -7.386270226561464369e-07 4.000094905495643616e-02 0.000000000000000000e+00 7.000000000000000000e+00 8.191000000000000000e+03 0.000000000000000000e+00 2.000000000000000000e+00 2.755399942398071289e+00
4.120000076293945312e+01 4.996812343597412109e-02 0.000000000000000000e+00 -3.912689123808377190e-07 4.999798536300659180e-02 0.000000000000000000e+00 6.000000000000000000e+00 8.191000000000000000e+03 0.000000000000000000e+00 2.000000000000000000e+00 2.755580663681030273e+00
4.140000152587890625e+01 5.997088924050331116e-02 0.000000000000000000e+00 8.752460445293763769e-08 5.999501794576644897e-02 0.000000000000000000e+00 6.000000000000000000e+00 8.191000000000000000e+03 0.000000000000000000e+00 2.000000000000000000e+00 2.755599975585937500e+00
4.160000228881835938e+01 7.000949978828430176e-02 0.000000000000000000e+00 7.405432711493631359e-07 7.000455260276794434e-02 0.000000000000000000e+00 6.000000000000000000e+00 8.191000000000000000e+03 0.000000000000000000e+00 2.000000000000000000e+00 2.755599975585937500e+00
4.179999923706054688e+01 8.002085983753204346e-02 0.000000000000000000e+00 1.093102355298469774e-06 8.000158518552780151e-02 0.000000000000000000e+00 6.000000000000000000e+00 7.164000000000000000e+03 0.000000000000000000e+00 2.000000000000000000e+00 2.755599975585937500e+00
4.200000000000000000e+01 9.004860371351242065e-02 0.000000000000000000e+00 2.739121327977045439e-06 8.999861776828765869e-02 0.000000000000000000e+00 7.000000000000000000e+00 8.191000000000000000e+03 0.000000000000000000e+00 2.000000000000000000e+00 2.755599975585937500e+00
4.220000076293945312e+01 1.000026911497116089e-01 0.000000000000000000e+00 4.124739461985882372e-06 9.999565780162811279e-02 0.000000000000000000e+00 7.000000000000000000e+00 8.191000000000000000e+03 0.000000000000000000e+00 2.000000000000000000e+00 2.755419254302978516e+00
4.240000152587890625e+01 1.100303530693054199e-01 0.000000000000000000e+00 5.758874067396391183e-06 1.100051850080490112e-01 0.000000000000000000e+00 7.000000000000000000e+00 8.191000000000000000e+03 0.000000000000000000e+00 2.000000000000000000e+00 2.755399942398071289e+00
4.260000228881835938e+01 1.200536265969276428e-01 0.000000000000000000e+00 7.535792065027635545e-06 1.200022250413894653e-01 0.000000000000000000e+00 7.000000000000000000e+00 8.191000000000000000e+03 0.000000000000000000e+00 2.000000000000000000e+00 2.755399942398071289e+00
4.279999923706054688e+01 1.299638599157333374e-01 0.000000000000000000e+00 9.351317203254438937e-06 1.299992501735687256e-01 0.000000000000000000e+00 7.000000000000000000e+00 8.191000000000000000e+03 0.000000000000000000e+00 2.000000000000000000e+00 2.755399942398071289e+00
4.300000000000000000e+01 1.400295048952102661e-01 0.000000000000000000e+00 1.107167918235063553e-05 1.399962902069091797e-01 0.000000000000000000e+00 8.000000000000000000e+00 8.191000000000000000e+03 0.000000000000000000e+00 2.000000000000000000e+00 2.755399942398071289e+00
4.320000076293945312e+01 1.500051915645599365e-01 0.000000000000000000e+00 1.249109755008248612e-05 1.500058174133300781e-01 0.000000000000000000e+00 8.000000000000000000e+00 8.191000000000000000e+03 0.000000000000000000e+00 2.000000000000000000e+00 2.755399942398071289e+00
4.340000152587890625e+01 1.600534468889236450e-01 0.000000000000000000e+00 1.355391759716439992e-05 1.600028574466705322e-01 0.000000000000000000e+00 8.000000000000000000e+00 8.191000000000000000e+03 0.000000000000000000e+00 2.000000000000000000e+00 2.755399942398071289e+00
4.360000228881835938e+01 1.700619459152221680e-01 0.000000000000000000e+00 1.416282975696958601e-05 1.699998974800109863e-01 0.000000000000000000e+00 8.000000000000000000e+00 8.191000000000000000e+03 0.000000000000000000e+00 2.000000000000000000e+00 2.755399942398071289e+00
4.379999923706054688e+01 1.800416857004165649e-01 0.000000000000000000e+00 1.431133659934857860e-05 1.799969226121902466e-01 0.000000000000000000e+00 8.000000000000000000e+00 8.191000000000000000e+03 0.000000000000000000e+00 2.000000000000000000e+00 2.755399942398071289e+00
4.400000000000000000e+01 1.900539100170135498e-01 0.000000000000000000e+00 1.412462461303221062e-05 1.899939626455307007e-01 0.000000000000000000e+00 8.000000000000000000e+00 8.191000000000000000e+03 0.000000000000000000e+00 2.000000000000000000e+00 2.755399942398071289e+00
4.420000076293945312e+01 2.000715285539627075e-01 0.000000000000000000e+00 1.373021768813487142e-05 2.000034898519515991e-01 0.000000000000000000e+00 8.000000000000000000e+00 8.191000000000000000e+03 0.000000000000000000e+00 2.000000000000000000e+00 2.755399942398071289e+00
4.440000152587890625e+01 2.099608629941940308e-01 0.000000000000000000e+00 1.308799255639314651e-05 2.100005298852920532e-01 0.000000000000000000e+00 8.000000000000000000e+00 8.191000000000000000e+03 0.000000000000000000e+00 2.000000000000000000e+00 2.755399942398071289e+00
4.460000228881835938e+01 2.201232612133026123e-01 0.000000000000000000e+00 1.253291975444881245e-05 2.199975699186325073e-01 0.000000000000000000e+00 8.000000000000000000e+00 8.191000000000000000e+03 0.000000000000000000e+00 2.000000000000000000e+00 2.755399942398071289e+00
4.479999923706054688e+01 2.300223708152770996e-01 0.000000000000000000e+00 1.191369210573611781e-05 2.299945950508117676e-01 0.000000000000000000e+00 8.000000000000000000e+00 8.191000000000000000e+03 0.000000000000000000e+00 2.000000000000000000e+00 2.755399942398071289e+00
4.500000000000000000e+01 2.400925606489181519e-01 0.000000000000000000e+00 1.130157306761248037e-05 2.400041371583938599e-01 0.000000000000000000e+00 8.000000000000000000e+00 8.191000000000000000e+03 0.000000000000000000e+00 2.000000000000000000e+00 2.755399942398071289e+00
4.520000076293945312e+01 2.500253915786743164e-01 0.000000000000000000e+00 1.083952156477607787e-05 2.500011622905731201e-01 0.000000000000000000e+00 8.000000000000000000e+00 8.191000000000000000e+03 0.000000000000000000e+00 2.000000000000000000e+00 2.755490064620971680e+00
4.540000152587890625e+01 2.600409090518951416e-01 0.000000000000000000e+00 1.042330586642492563e-05 2.599982023239135742e-01 0.000000000000000000e+00 8.000000000000000000e+00 8.191000000000000000e+03 0.000000000000000000e+00 2.000000000000000000e+00 2.755499839782714844e+00
4.560000228881835938e+01 2.699995636940002441e-01 0.000000000000000000e+00 9.972244697564747185e-06 2.699952423572540283e-01 0.000000000000000000e+00 8.000000000000000000e+00 8.191000000000000000e+03 0.000000000000000000e+00 2.000000000000000000e+00 2.755499839782714844e+00
4.579999923706054688e+01 2.800835669040679932e-01 0.000000000000000000e+00 9.745740499056410044e-06 2.800047695636749268e-01 0.000000000000000000e+00 8.000000000000000000e+00 8.191000000000000000e+03 0.000000000000000000e+00 2.000000000000000000e+00 2.755499839782714844e+00
4.600000000000000000e+01 2.900240123271942139e-01 0.000000000000000000e+00 9.348129424324724823e-06 2.900017797946929932e-01 0.000000000000000000e+00 8.000000000000000000e+00 8.191000000000000000e+03 0.000000000000000000e+00 2.000000000000000000e+00 2.755499839782714844e+00
4.620000076293945312e+01 3.000664114952087402e-01 0.000000000000000000e+00 9.097806469071656466e-06 2.999988198280334473e-01 0.000000000000000000e+00 8.000000000000000000e+00 8.191000000000000000e+03 0.000000000000000000e+00 2.000000000000000000e+00 2.755499839782714844e+00
4.640000152587890625e+01 2.899772226810455322e-01 0.000000000000000000e+00 8.381281986657995731e-06 2.900017797946929932e-01 0.000000000000000000e+00 8.000000000000000000e+00 8.191000000000000000e+03 0.000000000000000000e+00 2.000000000000000000e+00 2.755499839782714844e+00
4.660000228881835938e+01 2.799973189830780029e-01 0.000000000000000000e+00 7.960762559378053993e-06 2.800047695636749268e-01 0.000000000000000000e+00 8.000000000000000000e+00 8.191000000000000000e+03 0.000000000000000000e+00 2.000000000000000000e+00 2.755499839782714844e+00
4.679999923706054688e+01 2.699610590934753418e-01 0.000000000000000000e+00 7.543210358562646434e-06 2.699952423572540283e-01 0.000000000000000000e+00 7.000000000000000000e+00 8.191000000000000000e+03 0.000000000000000000e+00 2.000000000000000000e+00 2.755499839782714844e+00
4.700000000000000000e+01 2.600882947444915771e-01 0.000000000000000000e+00 7.175236532930284739e-06 2.599982023239135742e-01 0.000000000000000000e+00 7.000000000000000000e+00 8.191000000000000000e+03 0.000000000000000000e+00 2.000000000000000000e+00 2.755499839782714844e+00
4.720000076293945312e+01 2.499954700469970703e-01 0.000000000000000000e+00 6.801413746870821342e-06 2.500011622905731201e-01 0.000000000000000000e+00 7.000000000000000000e+00 8.191000000000000000e+03 0.000000000000000000e+00 2.000000000000000000e+00 2.755228996276855469e+00
4.740000152587890625e+01 2.399878650903701782e-01 0.000000000000000000e+00 6.423333616112358868e-06 2.400041371583938599e-01 0.000000000000000000e+00 7.000000000000000000e+00 8.191000000000000000e+03 0.000000000000000000e+00 2.000000000000000000e+00 2.755199909210205078e+00
4.760000228881835938e+01 2.300305962562561035e-01 0.000000000000000000e+00 6.002898771839682013e-06 2.299945950508117676e-01 0.000000000000000000e+00 7.000000000000000000e+00 8.191000000000000000e+03 0.000000000000000000e+00 2.000000000000000000e+00 2.755199909210205078e+00
4.779999923706054688e+01 2.200199514627456665e-01 0.000000000000000000e+00 5.510299615707481280e-06 2.199975699186325073e-01 0.000000000000000000e+00 7.000000000000000000e+00 8.191000000000000000e+03 0.000000000000000000e+00 2.000000000000000000e+00 2.755199909210205078e+00
4.800000000000000000e+01 2.100602388381958008e-01 0.000000000000000000e+00 4.903027274849591777e-06 2.100005298852920532e-01 0.000000000000000000e+00 7.000000000000000000e+00 8.191000000000000000e+03 0.000000000000000000e+00 2.000000000000000000e+00 2.755199909210205078e+00
4.820000076293945312e+01 2.000598311424255371e-01 0.000000000000000000e+00 4.163528501521795988e-06 2.000034898519515991e-01 0.000000000000000000e+00 7.000000000000000000e+00 8.191000000000000000e+03 0.000000000000000000e+00 2.000000000000000000e+00 2.755290269851684570e+00
4.840000152587890625e+01 1.899731457233428955e-01 0.000000000000000000e+00 3.213394393242197111e-06 1.899939626455307007e-01 0.000000000000000000e+00 7.000000000000000000e+00 8.191000000000000000e+03 0.000000000000000000e+00 2.000000000000000000e+00 2.755300045013427734e+00
4.860000228881835938e+01 1.799449771642684937e-01 0.000000000000000000e+00 2.039726041402900591e-06 1.799969226121902466e-01 0.000000000000000000e+00 7.000000000000000000e+00 8.191000000000000000e+03 0.000000000000000000e+00 2.000000000000000000e+00 2.755300045013427734e+00
4.879999923706054688e+01 1.700244992971420288e-01 0.000000000000000000e+00 6.248918680284987204e-07 1.699998974800109863e-01 0.000000000000000000e+00 7.000000000000000000e+00 8.191000000000000000e+03 0.000000000000000000e+00 2.000000000000000000e+00 2.755300045013427734e+00
4.900000000000000000e+01 1.599876433610916138e-01 0.000000000000000000e+00 -1.019660771817143541e-06 1.600028574466705322e-01 0.000000000000000000e+00 6.000000000000000000e+00 7.164000000000000000e+03 0.000000000000000000e+00 2.000000000000000000e+00 2.755300045013427734e+00
4.920000076293945312e+01 1.500219404697418213e-01 0.000000000000000000e+00 -2.859315372916171327e-06 1.500058174133300781e-01 0.000000000000000000e+00 7.000000000000000000e+00 8.191000000000000000e+03 0.000000000000000000e+00 2.000000000000000000e+00 2.755480527877807617e+00
4.940000152587890625e+01 1.400801837444305420e-01 0.000000000000000000e+00 -4.778154107043519616e-06 1.399962902069091797e-01 0.000000000000000000e+00 7.000000000000000000e+00 8.191000000000000000e+03 0.000000000000000000e+00 2.000000000000000000e+00 2.755499839782714844e+00
4.960000228881835938e+01 1.300094276666641235e-01 0.000000000000000000e+00 -6.600440428883302957e-06 1.299992501735687256e-01 0.000000000000000000e+00 7.000000000000000000e+00 8.191000000000000000e+03 0.000000000000000000e+00 2.000000000000000000e+00 2.755499839782714844e+00
4.979999923706054688e+01 1.200934574007987976e-01 0.000000000000000000e+00 -8.179028554877731949e-06 1.200022250413894653e-01 0.000000000000000000e+00 7.000000000000000000e+00 8.191000000000000000e+03 0.000000000000000000e+00 2.000000000000000000e+00 2.755499839782714844e+00
5.000000000000000000e+01 1.100055724382400513e-01 0.000000000000000000e+00 -9.348040293843951076e-06 1.100051850080490112e-01 0.000000000000000000e+00 7.000000000000000000e+00 8.191000000000000000e+03 0.000000000000000000e+00 2.000000000000000000e+00 2.755499839782714844e+00
5.020000076293945312e+01 1.000009924173355103e-01 0.000000000000000000e+00 -1.000494739855639637e-05 9.999565780162811279e-02 0.000000000000000000e+00 8.000000000000000000e+00 8.191000000000000000e+03 0.000000000000000000e+00 2.000000000000000000e+00 2.755409717559814453e+00
5.040000152587890625e+01 9.001609683036804199e-02 0.000000000000000000e+00 -1.032904765452258289e-05 8.999861776828765869e-02 0.000000000000000000e+00 8.000000000000000000e+00 8.191000000000000000e+03 0.000000000000000000e+00 2.000000000000000000e+00 2.755399942398071289e+00
5.060000228881835938e+01 7.998231053352355957e-02 0.000000000000000000e+00 -1.023144886858062819e-05 8.000158518552780151e-02 0.000000000000000000e+00 8.000000000000000000e+00 8.191000000000000000e+03 0.000000000000000000e+00 2.000000000000000000e+00 2.755399942398071289e+00
5.079999923706054688e+01 7.004392147064208984e-02 0.000000000000000000e+00 -9.813455108087509871e-06 7.000455260276794434e-02 0.000000000000000000e+00 8.000000000000000000e+00 8.191000000000000000e+03 0.000000000000000000e+00 2.000000000000000000e+00 2.755399942398071289e+00
5.100000000000000000e+01 6.003859266638755798e-02 0.000000000000000000e+00 -9.249569302482996136e-06 5.999501794576644897e-02 0.000000000000000000e+00 8.000000000000000000e+00 8.191000000000000000e+03 0.000000000000000000e+00 2.000000000000000000e+00 2.755399942398071289e+00
5.120000076293945312e+01 5.002171546220779419e-02 0.000000000000000000e+00 -8.665912901051342487e-06 4.999798536300659180e-02 0.000000000000000000e+00 8.000000000000000000e+00 8.191000000000000000e+03 0.000000000000000000e+00 2.000000000000000000e+00 2.755309581756591797e+00
5.140000152587890625e+01 4.002863541245460510e-02 0.000000000000000000e+00 -8.107576832117047161e-06 4.000094905495643616e-02 0.000000000000000000e+00 8.000000000000000000e+00 8.191000000000000000e+03 0.000000000000000000e+00 2.000000000000000000e+00 2.755300045013427734e+00
5.160000228881835938e+01 3.008179925382137299e-02 0.000000000000000000e+00 -7.535332315455889329e-06 3.000391460955142975e-02 0.000000000000000000e+00 7.000000000000000000e+00 8.191000000000000000e+03 0.000000000000000000e+00 2.000000000000000000e+00 2.755300045013427734e+00
5.179999923706054688e+01 1.999267376959323883e-02 0.000000000000000000e+00 -7.019942586339311674e-06 1.999438367784023285e-02 0.000000000000000000e+00 7.000000000000000000e+00 8.191000000000000000e+03 0.000000000000000000e+00 2.000000000000000000e+00 2.755300045013427734e+00
5.200000000000000000e+01 1.006764825433492661e-02 0.000000000000000000e+00 -6.551459591719321907e-06 9.997349232435226440e-03 0.000000000000000000e+00 7.000000000000000000e+00 8.191000000000000000e+03 0.000000000000000000e+00 2.000000000000000000e+00 2.755300045013427734e+00
5.220000076293945312e+01 7.619781536050140858e-05 0.000000000000000000e+00 -6.142880920378956944e-06 3.129243850708007812e-07 0.000000000000000000e+00 7.000000000000000000e+00 8.191000000000000000e+03 0.000000000000000000e+00 2.000000000000000000e+00 2.755300045013427734e+00
5.240000152587890625e+01 -1.001472771167755127e-02 0.000000000000000000e+00 -5.771928044850938022e-06 -9.996719658374786377e-03 0.000000000000000000e+00 7.000000000000000000e+00 8.191000000000000000e+03 0.000000000000000000e+00 2.000000000000000000e+00 2.755300045013427734e+00
5.260000228881835938e+01 -1.995881274342536926e-02 0.000000000000000000e+00 -5.448728643386857584e-06 -1.999375596642494202e-02 0.000000000000000000e+00 7.000000000000000000e+00 8.191000000000000000e+03 0.000000000000000000e+00 2.000000000000000000e+00 2.755300045013427734e+00
5.279999923706054688e+01 -2.984325401484966278e-02 0.000000000000000000e+00 -5.166861683392198756e-06 -3.000328317284584045e-02 0.000000000000000000e+00 7.000000000000000000e+00 6.143000000000000000e+03 0.000000000000000000e+00 2.000000000000000000e+00 2.755300045013427734e+00
5.300000000000000000e+01 -4.001604020595550537e-02 0.000000000000000000e+00 -4.918369540973799303e-06 -4.000032320618629456e-02 0.000000000000000000e+00 7.000000000000000000e+00 8.191000000000000000e+03 0.000000000000000000e+00 2.000000000000000000e+00 2.755300045013427734e+00
5.320000076293945312e+01 -5.002631619572639465e-02 0.000000000000000000e+00 -4.697601070802193135e-06 -4.999735578894615173e-02 0.000000000000000000e+00 7.000000000000000000e+00 8.191000000000000000e+03 0.000000000000000000e+00 2.000000000000000000e+00 2.755570888519287109e+00
5.340000152587890625e+01 -6.002807989716529846e-02 0.000000000000000000e+00 -4.522929430095246062e-06 -5.999438837170600891e-02 0.000000000000000000e+00 7.000000000000000000e+00 8.191000000000000000e+03 0.000000000000000000e+00 2.000000000000000000e+00 2.755599975585937500e+00
5.360000228881835938e+01 -6.997848302125930786e-02 0.000000000000000000e+00 -4.365344466350506991e-06 -7.000392675399780273e-02 0.000000000000000000e+00 7.000000000000000000e+00 8.191000000000000000e+03 0.000000000000000000e+00 2.000000000000000000e+00 2.755599975585937500e+00
5.379999923706054688e+01 -8.003925532102584839e-02 0.000000000000000000e+00 -4.234393600199837238e-06 -8.000095188617706299e-02 0.000000000000000000e+00 7.000000000000000000e+00 8.191000000000000000e+03 0.000000000000000000e+00 2.000000000000000000e+00 2.755599975585937500e+00
5.400000000000000000e+01 -9.006634354591369629e-02 0.000000000000000000e+00 -4.139057182328542694e-06 -8.999799191951751709e-02 0.000000000000000000e+00 7.000000000000000000e+00 8.191000000000000000e+03 0.000000000000000000e+00 2.000000000000000000e+00 2.755599975585937500e+00
5.420000076293945312e+01 -1.000164672732353210e-01 0.000000000000000000e+00 -4.060003902850439772e-06 -9.999501705169677734e-02 0.000000000000000000e+00 7.000000000000000000e+00 8.191000000000000000e+03 0.000000000000000000e+00 2.000000000000000000e+00 2.755419254302978516e+00
5.440000152587890625e+01 -1.100032702088356018e-01 0.000000000000000000e+00 -4.020289452455472201e-06 -1.100045591592788696e-01 0.000000000000000000e+00 7.000000000000000000e+00 8.191000000000000000e+03 0.000000000000000000e+00 2.000000000000000000e+00 2.755399942398071289e+00
5.460000228881835938e+01 -1.200190782546997070e-01 0.000000000000000000e+00 -4.006972631032112986e-06 -1.200015842914581299e-01 0.000000000000000000e+00 7.000000000000000000e+00 8.191000000000000000e+03 0.000000000000000000e+00 2.000000000000000000e+00 2.755399942398071289e+00
5.479999923706054688e+01 -1.300467699766159058e-01 0.000000000000000000e+00 -4.022538178105605766e-06 -1.299986243247985840e-01 0.000000000000000000e+00 7.000000000000000000e+00 8.191000000000000000e+03 0.000000000000000000e+00 2.000000000000000000e+00 2.755399942398071289e+00
5.500000000000000000e+01 -1.399877816438674927e-01 0.000000000000000000e+00 -4.073510353919118643e-06 -1.399956643581390381e-01 0.000000000000000000e+00 7.000000000000000000e+00 8.191000000000000000e+03 0.000000000000000000e+00 2.000000000000000000e+00 2.755399942398071289e+00
5.520000076293945312e+01 -1.500353515148162842e-01 0.000000000000000000e+00 -4.174363311904016882e-06 -1.500051915645599365e-01 0.000000000000000000e+00 7.000000000000000000e+00 8.191000000000000000e+03 0.000000000000000000e+00 2.000000000000000000e+00 2.755309581756591797e+00
5.540000152587890625e+01 -1.599784493446350098e-01 0.000000000000000000e+00 -4.303438345232279971e-06 -1.600022166967391968e-01 0.000000000000000000e+00 7.000000000000000000e+00 8.191000000000000000e+03 0.000000000000000000e+00 2.000000000000000000e+00 2.755300045013427734e+00
5.560000228881835938e+01 -1.699223220348358154e-01 0.000000000000000000e+00 -4.486910711420932785e-06 -1.699992567300796509e-01 0.000000000000000000e+00 7.000000000000000000e+00 8.191000000000000000e+03 0.000000000000000000e+00 2.000000000000000000e+00 2.755300045013427734e+00
5.579999923706054688e+01 -1.799861192703247070e-01 0.000000000000000000e+00 -4.714128863270161673e-06 -1.799962967634201050e-01 0.000000000000000000e+00 7.000000000000000000e+00 8.191000000000000000e+03 0.000000000000000000e+00 2.000000000000000000e+00 2.755300045013427734e+00
5.600000000000000000e+01 -1.899883598089218140e-01 0.000000000000000000e+00 -4.975327556167030707e-06 -1.900058239698410034e-01 0.000000000000000000e+00 7.000000000000000000e+00 8.191000000000000000e+03 0.000000000000000000e+00 2.000000000000000000e+00 2.755300045013427734e+00
5.620000076293945312e+01 -2.000032812356948853e-01 0.000000000000000000e+00 -5.285195129545172676e-06 -2.000028640031814575e-01 0.000000000000000000e+00 7.000000000000000000e+00 8.191000000000000000e+03 0.000000000000000000e+00 2.000000000000000000e+00 2.755390167236328125e+00
5.640000152587890625e+01 -1.899981200695037842e-01 0.000000000000000000e+00 -4.681573045672848821e-06 -1.900058239698410034e-01 0.000000000000000000e+00 7.000000000000000000e+00 8.191000000000000000e+03 0.000000000000000000e+00 3.000000000000000000e+00 2.755399942398071289e+00
5.660000228881835938e+01 -1.800614595413208008e-01 0.000000000000000000e+00 -4.215342414681799710e-06 -1.799962967634201050e-01 0.000000000000000000e+00 7.000000000000000000e+00 8.191000000000000000e+03 0.000000000000000000e+00 3.000000000000000000e+00 2.755399942398071289e+00
5.679999923706054688e+01 -1.700100749731063843e-01 0.000000000000000000e+00 -3.817198830802226439e-06 -1.699992567300796509e-01 0.000000000000000000e+00 7.000000000000000000e+00 8.191000000000000000e+03 0.000000000000000000e+00 3.000000000000000000e+00 2.755399942398071289e+00
5.700000000000000000e+01 -1.599441915750503540e-01 0.000000000000000000e+00 -3.493725444059236906e-06 -1.600022166967391968e-01 0.000000000000000000e+00 7.000000000000000000e+00 8.191000000000000000e+03 0.000000000000000000e+00 3.000000000000000000e+00 2.755399942398071289e+00
5.720000076293945312e+01 -1.499678641557693481e-01 0.000000000000000000e+00 -3.219623977201990783e-06 -1.500051915645599365e-01 0.000000000000000000e+00 7.000000000000000000e+00 8.191000000000000000e+03 0.000000000000000000e+00 3.000000000000000000e+00 2.755309581756591797e+00
5.740000152587890625e+01 -1.400235742330551147e-01 0.000000000000000000e+00 -2.991663450302439742e-06 -1.399956643581390381e-01 0.000000000000000000e+00 7.000000000000000000e+00 8.191000000000000000e+03 0.000000000000000000e+00 3.000000000000000000e+00 2.755300045013427734e+00
5.760000228881835938e+01 -1.299812793731689453e-01 0.000000000000000000e+00 -2.794113242998719215e-06 -1.299986243247985840e-01 0.000000000000000000e+00 7.000000000000000000e+00 8.191000000000000000e+03 0.000000000000000000e+00 3.000000000000000000e+00 2.755300045013427734e+00
5.779999923706054688e+01 -1.200538128614425659e-01 0.000000000000000000e+00 -2.615101038827560842e-06 -1.200015842914581299e-01 0.000000000000000000e+00 7.000000000000000000e+00 8.191000000000000000e+03 0.000000000000000000e+00 3.000000000000000000e+00 2.755300045013427734e+00
5.800000000000000000e+01 -1.100517436861991882e-01 0.000000000000000000e+00 -2.463886175974039361e-06 -1.100045591592788696e-01 0.000000000000000000e+00 7.000000000000000000e+00 8.191000000000000000e+03 0.000000000000000000e+00 3.000000000000000000e+00 2.755300045013427734e+00
5.820000076293945312e+01 -9.998977184295654297e-02 0.000000000000000000e+00 -2.338926151423947886e-06 -9.999501705169677734e-02 0.000000000000000000e+00 7.000000000000000000e+00 8.191000000000000000e+03 0.000000000000000000e+00 3.000000000000000000e+00 2.755300045013427734e+00
5.840000152587890625e+01 -8.997341990470886230e-02 0.000000000000000000e+00 -2.229089432148612104e-06 -8.999799191951751709e-02 0.000000000000000000e+00 7.000000000000000000e+00 8.191000000000000000e+03 0.000000000000000000e+00 3.000000000000000000e+00 2.755300045013427734e+00
5.860000228881835938e+01 -7.999584823846817017e-02 0.000000000000000000e+00 -2.130703478542272933e-06 -8.000095188617706299e-02 0.000000000000000000e+00 7.000000000000000000e+00 8.191000000000000000e+03 0.000000000000000000e+00 3.000000000000000000e+00 2.755300045013427734e+00
5.879999923706054688e+01 -7.000783085823059082e-02 0.000000000000000000e+00 -2.045672090389416553e-06 -7.000392675399780273e-02 0.000000000000000000e+00 7.000000000000000000e+00 8.191000000000000000e+03 0.000000000000000000e+00 3.000000000000000000e+00 2.755300045013427734e+00
5.900000000000000000e+01 -6.001606211066246033e-02 0.000000000000000000e+00 -1.963735030585667118e-06 -5.999438837170600891e-02 0.000000000000000000e+00 7.000000000000000000e+00 8.191000000000000000e+03 0.000000000000000000e+00 3.000000000000000000e+00 2.755300045013427734e+00
5.920000076293945312e+01 -4.998150095343589783e-02 0.000000000000000000e+00 -1.884225412140949629e-06 -4.999735578894615173e-02 0.000000000000000000e+00 7.000000000000000000e+00 8.191000000000000000e+03 0.000000000000000000e+00 3.000000000000000000e+00 2.755300045013427734e+00
5.940000152587890625e+01 -4.002811759710311890e-02 0.000000000000000000e+00 -1.819697104110673536e-06 -4.000032320618629456e-02 0.000000000000000000e+00 7.000000000000000000e+00 8.191000000000000000e+03 0.000000000000000000e+00 3.000000000000000000e+00 2.755300045013427734e+00
5.960000228881835938e+01 -2.997671999037265778e-02 0.000000000000000000e+00 -1.751411332406860311e-06 -3.000328317284584045e-02 0.000000000000000000e+00 7.000000000000000000e+00 8.191000000000000000e+03 0.000000000000000000e+00 3.000000000000000000e+00 2.755300045013427734e+00
5.979999923706054688e+01 -1.995911076664924622e-02 0.000000000000000000e+00 -1.675433850323315710e-06 -1.999375596642494202e-02 0.000000000000000000e+00 7.000000000000000000e+00 8.191000000000000000e+03 0.000000000000000000e+00 3.000000000000000000e+00 2.755300045013427734e+00
6.000000000000000000e+01 -1.001422852277755737e-02 0.000000000000000000e+00 -1.601724989086505957e-06 -9.996719658374786377e-03 0.000000000000000000e+00 7.000000000000000000e+00 8.191000000000000000e+03 0.000000000000000000e+00 3.000000000000000000e+00 2.755300045013427734e+00
6.020000076293945312e+01 1.519409124739468098e-06 0.000000000000000000e+00 -1.516855149930051994e-06 3.129243850708007812e-07 0.000000000000000000e+00 7.000000000000000000e+00 8.191000000000000000e+03 0.000000000000000000e+00 3.000000000000000000e+00 2.755300045013427734e+00
