2.000000029802322388e-01 2.711594279389828444e-04 0.000000000000000000e+00 -3.632241600826091599e-07 0.000000000000000000e+00 0.000000000000000000e+00 6.000000000000000000e+00 8.191000000000000000e+03 0.000000000000000000e+00 0.000000000000000000e+00 2.757099866867065430e+00
4.000000059604644775e-01 1.028984505683183670e-02 0.000000000000000000e+00 6.703021995235758368e-07 9.997034445405006409e-03 0.000000000000000000e+00 6.000000000000000000e+00 8.191000000000000000e+03 0.000000000000000000e+00 0.000000000000000000e+00 2.757099866867065430e+00
6.000000238418579102e-01 2.028208598494529724e-02 0.000000000000000000e+00 1.093102355298469774e-06 1.999406889081001282e-02 0.000000000000000000e+00 6.000000000000000000e+00 7.164000000000000000e+03 0.000000000000000000e+00 0.000000000000000000e+00 2.757200002670288086e+00
8.000000119209289551e-01 3.003743663430213928e-02 0.000000000000000000e+00 2.940970261988695711e-06 3.000359982252120972e-02 0.000000000000000000e+00 7.000000000000000000e+00 6.143000000000000000e+03 0.000000000000000000e+00 0.000000000000000000e+00 2.757200002670288086e+00
1.000000000000000000e+00 4.030115902423858643e-02 0.000000000000000000e+00 4.500837803789181635e-06 4.000063613057136536e-02 0.000000000000000000e+00 7.000000000000000000e+00 8.191000000000000000e+03 0.000000000000000000e+00 0.000000000000000000e+00 2.757200002670288086e+00
1.200000047683715820e+00 5.034445598721504211e-02 0.000000000000000000e+00 6.435421255446271971e-06 4.999766871333122253e-02 0.000000000000000000e+00 7.000000000000000000e+00 8.191000000000000000e+03 0.000000000000000000e+00 0.000000000000000000e+00 2.757200002670288086e+00
1.399999976158142090e+00 6.030593439936637878e-02 0.000000000000000000e+00 8.761208846408408135e-06 5.999470502138137817e-02 0.000000000000000000e+00 7.000000000000000000e+00 8.191000000000000000e+03 0.000000000000000000e+00 0.000000000000000000e+00 2.757200002670288086e+00
1.600000023841857910e+00 7.033327966928482056e-02 0.000000000000000000e+00 1.092717502615414560e-05 7.000423967838287354e-02 0.000000000000000000e+00 7.000000000000000000e+00 7.164000000000000000e+03 0.000000000000000000e+00 0.000000000000000000e+00 2.756099939346313477e+00
1.800000071525573730e+00 8.030720055103302002e-02 0.000000000000000000e+00 1.433861780242295936e-05 8.000127226114273071e-02 0.000000000000000000e+00 8.000000000000000000e+00 8.191000000000000000e+03 0.000000000000000000e+00 0.000000000000000000e+00 2.756099939346313477e+00
2.000000000000000000e+00 9.032416343688964844e-02 0.000000000000000000e+00 1.729595351207535714e-05 8.999830484390258789e-02 0.000000000000000000e+00 8.000000000000000000e+00 8.191000000000000000e+03 0.000000000000000000e+00 0.000000000000000000e+00 2.756099939346313477e+00
2.200000047683715820e+00 1.003001481294631958e-01 0.000000000000000000e+00 2.007846342166885734e-05 9.999533742666244507e-02 0.000000000000000000e+00 8.000000000000000000e+00 8.191000000000000000e+03 0.000000000000000000e+00 0.000000000000000000e+00 2.756099939346313477e+00
2.400000095367431641e+00 1.103262081742286682e-01 0.000000000000000000e+00 2.250223224109504372e-05 1.100048720836639404e-01 0.000000000000000000e+00 8.000000000000000000e+00 8.191000000000000000e+03 0.000000000000000000e+00 0.000000000000000000e+00 2.756099939346313477e+00
2.600000143051147461e+00 1.203340590000152588e-01 0.000000000000000000e+00 2.435654823784716427e-05 1.200019046664237976e-01 0.000000000000000000e+00 8.000000000000000000e+00 8.191000000000000000e+03 0.000000000000000000e+00 0.000000000000000000e+00 2.755800008773803711e+00
2.799999952316284180e+00 1.303159892559051514e-01 0.000000000000000000e+00 2.554426464485004544e-05 1.299989372491836548e-01 0.000000000000000000e+00 8.000000000000000000e+00 8.191000000000000000e+03 0.000000000000000000e+00 0.000000000000000000e+00 2.755800008773803711e+00
3.000000000000000000e+00 1.402899026870727539e-01 0.000000000000000000e+00 2.601176311145536602e-05 1.399959772825241089e-01 0.000000000000000000e+00 8.000000000000000000e+00 8.191000000000000000e+03 0.000000000000000000e+00 0.000000000000000000e+00 2.755800008773803711e+00
3.200000047683715820e+00 1.503233462572097778e-01 0.000000000000000000e+00 2.580306500021833926e-05 1.500055044889450073e-01 0.000000000000000000e+00 8.000000000000000000e+00 8.191000000000000000e+03 0.000000000000000000e+00 0.000000000000000000e+00 2.755800008773803711e+00
3.400000095367431641e+00 1.603110134601593018e-01 0.000000000000000000e+00 2.517590655770618469e-05 1.600025445222854614e-01 0.000000000000000000e+00 8.000000000000000000e+00 8.191000000000000000e+03 0.000000000000000000e+00 0.000000000000000000e+00 2.755800008773803711e+00
3.600000143051147461e+00 1.702645868062973022e-01 0.000000000000000000e+00 2.423683690722100437e-05 1.699995696544647217e-01 0.000000000000000000e+00 8.000000000000000000e+00 8.191000000000000000e+03 0.000000000000000000e+00 0.000000000000000000e+00 2.756299972534179688e+00
3.799999952316284180e+00 1.803534328937530518e-01 0.000000000000000000e+00 2.321454667253419757e-05 1.799966096878051758e-01 0.000000000000000000e+00 8.000000000000000000e+00 8.191000000000000000e+03 0.000000000000000000e+00 0.000000000000000000e+00 2.756299972534179688e+00
4.000000000000000000e+00 1.903192847967147827e-01 0.000000000000000000e+00 2.217434666818007827e-05 1.900061368942260742e-01 0.000000000000000000e+00 8.000000000000000000e+00 8.191000000000000000e+03 0.000000000000000000e+00 0.000000000000000000e+00 2.756299972534179688e+00
4.200000286102294922e+00 2.003158330917358398e-01 0.000000000000000000e+00 2.118209704349283129e-05 2.000031769275665283e-01 0.000000000000000000e+00 8.000000000000000000e+00 8.191000000000000000e+03 0.000000000000000000e+00 0.000000000000000000e+00 2.756299972534179688e+00
4.400000095367431641e+00 2.103027552366256714e-01 0.000000000000000000e+00 2.028277049248572439e-05 2.100002169609069824e-01 0.000000000000000000e+00 8.000000000000000000e+00 8.191000000000000000e+03 0.000000000000000000e+00 0.000000000000000000e+00 2.756299972534179688e+00
4.599999904632568359e+00 2.202797383069992065e-01 0.000000000000000000e+00 1.947974487848114222e-05 2.199972420930862427e-01 0.000000000000000000e+00 8.000000000000000000e+00 8.191000000000000000e+03 0.000000000000000000e+00 0.000000000000000000e+00 2.756299972534179688e+00
4.800000190734863281e+00 2.303158789873123169e-01 0.000000000000000000e+00 1.874207009677775204e-05 2.299942821264266968e-01 0.000000000000000000e+00 8.000000000000000000e+00 8.191000000000000000e+03 0.000000000000000000e+00 0.000000000000000000e+00 2.756299972534179688e+00
5.000000000000000000e+00 2.403329312801361084e-01 0.000000000000000000e+00 1.813124254113063216e-05 2.400038093328475952e-01 0.000000000000000000e+00 8.000000000000000000e+00 8.191000000000000000e+03 0.000000000000000000e+00 0.000000000000000000e+00 2.756299972534179688e+00
5.200000286102294922e+00 2.503720819950103760e-01 0.000000000000000000e+00 1.757421705406159163e-05 2.500008344650268555e-01 0.000000000000000000e+00 8.000000000000000000e+00 8.191000000000000000e+03 0.000000000000000000e+00 0.000000000000000000e+00 2.756299972534179688e+00
5.400000095367431641e+00 2.603507637977600098e-01 0.000000000000000000e+00 1.709326534182764590e-05 2.599978744983673096e-01 0.000000000000000000e+00 8.000000000000000000e+00 8.191000000000000000e+03 0.000000000000000000e+00 0.000000000000000000e+00 2.756299972534179688e+00
5.599999904632568359e+00 2.703081369400024414e-01 0.000000000000000000e+00 1.662521935941185802e-05 2.699949145317077637e-01 0.000000000000000000e+00 8.000000000000000000e+00 8.191000000000000000e+03 0.000000000000000000e+00 0.000000000000000000e+00 2.756299972534179688e+00
5.800000190734863281e+00 2.802760004997253418e-01 0.000000000000000000e+00 1.621002411411609501e-05 2.800044417381286621e-01 0.000000000000000000e+00 8.000000000000000000e+00 8.191000000000000000e+03 0.000000000000000000e+00 0.000000000000000000e+00 2.756299972534179688e+00
6.000000000000000000e+00 2.903200984001159668e-01 0.000000000000000000e+00 1.586011057952418923e-05 2.900014817714691162e-01 0.000000000000000000e+00 8.000000000000000000e+00 8.191000000000000000e+03 0.000000000000000000e+00 0.000000000000000000e+00 2.756299972534179688e+00
6.200000286102294922e+00 3.003344833850860596e-01 0.000000000000000000e+00 1.550361412228085101e-05 2.999985218048095703e-01 0.000000000000000000e+00 8.000000000000000000e+00 8.191000000000000000e+03 0.000000000000000000e+00 0.000000000000000000e+00 2.756299972534179688e+00
6.400000095367431641e+00 2.903323173522949219e-01 0.000000000000000000e+00 1.455254732718458399e-05 2.900014817714691162e-01 0.000000000000000000e+00 8.000000000000000000e+00 8.191000000000000000e+03 0.000000000000000000e+00 0.000000000000000000e+00 2.756299972534179688e+00
6.599999904632568359e+00 2.803432941436767578e-01 0.000000000000000000e+00 1.387523934681667015e-05 2.800044417381286621e-01 0.000000000000000000e+00 8.000000000000000000e+00 8.191000000000000000e+03 0.000000000000000000e+00 0.000000000000000000e+00 2.756299972534179688e+00
6.800000190734863281e+00 2.702824175357818604e-01 0.000000000000000000e+00 1.329792303295107558e-05 2.699949145317077637e-01 0.000000000000000000e+00 8.000000000000000000e+00 8.191000000000000000e+03 0.000000000000000000e+00 0.000000000000000000e+00 2.756299972534179688e+00
7.000000000000000000e+00 2.602892220020294189e-01 0.000000000000000000e+00 1.277100909646833315e-05 2.599978744983673096e-01 0.000000000000000000e+00 8.000000000000000000e+00 8.191000000000000000e+03 0.000000000000000000e+00 0.000000000000000000e+00 2.756299972534179688e+00
7.200000286102294922e+00 2.503066956996917725e-01 0.000000000000000000e+00 1.231832720804959536e-05 2.500008344650268555e-01 0.000000000000000000e+00 8.000000000000000000e+00 8.191000000000000000e+03 0.000000000000000000e+00 0.000000000000000000e+00 2.756299972534179688e+00
7.400000095367431641e+00 2.402845025062561035e-01 0.000000000000000000e+00 1.190519924421096221e-05 2.400038093328475952e-01 0.000000000000000000e+00 8.000000000000000000e+00 8.191000000000000000e+03 0.000000000000000000e+00 0.000000000000000000e+00 2.756299972534179688e+00
7.599999904632568359e+00 2.302678674459457397e-01 0.000000000000000000e+00 1.144595080404542387e-05 2.299942821264266968e-01 0.000000000000000000e+00 8.000000000000000000e+00 8.191000000000000000e+03 0.000000000000000000e+00 0.000000000000000000e+00 2.756000041961669922e+00
7.800000190734863281e+00 2.203153520822525024e-01 0.000000000000000000e+00 1.104764123738277704e-05 2.199972420930862427e-01 0.000000000000000000e+00 8.000000000000000000e+00 8.191000000000000000e+03 0.000000000000000000e+00 0.000000000000000000e+00 2.756000041961669922e+00
8.000000000000000000e+00 2.103075236082077026e-01 0.000000000000000000e+00 1.057958252204116434e-05 2.100002169609069824e-01 0.000000000000000000e+00 8.000000000000000000e+00 8.191000000000000000e+03 0.000000000000000000e+00 0.000000000000000000e+00 2.756000041961669922e+00
8.199999809265136719e+00 2.003399580717086792e-01 0.000000000000000000e+00 1.009017796604894102e-05 2.000031769275665283e-01 0.000000000000000000e+00 8.000000000000000000e+00 8.191000000000000000e+03 0.000000000000000000e+00 0.000000000000000000e+00 2.756000041961669922e+00
8.400000572204589844e+00 1.903575658798217773e-01 0.000000000000000000e+00 9.478302672505378723e-06 1.900061368942260742e-01 0.000000000000000000e+00 8.000000000000000000e+00 8.191000000000000000e+03 0.000000000000000000e+00 0.000000000000000000e+00 2.756000041961669922e+00
8.600000381469726562e+00 1.803066432476043701e-01 0.000000000000000000e+00 8.708636414667125791e-06 1.799966096878051758e-01 0.000000000000000000e+00 8.000000000000000000e+00 8.191000000000000000e+03 0.000000000000000000e+00 0.000000000000000000e+00 2.756299972534179688e+00
8.800000190734863281e+00 1.703035682439804077e-01 0.000000000000000000e+00 7.758003448543604463e-06 1.699995696544647217e-01 0.000000000000000000e+00 8.000000000000000000e+00 8.191000000000000000e+03 0.000000000000000000e+00 0.000000000000000000e+00 2.756299972534179688e+00
9.000000000000000000e+00 1.603133231401443481e-01 0.000000000000000000e+00 6.465879778261296451e-06 1.600025445222854614e-01 0.000000000000000000e+00 7.000000000000000000e+00 8.191000000000000000e+03 0.000000000000000000e+00 0.000000000000000000e+00 2.756299972534179688e+00
9.199999809265136719e+00 1.503540128469467163e-01 0.000000000000000000e+00 4.895489382761297747e-06 1.500055044889450073e-01 0.000000000000000000e+00 7.000000000000000000e+00 8.191000000000000000e+03 0.000000000000000000e+00 0.000000000000000000e+00 2.756299972534179688e+00
9.400000572204589844e+00 1.402843147516250610e-01 0.000000000000000000e+00 2.953203193101217039e-06 1.399959772825241089e-01 0.000000000000000000e+00 7.000000000000000000e+00 8.191000000000000000e+03 0.000000000000000000e+00 0.000000000000000000e+00 2.756299972534179688e+00
9.600000381469726562e+00 1.302901059389114380e-01 0.000000000000000000e+00 6.251684112612565514e-07 1.299989372491836548e-01 0.000000000000000000e+00 7.000000000000000000e+00 8.191000000000000000e+03 0.000000000000000000e+00 0.000000000000000000e+00 2.756199836730957031e+00
9.800000190734863281e+00 1.202728822827339172e-01 0.000000000000000000e+00 -1.093766627491277177e-06 1.200019046664237976e-01 0.000000000000000000e+00 6.000000000000000000e+00 7.164000000000000000e+03 0.000000000000000000e+00 0.000000000000000000e+00 2.756199836730957031e+00
1.000000000000000000e+01 1.103065386414527893e-01 0.000000000000000000e+00 -4.919241746392799541e-06 1.100048720836639404e-01 0.000000000000000000e+00 7.000000000000000000e+00 8.191000000000000000e+03 0.000000000000000000e+00 0.000000000000000000e+00 2.756199836730957031e+00
1.019999980926513672e+01 1.003409549593925476e-01 0.000000000000000000e+00 -7.890532288001850247e-06 9.999533742666244507e-02 0.000000000000000000e+00 7.000000000000000000e+00 8.191000000000000000e+03 0.000000000000000000e+00 0.000000000000000000e+00 2.756199836730957031e+00
1.040000057220458984e+01 9.028051793575286865e-02 0.000000000000000000e+00 -1.068243636836996302e-05 8.999830484390258789e-02 0.000000000000000000e+00 7.000000000000000000e+00 7.164000000000000000e+03 0.000000000000000000e+00 0.000000000000000000e+00 2.756199836730957031e+00
1.060000038146972656e+01 8.025775104761123657e-02 0.000000000000000000e+00 -1.327630252490052953e-05 8.000127226114273071e-02 0.000000000000000000e+00 8.000000000000000000e+00 8.191000000000000000e+03 0.000000000000000000e+00 0.000000000000000000e+00 2.756199836730957031e+00
1.080000019073486328e+01 7.031567394733428955e-02 0.000000000000000000e+00 -1.531755697214975953e-05 7.000423967838287354e-02 0.000000000000000000e+00 8.000000000000000000e+00 8.191000000000000000e+03 0.000000000000000000e+00 0.000000000000000000e+00 2.756199836730957031e+00
1.100000000000000000e+01 6.029431149363517761e-02 0.000000000000000000e+00 -1.666306889092084020e-05 5.999470502138137817e-02 0.000000000000000000e+00 8.000000000000000000e+00 8.191000000000000000e+03 0.000000000000000000e+00 0.000000000000000000e+00 2.756199836730957031e+00
1.119999980926513672e+01 5.026169866323471069e-02 0.000000000000000000e+00 -1.719373358355369419e-05 4.999766871333122253e-02 0.000000000000000000e+00 8.000000000000000000e+00 8.191000000000000000e+03 0.000000000000000000e+00 0.000000000000000000e+00 2.756199836730957031e+00
1.140000057220458984e+01 4.024468734860420227e-02 0.000000000000000000e+00 -1.706206603557802737e-05 4.000063613057136536e-02 0.000000000000000000e+00 8.000000000000000000e+00 8.191000000000000000e+03 0.000000000000000000e+00 0.000000000000000000e+00 2.756199836730957031e+00
1.160000038146972656e+01 3.028880804777145386e-02 0.000000000000000000e+00 -1.646885357331484556e-05 3.000359982252120972e-02 0.000000000000000000e+00 8.000000000000000000e+00 8.191000000000000000e+03 0.000000000000000000e+00 0.000000000000000000e+00 2.756099939346313477e+00
1.180000019073486328e+01 2.027328312397003174e-02 0.000000000000000000e+00 -1.556132338009774685e-05 1.999406889081001282e-02 0.000000000000000000e+00 8.000000000000000000e+00 8.191000000000000000e+03 0.000000000000000000e+00 0.000000000000000000e+00 2.756099939346313477e+00
1.200000000000000000e+01 1.028463896363973618e-02 0.000000000000000000e+00 -1.454002358514117077e-05 9.997034445405006409e-03 0.000000000000000000e+00 8.000000000000000000e+00 8.191000000000000000e+03 0.000000000000000000e+00 0.000000000000000000e+00 2.756099939346313477e+00
1.219999980926513672e+01 2.840993984136730433e-04 0.000000000000000000e+00 -1.350017373624723405e-05 0.000000000000000000e+00 0.000000000000000000e+00 8.000000000000000000e+00 8.191000000000000000e+03 0.000000000000000000e+00 0.000000000000000000e+00 2.756099939346313477e+00
1.240000057220458984e+01 -9.692522697150707245e-03 0.000000000000000000e+00 -1.251765843335306272e-05 -9.997034445405006409e-03 0.000000000000000000e+00 8.000000000000000000e+00 8.191000000000000000e+03 0.000000000000000000e+00 0.000000000000000000e+00 2.756099939346313477e+00
1.260000038146972656e+01 -1.972886919975280762e-02 0.000000000000000000e+00 -1.160477495432132855e-05 -1.999406889081001282e-02 0.000000000000000000e+00 8.000000000000000000e+00 8.191000000000000000e+03 0.000000000000000000e+00 0.000000000000000000e+00 2.756099939346313477e+00
1.280000019073486328e+01 -2.965692430734634399e-02 0.000000000000000000e+00 -1.076923763321246952e-05 -3.000359982252120972e-02 0.000000000000000000e+00 8.000000000000000000e+00 6.143000000000000000e+03 0.000000000000000000e+00 0.000000000000000000e+00 2.756099939346313477e+00
1.300000000000000000e+01 -3.971876204013824463e-02 0.000000000000000000e+00 -1.003281613520812243e-05 -4.000063613057136536e-02 0.000000000000000000e+00 8.000000000000000000e+00 8.191000000000000000e+03 0.000000000000000000e+00 0.000000000000000000e+00 2.756099939346313477e+00
1.319999980926513672e+01 -4.970834776759147644e-02 0.000000000000000000e+00 -9.361223419546149671e-06 -4.999766871333122253e-02 0.000000000000000000e+00 8.000000000000000000e+00 8.191000000000000000e+03 0.000000000000000000e+00 0.000000000000000000e+00 2.756099939346313477e+00
1.340000057220458984e+01 -5.976846441626548767e-02 0.000000000000000000e+00 -8.839199836074840277e-06 -5.999470502138137817e-02 0.000000000000000000e+00 8.000000000000000000e+00 8.191000000000000000e+03 0.000000000000000000e+00 0.000000000000000000e+00 2.756099939346313477e+00
1.360000038146972656e+01 -6.974786520004272461e-02 0.000000000000000000e+00 -8.322608664457220584e-06 -7.000423967838287354e-02 0.000000000000000000e+00 8.000000000000000000e+00 8.191000000000000000e+03 0.000000000000000000e+00 0.000000000000000000e+00 2.756299972534179688e+00
1.380000019073486328e+01 -7.972173392772674561e-02 0.000000000000000000e+00 -7.882063982833642513e-06 -8.000127226114273071e-02 0.000000000000000000e+00 8.000000000000000000e+00 8.191000000000000000e+03 0.000000000000000000e+00 0.000000000000000000e+00 2.756299972534179688e+00
1.400000000000000000e+01 -8.973628282546997070e-02 0.000000000000000000e+00 -7.539229045505635440e-06 -8.999830484390258789e-02 0.000000000000000000e+00 7.000000000000000000e+00 8.191000000000000000e+03 0.000000000000000000e+00 0.000000000000000000e+00 2.756299972534179688e+00
1.419999980926513672e+01 -9.974145889282226562e-02 0.000000000000000000e+00 -7.209977866295957938e-06 -9.999533742666244507e-02 0.000000000000000000e+00 7.000000000000000000e+00 8.191000000000000000e+03 0.000000000000000000e+00 0.000000000000000000e+00 2.756299972534179688e+00
1.440000057220458984e+01 -1.097150593996047974e-01 0.000000000000000000e+00 -6.934788871149066836e-06 -1.100048720836639404e-01 0.000000000000000000e+00 7.000000000000000000e+00 8.191000000000000000e+03 0.000000000000000000e+00 0.000000000000000000e+00 2.756299972534179688e+00
1.460000038146972656e+01 -1.197258308529853821e-01 0.000000000000000000e+00 -6.708883574901847169e-06 -1.200019046664237976e-01 0.000000000000000000e+00 7.000000000000000000e+00 8.191000000000000000e+03 0.000000000000000000e+00 0.000000000000000000e+00 2.756099939346313477e+00
1.480000019073486328e+01 -1.297470182180404663e-01 0.000000000000000000e+00 -6.536416549351997674e-06 -1.299989372491836548e-01 0.000000000000000000e+00 7.000000000000000000e+00 8.191000000000000000e+03 0.000000000000000000e+00 0.000000000000000000e+00 2.756099939346313477e+00
1.500000000000000000e+01 -1.397105008363723755e-01 0.000000000000000000e+00 -6.424231287383008748e-06 -1.399959772825241089e-01 0.000000000000000000e+00 7.000000000000000000e+00 8.191000000000000000e+03 0.000000000000000000e+00 0.000000000000000000e+00 2.756099939346313477e+00
1.519999980926513672e+01 -1.497328281402587891e-01 0.000000000000000000e+00 -6.375578323059016839e-06 -1.500055044889450073e-01 0.000000000000000000e+00 7.000000000000000000e+00 8.191000000000000000e+03 0.000000000000000000e+00 0.000000000000000000e+00 2.756099939346313477e+00
1.540000057220458984e+01 -1.597343534231185913e-01 0.000000000000000000e+00 -6.396326625690562651e-06 -1.600025445222854614e-01 0.000000000000000000e+00 7.000000000000000000e+00 8.191000000000000000e+03 0.000000000000000000e+00 0.000000000000000000e+00 2.756099939346313477e+00
1.560000038146972656e+01 -1.696905344724655151e-01 0.000000000000000000e+00 -6.505302735604345798e-06 -1.699995696544647217e-01 0.000000000000000000e+00 7.000000000000000000e+00 8.191000000000000000e+03 0.000000000000000000e+00 0.000000000000000000e+00 2.756099939346313477e+00
1.580000019073486328e+01 -1.797136068344116211e-01 0.000000000000000000e+00 -6.707947250106371939e-06 -1.799966096878051758e-01 0.000000000000000000e+00 7.000000000000000000e+00 8.191000000000000000e+03 0.000000000000000000e+00 0.000000000000000000e+00 2.756099939346313477e+00
1.600000000000000000e+01 -1.897850334644317627e-01 0.000000000000000000e+00 -7.016373729129554704e-06 -1.900061368942260742e-01 0.000000000000000000e+00 7.000000000000000000e+00 8.191000000000000000e+03 0.000000000000000000e+00 0.000000000000000000e+00 2.756099939346313477e+00
1.620000076293945312e+01 -1.997325271368026733e-01 0.000000000000000000e+00 -7.436891792167443782e-06 -2.000031769275665283e-01 0.000000000000000000e+00 7.000000000000000000e+00 8.191000000000000000e+03 0.000000000000000000e+00 0.000000000000000000e+00 2.756099939346313477e+00
1.639999961853027344e+01 -2.097292244434356689e-01 0.000000000000000000e+00 -7.966222256072796881e-06 -2.100002169609069824e-01 0.000000000000000000e+00 7.000000000000000000e+00 8.191000000000000000e+03 0.000000000000000000e+00 0.000000000000000000e+00 2.756099939346313477e+00
1.660000038146972656e+01 -2.197090238332748413e-01 0.000000000000000000e+00 -8.594329301558900625e-06 -2.199972420930862427e-01 0.000000000000000000e+00 7.000000000000000000e+00 8.191000000000000000e+03 0.000000000000000000e+00 0.000000000000000000e+00 2.756099939346313477e+00
1.680000114440917969e+01 -2.297589778900146484e-01 0.000000000000000000e+00 -9.273233445128425956e-06 -2.299942821264266968e-01 0.000000000000000000e+00 7.000000000000000000e+00 8.191000000000000000e+03 0.000000000000000000e+00 0.000000000000000000e+00 2.756099939346313477e+00
1.700000000000000000e+01 -2.397819310426712036e-01 0.000000000000000000e+00 -9.881609912554267794e-06 -2.400038093328475952e-01 0.000000000000000000e+00 8.000000000000000000e+00 8.191000000000000000e+03 0.000000000000000000e+00 0.000000000000000000e+00 2.756099939346313477e+00
1.720000076293945312e+01 -2.497327327728271484e-01 0.000000000000000000e+00 -1.023691675072768703e-05 -2.500008344650268555e-01 0.000000000000000000e+00 8.000000000000000000e+00 8.191000000000000000e+03 0.000000000000000000e+00 0.000000000000000000e+00 2.756099939346313477e+00
1.739999961853027344e+01 -2.597217261791229248e-01 0.000000000000000000e+00 -1.035078821587376297e-05 -2.599978744983673096e-01 0.000000000000000000e+00 8.000000000000000000e+00 8.191000000000000000e+03 0.000000000000000000e+00 0.000000000000000000e+00 2.756099939346313477e+00
1.760000038146972656e+01 -2.697306871414184570e-01 0.000000000000000000e+00 -1.049785169016104192e-05 -2.699949145317077637e-01 0.000000000000000000e+00 8.000000000000000000e+00 8.191000000000000000e+03 0.000000000000000000e+00 0.000000000000000000e+00 2.756000041961669922e+00
1.780000114440917969e+01 -2.797569930553436279e-01 0.000000000000000000e+00 -1.070597591024124995e-05 -2.800044417381286621e-01 0.000000000000000000e+00 8.000000000000000000e+00 8.191000000000000000e+03 0.000000000000000000e+00 0.000000000000000000e+00 2.756000041961669922e+00
1.800000000000000000e+01 -2.897524833679199219e-01 0.000000000000000000e+00 -1.116245402954518795e-05 -2.900014817714691162e-01 0.000000000000000000e+00 8.000000000000000000e+00 8.191000000000000000e+03 0.000000000000000000e+00 0.000000000000000000e+00 2.756000041961669922e+00
1.820000076293945312e+01 -2.997933030128479004e-01 0.000000000000000000e+00 -1.193762636830797419e-05 -2.999985218048095703e-01 0.000000000000000000e+00 8.000000000000000000e+00 8.191000000000000000e+03 0.000000000000000000e+00 0.000000000000000000e+00 2.756000041961669922e+00
1.839999961853027344e+01 -2.897712588310241699e-01 0.000000000000000000e+00 -9.363099707115907222e-06 -2.900014817714691162e-01 0.000000000000000000e+00 8.000000000000000000e+00 8.191000000000000000e+03 0.000000000000000000e+00 1.000000000000000000e+00 2.756000041961669922e+00
1.860000038146972656e+01 -2.797422111034393311e-01 0.000000000000000000e+00 -7.647192433068994433e-06 -2.800044417381286621e-01 0.000000000000000000e+00 8.000000000000000000e+00 8.191000000000000000e+03 0.000000000000000000e+00 1.000000000000000000e+00 2.756000041961669922e+00
1.880000114440917969e+01 -2.697173655033111572e-01 0.000000000000000000e+00 -6.486161964858183637e-06 -2.699949145317077637e-01 0.000000000000000000e+00 7.000000000000000000e+00 8.191000000000000000e+03 0.000000000000000000e+00 1.000000000000000000e+00 2.756000041961669922e+00
1.900000000000000000e+01 -2.597943842411041260e-01 0.000000000000000000e+00 -5.582969606621190906e-06 -2.599978744983673096e-01 0.000000000000000000e+00 7.000000000000000000e+00 8.191000000000000000e+03 0.000000000000000000e+00 1.000000000000000000e+00 2.756000041961669922e+00
1.920000076293945312e+01 -2.497534006834030151e-01 0.000000000000000000e+00 -4.901509328192332759e-06 -2.500008344650268555e-01 0.000000000000000000e+00 7.000000000000000000e+00 8.191000000000000000e+03 0.000000000000000000e+00 1.000000000000000000e+00 2.756000041961669922e+00
1.939999961853027344e+01 -2.398000061511993408e-01 0.000000000000000000e+00 -4.378883204481098801e-06 -2.400038093328475952e-01 0.000000000000000000e+00 7.000000000000000000e+00 8.191000000000000000e+03 0.000000000000000000e+00 1.000000000000000000e+00 2.756000041961669922e+00
1.960000038146972656e+01 -2.296911478042602539e-01 0.000000000000000000e+00 -3.977520464104600251e-06 -2.299942821264266968e-01 0.000000000000000000e+00 7.000000000000000000e+00 8.191000000000000000e+03 0.000000000000000000e+00 1.000000000000000000e+00 2.755899906158447266e+00
1.980000114440917969e+01 -2.197626233100891113e-01 0.000000000000000000e+00 -3.669770194392185658e-06 -2.199972420930862427e-01 0.000000000000000000e+00 7.000000000000000000e+00 8.191000000000000000e+03 0.000000000000000000e+00 1.000000000000000000e+00 2.755899906158447266e+00
2.000000000000000000e+01 -2.097152471542358398e-01 0.000000000000000000e+00 -3.427569708946975879e-06 -2.100002169609069824e-01 0.000000000000000000e+00 7.000000000000000000e+00 8.191000000000000000e+03 0.000000000000000000e+00 1.000000000000000000e+00 2.755899906158447266e+00
2.020000076293945312e+01 -1.997090131044387817e-01 0.000000000000000000e+00 -3.236908469261834398e-06 -2.000031769275665283e-01 0.000000000000000000e+00 7.000000000000000000e+00 8.191000000000000000e+03 0.000000000000000000e+00 1.000000000000000000e+00 2.755899906158447266e+00
2.039999961853027344e+01 -1.897296458482742310e-01 0.000000000000000000e+00 -3.073029120059800334e-06 -1.900061368942260742e-01 0.000000000000000000e+00 7.000000000000000000e+00 8.191000000000000000e+03 0.000000000000000000e+00 1.000000000000000000e+00 2.755899906158447266e+00
2.060000038146972656e+01 -1.796810925006866455e-01 0.000000000000000000e+00 -2.913311845986754633e-06 -1.799966096878051758e-01 0.000000000000000000e+00 7.000000000000000000e+00 8.191000000000000000e+03 0.000000000000000000e+00 1.000000000000000000e+00 2.756000041961669922e+00
2.080000114440917969e+01 -1.697247624397277832e-01 0.000000000000000000e+00 -2.751960664681973867e-06 -1.699995696544647217e-01 0.000000000000000000e+00 7.000000000000000000e+00 8.191000000000000000e+03 0.000000000000000000e+00 1.000000000000000000e+00 2.756000041961669922e+00
2.100000000000000000e+01 -1.597253084182739258e-01 0.000000000000000000e+00 -2.599292884042370133e-06 -1.600025445222854614e-01 0.000000000000000000e+00 7.000000000000000000e+00 8.191000000000000000e+03 0.000000000000000000e+00 1.000000000000000000e+00 2.756000041961669922e+00
2.120000076293945312e+01 -1.497496813535690308e-01 0.000000000000000000e+00 -2.458245489833643660e-06 -1.500055044889450073e-01 0.000000000000000000e+00 7.000000000000000000e+00 8.191000000000000000e+03 0.000000000000000000e+00 1.000000000000000000e+00 2.756000041961669922e+00
2.139999961853027344e+01 -1.397512704133987427e-01 0.000000000000000000e+00 -2.326956973774940707e-06 -1.399959772825241089e-01 0.000000000000000000e+00 7.000000000000000000e+00 8.191000000000000000e+03 0.000000000000000000e+00 1.000000000000000000e+00 2.756000041961669922e+00
2.160000038146972656e+01 -1.297701448202133179e-01 0.000000000000000000e+00 -2.215068434452405199e-06 -1.299989372491836548e-01 0.000000000000000000e+00 7.000000000000000000e+00 8.191000000000000000e+03 0.000000000000000000e+00 1.000000000000000000e+00 2.756000041961669922e+00
2.180000114440917969e+01 -1.197073161602020264e-01 0.000000000000000000e+00 -2.107831733155762777e-06 -1.200019046664237976e-01 0.000000000000000000e+00 7.000000000000000000e+00 8.191000000000000000e+03 0.000000000000000000e+00 1.000000000000000000e+00 2.756000041961669922e+00
2.200000000000000000e+01 -1.097320467233657837e-01 0.000000000000000000e+00 -2.014048050114070065e-06 -1.100048720836639404e-01 0.000000000000000000e+00 7.000000000000000000e+00 8.191000000000000000e+03 0.000000000000000000e+00 1.000000000000000000e+00 2.756000041961669922e+00
2.220000076293945312e+01 -9.972980618476867676e-02 0.000000000000000000e+00 -1.926209961311542429e-06 -9.999533742666244507e-02 0.000000000000000000e+00 7.000000000000000000e+00 8.191000000000000000e+03 0.000000000000000000e+00 1.000000000000000000e+00 2.756000041961669922e+00
2.239999961853027344e+01 -8.971080183982849121e-02 0.000000000000000000e+00 -1.838983052948606201e-06 -8.999830484390258789e-02 0.000000000000000000e+00 7.000000000000000000e+00 8.191000000000000000e+03 0.000000000000000000e+00 1.000000000000000000e+00 2.756000041961669922e+00
2.260000038146972656e+01 -7.972756773233413696e-02 0.000000000000000000e+00 -1.760165332598262466e-06 -8.000127226114273071e-02 0.000000000000000000e+00 7.000000000000000000e+00 8.191000000000000000e+03 0.000000000000000000e+00 1.000000000000000000e+00 2.756000041961669922e+00
2.280000114440917969e+01 -6.974930316209793091e-02 0.000000000000000000e+00 -1.671785867074504495e-06 -7.000423967838287354e-02 0.000000000000000000e+00 7.000000000000000000e+00 8.191000000000000000e+03 0.000000000000000000e+00 1.000000000000000000e+00 2.756000041961669922e+00
2.300000000000000000e+01 -5.972836166620254517e-02 0.000000000000000000e+00 -1.577491616444604006e-06 -5.999470502138137817e-02 0.000000000000000000e+00 7.000000000000000000e+00 8.191000000000000000e+03 0.000000000000000000e+00 1.000000000000000000e+00 2.756000041961669922e+00
2.320000076293945312e+01 -4.968757554888725281e-02 0.000000000000000000e+00 -1.465938339606509544e-06 -4.999766871333122253e-02 0.000000000000000000e+00 7.000000000000000000e+00 8.191000000000000000e+03 0.000000000000000000e+00 1.000000000000000000e+00 2.756000041961669922e+00
2.339999961853027344e+01 -3.973313421010971069e-02 0.000000000000000000e+00 -1.335047727479832247e-06 -4.000063613057136536e-02 0.000000000000000000e+00 7.000000000000000000e+00 8.191000000000000000e+03 0.000000000000000000e+00 1.000000000000000000e+00 2.756000041961669922e+00
2.360000038146972656e+01 -2.974002249538898468e-02 0.000000000000000000e+00 -1.161750901701452676e-06 -3.000359982252120972e-02 0.000000000000000000e+00 7.000000000000000000e+00 8.191000000000000000e+03 0.000000000000000000e+00 1.000000000000000000e+00 2.756000041961669922e+00
2.380000114440917969e+01 -1.967860572040081024e-02 0.000000000000000000e+00 -9.365543292005895637e-07 -1.999406889081001282e-02 0.000000000000000000e+00 7.000000000000000000e+00 8.191000000000000000e+03 0.000000000000000000e+00 1.000000000000000000e+00 2.756000041961669922e+00
2.400000000000000000e+01 -9.666980244219303131e-03 0.000000000000000000e+00 -6.332114139695477206e-07 -9.997034445405006409e-03 0.000000000000000000e+00 7.000000000000000000e+00 8.191000000000000000e+03 0.000000000000000000e+00 1.000000000000000000e+00 2.756000041961669922e+00
2.420000076293945312e+01 3.226704720873385668e-04 0.000000000000000000e+00 -2.192758188357402105e-07 0.000000000000000000e+00 0.000000000000000000e+00 6.000000000000000000e+00 8.191000000000000000e+03 0.000000000000000000e+00 1.000000000000000000e+00 2.756000041961669922e+00
2.439999961853027344e+01 1.029889844357967377e-02 0.000000000000000000e+00 3.569045645690493984e-07 9.997034445405006409e-03 0.000000000000000000e+00 6.000000000000000000e+00 8.191000000000000000e+03 0.000000000000000000e+00 1.000000000000000000e+00 2.756000041961669922e+00
2.460000038146972656e+01 2.029997669160366058e-02 0.000000000000000000e+00 1.086933934857370332e-06 1.999406889081001282e-02 0.000000000000000000e+00 6.000000000000000000e+00 7.164000000000000000e+03 0.000000000000000000e+00 1.000000000000000000e+00 2.755899906158447266e+00
2.480000114440917969e+01 3.004751726984977722e-02 0.000000000000000000e+00 2.224662239314056933e-06 3.000359982252120972e-02 0.000000000000000000e+00 7.000000000000000000e+00 6.143000000000000000e+03 0.000000000000000000e+00 1.000000000000000000e+00 2.755899906158447266e+00
2.500000000000000000e+01 4.031874239444732666e-02 0.000000000000000000e+00 3.644736580099561252e-06 4.000063613057136536e-02 0.000000000000000000e+00 7.000000000000000000e+00 8.191000000000000000e+03 0.000000000000000000e+00 1.000000000000000000e+00 2.755899906158447266e+00
2.520000076293945312e+01 5.025672912597656250e-02 0.000000000000000000e+00 5.447986040962859988e-06 4.999766871333122253e-02 0.000000000000000000e+00 7.000000000000000000e+00 8.191000000000000000e+03 0.000000000000000000e+00 1.000000000000000000e+00 2.755899906158447266e+00
2.539999961853027344e+01 6.026159971952438354e-02 0.000000000000000000e+00 7.636297596036456525e-06 5.999470502138137817e-02 0.000000000000000000e+00 7.000000000000000000e+00 8.191000000000000000e+03 0.000000000000000000e+00 1.000000000000000000e+00 2.755899906158447266e+00
2.560000038146972656e+01 7.029580324888229370e-02 0.000000000000000000e+00 1.012752363749314100e-05 7.000423967838287354e-02 0.000000000000000000e+00 7.000000000000000000e+00 7.164000000000000000e+03 0.000000000000000000e+00 1.000000000000000000e+00 2.755699872970581055e+00
2.580000114440917969e+01 8.037003874778747559e-02 0.000000000000000000e+00 1.286469432670855895e-05 8.000127226114273071e-02 0.000000000000000000e+00 8.000000000000000000e+00 8.191000000000000000e+03 0.000000000000000000e+00 1.000000000000000000e+00 2.755699872970581055e+00
2.600000000000000000e+01 9.028631448745727539e-02 0.000000000000000000e+00 1.562325815029907972e-05 8.999830484390258789e-02 0.000000000000000000e+00 8.000000000000000000e+00 8.191000000000000000e+03 0.000000000000000000e+00 1.000000000000000000e+00 2.755699872970581055e+00
2.620000076293945312e+01 1.002759337425231934e-01 0.000000000000000000e+00 1.830714973038993776e-05 9.999533742666244507e-02 0.000000000000000000e+00 8.000000000000000000e+00 8.191000000000000000e+03 0.000000000000000000e+00 1.000000000000000000e+00 2.755699872970581055e+00
2.639999961853027344e+01 1.102903485298156738e-01 0.000000000000000000e+00 2.066177876258734614e-05 1.100048720836639404e-01 0.000000000000000000e+00 8.000000000000000000e+00 8.191000000000000000e+03 0.000000000000000000e+00 1.000000000000000000e+00 2.755699872970581055e+00
2.660000038146972656e+01 1.203289628028869629e-01 0.000000000000000000e+00 2.253477214253507555e-05 1.200019046664237976e-01 0.000000000000000000e+00 8.000000000000000000e+00 8.191000000000000000e+03 0.000000000000000000e+00 1.000000000000000000e+00 2.755499839782714844e+00
2.680000114440917969e+01 1.303140819072723389e-01 0.000000000000000000e+00 2.373323150095529854e-05 1.299989372491836548e-01 0.000000000000000000e+00 8.000000000000000000e+00 8.191000000000000000e+03 0.000000000000000000e+00 1.000000000000000000e+00 2.755499839782714844e+00
2.700000000000000000e+01 1.402854621410369873e-01 0.000000000000000000e+00 2.426188257231842726e-05 1.399959772825241089e-01 0.000000000000000000e+00 8.000000000000000000e+00 8.191000000000000000e+03 0.000000000000000000e+00 1.000000000000000000e+00 2.755499839782714844e+00
2.720000076293945312e+01 1.503315418958663940e-01 0.000000000000000000e+00 2.415575909253675491e-05 1.500055044889450073e-01 0.000000000000000000e+00 8.000000000000000000e+00 8.191000000000000000e+03 0.000000000000000000e+00 1.000000000000000000e+00 2.755499839782714844e+00
2.739999961853027344e+01 1.602756530046463013e-01 0.000000000000000000e+00 2.358756319154053926e-05 1.600025445222854614e-01 0.000000000000000000e+00 8.000000000000000000e+00 8.191000000000000000e+03 0.000000000000000000e+00 1.000000000000000000e+00 2.755499839782714844e+00
2.760000038146972656e+01 1.702373772859573364e-01 0.000000000000000000e+00 2.273989593959413469e-05 1.699995696544647217e-01 0.000000000000000000e+00 8.000000000000000000e+00 8.191000000000000000e+03 0.000000000000000000e+00 1.000000000000000000e+00 2.755899906158447266e+00
2.780000114440917969e+01 1.803451478481292725e-01 0.000000000000000000e+00 2.178870272473432124e-05 1.799966096878051758e-01 0.000000000000000000e+00 8.000000000000000000e+00 8.191000000000000000e+03 0.000000000000000000e+00 1.000000000000000000e+00 2.755899906158447266e+00
2.800000000000000000e+01 1.903130114078521729e-01 0.000000000000000000e+00 2.080002923321444541e-05 1.900061368942260742e-01 0.000000000000000000e+00 8.000000000000000000e+00 8.191000000000000000e+03 0.000000000000000000e+00 1.000000000000000000e+00 2.755899906158447266e+00
2.820000076293945312e+01 2.003156393766403198e-01 0.000000000000000000e+00 1.986025563383009285e-05 2.000031769275665283e-01 0.000000000000000000e+00 8.000000000000000000e+00 8.191000000000000000e+03 0.000000000000000000e+00 1.000000000000000000e+00 2.755899906158447266e+00
2.839999961853027344e+01 2.102765589952468872e-01 0.000000000000000000e+00 1.898947630252223462e-05 2.100002169609069824e-01 0.000000000000000000e+00 8.000000000000000000e+00 8.191000000000000000e+03 0.000000000000000000e+00 1.000000000000000000e+00 2.755899906158447266e+00
2.860000038146972656e+01 2.203389555215835571e-01 0.000000000000000000e+00 1.824685023166239262e-05 2.199972420930862427e-01 0.000000000000000000e+00 8.000000000000000000e+00 8.191000000000000000e+03 0.000000000000000000e+00 1.000000000000000000e+00 2.756000041961669922e+00
2.880000114440917969e+01 2.302802801132202148e-01 0.000000000000000000e+00 1.754462937242351472e-05 2.299942821264266968e-01 0.000000000000000000e+00 8.000000000000000000e+00 8.191000000000000000e+03 0.000000000000000000e+00 1.000000000000000000e+00 2.756000041961669922e+00
2.900000000000000000e+01 2.403250038623809814e-01 0.000000000000000000e+00 1.693396916380152106e-05 2.400038093328475952e-01 0.000000000000000000e+00 8.000000000000000000e+00 8.191000000000000000e+03 0.000000000000000000e+00 1.000000000000000000e+00 2.756000041961669922e+00
2.920000076293945312e+01 2.503053545951843262e-01 0.000000000000000000e+00 1.639190122659783810e-05 2.500008344650268555e-01 0.000000000000000000e+00 8.000000000000000000e+00 8.191000000000000000e+03 0.000000000000000000e+00 1.000000000000000000e+00 2.756000041961669922e+00
2.939999961853027344e+01 2.602734863758087158e-01 0.000000000000000000e+00 1.590568899700883776e-05 2.599978744983673096e-01 0.000000000000000000e+00 8.000000000000000000e+00 8.191000000000000000e+03 0.000000000000000000e+00 1.000000000000000000e+00 2.756000041961669922e+00
2.960000038146972656e+01 2.703126072883605957e-01 0.000000000000000000e+00 1.547574356663972139e-05 2.699949145317077637e-01 0.000000000000000000e+00 8.000000000000000000e+00 8.191000000000000000e+03 0.000000000000000000e+00 1.000000000000000000e+00 2.756000041961669922e+00
2.980000114440917969e+01 2.803221940994262695e-01 0.000000000000000000e+00 1.511945720267249271e-05 2.800044417381286621e-01 0.000000000000000000e+00 8.000000000000000000e+00 8.191000000000000000e+03 0.000000000000000000e+00 1.000000000000000000e+00 2.756000041961669922e+00
3.000000000000000000e+01 2.902901470661163330e-01 0.000000000000000000e+00 1.474079454055754468e-05 2.900014817714691162e-01 0.000000000000000000e+00 8.000000000000000000e+00 8.191000000000000000e+03 0.000000000000000000e+00 1.000000000000000000e+00 2.756000041961669922e+00
3.020000076293945312e+01 3.003212511539459229e-01 0.000000000000000000e+00 1.442044413124676794e-05 2.999985218048095703e-01 0.000000000000000000e+00 8.000000000000000000e+00 8.191000000000000000e+03 0.000000000000000000e+00 1.000000000000000000e+00 2.756000041961669922e+00
3.039999961853027344e+01 2.902744710445404053e-01 0.000000000000000000e+00 1.349135618511354551e-05 2.900014817714691162e-01 0.000000000000000000e+00 8.000000000000000000e+00 8.191000000000000000e+03 0.000000000000000000e+00 1.000000000000000000e+00 2.756000041961669922e+00
3.060000038146972656e+01 2.803249657154083252e-01 0.000000000000000000e+00 1.283443361899117008e-05 2.800044417381286621e-01 0.000000000000000000e+00 8.000000000000000000e+00 8.191000000000000000e+03 0.000000000000000000e+00 1.000000000000000000e+00 2.756000041961669922e+00
3.080000114440917969e+01 2.702940702438354492e-01 0.000000000000000000e+00 1.226078802574193105e-05 2.699949145317077637e-01 0.000000000000000000e+00 8.000000000000000000e+00 8.191000000000000000e+03 0.000000000000000000e+00 1.000000000000000000e+00 2.756000041961669922e+00
3.100000000000000000e+01 2.603373527526855469e-01 0.000000000000000000e+00 1.177945796371204779e-05 2.599978744983673096e-01 0.000000000000000000e+00 8.000000000000000000e+00 8.191000000000000000e+03 0.000000000000000000e+00 1.000000000000000000e+00 2.756000041961669922e+00
3.120000076293945312e+01 2.503144443035125732e-01 0.000000000000000000e+00 1.135447018896229565e-05 2.500008344650268555e-01 0.000000000000000000e+00 8.000000000000000000e+00 8.191000000000000000e+03 0.000000000000000000e+00 1.000000000000000000e+00 2.756000041961669922e+00
3.139999961853027344e+01 2.402913123369216919e-01 0.000000000000000000e+00 1.090970454242778942e-05 2.400038093328475952e-01 0.000000000000000000e+00 8.000000000000000000e+00 8.191000000000000000e+03 0.000000000000000000e+00 1.000000000000000000e+00 2.756000041961669922e+00
3.160000038146972656e+01 2.303263992071151733e-01 0.000000000000000000e+00 1.048780814016936347e-05 2.299942821264266968e-01 0.000000000000000000e+00 8.000000000000000000e+00 8.191000000000000000e+03 0.000000000000000000e+00 1.000000000000000000e+00 2.755699872970581055e+00
3.180000114440917969e+01 2.202787995338439941e-01 0.000000000000000000e+00 1.009021798381581903e-05 2.199972420930862427e-01 0.000000000000000000e+00 8.000000000000000000e+00 8.191000000000000000e+03 0.000000000000000000e+00 1.000000000000000000e+00 2.755699872970581055e+00
3.200000000000000000e+01 2.102893292903900146e-01 0.000000000000000000e+00 9.606469575373921543e-06 2.100002169609069824e-01 0.000000000000000000e+00 8.000000000000000000e+00 8.191000000000000000e+03 0.000000000000000000e+00 1.000000000000000000e+00 2.755699872970581055e+00
3.220000076293945312e+01 2.003250420093536377e-01 0.000000000000000000e+00 9.090486855711787939e-06 2.000031769275665283e-01 0.000000000000000000e+00 8.000000000000000000e+00 8.191000000000000000e+03 0.000000000000000000e+00 1.000000000000000000e+00 2.755699872970581055e+00
3.240000152587890625e+01 1.902883052825927734e-01 0.000000000000000000e+00 8.443231308774556965e-06 1.900061368942260742e-01 0.000000000000000000e+00 8.000000000000000000e+00 8.191000000000000000e+03 0.000000000000000000e+00 1.000000000000000000e+00 2.755699872970581055e+00
3.260000228881835938e+01 1.803052276372909546e-01 0.000000000000000000e+00 7.651488886040169746e-06 1.799966096878051758e-01 0.000000000000000000e+00 8.000000000000000000e+00 8.191000000000000000e+03 0.000000000000000000e+00 1.000000000000000000e+00 2.755899906158447266e+00
3.279999923706054688e+01 1.702922433614730835e-01 0.000000000000000000e+00 6.615237907681148499e-06 1.699995696544647217e-01 0.000000000000000000e+00 7.000000000000000000e+00 8.191000000000000000e+03 0.000000000000000000e+00 1.000000000000000000e+00 2.755899906158447266e+00
3.300000000000000000e+01 1.603439152240753174e-01 0.000000000000000000e+00 5.335717105481307954e-06 1.600025445222854614e-01 0.000000000000000000e+00 7.000000000000000000e+00 8.191000000000000000e+03 0.000000000000000000e+00 1.000000000000000000e+00 2.755899906158447266e+00
3.320000076293945312e+01 1.502798944711685181e-01 0.000000000000000000e+00 3.728895990207092836e-06 1.500055044889450073e-01 0.000000000000000000e+00 7.000000000000000000e+00 8.191000000000000000e+03 0.000000000000000000e+00 1.000000000000000000e+00 2.755899906158447266e+00
3.340000152587890625e+01 1.403008997440338135e-01 0.000000000000000000e+00 1.744390601743361913e-06 1.399959772825241089e-01 0.000000000000000000e+00 7.000000000000000000e+00 8.191000000000000000e+03 0.000000000000000000e+00 1.000000000000000000e+00 2.755899906158447266e+00
3.360000228881835938e+01 1.302702873945236206e-01 0.000000000000000000e+00 -5.897437631574575789e-07 1.299989372491836548e-01 0.000000000000000000e+00 7.000000000000000000e+00 8.191000000000000000e+03 0.000000000000000000e+00 1.000000000000000000e+00 2.755899906158447266e+00
3.379999923706054688e+01 1.202889308333396912e-01 0.000000000000000000e+00 -1.093766627491277177e-06 1.200019046664237976e-01 0.000000000000000000e+00 6.000000000000000000e+00 7.164000000000000000e+03 0.000000000000000000e+00 1.000000000000000000e+00 2.755899906158447266e+00
3.400000000000000000e+01 1.103126928210258484e-01 0.000000000000000000e+00 -6.006975127093028277e-06 1.100048720836639404e-01 0.000000000000000000e+00 7.000000000000000000e+00 8.191000000000000000e+03 0.000000000000000000e+00 1.000000000000000000e+00 2.755899906158447266e+00
3.420000076293945312e+01 1.002853214740753174e-01 0.000000000000000000e+00 -8.855558917275629938e-06 9.999533742666244507e-02 0.000000000000000000e+00 7.000000000000000000e+00 8.191000000000000000e+03 0.000000000000000000e+00 1.000000000000000000e+00 2.755899906158447266e+00
3.440000152587890625e+01 9.027617424726486206e-02 0.000000000000000000e+00 -1.093480204872321337e-05 8.999830484390258789e-02 0.000000000000000000e+00 7.000000000000000000e+00 7.164000000000000000e+03 0.000000000000000000e+00 1.000000000000000000e+00 2.755899906158447266e+00
3.460000228881835938e+01 8.031168580055236816e-02 0.000000000000000000e+00 -1.388258624501759186e-05 8.000127226114273071e-02 0.000000000000000000e+00 8.000000000000000000e+00 8.191000000000000000e+03 0.000000000000000000e+00 1.000000000000000000e+00 2.755899906158447266e+00
3.479999923706054688e+01 7.027074694633483887e-02 0.000000000000000000e+00 -1.568960215081460774e-05 7.000423967838287354e-02 0.000000000000000000e+00 8.000000000000000000e+00 8.191000000000000000e+03 0.000000000000000000e+00 1.000000000000000000e+00 2.755899906158447266e+00
3.500000000000000000e+01 6.025611609220504761e-02 0.000000000000000000e+00 -1.672341750236228108e-05 5.999470502138137817e-02 0.000000000000000000e+00 8.000000000000000000e+00 8.191000000000000000e+03 0.000000000000000000e+00 1.000000000000000000e+00 2.755899906158447266e+00
3.520000076293945312e+01 5.028344318270683289e-02 0.000000000000000000e+00 -1.704178066574968398e-05 4.999766871333122253e-02 0.000000000000000000e+00 8.000000000000000000e+00 8.191000000000000000e+03 0.000000000000000000e+00 1.000000000000000000e+00 2.755899906158447266e+00
3.540000152587890625e+01 4.026634618639945984e-02 0.000000000000000000e+00 -1.678264743532054126e-05 4.000063613057136536e-02 0.000000000000000000e+00 8.000000000000000000e+00 8.191000000000000000e+03 0.000000000000000000e+00 1.000000000000000000e+00 2.755899906158447266e+00
3.560000228881835938e+01 3.031399101018905640e-02 0.000000000000000000e+00 -1.613833774172235280e-05 3.000359982252120972e-02 0.000000000000000000e+00 8.000000000000000000e+00 8.191000000000000000e+03 0.000000000000000000e+00 1.000000000000000000e+00 2.755699872970581055e+00
3.579999923706054688e+01 2.031365409493446350e-02 0.000000000000000000e+00 -1.524048366263741627e-05 1.999406889081001282e-02 0.000000000000000000e+00 8.000000000000000000e+00 8.191000000000000000e+03 0.000000000000000000e+00 1.000000000000000000e+00 2.755699872970581055e+00
3.600000000000000000e+01 1.030944660305976868e-02 0.000000000000000000e+00 -1.425501159246778116e-05 9.997034445405006409e-03 0.000000000000000000e+00 8.000000000000000000e+00 8.191000000000000000e+03 0.000000000000000000e+00 1.000000000000000000e+00 2.755699872970581055e+00
3.620000076293945312e+01 2.983068407047539949e-04 0.000000000000000000e+00 -1.328730741079198197e-05 0.000000000000000000e+00 0.000000000000000000e+00 8.000000000000000000e+00 8.191000000000000000e+03 0.000000000000000000e+00 1.000000000000000000e+00 2.755699872970581055e+00
3.640000152587890625e+01 -9.736758656799793243e-03 0.000000000000000000e+00 -1.232917384186293930e-05 -9.997034445405006409e-03 0.000000000000000000e+00 8.000000000000000000e+00 8.191000000000000000e+03 0.000000000000000000e+00 1.000000000000000000e+00 2.755699872970581055e+00
3.660000228881835938e+01 -1.973151415586471558e-02 0.000000000000000000e+00 -1.144279303844086826e-05 -1.999406889081001282e-02 0.000000000000000000e+00 8.000000000000000000e+00 8.191000000000000000e+03 0.000000000000000000e+00 1.000000000000000000e+00 2.755800008773803711e+00
3.679999923706054688e+01 -2.967113256454467773e-02 0.000000000000000000e+00 -1.069707559508970007e-05 -3.000359982252120972e-02 0.000000000000000000e+00 8.000000000000000000e+00 6.143000000000000000e+03 0.000000000000000000e+00 1.000000000000000000e+00 2.755800008773803711e+00
3.700000000000000000e+01 -3.969797492027282715e-02 0.000000000000000000e+00 -9.989567843149416149e-06 -4.000063613057136536e-02 0.000000000000000000e+00 8.000000000000000000e+00 8.191000000000000000e+03 0.000000000000000000e+00 1.000000000000000000e+00 2.755800008773803711e+00
3.720000076293945312e+01 -4.971293732523918152e-02 0.000000000000000000e+00 -9.392290849064011127e-06 -4.999766871333122253e-02 0.000000000000000000e+00 8.000000000000000000e+00 8.191000000000000000e+03 0.000000000000000000e+00 1.000000000000000000e+00 2.755800008773803711e+00
3.740000152587890625e+01 -5.976736545562744141e-02 0.000000000000000000e+00 -8.871901627571787685e-06 -5.999470502138137817e-02 0.000000000000000000e+00 8.000000000000000000e+00 8.191000000000000000e+03 0.000000000000000000e+00 1.000000000000000000e+00 2.755800008773803711e+00
3.760000228881835938e+01 -6.974348425865173340e-02 0.000000000000000000e+00 -8.379895916732493788e-06 -7.000423967838287354e-02 0.000000000000000000e+00 8.000000000000000000e+00 8.191000000000000000e+03 0.000000000000000000e+00 1.000000000000000000e+00 2.755899906158447266e+00
3.779999923706054688e+01 -7.972718775272369385e-02 0.000000000000000000e+00 -7.954201464599464089e-06 -8.000127226114273071e-02 0.000000000000000000e+00 8.000000000000000000e+00 8.191000000000000000e+03 0.000000000000000000e+00 1.000000000000000000e+00 2.755899906158447266e+00
3.800000000000000000e+01 -8.974824845790863037e-02 0.000000000000000000e+00 -7.625514172104885802e-06 -8.999830484390258789e-02 0.000000000000000000e+00 7.000000000000000000e+00 8.191000000000000000e+03 0.000000000000000000e+00 1.000000000000000000e+00 2.755899906158447266e+00
3.820000076293945312e+01 -9.974537789821624756e-02 0.000000000000000000e+00 -7.299628123291768134e-06 -9.999533742666244507e-02 0.000000000000000000e+00 7.000000000000000000e+00 8.191000000000000000e+03 0.000000000000000000e+00 1.000000000000000000e+00 2.755899906158447266e+00
3.840000152587890625e+01 -1.097433567047119141e-01 0.000000000000000000e+00 -7.023964826657902449e-06 -1.100048720836639404e-01 0.000000000000000000e+00 7.000000000000000000e+00 8.191000000000000000e+03 0.000000000000000000e+00 1.000000000000000000e+00 2.755899906158447266e+00
3.860000228881835938e+01 -1.197073385119438171e-01 0.000000000000000000e+00 -6.794571618229383603e-06 -1.200019046664237976e-01 0.000000000000000000e+00 7.000000000000000000e+00 8.191000000000000000e+03 0.000000000000000000e+00 1.000000000000000000e+00 2.755800008773803711e+00
3.879999923706054688e+01 -1.296967267990112305e-01 0.000000000000000000e+00 -6.605416274396702647e-06 -1.299989372491836548e-01 0.000000000000000000e+00 7.000000000000000000e+00 8.191000000000000000e+03 0.000000000000000000e+00 1.000000000000000000e+00 2.755800008773803711e+00
3.900000000000000000e+01 -1.396929472684860229e-01 0.000000000000000000e+00 -6.463874797191238031e-06 -1.399959772825241089e-01 0.000000000000000000e+00 7.000000000000000000e+00 8.191000000000000000e+03 0.000000000000000000e+00 1.000000000000000000e+00 2.755800008773803711e+00
3.920000076293945312e+01 -1.497543901205062866e-01 0.000000000000000000e+00 -6.378018042596522719e-06 -1.500055044889450073e-01 0.000000000000000000e+00 7.000000000000000000e+00 8.191000000000000000e+03 0.000000000000000000e+00 1.000000000000000000e+00 2.755800008773803711e+00
3.940000152587890625e+01 -1.597270965576171875e-01 0.000000000000000000e+00 -6.344948815240059048e-06 -1.600025445222854614e-01 0.000000000000000000e+00 7.000000000000000000e+00 8.191000000000000000e+03 0.000000000000000000e+00 1.000000000000000000e+00 2.755800008773803711e+00
3.960000228881835938e+01 -1.697061359882354736e-01 0.000000000000000000e+00 -6.376116289175115526e-06 -1.699995696544647217e-01 0.000000000000000000e+00 7.000000000000000000e+00 8.191000000000000000e+03 0.000000000000000000e+00 1.000000000000000000e+00 2.755800008773803711e+00
3.979999923706054688e+01 -1.797403544187545776e-01 0.000000000000000000e+00 -6.481960099335992709e-06 -1.799966096878051758e-01 0.000000000000000000e+00 7.000000000000000000e+00 8.191000000000000000e+03 0.000000000000000000e+00 1.000000000000000000e+00 2.755800008773803711e+00
4.000000000000000000e+01 -1.897258013486862183e-01 0.000000000000000000e+00 -6.662652140221325681e-06 -1.900061368942260742e-01 0.000000000000000000e+00 7.000000000000000000e+00 8.191000000000000000e+03 0.000000000000000000e+00 1.000000000000000000e+00 2.755800008773803711e+00
4.020000076293945312e+01 -1.997429281473159790e-01 0.000000000000000000e+00 -6.931420557521050796e-06 -2.000031769275665283e-01 0.000000000000000000e+00 7.000000000000000000e+00 8.191000000000000000e+03 0.000000000000000000e+00 1.000000000000000000e+00 2.755800008773803711e+00
4.040000152587890625e+01 -2.097085714340209961e-01 0.000000000000000000e+00 -7.275089501490583643e-06 -2.100002169609069824e-01 0.000000000000000000e+00 7.000000000000000000e+00 8.191000000000000000e+03 0.000000000000000000e+00 1.000000000000000000e+00 2.755800008773803711e+00
4.060000228881835938e+01 -2.197343409061431885e-01 0.000000000000000000e+00 -7.688182449783198535e-06 -2.199972420930862427e-01 0.000000000000000000e+00 7.000000000000000000e+00 8.191000000000000000e+03 0.000000000000000000e+00 1.000000000000000000e+00 2.755800008773803711e+00
4.079999923706054688e+01 -2.297498583793640137e-01 0.000000000000000000e+00 -8.129232810460962355e-06 -2.299942821264266968e-01 0.000000000000000000e+00 7.000000000000000000e+00 8.191000000000000000e+03 0.000000000000000000e+00 1.000000000000000000e+00 2.755800008773803711e+00
4.100000000000000000e+01 -2.397365421056747437e-01 0.000000000000000000e+00 -8.518094546161592007e-06 -2.400038093328475952e-01 0.000000000000000000e+00 7.000000000000000000e+00 8.191000000000000000e+03 0.000000000000000000e+00 1.000000000000000000e+00 2.755800008773803711e+00
4.120000076293945312e+01 -2.497365176677703857e-01 0.000000000000000000e+00 -8.776913091423921287e-06 -2.500008344650268555e-01 0.000000000000000000e+00 7.000000000000000000e+00 8.191000000000000000e+03 0.000000000000000000e+00 1.000000000000000000e+00 2.755800008773803711e+00
4.140000152587890625e+01 -2.597282230854034424e-01 0.000000000000000000e+00 -8.957613317761570215e-06 -2.599978744983673096e-01 0.000000000000000000e+00 7.000000000000000000e+00 8.191000000000000000e+03 0.000000000000000000e+00 1.000000000000000000e+00 2.755800008773803711e+00
4.160000228881835938e+01 -2.697250247001647949e-01 0.000000000000000000e+00 -9.136534572462551296e-06 -2.699949145317077637e-01 0.000000000000000000e+00 8.000000000000000000e+00 8.191000000000000000e+03 0.000000000000000000e+00 1.000000000000000000e+00 2.755800008773803711e+00
4.179999923706054688e+01 -2.797151207923889160e-01 0.000000000000000000e+00 -9.422476068721152842e-06 -2.800044417381286621e-01 0.000000000000000000e+00 8.000000000000000000e+00 8.191000000000000000e+03 0.000000000000000000e+00 1.000000000000000000e+00 2.755800008773803711e+00
4.200000000000000000e+01 -2.897392213344573975e-01 0.000000000000000000e+00 -9.969864549930207431e-06 -2.900014817714691162e-01 0.000000000000000000e+00 8.000000000000000000e+00 8.191000000000000000e+03 0.000000000000000000e+00 1.000000000000000000e+00 2.755800008773803711e+00
4.220000076293945312e+01 -2.997830808162689209e-01 0.000000000000000000e+00 -1.074330157280201092e-05 -2.999985218048095703e-01 0.000000000000000000e+00 8.000000000000000000e+00 8.191000000000000000e+03 0.000000000000000000e+00 1.000000000000000000e+00 2.755800008773803711e+00
4.240000152587890625e+01 -2.897372245788574219e-01 0.000000000000000000e+00 -8.584135684941429645e-06 -2.900014817714691162e-01 0.000000000000000000e+00 8.000000000000000000e+00 8.191000000000000000e+03 0.000000000000000000e+00 2.000000000000000000e+00 2.755800008773803711e+00
4.260000228881835938e+01 -2.797579467296600342e-01 0.000000000000000000e+00 -7.134538009267998859e-06 -2.800044417381286621e-01 0.000000000000000000e+00 8.000000000000000000e+00 8.191000000000000000e+03 0.000000000000000000e+00 2.000000000000000000e+00 2.755699872970581055e+00
4.279999923706054688e+01 -2.697110772132873535e-01 0.000000000000000000e+00 -6.149704404379008338e-06 -2.699949145317077637e-01 0.000000000000000000e+00 7.000000000000000000e+00 8.191000000000000000e+03 0.000000000000000000e+00 2.000000000000000000e+00 2.755699872970581055e+00
4.300000000000000000e+01 -2.597482502460479736e-01 0.000000000000000000e+00 -5.366506229620426893e-06 -2.599978744983673096e-01 0.000000000000000000e+00 7.000000000000000000e+00 8.191000000000000000e+03 0.000000000000000000e+00 2.000000000000000000e+00 2.755699872970581055e+00
4.320000076293945312e+01 -2.497568428516387939e-01 0.000000000000000000e+00 -4.774943135998910293e-06 -2.500008344650268555e-01 0.000000000000000000e+00 7.000000000000000000e+00 8.191000000000000000e+03 0.000000000000000000e+00 2.000000000000000000e+00 2.755699872970581055e+00
4.340000152587890625e+01 -2.397288382053375244e-01 0.000000000000000000e+00 -4.317438197176670656e-06 -2.400038093328475952e-01 0.000000000000000000e+00 7.000000000000000000e+00 8.191000000000000000e+03 0.000000000000000000e+00 2.000000000000000000e+00 2.755699872970581055e+00
4.360000228881835938e+01 -2.297110259532928467e-01 0.000000000000000000e+00 -3.956334239774150774e-06 -2.299942821264266968e-01 0.000000000000000000e+00 7.000000000000000000e+00 8.191000000000000000e+03 0.000000000000000000e+00 2.000000000000000000e+00 2.755599975585937500e+00
4.379999923706054688e+01 -2.197464257478713989e-01 0.000000000000000000e+00 -3.675918833323521540e-06 -2.199972420930862427e-01 0.000000000000000000e+00 7.000000000000000000e+00 8.191000000000000000e+03 0.000000000000000000e+00 2.000000000000000000e+00 2.755599975585937500e+00
4.400000000000000000e+01 -2.097730636596679688e-01 0.000000000000000000e+00 -3.447272320045158267e-06 -2.100002169609069824e-01 0.000000000000000000e+00 7.000000000000000000e+00 8.191000000000000000e+03 0.000000000000000000e+00 2.000000000000000000e+00 2.755599975585937500e+00
4.420000076293945312e+01 -1.997538954019546509e-01 0.000000000000000000e+00 -3.265750365244457498e-06 -2.000031769275665283e-01 0.000000000000000000e+00 7.000000000000000000e+00 8.191000000000000000e+03 0.000000000000000000e+00 2.000000000000000000e+00 2.755599975585937500e+00
4.440000152587890625e+01 -1.897189468145370483e-01 0.000000000000000000e+00 -3.112889771728077903e-06 -1.900061368942260742e-01 0.000000000000000000e+00 7.000000000000000000e+00 8.191000000000000000e+03 0.000000000000000000e+00 2.000000000000000000e+00 2.755599975585937500e+00
4.460000228881835938e+01 -1.796974390745162964e-01 0.000000000000000000e+00 -2.982268597406800836e-06 -1.799966096878051758e-01 0.000000000000000000e+00 7.000000000000000000e+00 8.191000000000000000e+03 0.000000000000000000e+00 2.000000000000000000e+00 2.755699872970581055e+00
4.479999923706054688e+01 -1.696996390819549561e-01 0.000000000000000000e+00 -2.861065240722382441e-06 -1.699995696544647217e-01 0.000000000000000000e+00 7.000000000000000000e+00 8.191000000000000000e+03 0.000000000000000000e+00 2.000000000000000000e+00 2.755699872970581055e+00
4.500000000000000000e+01 -1.597744971513748169e-01 0.000000000000000000e+00 -2.744065568549558520e-06 -1.600025445222854614e-01 0.000000000000000000e+00 7.000000000000000000e+00 8.191000000000000000e+03 0.000000000000000000e+00 2.000000000000000000e+00 2.755699872970581055e+00
4.520000076293945312e+01 -1.497296690940856934e-01 0.000000000000000000e+00 -2.631934648889000528e-06 -1.500055044889450073e-01 0.000000000000000000e+00 7.000000000000000000e+00 8.191000000000000000e+03 0.000000000000000000e+00 2.000000000000000000e+00 2.755699872970581055e+00
4.540000152587890625e+01 -1.397102475166320801e-01 0.000000000000000000e+00 -2.524748651921981946e-06 -1.399959772825241089e-01 0.000000000000000000e+00 7.000000000000000000e+00 8.191000000000000000e+03 0.000000000000000000e+00 2.000000000000000000e+00 2.755699872970581055e+00
4.560000228881835938e+01 -1.297255903482437134e-01 0.000000000000000000e+00 -2.429203959763981402e-06 -1.299989372491836548e-01 0.000000000000000000e+00 7.000000000000000000e+00 8.191000000000000000e+03 0.000000000000000000e+00 2.000000000000000000e+00 2.755699872970581055e+00
4.579999923706054688e+01 -1.197307705879211426e-01 0.000000000000000000e+00 -2.339283355468069203e-06 -1.200019046664237976e-01 0.000000000000000000e+00 7.000000000000000000e+00 8.191000000000000000e+03 0.000000000000000000e+00 2.000000000000000000e+00 2.755699872970581055e+00
4.600000000000000000e+01 -1.097599714994430542e-01 0.000000000000000000e+00 -2.252622152809635736e-06 -1.100048720836639404e-01 0.000000000000000000e+00 7.000000000000000000e+00 8.191000000000000000e+03 0.000000000000000000e+00 2.000000000000000000e+00 2.755699872970581055e+00
4.620000076293945312e+01 -9.969956427812576294e-02 0.000000000000000000e+00 -2.169206027247128077e-06 -9.999533742666244507e-02 0.000000000000000000e+00 7.000000000000000000e+00 8.191000000000000000e+03 0.000000000000000000e+00 2.000000000000000000e+00 2.755699872970581055e+00
4.640000152587890625e+01 -8.971684426069259644e-02 0.000000000000000000e+00 -2.092083832394564524e-06 -8.999830484390258789e-02 0.000000000000000000e+00 7.000000000000000000e+00 8.191000000000000000e+03 0.000000000000000000e+00 2.000000000000000000e+00 2.755699872970581055e+00
4.660000228881835938e+01 -7.973973453044891357e-02 0.000000000000000000e+00 -2.011337073781760409e-06 -8.000127226114273071e-02 0.000000000000000000e+00 7.000000000000000000e+00 8.191000000000000000e+03 0.000000000000000000e+00 2.000000000000000000e+00 2.755699872970581055e+00
4.679999923706054688e+01 -6.970576196908950806e-02 0.000000000000000000e+00 -1.930054395415936597e-06 -7.000423967838287354e-02 0.000000000000000000e+00 7.000000000000000000e+00 8.191000000000000000e+03 0.000000000000000000e+00 2.000000000000000000e+00 2.755699872970581055e+00
4.700000000000000000e+01 -5.973374098539352417e-02 0.000000000000000000e+00 -1.839736455622187350e-06 -5.999470502138137817e-02 0.000000000000000000e+00 7.000000000000000000e+00 8.191000000000000000e+03 0.000000000000000000e+00 2.000000000000000000e+00 2.755699872970581055e+00
4.720000076293945312e+01 -4.970793798565864563e-02 0.000000000000000000e+00 -1.734243483042519074e-06 -4.999766871333122253e-02 0.000000000000000000e+00 7.000000000000000000e+00 8.191000000000000000e+03 0.000000000000000000e+00 2.000000000000000000e+00 2.755699872970581055e+00
4.740000152587890625e+01 -3.973675891757011414e-02 0.000000000000000000e+00 -1.607006424819701351e-06 -4.000063613057136536e-02 0.000000000000000000e+00 7.000000000000000000e+00 8.191000000000000000e+03 0.000000000000000000e+00 2.000000000000000000e+00 2.755699872970581055e+00
4.760000228881835938e+01 -2.972443588078022003e-02 0.000000000000000000e+00 -1.448448642804578412e-06 -3.000359982252120972e-02 0.000000000000000000e+00 7.000000000000000000e+00 8.191000000000000000e+03 0.000000000000000000e+00 2.000000000000000000e+00 2.755699872970581055e+00
4.779999923706054688e+01 -1.967103779315948486e-02 0.000000000000000000e+00 -1.235283548339793924e-06 -1.999406889081001282e-02 0.000000000000000000e+00 7.000000000000000000e+00 8.191000000000000000e+03 0.000000000000000000e+00 2.000000000000000000e+00 2.755699872970581055e+00
4.800000000000000000e+01 -9.711410850286483765e-03 0.000000000000000000e+00 -9.491675427852896973e-07 -9.997034445405006409e-03 0.000000000000000000e+00 7.000000000000000000e+00 8.191000000000000000e+03 0.000000000000000000e+00 2.000000000000000000e+00 2.755699872970581055e+00
4.820000076293945312e+01 2.630000235512852669e-04 0.000000000000000000e+00 -5.618758223135955632e-07 0.000000000000000000e+00 0.000000000000000000e+00 7.000000000000000000e+00 8.191000000000000000e+03 0.000000000000000000e+00 2.000000000000000000e+00 2.755699872970581055e+00
4.840000152587890625e+01 1.031172182410955429e-02 0.000000000000000000e+00 -2.769448137485142070e-08 9.997034445405006409e-03 0.000000000000000000e+00 6.000000000000000000e+00 8.191000000000000000e+03 0.000000000000000000e+00 2.000000000000000000e+00 2.755699872970581055e+00
4.860000228881835938e+01 2.034480683505535126e-02 0.000000000000000000e+00 1.091851729029258422e-07 1.999406889081001282e-02 0.000000000000000000e+00 5.000000000000000000e+00 7.164000000000000000e+03 0.000000000000000000e+00 2.000000000000000000e+00 2.755699872970581055e+00
4.879999923706054688e+01 3.004499711096286774e-02 0.000000000000000000e+00 1.093102355298469774e-06 3.000359982252120972e-02 0.000000000000000000e+00 6.000000000000000000e+00 5.116000000000000000e+03 0.000000000000000000e+00 2.000000000000000000e+00 2.755699872970581055e+00
4.900000000000000000e+01 4.028339684009552002e-02 0.000000000000000000e+00 3.055446541111450642e-06 4.000063613057136536e-02 0.000000000000000000e+00 7.000000000000000000e+00 8.191000000000000000e+03 0.000000000000000000e+00 2.000000000000000000e+00 2.755699872970581055e+00
4.920000076293945312e+01 5.028209090232849121e-02 0.000000000000000000e+00 4.765593985212035477e-06 4.999766871333122253e-02 0.000000000000000000e+00 7.000000000000000000e+00 8.191000000000000000e+03 0.000000000000000000e+00 2.000000000000000000e+00 2.755699872970581055e+00
4.940000152587890625e+01 6.030494347214698792e-02 0.000000000000000000e+00 6.854123057564720511e-06 5.999470502138137817e-02 0.000000000000000000e+00 7.000000000000000000e+00 8.191000000000000000e+03 0.000000000000000000e+00 2.000000000000000000e+00 2.755699872970581055e+00
4.960000228881835938e+01 7.032007724046707153e-02 0.000000000000000000e+00 9.262036655854899436e-06 7.000423967838287354e-02 0.000000000000000000e+00 7.000000000000000000e+00 8.191000000000000000e+03 0.000000000000000000e+00 2.000000000000000000e+00 2.755699872970581055e+00
4.979999923706054688e+01 8.032960444688796997e-02 0.000000000000000000e+00 1.189513659483054653e-05 8.000127226114273071e-02 0.000000000000000000e+00 8.000000000000000000e+00 8.191000000000000000e+03 0.000000000000000000e+00 2.000000000000000000e+00 2.755699872970581055e+00
5.000000000000000000e+01 9.030815213918685913e-02 0.000000000000000000e+00 1.457201506127603352e-05 8.999830484390258789e-02 0.000000000000000000e+00 8.000000000000000000e+00 8.191000000000000000e+03 0.000000000000000000e+00 2.000000000000000000e+00 2.755699872970581055e+00
5.020000076293945312e+01 1.003023087978363037e-01 0.000000000000000000e+00 1.716479528113268316e-05 9.999533742666244507e-02 0.000000000000000000e+00 8.000000000000000000e+00 8.191000000000000000e+03 0.000000000000000000e+00 2.000000000000000000e+00 2.755699872970581055e+00
5.040000152587890625e+01 1.103530153632164001e-01 0.000000000000000000e+00 1.951159902091603726e-05 1.100048720836639404e-01 0.000000000000000000e+00 8.000000000000000000e+00 8.191000000000000000e+03 0.000000000000000000e+00 2.000000000000000000e+00 2.755699872970581055e+00
5.060000228881835938e+01 1.202784553170204163e-01 0.000000000000000000e+00 2.132923145836684853e-05 1.200019046664237976e-01 0.000000000000000000e+00 8.000000000000000000e+00 8.191000000000000000e+03 0.000000000000000000e+00 2.000000000000000000e+00 2.755699872970581055e+00
5.079999923706054688e+01 1.303057372570037842e-01 0.000000000000000000e+00 2.259248140035197139e-05 1.299989372491836548e-01 0.000000000000000000e+00 8.000000000000000000e+00 8.191000000000000000e+03 0.000000000000000000e+00 2.000000000000000000e+00 2.755699872970581055e+00
5.100000000000000000e+01 1.403353065252304077e-01 0.000000000000000000e+00 2.322970067325513810e-05 1.399959772825241089e-01 0.000000000000000000e+00 8.000000000000000000e+00 8.191000000000000000e+03 0.000000000000000000e+00 2.000000000000000000e+00 2.755699872970581055e+00
5.120000076293945312e+01 1.503005027770996094e-01 0.000000000000000000e+00 2.321222564205527306e-05 1.500055044889450073e-01 0.000000000000000000e+00 8.000000000000000000e+00 8.191000000000000000e+03 0.000000000000000000e+00 2.000000000000000000e+00 2.755699872970581055e+00
5.140000152587890625e+01 1.603030711412429810e-01 0.000000000000000000e+00 2.275526094308588654e-05 1.600025445222854614e-01 0.000000000000000000e+00 8.000000000000000000e+00 8.191000000000000000e+03 0.000000000000000000e+00 2.000000000000000000e+00 2.755699872970581055e+00
5.160000228881835938e+01 1.703005731105804443e-01 0.000000000000000000e+00 2.197475623688660562e-05 1.699995696544647217e-01 0.000000000000000000e+00 8.000000000000000000e+00 8.191000000000000000e+03 0.000000000000000000e+00 2.000000000000000000e+00 2.755699872970581055e+00
5.179999923706054688e+01 1.803043633699417114e-01 0.000000000000000000e+00 2.108254557242617011e-05 1.799966096878051758e-01 0.000000000000000000e+00 8.000000000000000000e+00 8.191000000000000000e+03 0.000000000000000000e+00 2.000000000000000000e+00 2.755699872970581055e+00
5.200000000000000000e+01 1.902867406606674194e-01 0.000000000000000000e+00 2.013657831412274390e-05 1.900061368942260742e-01 0.000000000000000000e+00 8.000000000000000000e+00 8.191000000000000000e+03 0.000000000000000000e+00 2.000000000000000000e+00 2.755699872970581055e+00
5.220000076293945312e+01 2.003655582666397095e-01 0.000000000000000000e+00 1.922313276736531407e-05 2.000031769275665283e-01 0.000000000000000000e+00 8.000000000000000000e+00 8.191000000000000000e+03 0.000000000000000000e+00 2.000000000000000000e+00 2.755699872970581055e+00
5.240000152587890625e+01 2.103094309568405151e-01 0.000000000000000000e+00 1.838875323301181197e-05 2.100002169609069824e-01 0.000000000000000000e+00 8.000000000000000000e+00 8.191000000000000000e+03 0.000000000000000000e+00 2.000000000000000000e+00 2.755699872970581055e+00
5.260000228881835938e+01 2.202978432178497314e-01 0.000000000000000000e+00 1.763187174219638109e-05 2.199972420930862427e-01 0.000000000000000000e+00 8.000000000000000000e+00 8.191000000000000000e+03 0.000000000000000000e+00 2.000000000000000000e+00 2.755699872970581055e+00
5.279999923706054688e+01 2.303035855293273926e-01 0.000000000000000000e+00 1.695742503216024488e-05 2.299942821264266968e-01 0.000000000000000000e+00 8.000000000000000000e+00 8.191000000000000000e+03 0.000000000000000000e+00 2.000000000000000000e+00 2.755699872970581055e+00
5.300000000000000000e+01 2.403328120708465576e-01 0.000000000000000000e+00 1.635765329410787672e-05 2.400038093328475952e-01 0.000000000000000000e+00 8.000000000000000000e+00 8.191000000000000000e+03 0.000000000000000000e+00 2.000000000000000000e+00 2.755699872970581055e+00
5.320000076293945312e+01 2.503020167350769043e-01 0.000000000000000000e+00 1.581350079504773021e-05 2.500008344650268555e-01 0.000000000000000000e+00 8.000000000000000000e+00 8.191000000000000000e+03 0.000000000000000000e+00 2.000000000000000000e+00 2.755699872970581055e+00
5.340000152587890625e+01 2.603208124637603760e-01 0.000000000000000000e+00 1.535076626169029623e-05 2.599978744983673096e-01 0.000000000000000000e+00 8.000000000000000000e+00 8.191000000000000000e+03 0.000000000000000000e+00 2.000000000000000000e+00 2.755699872970581055e+00
5.360000228881835938e+01 2.702787220478057861e-01 0.000000000000000000e+00 1.493441232014447451e-05 2.699949145317077637e-01 0.000000000000000000e+00 8.000000000000000000e+00 8.191000000000000000e+03 0.000000000000000000e+00 2.000000000000000000e+00 2.755800008773803711e+00
5.379999923706054688e+01 2.803424894809722900e-01 0.000000000000000000e+00 1.457265989301959053e-05 2.800044417381286621e-01 0.000000000000000000e+00 8.000000000000000000e+00 8.191000000000000000e+03 0.000000000000000000e+00 2.000000000000000000e+00 2.755800008773803711e+00
5.400000000000000000e+01 2.903178930282592773e-01 0.000000000000000000e+00 1.423773210262879729e-05 2.900014817714691162e-01 0.000000000000000000e+00 8.000000000000000000e+00 8.191000000000000000e+03 0.000000000000000000e+00 2.000000000000000000e+00 2.755800008773803711e+00
5.420000076293945312e+01 3.003393709659576416e-01 0.000000000000000000e+00 1.390590750816045329e-05 2.999985218048095703e-01 0.000000000000000000e+00 8.000000000000000000e+00 8.191000000000000000e+03 0.000000000000000000e+00 2.000000000000000000e+00 2.755800008773803711e+00
5.440000152587890625e+01 2.903349399566650391e-01 0.000000000000000000e+00 1.299153336731251329e-05 2.900014817714691162e-01 0.000000000000000000e+00 8.000000000000000000e+00 8.191000000000000000e+03 0.000000000000000000e+00 2.000000000000000000e+00 2.755800008773803711e+00
5.460000228881835938e+01 2.803500592708587646e-01 0.000000000000000000e+00 1.232980412169126794e-05 2.800044417381286621e-01 0.000000000000000000e+00 8.000000000000000000e+00 8.191000000000000000e+03 0.000000000000000000e+00 2.000000000000000000e+00 2.755800008773803711e+00
5.479999923706054688e+01 2.702984213829040527e-01 0.000000000000000000e+00 1.175111810880480334e-05 2.699949145317077637e-01 0.000000000000000000e+00 8.000000000000000000e+00 8.191000000000000000e+03 0.000000000000000000e+00 2.000000000000000000e+00 2.755800008773803711e+00
5.500000000000000000e+01 2.602817416191101074e-01 0.000000000000000000e+00 1.129227803176036105e-05 2.599978744983673096e-01 0.000000000000000000e+00 8.000000000000000000e+00 8.191000000000000000e+03 0.000000000000000000e+00 2.000000000000000000e+00 2.755800008773803711e+00
5.520000076293945312e+01 2.503233253955841064e-01 0.000000000000000000e+00 1.083372080756817013e-05 2.500008344650268555e-01 0.000000000000000000e+00 8.000000000000000000e+00 8.191000000000000000e+03 0.000000000000000000e+00 2.000000000000000000e+00 2.755800008773803711e+00
5.540000152587890625e+01 2.402478605508804321e-01 0.000000000000000000e+00 1.040664119500434026e-05 2.400038093328475952e-01 0.000000000000000000e+00 8.000000000000000000e+00 8.191000000000000000e+03 0.000000000000000000e+00 2.000000000000000000e+00 2.755800008773803711e+00
5.560000228881835938e+01 2.302686572074890137e-01 0.000000000000000000e+00 9.986502846004441381e-06 2.299942821264266968e-01 0.000000000000000000e+00 8.000000000000000000e+00 8.191000000000000000e+03 0.000000000000000000e+00 2.000000000000000000e+00 2.755499839782714844e+00
5.579999923706054688e+01 2.203104794025421143e-01 0.000000000000000000e+00 9.564303582010325044e-06 2.199972420930862427e-01 0.000000000000000000e+00 8.000000000000000000e+00 8.191000000000000000e+03 0.000000000000000000e+00 2.000000000000000000e+00 2.755499839782714844e+00
5.600000000000000000e+01 2.103245705366134644e-01 0.000000000000000000e+00 9.124054486164823174e-06 2.100002169609069824e-01 0.000000000000000000e+00 8.000000000000000000e+00 8.191000000000000000e+03 0.000000000000000000e+00 2.000000000000000000e+00 2.755499839782714844e+00
5.620000076293945312e+01 2.003134191036224365e-01 0.000000000000000000e+00 8.582262125855777413e-06 2.000031769275665283e-01 0.000000000000000000e+00 8.000000000000000000e+00 8.191000000000000000e+03 0.000000000000000000e+00 2.000000000000000000e+00 2.755499839782714844e+00
5.640000152587890625e+01 1.903411298990249634e-01 0.000000000000000000e+00 7.950190592964645475e-06 1.900061368942260742e-01 0.000000000000000000e+00 8.000000000000000000e+00 8.191000000000000000e+03 0.000000000000000000e+00 2.000000000000000000e+00 2.755499839782714844e+00
5.660000228881835938e+01 1.802944242954254150e-01 0.000000000000000000e+00 7.068258582876296714e-06 1.799966096878051758e-01 0.000000000000000000e+00 7.000000000000000000e+00 8.191000000000000000e+03 0.000000000000000000e+00 2.000000000000000000e+00 2.755699872970581055e+00
5.679999923706054688e+01 1.702996939420700073e-01 0.000000000000000000e+00 6.034074885974405333e-06 1.699995696544647217e-01 0.000000000000000000e+00 7.000000000000000000e+00 8.191000000000000000e+03 0.000000000000000000e+00 2.000000000000000000e+00 2.755699872970581055e+00
5.700000000000000000e+01 1.603329181671142578e-01 0.000000000000000000e+00 4.712872851087013260e-06 1.600025445222854614e-01 0.000000000000000000e+00 7.000000000000000000e+00 8.191000000000000000e+03 0.000000000000000000e+00 2.000000000000000000e+00 2.755699872970581055e+00
5.720000076293945312e+01 1.503396630287170410e-01 0.000000000000000000e+00 3.061618144784006290e-06 1.500055044889450073e-01 0.000000000000000000e+00 7.000000000000000000e+00 8.191000000000000000e+03 0.000000000000000000e+00 2.000000000000000000e+00 2.755699872970581055e+00
5.740000152587890625e+01 1.402876377105712891e-01 0.000000000000000000e+00 1.045180056280514691e-06 1.399959772825241089e-01 0.000000000000000000e+00 7.000000000000000000e+00 8.191000000000000000e+03 0.000000000000000000e+00 2.000000000000000000e+00 2.755699872970581055e+00
5.760000228881835938e+01 1.303120255470275879e-01 0.000000000000000000e+00 -1.299029349866032135e-06 1.299989372491836548e-01 0.000000000000000000e+00 7.000000000000000000e+00 8.191000000000000000e+03 0.000000000000000000e+00 2.000000000000000000e+00 2.755699872970581055e+00
5.779999923706054688e+01 1.203309819102287292e-01 0.000000000000000000e+00 -3.901843683706829324e-06 1.200019046664237976e-01 0.000000000000000000e+00 7.000000000000000000e+00 8.191000000000000000e+03 0.000000000000000000e+00 2.000000000000000000e+00 2.755699872970581055e+00
5.800000000000000000e+01 1.102605983614921570e-01 0.000000000000000000e+00 -6.628822120546828955e-06 1.100048720836639404e-01 0.000000000000000000e+00 7.000000000000000000e+00 8.191000000000000000e+03 0.000000000000000000e+00 2.000000000000000000e+00 2.755699872970581055e+00
5.820000076293945312e+01 1.003125086426734924e-01 0.000000000000000000e+00 -9.380903065903112292e-06 9.999533742666244507e-02 0.000000000000000000e+00 7.000000000000000000e+00 8.191000000000000000e+03 0.000000000000000000e+00 2.000000000000000000e+00 2.755699872970581055e+00
5.840000152587890625e+01 9.029726684093475342e-02 0.000000000000000000e+00 -1.192645504488609731e-05 8.999830484390258789e-02 0.000000000000000000e+00 8.000000000000000000e+00 8.191000000000000000e+03 0.000000000000000000e+00 2.000000000000000000e+00 2.755699872970581055e+00
5.860000228881835938e+01 8.030174672603607178e-02 0.000000000000000000e+00 -1.409279138897545636e-05 8.000127226114273071e-02 0.000000000000000000e+00 8.000000000000000000e+00 8.191000000000000000e+03 0.000000000000000000e+00 2.000000000000000000e+00 2.755599975585937500e+00
5.879999923706054688e+01 7.028692215681076050e-02 0.000000000000000000e+00 -1.564794729347340763e-05 7.000423967838287354e-02 0.000000000000000000e+00 8.000000000000000000e+00 8.191000000000000000e+03 0.000000000000000000e+00 2.000000000000000000e+00 2.755599975585937500e+00
5.900000000000000000e+01 6.029043346643447876e-02 0.000000000000000000e+00 -1.648595025471877307e-05 5.999470502138137817e-02 0.000000000000000000e+00 8.000000000000000000e+00 8.191000000000000000e+03 0.000000000000000000e+00 2.000000000000000000e+00 2.755599975585937500e+00
5.920000076293945312e+01 5.030605569481849670e-02 0.000000000000000000e+00 -1.667141623329371214e-05 4.999766871333122253e-02 0.000000000000000000e+00 8.000000000000000000e+00 8.191000000000000000e+03 0.000000000000000000e+00 2.000000000000000000e+00 2.755599975585937500e+00
5.940000152587890625e+01 4.031586647033691406e-02 0.000000000000000000e+00 -1.635668377275578678e-05 4.000063613057136536e-02 0.000000000000000000e+00 8.000000000000000000e+00 8.191000000000000000e+03 0.000000000000000000e+00 2.000000000000000000e+00 2.755599975585937500e+00
5.960000228881835938e+01 3.031803853809833527e-02 0.000000000000000000e+00 -1.564426565892063081e-05 3.000359982252120972e-02 0.000000000000000000e+00 8.000000000000000000e+00 8.191000000000000000e+03 0.000000000000000000e+00 2.000000000000000000e+00 2.755599975585937500e+00
5.979999923706054688e+01 2.025480382144451141e-02 0.000000000000000000e+00 -1.478991543990559876e-05 1.999406889081001282e-02 0.000000000000000000e+00 8.000000000000000000e+00 8.191000000000000000e+03 0.000000000000000000e+00 2.000000000000000000e+00 2.755599975585937500e+00
6.000000000000000000e+01 1.028325129300355911e-02 0.000000000000000000e+00 -1.383369180985027924e-05 9.997034445405006409e-03 0.000000000000000000e+00 8.000000000000000000e+00 8.191000000000000000e+03 0.000000000000000000e+00 2.000000000000000000e+00 2.755599975585937500e+00
6.020000076293945312e+01 2.728506515268236399e-04 0.000000000000000000e+00 -1.287111535930307582e-05 0.000000000000000000e+00 0.000000000000000000e+00 8.000000000000000000e+00 8.191000000000000000e+03 0.000000000000000000e+00 2.000000000000000000e+00 2.755599975585937500e+00
6.040000152587890625e+01 -9.706808254122734070e-03 0.000000000000000000e+00 -1.198504833155311644e-05 -9.997034445405006409e-03 0.000000000000000000e+00 8.000000000000000000e+00 8.191000000000000000e+03 0.000000000000000000e+00 2.000000000000000000e+00 2.755599975585937500e+00
6.060000228881835938e+01 -1.968776807188987732e-02 0.000000000000000000e+00 -1.116145267587853596e-05 -1.999406889081001282e-02 0.000000000000000000e+00 8.000000000000000000e+00 8.191000000000000000e+03 0.000000000000000000e+00 2.000000000000000000e+00 2.755599975585937500e+00
6.079999923706054688e+01 -2.965907566249370575e-02 0.000000000000000000e+00 -1.045908265950856730e-05 -3.000359982252120972e-02 0.000000000000000000e+00 8.000000000000000000e+00 6.143000000000000000e+03 0.000000000000000000e+00 2.000000000000000000e+00 2.755599975585937500e+00
6.100000000000000000e+01 -3.973649442195892334e-02 0.000000000000000000e+00 -9.797774509934242815e-06 -4.000063613057136536e-02 0.000000000000000000e+00 8.000000000000000000e+00 8.191000000000000000e+03 0.000000000000000000e+00 2.000000000000000000e+00 2.755599975585937500e+00
6.120000076293945312e+01 -4.974482581019401550e-02 0.000000000000000000e+00 -9.210494681610725820e-06 -4.999766871333122253e-02 0.000000000000000000e+00 8.000000000000000000e+00 8.191000000000000000e+03 0.000000000000000000e+00 2.000000000000000000e+00 2.755599975585937500e+00
6.140000152587890625e+01 -5.972809344530105591e-02 0.000000000000000000e+00 -8.697271368873771280e-06 -5.999470502138137817e-02 0.000000000000000000e+00 8.000000000000000000e+00 8.191000000000000000e+03 0.000000000000000000e+00 2.000000000000000000e+00 2.755599975585937500e+00
6.160000228881835938e+01 -6.974304467439651489e-02 0.000000000000000000e+00 -8.240963325079064816e-06 -7.000423967838287354e-02 0.000000000000000000e+00 8.000000000000000000e+00 8.191000000000000000e+03 0.000000000000000000e+00 2.000000000000000000e+00 2.755800008773803711e+00
6.179999923706054688e+01 -7.974035292863845825e-02 0.000000000000000000e+00 -7.833168638171628118e-06 -8.000127226114273071e-02 0.000000000000000000e+00 8.000000000000000000e+00 8.191000000000000000e+03 0.000000000000000000e+00 2.000000000000000000e+00 2.755800008773803711e+00
6.200000000000000000e+01 -8.971729129552841187e-02 0.000000000000000000e+00 -7.526755780418170616e-06 -8.999830484390258789e-02 0.000000000000000000e+00 7.000000000000000000e+00 8.191000000000000000e+03 0.000000000000000000e+00 2.000000000000000000e+00 2.755800008773803711e+00
6.220000076293945312e+01 -9.971947968006134033e-02 0.000000000000000000e+00 -7.217380698421038687e-06 -9.999533742666244507e-02 0.000000000000000000e+00 7.000000000000000000e+00 8.191000000000000000e+03 0.000000000000000000e+00 2.000000000000000000e+00 2.755800008773803711e+00
6.240000152587890625e+01 -1.097614392638206482e-01 0.000000000000000000e+00 -6.947414931346429512e-06 -1.100048720836639404e-01 0.000000000000000000e+00 7.000000000000000000e+00 8.191000000000000000e+03 0.000000000000000000e+00 2.000000000000000000e+00 2.755800008773803711e+00
6.260000228881835938e+01 -1.196948587894439697e-01 0.000000000000000000e+00 -6.718398253724444658e-06 -1.200019046664237976e-01 0.000000000000000000e+00 7.000000000000000000e+00 8.191000000000000000e+03 0.000000000000000000e+00 2.000000000000000000e+00 2.755599975585937500e+00
6.279999923706054688e+01 -1.297273188829421997e-01 0.000000000000000000e+00 -6.528819994855439290e-06 -1.299989372491836548e-01 0.000000000000000000e+00 7.000000000000000000e+00 8.191000000000000000e+03 0.000000000000000000e+00 2.000000000000000000e+00 2.755599975585937500e+00
6.300000000000000000e+01 -1.397166401147842407e-01 0.000000000000000000e+00 -6.380879767675651237e-06 -1.399959772825241089e-01 0.000000000000000000e+00 7.000000000000000000e+00 8.191000000000000000e+03 0.000000000000000000e+00 2.000000000000000000e+00 2.755599975585937500e+00
6.320000076293945312e+01 -1.497046351432800293e-01 0.000000000000000000e+00 -6.273987764870980754e-06 -1.500055044889450073e-01 0.000000000000000000e+00 7.000000000000000000e+00 8.191000000000000000e+03 0.000000000000000000e+00 2.000000000000000000e+00 2.755599975585937500e+00
6.340000152587890625e+01 -1.597379148006439209e-01 0.000000000000000000e+00 -6.217777809069957584e-06 -1.600025445222854614e-01 0.000000000000000000e+00 7.000000000000000000e+00 8.191000000000000000e+03 0.000000000000000000e+00 2.000000000000000000e+00 2.755599975585937500e+00
6.360000228881835938e+01 -1.696885526180267334e-01 0.000000000000000000e+00 -6.217062036739662290e-06 -1.699995696544647217e-01 0.000000000000000000e+00 7.000000000000000000e+00 8.191000000000000000e+03 0.000000000000000000e+00 2.000000000000000000e+00 2.755599975585937500e+00
6.379999923706054688e+01 -1.797317117452621460e-01 0.000000000000000000e+00 -6.278386081248754635e-06 -1.799966096878051758e-01 0.000000000000000000e+00 7.000000000000000000e+00 8.191000000000000000e+03 0.000000000000000000e+00 2.000000000000000000e+00 2.755599975585937500e+00
6.400000000000000000e+01 -1.897399127483367920e-01 0.000000000000000000e+00 -6.401523478416493163e-06 -1.900061368942260742e-01 0.000000000000000000e+00 7.000000000000000000e+00 8.191000000000000000e+03 0.000000000000000000e+00 2.000000000000000000e+00 2.755599975585937500e+00
6.420000457763671875e+01 -1.997034847736358643e-01 0.000000000000000000e+00 -6.589390068256761879e-06 -2.000031769275665283e-01 0.000000000000000000e+00 7.000000000000000000e+00 8.191000000000000000e+03 0.000000000000000000e+00 2.000000000000000000e+00 2.755599975585937500e+00
6.440000152587890625e+01 -2.096969187259674072e-01 0.000000000000000000e+00 -6.844865310995373875e-06 -2.100002169609069824e-01 0.000000000000000000e+00 7.000000000000000000e+00 8.191000000000000000e+03 0.000000000000000000e+00 2.000000000000000000e+00 2.755599975585937500e+00
6.459999847412109375e+01 -2.197287976741790771e-01 0.000000000000000000e+00 -7.159295364544959739e-06 -2.199972420930862427e-01 0.000000000000000000e+00 7.000000000000000000e+00 8.191000000000000000e+03 0.000000000000000000e+00 2.000000000000000000e+00 2.755599975585937500e+00
6.480000305175781250e+01 -2.297190576791763306e-01 0.000000000000000000e+00 -7.487615675927372649e-06 -2.299942821264266968e-01 0.000000000000000000e+00 7.000000000000000000e+00 8.191000000000000000e+03 0.000000000000000000e+00 2.000000000000000000e+00 2.755599975585937500e+00
6.500000000000000000e+01 -2.396934181451797485e-01 0.000000000000000000e+00 -7.785910383972804993e-06 -2.400038093328475952e-01 0.000000000000000000e+00 7.000000000000000000e+00 8.191000000000000000e+03 0.000000000000000000e+00 2.000000000000000000e+00 2.755599975585937500e+00
6.520000457763671875e+01 -2.497156411409378052e-01 0.000000000000000000e+00 -8.011405952856875956e-06 -2.500008344650268555e-01 0.000000000000000000e+00 7.000000000000000000e+00 8.191000000000000000e+03 0.000000000000000000e+00 2.000000000000000000e+00 2.755599975585937500e+00
6.540000152587890625e+01 -2.597496807575225830e-01 0.000000000000000000e+00 -8.216662536142393947e-06 -2.599978744983673096e-01 0.000000000000000000e+00 7.000000000000000000e+00 8.191000000000000000e+03 0.000000000000000000e+00 2.000000000000000000e+00 2.755599975585937500e+00
6.559999847412109375e+01 -2.696997225284576416e-01 0.000000000000000000e+00 -8.468841770081780851e-06 -2.699949145317077637e-01 0.000000000000000000e+00 7.000000000000000000e+00 8.191000000000000000e+03 0.000000000000000000e+00 2.000000000000000000e+00 2.755599975585937500e+00
6.580000305175781250e+01 -2.797242999076843262e-01 0.000000000000000000e+00 -8.816950867185369134e-06 -2.800044417381286621e-01 0.000000000000000000e+00 7.000000000000000000e+00 8.191000000000000000e+03 0.000000000000000000e+00 2.000000000000000000e+00 2.755599975585937500e+00
6.600000000000000000e+01 -2.897376418113708496e-01 0.000000000000000000e+00 -9.321252036897931248e-06 -2.900014817714691162e-01 0.000000000000000000e+00 7.000000000000000000e+00 8.191000000000000000e+03 0.000000000000000000e+00 2.000000000000000000e+00 2.755599975585937500e+00
6.620000457763671875e+01 -2.997254431247711182e-01 0.000000000000000000e+00 -9.999433132179547101e-06 -2.999985218048095703e-01 0.000000000000000000e+00 8.000000000000000000e+00 8.191000000000000000e+03 0.000000000000000000e+00 2.000000000000000000e+00 2.755599975585937500e+00
6.640000152587890625e+01 -2.897711694240570068e-01 0.000000000000000000e+00 -8.091506970231421292e-06 -2.900014817714691162e-01 0.000000000000000000e+00 8.000000000000000000e+00 8.191000000000000000e+03 0.000000000000000000e+00 3.000000000000000000e+00 2.755599975585937500e+00
6.659999847412109375e+01 -2.797934412956237793e-01 0.000000000000000000e+00 -6.853278136986773461e-06 -2.800044417381286621e-01 0.000000000000000000e+00 7.000000000000000000e+00 8.191000000000000000e+03 0.000000000000000000e+00 3.000000000000000000e+00 2.755599975585937500e+00
6.680000305175781250e+01 -2.697253227233886719e-01 0.000000000000000000e+00 -5.910017080168472603e-06 -2.699949145317077637e-01 0.000000000000000000e+00 7.000000000000000000e+00 8.191000000000000000e+03 0.000000000000000000e+00 3.000000000000000000e+00 2.755599975585937500e+00
6.700000000000000000e+01 -2.597455084323883057e-01 0.000000000000000000e+00 -5.206433343118987978e-06 -2.599978744983673096e-01 0.000000000000000000e+00 7.000000000000000000e+00 8.191000000000000000e+03 0.000000000000000000e+00 3.000000000000000000e+00 2.755599975585937500e+00
6.720000457763671875e+01 -2.497252672910690308e-01 0.000000000000000000e+00 -4.667184839490801096e-06 -2.500008344650268555e-01 0.000000000000000000e+00 7.000000000000000000e+00 8.191000000000000000e+03 0.000000000000000000e+00 3.000000000000000000e+00 2.755599975585937500e+00
6.740000152587890625e+01 -2.397162616252899170e-01 0.000000000000000000e+00 -4.247698598192073405e-06 -2.400038093328475952e-01 0.000000000000000000e+00 7.000000000000000000e+00 8.191000000000000000e+03 0.000000000000000000e+00 3.000000000000000000e+00 2.755599975585937500e+00
6.759999847412109375e+01 -2.297502756118774414e-01 0.000000000000000000e+00 -3.918888523912755772e-06 -2.299942821264266968e-01 0.000000000000000000e+00 7.000000000000000000e+00 8.191000000000000000e+03 0.000000000000000000e+00 3.000000000000000000e+00 2.755399942398071289e+00
6.780000305175781250e+01 -2.197432518005371094e-01 0.000000000000000000e+00 -3.655590944617870264e-06 -2.199972420930862427e-01 0.000000000000000000e+00 7.000000000000000000e+00 8.191000000000000000e+03 0.000000000000000000e+00 3.000000000000000000e+00 2.755399942398071289e+00
6.800000000000000000e+01 -2.096991240978240967e-01 0.000000000000000000e+00 -3.440927912379265763e-06 -2.100002169609069824e-01 0.000000000000000000e+00 7.000000000000000000e+00 8.191000000000000000e+03 0.000000000000000000e+00 3.000000000000000000e+00 2.755399942398071289e+00
6.820000457763671875e+01 -1.997405588626861572e-01 0.000000000000000000e+00 -3.269296257712994702e-06 -2.000031769275665283e-01 0.000000000000000000e+00 7.000000000000000000e+00 8.191000000000000000e+03 0.000000000000000000e+00 3.000000000000000000e+00 2.755399942398071289e+00
6.840000152587890625e+01 -1.897453963756561279e-01 0.000000000000000000e+00 -3.121130021099816076e-06 -1.900061368942260742e-01 0.000000000000000000e+00 7.000000000000000000e+00 8.191000000000000000e+03 0.000000000000000000e+00 3.000000000000000000e+00 2.755399942398071289e+00
6.859999847412109375e+01 -1.796996146440505981e-01 0.000000000000000000e+00 -2.997450110342469998e-06 -1.799966096878051758e-01 0.000000000000000000e+00 7.000000000000000000e+00 8.191000000000000000e+03 0.000000000000000000e+00 3.000000000000000000e+00 2.755599975585937500e+00
6.880000305175781250e+01 -1.696922630071640015e-01 0.000000000000000000e+00 -2.886644097088719718e-06 -1.699995696544647217e-01 0.000000000000000000e+00 7.000000000000000000e+00 8.191000000000000000e+03 0.000000000000000000e+00 3.000000000000000000e+00 2.755599975585937500e+00
6.900000000000000000e+01 -1.597054749727249146e-01 0.000000000000000000e+00 -2.783046284093870781e-06 -1.600025445222854614e-01 0.000000000000000000e+00 7.000000000000000000e+00 8.191000000000000000e+03 0.000000000000000000e+00 3.000000000000000000e+00 2.755599975585937500e+00
6.920000457763671875e+01 -1.497168093919754028e-01 0.000000000000000000e+00 -2.685914296307601035e-06 -1.500055044889450073e-01 0.000000000000000000e+00 7.000000000000000000e+00 8.191000000000000000e+03 0.000000000000000000e+00 3.000000000000000000e+00 2.755599975585937500e+00
6.940000152587890625e+01 -1.396932750940322876e-01 0.000000000000000000e+00 -2.591503061921685003e-06 -1.399959772825241089e-01 0.000000000000000000e+00 7.000000000000000000e+00 8.191000000000000000e+03 0.000000000000000000e+00 3.000000000000000000e+00 2.755599975585937500e+00
6.959999847412109375e+01 -1.297254562377929688e-01 0.000000000000000000e+00 -2.503585619706427678e-06 -1.299989372491836548e-01 0.000000000000000000e+00 7.000000000000000000e+00 8.191000000000000000e+03 0.000000000000000000e+00 3.000000000000000000e+00 2.755599975585937500e+00
6.980000305175781250e+01 -1.197249665856361389e-01 0.000000000000000000e+00 -2.422541683699819259e-06 -1.200019046664237976e-01 0.000000000000000000e+00 7.000000000000000000e+00 8.191000000000000000e+03 0.000000000000000000e+00 3.000000000000000000e+00 2.755599975585937500e+00
7.000000000000000000e+01 -1.096848770976066589e-01 0.000000000000000000e+00 -2.342846300962264650e-06 -1.100048720836639404e-01 0.000000000000000000e+00 7.000000000000000000e+00 8.191000000000000000e+03 0.000000000000000000e+00 3.000000000000000000e+00 2.755599975585937500e+00
7.020000457763671875e+01 -9.974046796560287476e-02 0.000000000000000000e+00 -2.265823241032194346e-06 -9.999533742666244507e-02 0.000000000000000000e+00 7.000000000000000000e+00 8.191000000000000000e+03 0.000000000000000000e+00 3.000000000000000000e+00 2.755599975585937500e+00
7.040000152587890625e+01 -8.966483175754547119e-02 0.000000000000000000e+00 -2.190545274061150849e-06 -8.999830484390258789e-02 0.000000000000000000e+00 7.000000000000000000e+00 8.191000000000000000e+03 0.000000000000000000e+00 3.000000000000000000e+00 2.755599975585937500e+00
7.059999847412109375e+01 -7.972782105207443237e-02 0.000000000000000000e+00 -2.118717247867607512e-06 -8.000127226114273071e-02 0.000000000000000000e+00 7.000000000000000000e+00 8.191000000000000000e+03 0.000000000000000000e+00 3.000000000000000000e+00 2.755599975585937500e+00
7.080000305175781250e+01 -6.974621862173080444e-02 0.000000000000000000e+00 -2.037222657236270607e-06 -7.000423967838287354e-02 0.000000000000000000e+00 7.000000000000000000e+00 8.191000000000000000e+03 0.000000000000000000e+00 3.000000000000000000e+00 2.755599975585937500e+00
7.100000000000000000e+01 -5.971954762935638428e-02 0.000000000000000000e+00 -1.951947069755988196e-06 -5.999470502138137817e-02 0.000000000000000000e+00 7.000000000000000000e+00 8.191000000000000000e+03 0.000000000000000000e+00 3.000000000000000000e+00 2.755599975585937500e+00
7.120000457763671875e+01 -4.974596202373504639e-02 0.000000000000000000e+00 -1.854288598224229645e-06 -4.999766871333122253e-02 0.000000000000000000e+00 7.000000000000000000e+00 8.191000000000000000e+03 0.000000000000000000e+00 3.000000000000000000e+00 2.755599975585937500e+00
7.140000152587890625e+01 -3.971203789114952087e-02 0.000000000000000000e+00 -1.731661541271023452e-06 -4.000063613057136536e-02 0.000000000000000000e+00 7.000000000000000000e+00 8.191000000000000000e+03 0.000000000000000000e+00 3.000000000000000000e+00 2.755599975585937500e+00
7.159999847412109375e+01 -2.969746105372905731e-02 0.000000000000000000e+00 -1.580078105689608492e-06 -3.000359982252120972e-02 0.000000000000000000e+00 7.000000000000000000e+00 8.191000000000000000e+03 0.000000000000000000e+00 3.000000000000000000e+00 2.755599975585937500e+00
7.180000305175781250e+01 -1.972379535436630249e-02 0.000000000000000000e+00 -1.380664684802468400e-06 -1.999406889081001282e-02 0.000000000000000000e+00 7.000000000000000000e+00 8.191000000000000000e+03 0.000000000000000000e+00 3.000000000000000000e+00 2.755599975585937500e+00
7.200000000000000000e+01 -9.753935970366001129e-03 0.000000000000000000e+00 -1.114334963858709671e-06 -9.997034445405006409e-03 0.000000000000000000e+00 7.000000000000000000e+00 8.191000000000000000e+03 0.000000000000000000e+00 3.000000000000000000e+00 2.755599975585937500e+00
7.220000457763671875e+01 3.167138493154197931e-04 0.000000000000000000e+00 -7.456164894392713904e-07 0.000000000000000000e+00 0.000000000000000000e+00 7.000000000000000000e+00 8.191000000000000000e+03 0.000000000000000000e+00 3.000000000000000000e+00 2.755599975585937500e+00
