2.000000029802322388e-01 1.734209072310477495e-04 0.000000000000000000e+00 -9.557861631037667394e-07 3.129243850708007812e-07 0.000000000000000000e+00 7.000000000000000000e+00 8.191000000000000000e+03 0.000000000000000000e+00 0.000000000000000000e+00 2.755300045013427734e+00
4.000000059604644775e-01 1.023989077657461166e-02 0.000000000000000000e+00 2.345899474676116370e-07 9.997349232435226440e-03 0.000000000000000000e+00 7.000000000000000000e+00 8.191000000000000000e+03 0.000000000000000000e+00 0.000000000000000000e+00 2.755300045013427734e+00
6.000000238418579102e-01 2.011269517242908478e-02 0.000000000000000000e+00 1.093102355298469774e-06 1.999438367784023285e-02 0.000000000000000000e+00 6.000000000000000000e+00 7.164000000000000000e+03 0.000000000000000000e+00 0.000000000000000000e+00 2.755300045013427734e+00
8.000000119209289551e-01 2.901668474078178406e-02 0.000000000000000000e+00 2.368823061260627583e-06 3.000391460955142975e-02 0.000000000000000000e+00 7.000000000000000000e+00 6.143000000000000000e+03 0.000000000000000000e+00 0.000000000000000000e+00 2.755300045013427734e+00
1.000000000000000000e+00 4.006088897585868835e-02 0.000000000000000000e+00 3.443568630245863460e-06 4.000094905495643616e-02 0.000000000000000000e+00 7.000000000000000000e+00 8.191000000000000000e+03 0.000000000000000000e+00 0.000000000000000000e+00 2.755300045013427734e+00
1.200000047683715820e+00 5.008861422538757324e-02 0.000000000000000000e+00 4.480575171328382567e-06 4.999798536300659180e-02 0.000000000000000000e+00 7.000000000000000000e+00 8.191000000000000000e+03 0.000000000000000000e+00 0.000000000000000000e+00 2.755300045013427734e+00
1.399999976158142090e+00 6.025284156203269958e-02 0.000000000000000000e+00 5.416879048425471410e-06 5.999501794576644897e-02 0.000000000000000000e+00 7.000000000000000000e+00 8.191000000000000000e+03 0.000000000000000000e+00 0.000000000000000000e+00 2.755300045013427734e+00
1.600000023841857910e+00 7.010743021965026855e-02 0.000000000000000000e+00 6.209784260136075318e-06 7.000455260276794434e-02 0.000000000000000000e+00 7.000000000000000000e+00 8.191000000000000000e+03 0.000000000000000000e+00 0.000000000000000000e+00 2.755300045013427734e+00
1.800000071525573730e+00 8.018900454044342041e-02 0.000000000000000000e+00 6.820618636993458495e-06 8.000158518552780151e-02 0.000000000000000000e+00 7.000000000000000000e+00 8.191000000000000000e+03 0.000000000000000000e+00 0.000000000000000000e+00 2.754899978637695312e+00
2.000000000000000000e+00 9.012012183666229248e-02 0.000000000000000000e+00 7.246662335091968998e-06 8.999861776828765869e-02 0.000000000000000000e+00 7.000000000000000000e+00 8.191000000000000000e+03 0.000000000000000000e+00 0.000000000000000000e+00 2.754899978637695312e+00
2.200000047683715820e+00 1.001490131020545959e-01 0.000000000000000000e+00 7.509409897465957329e-06 9.999565780162811279e-02 0.000000000000000000e+00 7.000000000000000000e+00 8.191000000000000000e+03 0.000000000000000000e+00 0.000000000000000000e+00 2.754899978637695312e+00
2.400000095367431641e+00 1.102707982063293457e-01 0.000000000000000000e+00 7.636425834789406508e-06 1.100051850080490112e-01 0.000000000000000000e+00 7.000000000000000000e+00 8.191000000000000000e+03 0.000000000000000000e+00 0.000000000000000000e+00 2.754899978637695312e+00
2.600000143051147461e+00 1.202128529548645020e-01 0.000000000000000000e+00 7.661716153961606324e-06 1.200022250413894653e-01 0.000000000000000000e+00 7.000000000000000000e+00 8.191000000000000000e+03 0.000000000000000000e+00 0.000000000000000000e+00 2.754899978637695312e+00
2.799999952316284180e+00 1.301916837692260742e-01 0.000000000000000000e+00 7.617740266141481698e-06 1.299992501735687256e-01 0.000000000000000000e+00 7.000000000000000000e+00 8.191000000000000000e+03 0.000000000000000000e+00 0.000000000000000000e+00 2.754699945449829102e+00
3.000000000000000000e+00 1.401747316122055054e-01 0.000000000000000000e+00 7.531147730333032086e-06 1.399962902069091797e-01 0.000000000000000000e+00 7.000000000000000000e+00 8.191000000000000000e+03 0.000000000000000000e+00 0.000000000000000000e+00 2.754699945449829102e+00
3.200000047683715820e+00 1.500734388828277588e-01 0.000000000000000000e+00 7.420188467222033069e-06 1.500058174133300781e-01 0.000000000000000000e+00 7.000000000000000000e+00 8.191000000000000000e+03 0.000000000000000000e+00 0.000000000000000000e+00 2.754699945449829102e+00
3.400000095367431641e+00 1.602617055177688599e-01 0.000000000000000000e+00 7.300567631318699569e-06 1.600028574466705322e-01 0.000000000000000000e+00 7.000000000000000000e+00 8.191000000000000000e+03 0.000000000000000000e+00 0.000000000000000000e+00 2.754699945449829102e+00
3.600000143051147461e+00 1.701321005821228027e-01 0.000000000000000000e+00 7.174764959927415475e-06 1.699998974800109863e-01 0.000000000000000000e+00 7.000000000000000000e+00 8.191000000000000000e+03 0.000000000000000000e+00 0.000000000000000000e+00 2.754699945449829102e+00
3.799999952316284180e+00 1.801400035619735718e-01 0.000000000000000000e+00 7.055205514916451648e-06 1.799969226121902466e-01 0.000000000000000000e+00 7.000000000000000000e+00 8.191000000000000000e+03 0.000000000000000000e+00 0.000000000000000000e+00 2.754699945449829102e+00
4.000000000000000000e+00 1.901890784502029419e-01 0.000000000000000000e+00 6.944575943634845316e-06 1.899939626455307007e-01 0.000000000000000000e+00 7.000000000000000000e+00 8.191000000000000000e+03 0.000000000000000000e+00 0.000000000000000000e+00 2.754699945449829102e+00
4.200000286102294922e+00 2.001268714666366577e-01 0.000000000000000000e+00 6.838805347797460854e-06 2.000034898519515991e-01 0.000000000000000000e+00 7.000000000000000000e+00 8.191000000000000000e+03 0.000000000000000000e+00 0.000000000000000000e+00 2.754699945449829102e+00
4.400000095367431641e+00 2.100476622581481934e-01 0.000000000000000000e+00 6.740137450833572075e-06 2.100005298852920532e-01 0.000000000000000000e+00 7.000000000000000000e+00 8.191000000000000000e+03 0.000000000000000000e+00 0.000000000000000000e+00 2.754699945449829102e+00
4.599999904632568359e+00 2.200932055711746216e-01 0.000000000000000000e+00 6.651819603575859219e-06 2.199975699186325073e-01 0.000000000000000000e+00 7.000000000000000000e+00 8.191000000000000000e+03 0.000000000000000000e+00 0.000000000000000000e+00 2.754699945449829102e+00
4.800000190734863281e+00 2.302532494068145752e-01 0.000000000000000000e+00 6.579506589332595468e-06 2.299945950508117676e-01 0.000000000000000000e+00 7.000000000000000000e+00 8.191000000000000000e+03 0.000000000000000000e+00 0.000000000000000000e+00 2.754799842834472656e+00
5.000000000000000000e+00 2.402254045009613037e-01 0.000000000000000000e+00 6.508263140858616680e-06 2.400041371583938599e-01 0.000000000000000000e+00 7.000000000000000000e+00 8.191000000000000000e+03 0.000000000000000000e+00 0.000000000000000000e+00 2.754799842834472656e+00
5.200000286102294922e+00 2.501491010189056396e-01 0.000000000000000000e+00 6.441869572881842032e-06 2.500011622905731201e-01 0.000000000000000000e+00 7.000000000000000000e+00 8.191000000000000000e+03 0.000000000000000000e+00 0.000000000000000000e+00 2.754799842834472656e+00
5.400000095367431641e+00 2.600298523902893066e-01 0.000000000000000000e+00 6.382412720995489508e-06 2.599982023239135742e-01 0.000000000000000000e+00 7.000000000000000000e+00 8.191000000000000000e+03 0.000000000000000000e+00 0.000000000000000000e+00 2.754799842834472656e+00
5.599999904632568359e+00 2.701910436153411865e-01 0.000000000000000000e+00 6.338485491141909733e-06 2.699952423572540283e-01 0.000000000000000000e+00 7.000000000000000000e+00 8.191000000000000000e+03 0.000000000000000000e+00 0.000000000000000000e+00 2.754799842834472656e+00
5.800000190734863281e+00 2.801019251346588135e-01 0.000000000000000000e+00 6.297827439993852749e-06 2.800047695636749268e-01 0.000000000000000000e+00 7.000000000000000000e+00 8.191000000000000000e+03 0.000000000000000000e+00 0.000000000000000000e+00 2.754799842834472656e+00
6.000000000000000000e+00 2.901593744754791260e-01 0.000000000000000000e+00 6.260316695261280984e-06 2.900017797946929932e-01 0.000000000000000000e+00 7.000000000000000000e+00 8.191000000000000000e+03 0.000000000000000000e+00 0.000000000000000000e+00 2.754799842834472656e+00
6.200000286102294922e+00 3.002261221408843994e-01 0.000000000000000000e+00 6.234031843632692471e-06 2.999988198280334473e-01 0.000000000000000000e+00 7.000000000000000000e+00 8.191000000000000000e+03 0.000000000000000000e+00 0.000000000000000000e+00 2.754799842834472656e+00
6.400000095367431641e+00 2.902703285217285156e-01 0.000000000000000000e+00 5.938109552516834810e-06 2.900017797946929932e-01 0.000000000000000000e+00 7.000000000000000000e+00 8.191000000000000000e+03 0.000000000000000000e+00 0.000000000000000000e+00 2.754799842834472656e+00
6.599999904632568359e+00 2.801620364189147949e-01 0.000000000000000000e+00 5.748057446908205748e-06 2.800047695636749268e-01 0.000000000000000000e+00 7.000000000000000000e+00 8.191000000000000000e+03 0.000000000000000000e+00 0.000000000000000000e+00 2.754799842834472656e+00
6.800000190734863281e+00 2.701328098773956299e-01 0.000000000000000000e+00 5.607387265627039596e-06 2.699952423572540283e-01 0.000000000000000000e+00 7.000000000000000000e+00 8.191000000000000000e+03 0.000000000000000000e+00 0.000000000000000000e+00 2.754499912261962891e+00
7.000000000000000000e+00 2.602397501468658447e-01 0.000000000000000000e+00 5.495446202985476702e-06 2.599982023239135742e-01 0.000000000000000000e+00 7.000000000000000000e+00 8.191000000000000000e+03 0.000000000000000000e+00 0.000000000000000000e+00 2.754499912261962891e+00
7.200000286102294922e+00 2.501710951328277588e-01 0.000000000000000000e+00 5.391354079620214179e-06 2.500011622905731201e-01 0.000000000000000000e+00 7.000000000000000000e+00 8.191000000000000000e+03 0.000000000000000000e+00 0.000000000000000000e+00 2.754499912261962891e+00
7.400000095367431641e+00 2.401822805404663086e-01 0.000000000000000000e+00 5.302987119648605585e-06 2.400041371583938599e-01 0.000000000000000000e+00 7.000000000000000000e+00 8.191000000000000000e+03 0.000000000000000000e+00 0.000000000000000000e+00 2.754499912261962891e+00
7.599999904632568359e+00 2.301978766918182373e-01 0.000000000000000000e+00 5.221715582592878491e-06 2.299945950508117676e-01 0.000000000000000000e+00 7.000000000000000000e+00 8.191000000000000000e+03 0.000000000000000000e+00 0.000000000000000000e+00 2.754499912261962891e+00
7.800000190734863281e+00 2.200822830200195312e-01 0.000000000000000000e+00 5.143025646248133853e-06 2.199975699186325073e-01 0.000000000000000000e+00 7.000000000000000000e+00 8.191000000000000000e+03 0.000000000000000000e+00 0.000000000000000000e+00 2.754499912261962891e+00
8.000000000000000000e+00 2.101214826107025146e-01 0.000000000000000000e+00 5.066815447207773104e-06 2.100005298852920532e-01 0.000000000000000000e+00 7.000000000000000000e+00 8.191000000000000000e+03 0.000000000000000000e+00 0.000000000000000000e+00 2.754499912261962891e+00
8.199999809265136719e+00 2.001562267541885376e-01 0.000000000000000000e+00 4.991433343093376607e-06 2.000034898519515991e-01 0.000000000000000000e+00 7.000000000000000000e+00 8.191000000000000000e+03 0.000000000000000000e+00 0.000000000000000000e+00 2.754499912261962891e+00
8.400000572204589844e+00 1.901670098304748535e-01 0.000000000000000000e+00 4.908701612293953076e-06 1.899939626455307007e-01 0.000000000000000000e+00 7.000000000000000000e+00 8.191000000000000000e+03 0.000000000000000000e+00 0.000000000000000000e+00 2.754499912261962891e+00
8.600000381469726562e+00 1.801848858594894409e-01 0.000000000000000000e+00 4.824029019800946116e-06 1.799969226121902466e-01 0.000000000000000000e+00 7.000000000000000000e+00 8.191000000000000000e+03 0.000000000000000000e+00 0.000000000000000000e+00 2.754499912261962891e+00
8.800000190734863281e+00 1.700961440801620483e-01 0.000000000000000000e+00 4.721106506622163579e-06 1.699998974800109863e-01 0.000000000000000000e+00 7.000000000000000000e+00 8.191000000000000000e+03 0.000000000000000000e+00 0.000000000000000000e+00 2.754699945449829102e+00
9.000000000000000000e+00 1.600598096847534180e-01 0.000000000000000000e+00 4.603605702868662775e-06 1.600028574466705322e-01 0.000000000000000000e+00 7.000000000000000000e+00 8.191000000000000000e+03 0.000000000000000000e+00 0.000000000000000000e+00 2.754699945449829102e+00
9.199999809265136719e+00 1.501752138137817383e-01 0.000000000000000000e+00 4.457372142496751621e-06 1.500058174133300781e-01 0.000000000000000000e+00 7.000000000000000000e+00 8.191000000000000000e+03 0.000000000000000000e+00 0.000000000000000000e+00 2.754699945449829102e+00
9.400000572204589844e+00 1.401304304599761963e-01 0.000000000000000000e+00 4.264316430635517463e-06 1.399962902069091797e-01 0.000000000000000000e+00 7.000000000000000000e+00 8.191000000000000000e+03 0.000000000000000000e+00 0.000000000000000000e+00 2.754699945449829102e+00
9.600000381469726562e+00 1.302515268325805664e-01 0.000000000000000000e+00 4.015099420939804986e-06 1.299992501735687256e-01 0.000000000000000000e+00 7.000000000000000000e+00 8.191000000000000000e+03 0.000000000000000000e+00 0.000000000000000000e+00 2.754699945449829102e+00
9.800000190734863281e+00 1.200577542185783386e-01 0.000000000000000000e+00 3.680934469230123796e-06 1.200022250413894653e-01 0.000000000000000000e+00 7.000000000000000000e+00 8.191000000000000000e+03 0.000000000000000000e+00 0.000000000000000000e+00 2.754699945449829102e+00
1.000000000000000000e+01 1.101740077137947083e-01 0.000000000000000000e+00 3.238954377593472600e-06 1.100051850080490112e-01 0.000000000000000000e+00 7.000000000000000000e+00 8.191000000000000000e+03 0.000000000000000000e+00 0.000000000000000000e+00 2.754699945449829102e+00
1.019999980926513672e+01 1.001529395580291748e-01 0.000000000000000000e+00 2.654374156918493100e-06 9.999565780162811279e-02 0.000000000000000000e+00 7.000000000000000000e+00 8.191000000000000000e+03 0.000000000000000000e+00 0.000000000000000000e+00 2.754699945449829102e+00
1.040000057220458984e+01 9.007675945758819580e-02 0.000000000000000000e+00 1.898239474940055516e-06 8.999861776828765869e-02 0.000000000000000000e+00 7.000000000000000000e+00 8.191000000000000000e+03 0.000000000000000000e+00 0.000000000000000000e+00 2.754699945449829102e+00
1.060000038146972656e+01 8.007711172103881836e-02 0.000000000000000000e+00 9.590351055521750823e-07 8.000158518552780151e-02 0.000000000000000000e+00 7.000000000000000000e+00 8.191000000000000000e+03 0.000000000000000000e+00 0.000000000000000000e+00 2.754699945449829102e+00
1.080000019073486328e+01 7.017426192760467529e-02 0.000000000000000000e+00 -1.521706565199565375e-07 7.000455260276794434e-02 0.000000000000000000e+00 7.000000000000000000e+00 8.191000000000000000e+03 0.000000000000000000e+00 0.000000000000000000e+00 2.754699945449829102e+00
1.100000000000000000e+01 6.000934168696403503e-02 0.000000000000000000e+00 -1.093766627491277177e-06 5.999501794576644897e-02 0.000000000000000000e+00 6.000000000000000000e+00 7.164000000000000000e+03 0.000000000000000000e+00 0.000000000000000000e+00 2.754699945449829102e+00
1.119999980926513672e+01 5.012833327054977417e-02 0.000000000000000000e+00 -2.696821638892288320e-06 4.999798536300659180e-02 0.000000000000000000e+00 7.000000000000000000e+00 8.191000000000000000e+03 0.000000000000000000e+00 0.000000000000000000e+00 2.754699945449829102e+00
1.140000057220458984e+01 4.012633115053176880e-02 0.000000000000000000e+00 -3.917631602234905586e-06 4.000094905495643616e-02 0.000000000000000000e+00 7.000000000000000000e+00 8.191000000000000000e+03 0.000000000000000000e+00 0.000000000000000000e+00 2.754699945449829102e+00
1.160000038146972656e+01 3.018086217343807220e-02 0.000000000000000000e+00 -4.960472779202973470e-06 3.000391460955142975e-02 0.000000000000000000e+00 7.000000000000000000e+00 8.191000000000000000e+03 0.000000000000000000e+00 0.000000000000000000e+00 2.754699945449829102e+00
1.180000019073486328e+01 2.010516263544559479e-02 0.000000000000000000e+00 -5.739163498219568282e-06 1.999438367784023285e-02 0.000000000000000000e+00 7.000000000000000000e+00 8.191000000000000000e+03 0.000000000000000000e+00 0.000000000000000000e+00 2.754600048065185547e+00
1.200000000000000000e+01 1.018557231873273849e-02 0.000000000000000000e+00 -6.216961992322467268e-06 9.997349232435226440e-03 0.000000000000000000e+00 7.000000000000000000e+00 8.191000000000000000e+03 0.000000000000000000e+00 0.000000000000000000e+00 2.754600048065185547e+00
1.219999980926513672e+01 1.422514033038169146e-04 0.000000000000000000e+00 -6.439777280320413411e-06 3.129243850708007812e-07 0.000000000000000000e+00 7.000000000000000000e+00 8.191000000000000000e+03 0.000000000000000000e+00 0.000000000000000000e+00 2.754600048065185547e+00
1.240000057220458984e+01 -9.944980032742023468e-03 0.000000000000000000e+00 -6.465552360168658197e-06 -9.996719658374786377e-03 0.000000000000000000e+00 7.000000000000000000e+00 8.191000000000000000e+03 0.000000000000000000e+00 0.000000000000000000e+00 2.754600048065185547e+00
1.260000038146972656e+01 -1.989711262285709381e-02 0.000000000000000000e+00 -6.363647116813808680e-06 -1.999375596642494202e-02 0.000000000000000000e+00 7.000000000000000000e+00 6.143000000000000000e+03 0.000000000000000000e+00 0.000000000000000000e+00 2.754600048065185547e+00
1.280000019073486328e+01 -2.978711202740669250e-02 0.000000000000000000e+00 -6.205090812727576122e-06 -3.000328317284584045e-02 0.000000000000000000e+00 7.000000000000000000e+00 8.191000000000000000e+03 0.000000000000000000e+00 0.000000000000000000e+00 2.754600048065185547e+00
1.300000000000000000e+01 -3.983340784907341003e-02 0.000000000000000000e+00 -6.035375008650589734e-06 -4.000032320618629456e-02 0.000000000000000000e+00 7.000000000000000000e+00 8.191000000000000000e+03 0.000000000000000000e+00 0.000000000000000000e+00 2.754600048065185547e+00
1.319999980926513672e+01 -4.980251938104629517e-02 0.000000000000000000e+00 -5.884847269044257700e-06 -4.999735578894615173e-02 0.000000000000000000e+00 7.000000000000000000e+00 8.191000000000000000e+03 0.000000000000000000e+00 0.000000000000000000e+00 2.754600048065185547e+00
1.340000057220458984e+01 -5.990572646260261536e-02 0.000000000000000000e+00 -5.779695584351429716e-06 -5.999438837170600891e-02 0.000000000000000000e+00 7.000000000000000000e+00 8.191000000000000000e+03 0.000000000000000000e+00 0.000000000000000000e+00 2.754600048065185547e+00
1.360000038146972656e+01 -6.987227499485015869e-02 0.000000000000000000e+00 -5.718981356039876118e-06 -7.000392675399780273e-02 0.000000000000000000e+00 7.000000000000000000e+00 8.191000000000000000e+03 0.000000000000000000e+00 0.000000000000000000e+00 2.754600048065185547e+00
1.380000019073486328e+01 -7.981941103935241699e-02 0.000000000000000000e+00 -5.717809017369290814e-06 -8.000095188617706299e-02 0.000000000000000000e+00 7.000000000000000000e+00 8.191000000000000000e+03 0.000000000000000000e+00 0.000000000000000000e+00 2.754600048065185547e+00
1.400000000000000000e+01 -8.982869237661361694e-02 0.000000000000000000e+00 -5.765371497545856982e-06 -8.999799191951751709e-02 0.000000000000000000e+00 7.000000000000000000e+00 8.191000000000000000e+03 0.000000000000000000e+00 0.000000000000000000e+00 2.754600048065185547e+00
1.419999980926513672e+01 -9.980817139148712158e-02 0.000000000000000000e+00 -5.875076567463111132e-06 -9.999501705169677734e-02 0.000000000000000000e+00 7.000000000000000000e+00 8.191000000000000000e+03 0.000000000000000000e+00 0.000000000000000000e+00 2.754600048065185547e+00
1.440000057220458984e+01 -1.098974719643592834e-01 0.000000000000000000e+00 -6.034513262420659885e-06 -1.100045591592788696e-01 0.000000000000000000e+00 7.000000000000000000e+00 8.191000000000000000e+03 0.000000000000000000e+00 0.000000000000000000e+00 2.754600048065185547e+00
1.460000038146972656e+01 -1.198133081197738647e-01 0.000000000000000000e+00 -6.246096745599061251e-06 -1.200015842914581299e-01 0.000000000000000000e+00 7.000000000000000000e+00 8.191000000000000000e+03 0.000000000000000000e+00 0.000000000000000000e+00 2.754600048065185547e+00
1.480000019073486328e+01 -1.299236267805099487e-01 0.000000000000000000e+00 -6.509387731057358906e-06 -1.299986243247985840e-01 0.000000000000000000e+00 7.000000000000000000e+00 8.191000000000000000e+03 0.000000000000000000e+00 0.000000000000000000e+00 2.754600048065185547e+00
1.500000000000000000e+01 -1.398681700229644775e-01 0.000000000000000000e+00 -6.815105734858661890e-06 -1.399956643581390381e-01 0.000000000000000000e+00 7.000000000000000000e+00 8.191000000000000000e+03 0.000000000000000000e+00 0.000000000000000000e+00 2.754600048065185547e+00
1.519999980926513672e+01 -1.498664617538452148e-01 0.000000000000000000e+00 -7.168650427047396079e-06 -1.500051915645599365e-01 0.000000000000000000e+00 7.000000000000000000e+00 8.191000000000000000e+03 0.000000000000000000e+00 0.000000000000000000e+00 2.754600048065185547e+00
1.540000057220458984e+01 -1.598968505859375000e-01 0.000000000000000000e+00 -7.560540780104929581e-06 -1.600022166967391968e-01 0.000000000000000000e+00 7.000000000000000000e+00 8.191000000000000000e+03 0.000000000000000000e+00 0.000000000000000000e+00 2.754600048065185547e+00
1.560000038146972656e+01 -1.697268187999725342e-01 0.000000000000000000e+00 -7.982577699294779450e-06 -1.699992567300796509e-01 0.000000000000000000e+00 7.000000000000000000e+00 8.191000000000000000e+03 0.000000000000000000e+00 0.000000000000000000e+00 2.754600048065185547e+00
1.580000019073486328e+01 -1.800031065940856934e-01 0.000000000000000000e+00 -8.446901119896210730e-06 -1.799962967634201050e-01 0.000000000000000000e+00 7.000000000000000000e+00 8.191000000000000000e+03 0.000000000000000000e+00 0.000000000000000000e+00 2.754600048065185547e+00
1.600000000000000000e+01 -1.898391097784042358e-01 0.000000000000000000e+00 -8.941931810113601387e-06 -1.900058239698410034e-01 0.000000000000000000e+00 7.000000000000000000e+00 8.191000000000000000e+03 0.000000000000000000e+00 0.000000000000000000e+00 2.754600048065185547e+00
1.620000076293945312e+01 -1.998223364353179932e-01 0.000000000000000000e+00 -9.423306437383871526e-06 -2.000028640031814575e-01 0.000000000000000000e+00 8.000000000000000000e+00 8.191000000000000000e+03 0.000000000000000000e+00 0.000000000000000000e+00 2.754600048065185547e+00
1.639999961853027344e+01 -1.898166090250015259e-01 0.000000000000000000e+00 -8.372430784220341593e-06 -1.900058239698410034e-01 0.000000000000000000e+00 8.000000000000000000e+00 8.191000000000000000e+03 0.000000000000000000e+00 1.000000000000000000e+00 2.754600048065185547e+00
1.660000038146972656e+01 -1.798161119222640991e-01 0.000000000000000000e+00 -7.496960279240738600e-06 -1.799962967634201050e-01 0.000000000000000000e+00 8.000000000000000000e+00 8.191000000000000000e+03 0.000000000000000000e+00 1.000000000000000000e+00 2.754600048065185547e+00
1.680000114440917969e+01 -1.698653250932693481e-01 0.000000000000000000e+00 -6.769796073058387265e-06 -1.699992567300796509e-01 0.000000000000000000e+00 7.000000000000000000e+00 8.191000000000000000e+03 0.000000000000000000e+00 1.000000000000000000e+00 2.754600048065185547e+00
1.700000000000000000e+01 -1.598059684038162231e-01 0.000000000000000000e+00 -6.094003310863627121e-06 -1.600022166967391968e-01 0.000000000000000000e+00 7.000000000000000000e+00 8.191000000000000000e+03 0.000000000000000000e+00 1.000000000000000000e+00 2.754600048065185547e+00
1.720000076293945312e+01 -1.497653126716613770e-01 0.000000000000000000e+00 -5.497777237906120718e-06 -1.500051915645599365e-01 0.000000000000000000e+00 7.000000000000000000e+00 8.191000000000000000e+03 0.000000000000000000e+00 1.000000000000000000e+00 2.754600048065185547e+00
1.739999961853027344e+01 -1.399334073066711426e-01 0.000000000000000000e+00 -4.960975275025703013e-06 -1.399956643581390381e-01 0.000000000000000000e+00 7.000000000000000000e+00 8.191000000000000000e+03 0.000000000000000000e+00 1.000000000000000000e+00 2.754600048065185547e+00
1.760000038146972656e+01 -1.299361735582351685e-01 0.000000000000000000e+00 -4.479975814319914207e-06 -1.299986243247985840e-01 0.000000000000000000e+00 7.000000000000000000e+00 8.191000000000000000e+03 0.000000000000000000e+00 1.000000000000000000e+00 2.754600048065185547e+00
1.780000114440917969e+01 -1.199333518743515015e-01 0.000000000000000000e+00 -4.046700723847607151e-06 -1.200015842914581299e-01 0.000000000000000000e+00 7.000000000000000000e+00 8.191000000000000000e+03 0.000000000000000000e+00 1.000000000000000000e+00 2.754600048065185547e+00
1.800000000000000000e+01 -1.097530052065849304e-01 0.000000000000000000e+00 -3.654008196463109925e-06 -1.100045591592788696e-01 0.000000000000000000e+00 7.000000000000000000e+00 8.191000000000000000e+03 0.000000000000000000e+00 1.000000000000000000e+00 2.754600048065185547e+00
1.820000076293945312e+01 -9.988529235124588013e-02 0.000000000000000000e+00 -3.299521267763338983e-06 -9.999501705169677734e-02 0.000000000000000000e+00 7.000000000000000000e+00 8.191000000000000000e+03 0.000000000000000000e+00 1.000000000000000000e+00 2.754600048065185547e+00
1.839999961853027344e+01 -8.991844207048416138e-02 0.000000000000000000e+00 -2.967248974528047256e-06 -8.999799191951751709e-02 0.000000000000000000e+00 7.000000000000000000e+00 8.191000000000000000e+03 0.000000000000000000e+00 1.000000000000000000e+00 2.754600048065185547e+00
1.860000038146972656e+01 -7.976427674293518066e-02 0.000000000000000000e+00 -2.653212277436978184e-06 -8.000095188617706299e-02 0.000000000000000000e+00 7.000000000000000000e+00 8.191000000000000000e+03 0.000000000000000000e+00 1.000000000000000000e+00 2.754600048065185547e+00
1.880000114440917969e+01 -6.993693858385086060e-02 0.000000000000000000e+00 -2.357078983550309204e-06 -7.000392675399780273e-02 0.000000000000000000e+00 7.000000000000000000e+00 8.191000000000000000e+03 0.000000000000000000e+00 1.000000000000000000e+00 2.754600048065185547e+00
1.900000000000000000e+01 -5.985987931489944458e-02 0.000000000000000000e+00 -2.060570523099158891e-06 -5.999438837170600891e-02 0.000000000000000000e+00 7.000000000000000000e+00 8.191000000000000000e+03 0.000000000000000000e+00 1.000000000000000000e+00 2.754600048065185547e+00
1.920000076293945312e+01 -4.986342415213584900e-02 0.000000000000000000e+00 -1.764265789461205713e-06 -4.999735578894615173e-02 0.000000000000000000e+00 7.000000000000000000e+00 8.191000000000000000e+03 0.000000000000000000e+00 1.000000000000000000e+00 2.754600048065185547e+00
1.939999961853027344e+01 -3.986034169793128967e-02 0.000000000000000000e+00 -1.438279468857217580e-06 -4.000032320618629456e-02 0.000000000000000000e+00 7.000000000000000000e+00 8.191000000000000000e+03 0.000000000000000000e+00 1.000000000000000000e+00 2.754600048065185547e+00
1.960000038146972656e+01 -2.982800640165805817e-02 0.000000000000000000e+00 -1.073191242539905943e-06 -3.000328317284584045e-02 0.000000000000000000e+00 7.000000000000000000e+00 8.191000000000000000e+03 0.000000000000000000e+00 1.000000000000000000e+00 2.754600048065185547e+00
1.980000114440917969e+01 -1.976495422422885895e-02 0.000000000000000000e+00 -6.449180318668368272e-07 -1.999375596642494202e-02 0.000000000000000000e+00 7.000000000000000000e+00 8.191000000000000000e+03 0.000000000000000000e+00 1.000000000000000000e+00 2.754600048065185547e+00
2.000000000000000000e+01 -9.916617535054683685e-03 0.000000000000000000e+00 -1.352621126216035918e-07 -9.996719658374786377e-03 0.000000000000000000e+00 6.000000000000000000e+00 8.191000000000000000e+03 0.000000000000000000e+00 1.000000000000000000e+00 2.754600048065185547e+00
2.020000076293945312e+01 2.811043814290314913e-04 0.000000000000000000e+00 4.931077342007483821e-07 3.129243850708007812e-07 0.000000000000000000e+00 6.000000000000000000e+00 8.191000000000000000e+03 0.000000000000000000e+00 1.000000000000000000e+00 2.754600048065185547e+00
2.039999961853027344e+01 1.012786012142896652e-02 0.000000000000000000e+00 1.093102355298469774e-06 9.997349232435226440e-03 0.000000000000000000e+00 6.000000000000000000e+00 7.164000000000000000e+03 0.000000000000000000e+00 1.000000000000000000e+00 2.754600048065185547e+00
2.060000038146972656e+01 2.016335912048816681e-02 0.000000000000000000e+00 2.143935489584691823e-06 1.999438367784023285e-02 0.000000000000000000e+00 7.000000000000000000e+00 6.143000000000000000e+03 0.000000000000000000e+00 1.000000000000000000e+00 2.754600048065185547e+00
2.080000114440917969e+01 3.013860993087291718e-02 0.000000000000000000e+00 3.138131887681083754e-06 3.000391460955142975e-02 0.000000000000000000e+00 7.000000000000000000e+00 8.191000000000000000e+03 0.000000000000000000e+00 1.000000000000000000e+00 2.754600048065185547e+00
2.100000000000000000e+01 4.010979831218719482e-02 0.000000000000000000e+00 4.182232260063756257e-06 4.000094905495643616e-02 0.000000000000000000e+00 7.000000000000000000e+00 8.191000000000000000e+03 0.000000000000000000e+00 1.000000000000000000e+00 2.754600048065185547e+00
2.120000076293945312e+01 5.024870485067367554e-02 0.000000000000000000e+00 5.214872089709388092e-06 4.999798536300659180e-02 0.000000000000000000e+00 7.000000000000000000e+00 8.191000000000000000e+03 0.000000000000000000e+00 1.000000000000000000e+00 2.754600048065185547e+00
2.139999961853027344e+01 6.014421582221984863e-02 0.000000000000000000e+00 6.150921308289980516e-06 5.999501794576644897e-02 0.000000000000000000e+00 7.000000000000000000e+00 8.191000000000000000e+03 0.000000000000000000e+00 1.000000000000000000e+00 2.754600048065185547e+00
2.160000038146972656e+01 7.013357430696487427e-02 0.000000000000000000e+00 6.939083959878189489e-06 7.000455260276794434e-02 0.000000000000000000e+00 7.000000000000000000e+00 8.191000000000000000e+03 0.000000000000000000e+00 1.000000000000000000e+00 2.754600048065185547e+00
2.180000114440917969e+01 8.022546768188476562e-02 0.000000000000000000e+00 7.540375463577220216e-06 8.000158518552780151e-02 0.000000000000000000e+00 7.000000000000000000e+00 8.191000000000000000e+03 0.000000000000000000e+00 1.000000000000000000e+00 2.754600048065185547e+00
2.200000000000000000e+01 9.014513343572616577e-02 0.000000000000000000e+00 7.945620382088236511e-06 8.999861776828765869e-02 0.000000000000000000e+00 7.000000000000000000e+00 8.191000000000000000e+03 0.000000000000000000e+00 1.000000000000000000e+00 2.754600048065185547e+00
2.220000076293945312e+01 1.000477969646453857e-01 0.000000000000000000e+00 8.180296390492003411e-06 9.999565780162811279e-02 0.000000000000000000e+00 7.000000000000000000e+00 8.191000000000000000e+03 0.000000000000000000e+00 1.000000000000000000e+00 2.754600048065185547e+00
2.239999961853027344e+01 1.101775690913200378e-01 0.000000000000000000e+00 8.274504580185748637e-06 1.100051850080490112e-01 0.000000000000000000e+00 7.000000000000000000e+00 8.191000000000000000e+03 0.000000000000000000e+00 1.000000000000000000e+00 2.754600048065185547e+00
2.260000038146972656e+01 1.201044991612434387e-01 0.000000000000000000e+00 8.264136340585537255e-06 1.200022250413894653e-01 0.000000000000000000e+00 7.000000000000000000e+00 8.191000000000000000e+03 0.000000000000000000e+00 1.000000000000000000e+00 2.754600048065185547e+00
2.280000114440917969e+01 1.301305741071701050e-01 0.000000000000000000e+00 8.190695552912075073e-06 1.299992501735687256e-01 0.000000000000000000e+00 7.000000000000000000e+00 8.191000000000000000e+03 0.000000000000000000e+00 1.000000000000000000e+00 2.754699945449829102e+00
2.300000000000000000e+01 1.401962041854858398e-01 0.000000000000000000e+00 8.068937859206926078e-06 1.399962902069091797e-01 0.000000000000000000e+00 7.000000000000000000e+00 8.191000000000000000e+03 0.000000000000000000e+00 1.000000000000000000e+00 2.754699945449829102e+00
2.320000076293945312e+01 1.502248346805572510e-01 0.000000000000000000e+00 7.933454071462620050e-06 1.500058174133300781e-01 0.000000000000000000e+00 7.000000000000000000e+00 8.191000000000000000e+03 0.000000000000000000e+00 1.000000000000000000e+00 2.754699945449829102e+00
2.339999961853027344e+01 1.601750105619430542e-01 0.000000000000000000e+00 7.781349268043413758e-06 1.600028574466705322e-01 0.000000000000000000e+00 7.000000000000000000e+00 8.191000000000000000e+03 0.000000000000000000e+00 1.000000000000000000e+00 2.754699945449829102e+00
2.360000038146972656e+01 1.702693104743957520e-01 0.000000000000000000e+00 7.634902431163936853e-06 1.699998974800109863e-01 0.000000000000000000e+00 7.000000000000000000e+00 8.191000000000000000e+03 0.000000000000000000e+00 1.000000000000000000e+00 2.754699945449829102e+00
2.380000114440917969e+01 1.800432354211807251e-01 0.000000000000000000e+00 7.493839348171604797e-06 1.799969226121902466e-01 0.000000000000000000e+00 7.000000000000000000e+00 8.191000000000000000e+03 0.000000000000000000e+00 1.000000000000000000e+00 2.754699945449829102e+00
2.400000000000000000e+01 1.902882754802703857e-01 0.000000000000000000e+00 7.362111318798270077e-06 1.899939626455307007e-01 0.000000000000000000e+00 7.000000000000000000e+00 8.191000000000000000e+03 0.000000000000000000e+00 1.000000000000000000e+00 2.754699945449829102e+00
2.420000076293945312e+01 2.001891732215881348e-01 0.000000000000000000e+00 7.242625542858149856e-06 2.000034898519515991e-01 0.000000000000000000e+00 7.000000000000000000e+00 8.191000000000000000e+03 0.000000000000000000e+00 1.000000000000000000e+00 2.754699945449829102e+00
2.439999961853027344e+01 2.100593000650405884e-01 0.000000000000000000e+00 7.126337095542112365e-06 2.100005298852920532e-01 0.000000000000000000e+00 7.000000000000000000e+00 8.191000000000000000e+03 0.000000000000000000e+00 1.000000000000000000e+00 2.754699945449829102e+00
2.460000038146972656e+01 2.200639098882675171e-01 0.000000000000000000e+00 7.028249001450603828e-06 2.199975699186325073e-01 0.000000000000000000e+00 7.000000000000000000e+00 8.191000000000000000e+03 0.000000000000000000e+00 1.000000000000000000e+00 2.754699945449829102e+00
2.480000114440917969e+01 2.301158457994461060e-01 0.000000000000000000e+00 6.941949777683475986e-06 2.299945950508117676e-01 0.000000000000000000e+00 7.000000000000000000e+00 8.191000000000000000e+03 0.000000000000000000e+00 1.000000000000000000e+00 2.754699945449829102e+00
2.500000000000000000e+01 2.402594685554504395e-01 0.000000000000000000e+00 6.862442205601837486e-06 2.400041371583938599e-01 0.000000000000000000e+00 7.000000000000000000e+00 8.191000000000000000e+03 0.000000000000000000e+00 1.000000000000000000e+00 2.754699945449829102e+00
2.520000076293945312e+01 2.501448392868041992e-01 0.000000000000000000e+00 6.792166004743194208e-06 2.500011622905731201e-01 0.000000000000000000e+00 7.000000000000000000e+00 8.191000000000000000e+03 0.000000000000000000e+00 1.000000000000000000e+00 2.754699945449829102e+00
2.539999961853027344e+01 2.601801455020904541e-01 0.000000000000000000e+00 6.729238975822227076e-06 2.599982023239135742e-01 0.000000000000000000e+00 7.000000000000000000e+00 8.191000000000000000e+03 0.000000000000000000e+00 1.000000000000000000e+00 2.754699945449829102e+00
2.560000038146972656e+01 2.702419757843017578e-01 0.000000000000000000e+00 6.679189027636311948e-06 2.699952423572540283e-01 0.000000000000000000e+00 7.000000000000000000e+00 8.191000000000000000e+03 0.000000000000000000e+00 1.000000000000000000e+00 2.754699945449829102e+00
2.580000114440917969e+01 2.802551090717315674e-01 0.000000000000000000e+00 6.638792001467663795e-06 2.800047695636749268e-01 0.000000000000000000e+00 7.000000000000000000e+00 8.191000000000000000e+03 0.000000000000000000e+00 1.000000000000000000e+00 2.754699945449829102e+00
2.600000000000000000e+01 2.902694046497344971e-01 0.000000000000000000e+00 6.599527296202722937e-06 2.900017797946929932e-01 0.000000000000000000e+00 7.000000000000000000e+00 8.191000000000000000e+03 0.000000000000000000e+00 1.000000000000000000e+00 2.754699945449829102e+00
2.620000076293945312e+01 3.002909123897552490e-01 0.000000000000000000e+00 6.571549874934135005e-06 2.999988198280334473e-01 0.000000000000000000e+00 7.000000000000000000e+00 8.191000000000000000e+03 0.000000000000000000e+00 1.000000000000000000e+00 2.754699945449829102e+00
2.639999961853027344e+01 2.901812791824340820e-01 0.000000000000000000e+00 6.204268174769822508e-06 2.900017797946929932e-01 0.000000000000000000e+00 7.000000000000000000e+00 8.191000000000000000e+03 0.000000000000000000e+00 1.000000000000000000e+00 2.754699945449829102e+00
2.660000038146972656e+01 2.800723016262054443e-01 0.000000000000000000e+00 5.967644938209559768e-06 2.800047695636749268e-01 0.000000000000000000e+00 7.000000000000000000e+00 8.191000000000000000e+03 0.000000000000000000e+00 1.000000000000000000e+00 2.754699945449829102e+00
2.680000114440917969e+01 2.701384127140045166e-01 0.000000000000000000e+00 5.788800990558229387e-06 2.699952423572540283e-01 0.000000000000000000e+00 7.000000000000000000e+00 8.191000000000000000e+03 0.000000000000000000e+00 1.000000000000000000e+00 2.754499912261962891e+00
2.700000000000000000e+01 2.600795626640319824e-01 0.000000000000000000e+00 5.640177732857409865e-06 2.599982023239135742e-01 0.000000000000000000e+00 7.000000000000000000e+00 8.191000000000000000e+03 0.000000000000000000e+00 1.000000000000000000e+00 2.754499912261962891e+00
2.720000076293945312e+01 2.500920891761779785e-01 0.000000000000000000e+00 5.516269084182567894e-06 2.500011622905731201e-01 0.000000000000000000e+00 7.000000000000000000e+00 8.191000000000000000e+03 0.000000000000000000e+00 1.000000000000000000e+00 2.754499912261962891e+00
2.739999961853027344e+01 2.401038110256195068e-01 0.000000000000000000e+00 5.407243406807538122e-06 2.400041371583938599e-01 0.000000000000000000e+00 7.000000000000000000e+00 8.191000000000000000e+03 0.000000000000000000e+00 1.000000000000000000e+00 2.754499912261962891e+00
2.760000038146972656e+01 2.301409840583801270e-01 0.000000000000000000e+00 5.303360467223683372e-06 2.299945950508117676e-01 0.000000000000000000e+00 7.000000000000000000e+00 8.191000000000000000e+03 0.000000000000000000e+00 1.000000000000000000e+00 2.754499912261962891e+00
2.780000114440917969e+01 2.201382219791412354e-01 0.000000000000000000e+00 5.208481070440029725e-06 2.199975699186325073e-01 0.000000000000000000e+00 7.000000000000000000e+00 8.191000000000000000e+03 0.000000000000000000e+00 1.000000000000000000e+00 2.754499912261962891e+00
2.800000000000000000e+01 2.102883756160736084e-01 0.000000000000000000e+00 5.117972250445745885e-06 2.100005298852920532e-01 0.000000000000000000e+00 7.000000000000000000e+00 8.191000000000000000e+03 0.000000000000000000e+00 1.000000000000000000e+00 2.754499912261962891e+00
2.820000076293945312e+01 2.000766098499298096e-01 0.000000000000000000e+00 5.024666279496159405e-06 2.000034898519515991e-01 0.000000000000000000e+00 7.000000000000000000e+00 8.191000000000000000e+03 0.000000000000000000e+00 1.000000000000000000e+00 2.754499912261962891e+00
2.839999961853027344e+01 1.901950240135192871e-01 0.000000000000000000e+00 4.932005140290129930e-06 1.899939626455307007e-01 0.000000000000000000e+00 7.000000000000000000e+00 8.191000000000000000e+03 0.000000000000000000e+00 1.000000000000000000e+00 2.754499912261962891e+00
2.860000038146972656e+01 1.801192462444305420e-01 0.000000000000000000e+00 4.833243110624607652e-06 1.799969226121902466e-01 0.000000000000000000e+00 7.000000000000000000e+00 8.191000000000000000e+03 0.000000000000000000e+00 1.000000000000000000e+00 2.754499912261962891e+00
2.880000114440917969e+01 1.700813621282577515e-01 0.000000000000000000e+00 4.721550340036628768e-06 1.699998974800109863e-01 0.000000000000000000e+00 7.000000000000000000e+00 8.191000000000000000e+03 0.000000000000000000e+00 1.000000000000000000e+00 2.754699945449829102e+00
2.900000000000000000e+01 1.600862145423889160e-01 0.000000000000000000e+00 4.590765001921681687e-06 1.600028574466705322e-01 0.000000000000000000e+00 7.000000000000000000e+00 8.191000000000000000e+03 0.000000000000000000e+00 1.000000000000000000e+00 2.754699945449829102e+00
2.920000076293945312e+01 1.502687782049179077e-01 0.000000000000000000e+00 4.429797627381049097e-06 1.500058174133300781e-01 0.000000000000000000e+00 7.000000000000000000e+00 8.191000000000000000e+03 0.000000000000000000e+00 1.000000000000000000e+00 2.754699945449829102e+00
2.939999961853027344e+01 1.401522010564804077e-01 0.000000000000000000e+00 4.225906195642892271e-06 1.399962902069091797e-01 0.000000000000000000e+00 7.000000000000000000e+00 8.191000000000000000e+03 0.000000000000000000e+00 1.000000000000000000e+00 2.754699945449829102e+00
2.960000038146972656e+01 1.301047205924987793e-01 0.000000000000000000e+00 3.958844445151044056e-06 1.299992501735687256e-01 0.000000000000000000e+00 7.000000000000000000e+00 8.191000000000000000e+03 0.000000000000000000e+00 1.000000000000000000e+00 2.754699945449829102e+00
2.980000114440917969e+01 1.201184317469596863e-01 0.000000000000000000e+00 3.609852001318358816e-06 1.200022250413894653e-01 0.000000000000000000e+00 7.000000000000000000e+00 8.191000000000000000e+03 0.000000000000000000e+00 1.000000000000000000e+00 2.754699945449829102e+00
3.000000000000000000e+01 1.100588962435722351e-01 0.000000000000000000e+00 3.146332119285943918e-06 1.100051850080490112e-01 0.000000000000000000e+00 7.000000000000000000e+00 8.191000000000000000e+03 0.000000000000000000e+00 1.000000000000000000e+00 2.754699945449829102e+00
3.020000076293945312e+01 1.002535521984100342e-01 0.000000000000000000e+00 2.539003162382869050e-06 9.999565780162811279e-02 0.000000000000000000e+00 7.000000000000000000e+00 8.191000000000000000e+03 0.000000000000000000e+00 1.000000000000000000e+00 2.754699945449829102e+00
3.039999961853027344e+01 8.995258063077926636e-02 0.000000000000000000e+00 1.749276520968123805e-06 8.999861776828765869e-02 0.000000000000000000e+00 7.000000000000000000e+00 8.191000000000000000e+03 0.000000000000000000e+00 1.000000000000000000e+00 2.754699945449829102e+00
3.060000038146972656e+01 8.013794571161270142e-02 0.000000000000000000e+00 7.731605933258833829e-07 8.000158518552780151e-02 0.000000000000000000e+00 7.000000000000000000e+00 8.191000000000000000e+03 0.000000000000000000e+00 1.000000000000000000e+00 2.754699945449829102e+00
3.080000114440917969e+01 7.017806172370910645e-02 0.000000000000000000e+00 -4.070543582201935351e-07 7.000455260276794434e-02 0.000000000000000000e+00 6.000000000000000000e+00 8.191000000000000000e+03 0.000000000000000000e+00 1.000000000000000000e+00 2.754600048065185547e+00
3.100000000000000000e+01 6.015865504741668701e-02 0.000000000000000000e+00 -1.093766627491277177e-06 5.999501794576644897e-02 0.000000000000000000e+00 6.000000000000000000e+00 7.164000000000000000e+03 0.000000000000000000e+00 1.000000000000000000e+00 2.754600048065185547e+00
3.120000076293945312e+01 5.020788311958312988e-02 0.000000000000000000e+00 -3.082180910496390425e-06 4.999798536300659180e-02 0.000000000000000000e+00 7.000000000000000000e+00 8.191000000000000000e+03 0.000000000000000000e+00 1.000000000000000000e+00 2.754600048065185547e+00
3.139999961853027344e+01 4.016713052988052368e-02 0.000000000000000000e+00 -4.397587417770409957e-06 4.000094905495643616e-02 0.000000000000000000e+00 7.000000000000000000e+00 8.191000000000000000e+03 0.000000000000000000e+00 1.000000000000000000e+00 2.754600048065185547e+00
3.160000038146972656e+01 3.018461167812347412e-02 0.000000000000000000e+00 -5.526959284907206893e-06 3.000391460955142975e-02 0.000000000000000000e+00 7.000000000000000000e+00 8.191000000000000000e+03 0.000000000000000000e+00 1.000000000000000000e+00 2.754600048065185547e+00
3.180000114440917969e+01 2.021477557718753815e-02 0.000000000000000000e+00 -6.379822934832191095e-06 1.999438367784023285e-02 0.000000000000000000e+00 7.000000000000000000e+00 8.191000000000000000e+03 0.000000000000000000e+00 1.000000000000000000e+00 2.754600048065185547e+00
3.200000000000000000e+01 1.021971460431814194e-02 0.000000000000000000e+00 -6.913855486345710233e-06 9.997349232435226440e-03 0.000000000000000000e+00 7.000000000000000000e+00 8.191000000000000000e+03 0.000000000000000000e+00 1.000000000000000000e+00 2.754600048065185547e+00
3.220000076293945312e+01 1.113211328629404306e-05 0.000000000000000000e+00 -7.167817329900572076e-06 3.129243850708007812e-07 0.000000000000000000e+00 7.000000000000000000e+00 8.191000000000000000e+03 0.000000000000000000e+00 1.000000000000000000e+00 2.754600048065185547e+00
3.240000152587890625e+01 -9.865619242191314697e-03 0.000000000000000000e+00 -7.183419711509486660e-06 -9.996719658374786377e-03 0.000000000000000000e+00 7.000000000000000000e+00 8.191000000000000000e+03 0.000000000000000000e+00 1.000000000000000000e+00 2.754600048065185547e+00
3.260000228881835938e+01 -1.992750726640224457e-02 0.000000000000000000e+00 -7.061801170493708923e-06 -1.999375596642494202e-02 0.000000000000000000e+00 7.000000000000000000e+00 6.143000000000000000e+03 0.000000000000000000e+00 1.000000000000000000e+00 2.754600048065185547e+00
3.279999923706054688e+01 -2.981678955256938934e-02 0.000000000000000000e+00 -6.857696462247986346e-06 -3.000328317284584045e-02 0.000000000000000000e+00 7.000000000000000000e+00 8.191000000000000000e+03 0.000000000000000000e+00 1.000000000000000000e+00 2.754600048065185547e+00
3.300000000000000000e+01 -3.973616287112236023e-02 0.000000000000000000e+00 -6.636298166995402426e-06 -4.000032320618629456e-02 0.000000000000000000e+00 7.000000000000000000e+00 8.191000000000000000e+03 0.000000000000000000e+00 1.000000000000000000e+00 2.754600048065185547e+00
3.320000076293945312e+01 -4.991725459694862366e-02 0.000000000000000000e+00 -6.426444997487124056e-06 -4.999735578894615173e-02 0.000000000000000000e+00 7.000000000000000000e+00 8.191000000000000000e+03 0.000000000000000000e+00 1.000000000000000000e+00 2.754600048065185547e+00
3.340000152587890625e+01 -5.979844927787780762e-02 0.000000000000000000e+00 -6.250138085306389257e-06 -5.999438837170600891e-02 0.000000000000000000e+00 7.000000000000000000e+00 8.191000000000000000e+03 0.000000000000000000e+00 1.000000000000000000e+00 2.754600048065185547e+00
3.360000228881835938e+01 -6.991267949342727661e-02 0.000000000000000000e+00 -6.120171747170388699e-06 -7.000392675399780273e-02 0.000000000000000000e+00 7.000000000000000000e+00 8.191000000000000000e+03 0.000000000000000000e+00 1.000000000000000000e+00 2.754600048065185547e+00
3.379999923706054688e+01 -7.987080514430999756e-02 0.000000000000000000e+00 -6.034405487298499793e-06 -8.000095188617706299e-02 0.000000000000000000e+00 7.000000000000000000e+00 8.191000000000000000e+03 0.000000000000000000e+00 1.000000000000000000e+00 2.754600048065185547e+00
3.400000000000000000e+01 -8.992094546556472778e-02 0.000000000000000000e+00 -5.995372248435160145e-06 -8.999799191951751709e-02 0.000000000000000000e+00 7.000000000000000000e+00 8.191000000000000000e+03 0.000000000000000000e+00 1.000000000000000000e+00 2.754600048065185547e+00
3.420000076293945312e+01 -9.983145445585250854e-02 0.000000000000000000e+00 -6.004455826769117266e-06 -9.999501705169677734e-02 0.000000000000000000e+00 7.000000000000000000e+00 8.191000000000000000e+03 0.000000000000000000e+00 1.000000000000000000e+00 2.754600048065185547e+00
3.440000152587890625e+01 -1.099089905619621277e-01 0.000000000000000000e+00 -6.063886303309118375e-06 -1.100045591592788696e-01 0.000000000000000000e+00 7.000000000000000000e+00 8.191000000000000000e+03 0.000000000000000000e+00 1.000000000000000000e+00 2.754600048065185547e+00
3.460000228881835938e+01 -1.200332492589950562e-01 0.000000000000000000e+00 -6.167772880871780217e-06 -1.200015842914581299e-01 0.000000000000000000e+00 7.000000000000000000e+00 8.191000000000000000e+03 0.000000000000000000e+00 1.000000000000000000e+00 2.754600048065185547e+00
3.479999923706054688e+01 -1.298594176769256592e-01 0.000000000000000000e+00 -6.310261142061790451e-06 -1.299986243247985840e-01 0.000000000000000000e+00 7.000000000000000000e+00 8.191000000000000000e+03 0.000000000000000000e+00 1.000000000000000000e+00 2.754600048065185547e+00
3.500000000000000000e+01 -1.398237347602844238e-01 0.000000000000000000e+00 -6.499372375401435420e-06 -1.399956643581390381e-01 0.000000000000000000e+00 7.000000000000000000e+00 8.191000000000000000e+03 0.000000000000000000e+00 1.000000000000000000e+00 2.754600048065185547e+00
3.520000076293945312e+01 -1.498357653617858887e-01 0.000000000000000000e+00 -6.726902483933372423e-06 -1.500051915645599365e-01 0.000000000000000000e+00 7.000000000000000000e+00 8.191000000000000000e+03 0.000000000000000000e+00 1.000000000000000000e+00 2.754600048065185547e+00
3.540000152587890625e+01 -1.598410159349441528e-01 0.000000000000000000e+00 -6.998270691838115454e-06 -1.600022166967391968e-01 0.000000000000000000e+00 7.000000000000000000e+00 8.191000000000000000e+03 0.000000000000000000e+00 1.000000000000000000e+00 2.754600048065185547e+00
3.560000228881835938e+01 -1.697921305894851685e-01 0.000000000000000000e+00 -7.311983154068002477e-06 -1.699992567300796509e-01 0.000000000000000000e+00 7.000000000000000000e+00 8.191000000000000000e+03 0.000000000000000000e+00 1.000000000000000000e+00 2.754600048065185547e+00
3.579999923706054688e+01 -1.797597706317901611e-01 0.000000000000000000e+00 -7.660638402740005404e-06 -1.799962967634201050e-01 0.000000000000000000e+00 7.000000000000000000e+00 8.191000000000000000e+03 0.000000000000000000e+00 1.000000000000000000e+00 2.754600048065185547e+00
3.600000000000000000e+01 -1.899004131555557251e-01 0.000000000000000000e+00 -8.045602044148836285e-06 -1.900058239698410034e-01 0.000000000000000000e+00 7.000000000000000000e+00 8.191000000000000000e+03 0.000000000000000000e+00 1.000000000000000000e+00 2.754600048065185547e+00
3.620000076293945312e+01 -1.998048573732376099e-01 0.000000000000000000e+00 -8.459505806968081743e-06 -2.000028640031814575e-01 0.000000000000000000e+00 7.000000000000000000e+00 8.191000000000000000e+03 0.000000000000000000e+00 1.000000000000000000e+00 2.754600048065185547e+00
3.640000152587890625e+01 -1.899013221263885498e-01 0.000000000000000000e+00 -7.575938070658594370e-06 -1.900058239698410034e-01 0.000000000000000000e+00 7.000000000000000000e+00 8.191000000000000000e+03 0.000000000000000000e+00 2.000000000000000000e+00 2.754600048065185547e+00
3.660000228881835938e+01 -1.799686551094055176e-01 0.000000000000000000e+00 -6.830392521806061268e-06 -1.799962967634201050e-01 0.000000000000000000e+00 7.000000000000000000e+00 8.191000000000000000e+03 0.000000000000000000e+00 2.000000000000000000e+00 2.754600048065185547e+00
3.679999923706054688e+01 -1.699470281600952148e-01 0.000000000000000000e+00 -6.180103355291066691e-06 -1.699992567300796509e-01 0.000000000000000000e+00 7.000000000000000000e+00 8.191000000000000000e+03 0.000000000000000000e+00 2.000000000000000000e+00 2.754600048065185547e+00
3.700000000000000000e+01 -1.598353534936904907e-01 0.000000000000000000e+00 -5.602921191893983632e-06 -1.600022166967391968e-01 0.000000000000000000e+00 7.000000000000000000e+00 8.191000000000000000e+03 0.000000000000000000e+00 2.000000000000000000e+00 2.754600048065185547e+00
3.720000076293945312e+01 -1.497991085052490234e-01 0.000000000000000000e+00 -5.090834292786894366e-06 -1.500051915645599365e-01 0.000000000000000000e+00 7.000000000000000000e+00 8.191000000000000000e+03 0.000000000000000000e+00 2.000000000000000000e+00 2.754600048065185547e+00
3.740000152587890625e+01 -1.398923546075820923e-01 0.000000000000000000e+00 -4.632058335118927062e-06 -1.399956643581390381e-01 0.000000000000000000e+00 7.000000000000000000e+00 8.191000000000000000e+03 0.000000000000000000e+00 2.000000000000000000e+00 2.754600048065185547e+00
3.760000228881835938e+01 -1.297641545534133911e-01 0.000000000000000000e+00 -4.218061349092749879e-06 -1.299986243247985840e-01 0.000000000000000000e+00 7.000000000000000000e+00 8.191000000000000000e+03 0.000000000000000000e+00 2.000000000000000000e+00 2.754600048065185547e+00
3.779999923706054688e+01 -1.199283525347709656e-01 0.000000000000000000e+00 -3.846493655146332458e-06 -1.200015842914581299e-01 0.000000000000000000e+00 7.000000000000000000e+00 8.191000000000000000e+03 0.000000000000000000e+00 2.000000000000000000e+00 2.754600048065185547e+00
3.800000000000000000e+01 -1.099594905972480774e-01 0.000000000000000000e+00 -3.502657818899024278e-06 -1.100045591592788696e-01 0.000000000000000000e+00 7.000000000000000000e+00 8.191000000000000000e+03 0.000000000000000000e+00 2.000000000000000000e+00 2.754600048065185547e+00
3.820000076293945312e+01 -9.986371546983718872e-02 0.000000000000000000e+00 -3.188853042956907302e-06 -9.999501705169677734e-02 0.000000000000000000e+00 7.000000000000000000e+00 8.191000000000000000e+03 0.000000000000000000e+00 2.000000000000000000e+00 2.754600048065185547e+00
3.840000152587890625e+01 -8.971153944730758667e-02 0.000000000000000000e+00 -2.888949893531389534e-06 -8.999799191951751709e-02 0.000000000000000000e+00 7.000000000000000000e+00 8.191000000000000000e+03 0.000000000000000000e+00 2.000000000000000000e+00 2.754600048065185547e+00
3.860000228881835938e+01 -7.978569716215133667e-02 0.000000000000000000e+00 -2.609819375720690005e-06 -8.000095188617706299e-02 0.000000000000000000e+00 7.000000000000000000e+00 8.191000000000000000e+03 0.000000000000000000e+00 2.000000000000000000e+00 2.754600048065185547e+00
3.879999923706054688e+01 -7.001446932554244995e-02 0.000000000000000000e+00 -2.338583044547704048e-06 -7.000392675399780273e-02 0.000000000000000000e+00 7.000000000000000000e+00 8.191000000000000000e+03 0.000000000000000000e+00 2.000000000000000000e+00 2.754600048065185547e+00
3.900000000000000000e+01 -5.995938554406166077e-02 0.000000000000000000e+00 -2.069761194434249774e-06 -5.999438837170600891e-02 0.000000000000000000e+00 7.000000000000000000e+00 8.191000000000000000e+03 0.000000000000000000e+00 2.000000000000000000e+00 2.754600048065185547e+00
3.920000076293945312e+01 -4.975858330726623535e-02 0.000000000000000000e+00 -1.780023012543097138e-06 -4.999735578894615173e-02 0.000000000000000000e+00 7.000000000000000000e+00 8.191000000000000000e+03 0.000000000000000000e+00 2.000000000000000000e+00 2.754600048065185547e+00
3.940000152587890625e+01 -3.972717747092247009e-02 0.000000000000000000e+00 -1.459216832699894439e-06 -4.000032320618629456e-02 0.000000000000000000e+00 7.000000000000000000e+00 8.191000000000000000e+03 0.000000000000000000e+00 2.000000000000000000e+00 2.754600048065185547e+00
3.960000228881835938e+01 -2.988462895154953003e-02 0.000000000000000000e+00 -1.095168045139871538e-06 -3.000328317284584045e-02 0.000000000000000000e+00 7.000000000000000000e+00 8.191000000000000000e+03 0.000000000000000000e+00 2.000000000000000000e+00 2.754600048065185547e+00
3.979999923706054688e+01 -1.979410834610462189e-02 0.000000000000000000e+00 -6.613988716708263382e-07 -1.999375596642494202e-02 0.000000000000000000e+00 7.000000000000000000e+00 8.191000000000000000e+03 0.000000000000000000e+00 2.000000000000000000e+00 2.754600048065185547e+00
4.000000000000000000e+01 -9.790780954062938690e-03 0.000000000000000000e+00 -1.311338451159826946e-07 -9.996719658374786377e-03 0.000000000000000000e+00 6.000000000000000000e+00 8.191000000000000000e+03 0.000000000000000000e+00 2.000000000000000000e+00 2.754600048065185547e+00
4.020000076293945312e+01 1.829359389375895262e-04 0.000000000000000000e+00 5.265347340355219785e-07 3.129243850708007812e-07 0.000000000000000000e+00 6.000000000000000000e+00 8.191000000000000000e+03 0.000000000000000000e+00 2.000000000000000000e+00 2.754600048065185547e+00
4.040000152587890625e+01 1.020529773086309433e-02 0.000000000000000000e+00 1.093102355298469774e-06 9.997349232435226440e-03 0.000000000000000000e+00 6.000000000000000000e+00 7.164000000000000000e+03 0.000000000000000000e+00 2.000000000000000000e+00 2.754600048065185547e+00
4.060000228881835938e+01 2.018276415765285492e-02 0.000000000000000000e+00 2.256500465591670945e-06 1.999438367784023285e-02 0.000000000000000000e+00 7.000000000000000000e+00 6.143000000000000000e+03 0.000000000000000000e+00 2.000000000000000000e+00 2.754600048065185547e+00
4.079999923706054688e+01 3.007362782955169678e-02 0.000000000000000000e+00 3.297171133453957736e-06 3.000391460955142975e-02 0.000000000000000000e+00 7.000000000000000000e+00 8.191000000000000000e+03 0.000000000000000000e+00 2.000000000000000000e+00 2.754600048065185547e+00
4.100000000000000000e+01 4.013347625732421875e-02 0.000000000000000000e+00 4.387733042676700279e-06 4.000094905495643616e-02 0.000000000000000000e+00 7.000000000000000000e+00 8.191000000000000000e+03 0.000000000000000000e+00 2.000000000000000000e+00 2.754600048065185547e+00
4.120000076293945312e+01 5.012353882193565369e-02 0.000000000000000000e+00 5.450450316857313737e-06 4.999798536300659180e-02 0.000000000000000000e+00 7.000000000000000000e+00 8.191000000000000000e+03 0.000000000000000000e+00 2.000000000000000000e+00 2.754600048065185547e+00
4.140000152587890625e+01 6.024212017655372620e-02 0.000000000000000000e+00 6.415515599655918777e-06 5.999501794576644897e-02 0.000000000000000000e+00 7.000000000000000000e+00 8.191000000000000000e+03 0.000000000000000000e+00 2.000000000000000000e+00 2.754600048065185547e+00
4.160000228881835938e+01 7.011399418115615845e-02 0.000000000000000000e+00 7.218139671749668196e-06 7.000455260276794434e-02 0.000000000000000000e+00 7.000000000000000000e+00 8.191000000000000000e+03 0.000000000000000000e+00 2.000000000000000000e+00 2.754600048065185547e+00
4.179999923706054688e+01 8.022191375494003296e-02 0.000000000000000000e+00 7.817038749635685235e-06 8.000158518552780151e-02 0.000000000000000000e+00 7.000000000000000000e+00 8.191000000000000000e+03 0.000000000000000000e+00 2.000000000000000000e+00 2.754600048065185547e+00
4.200000000000000000e+01 9.014801681041717529e-02 0.000000000000000000e+00 8.217180948122404516e-06 8.999861776828765869e-02 0.000000000000000000e+00 7.000000000000000000e+00 8.191000000000000000e+03 0.000000000000000000e+00 2.000000000000000000e+00 2.754600048065185547e+00
4.220000076293945312e+01 1.000373885035514832e-01 0.000000000000000000e+00 8.433267794316634536e-06 9.999565780162811279e-02 0.000000000000000000e+00 7.000000000000000000e+00 8.191000000000000000e+03 0.000000000000000000e+00 2.000000000000000000e+00 2.754600048065185547e+00
4.240000152587890625e+01 1.102517843246459961e-01 0.000000000000000000e+00 8.516001798852812499e-06 1.100051850080490112e-01 0.000000000000000000e+00 7.000000000000000000e+00 8.191000000000000000e+03 0.000000000000000000e+00 2.000000000000000000e+00 2.754600048065185547e+00
4.260000228881835938e+01 1.201333850622177124e-01 0.000000000000000000e+00 8.487107152177486569e-06 1.200022250413894653e-01 0.000000000000000000e+00 7.000000000000000000e+00 8.191000000000000000e+03 0.000000000000000000e+00 2.000000000000000000e+00 2.754600048065185547e+00
4.279999923706054688e+01 1.302090287208557129e-01 0.000000000000000000e+00 8.394600627070758492e-06 1.299992501735687256e-01 0.000000000000000000e+00 7.000000000000000000e+00 8.191000000000000000e+03 0.000000000000000000e+00 2.000000000000000000e+00 2.754699945449829102e+00
4.300000000000000000e+01 1.401318311691284180e-01 0.000000000000000000e+00 8.264999451057519764e-06 1.399962902069091797e-01 0.000000000000000000e+00 7.000000000000000000e+00 8.191000000000000000e+03 0.000000000000000000e+00 2.000000000000000000e+00 2.754699945449829102e+00
4.320000076293945312e+01 1.501431167125701904e-01 0.000000000000000000e+00 8.109378541121259332e-06 1.500058174133300781e-01 0.000000000000000000e+00 7.000000000000000000e+00 8.191000000000000000e+03 0.000000000000000000e+00 2.000000000000000000e+00 2.754699945449829102e+00
4.340000152587890625e+01 1.600624471902847290e-01 0.000000000000000000e+00 7.947948688524775207e-06 1.600028574466705322e-01 0.000000000000000000e+00 7.000000000000000000e+00 8.191000000000000000e+03 0.000000000000000000e+00 2.000000000000000000e+00 2.754699945449829102e+00
4.360000228881835938e+01 1.702453941106796265e-01 0.000000000000000000e+00 7.790355994075071067e-06 1.699998974800109863e-01 0.000000000000000000e+00 7.000000000000000000e+00 8.191000000000000000e+03 0.000000000000000000e+00 2.000000000000000000e+00 2.754699945449829102e+00
4.379999923706054688e+01 1.801316589117050171e-01 0.000000000000000000e+00 7.637280759809073061e-06 1.799969226121902466e-01 0.000000000000000000e+00 7.000000000000000000e+00 8.191000000000000000e+03 0.000000000000000000e+00 2.000000000000000000e+00 2.754699945449829102e+00
4.400000000000000000e+01 1.902009993791580200e-01 0.000000000000000000e+00 7.496329089917708188e-06 1.899939626455307007e-01 0.000000000000000000e+00 7.000000000000000000e+00 8.191000000000000000e+03 0.000000000000000000e+00 2.000000000000000000e+00 2.754699945449829102e+00
4.420000076293945312e+01 1.999668329954147339e-01 0.000000000000000000e+00 7.369726972683565691e-06 2.000034898519515991e-01 0.000000000000000000e+00 7.000000000000000000e+00 8.191000000000000000e+03 0.000000000000000000e+00 2.000000000000000000e+00 2.754699945449829102e+00
4.440000152587890625e+01 2.100981026887893677e-01 0.000000000000000000e+00 7.253457624756265432e-06 2.100005298852920532e-01 0.000000000000000000e+00 7.000000000000000000e+00 8.191000000000000000e+03 0.000000000000000000e+00 2.000000000000000000e+00 2.754699945449829102e+00
4.460000228881835938e+01 2.202621400356292725e-01 0.000000000000000000e+00 7.151184036047197878e-06 2.199975699186325073e-01 0.000000000000000000e+00 7.000000000000000000e+00 8.191000000000000000e+03 0.000000000000000000e+00 2.000000000000000000e+00 2.754699945449829102e+00
4.479999923706054688e+01 2.301651388406753540e-01 0.000000000000000000e+00 7.058317805785918608e-06 2.299945950508117676e-01 0.000000000000000000e+00 7.000000000000000000e+00 8.191000000000000000e+03 0.000000000000000000e+00 2.000000000000000000e+00 2.754699945449829102e+00
4.500000000000000000e+01 2.400570064783096313e-01 0.000000000000000000e+00 6.971061338845174760e-06 2.400041371583938599e-01 0.000000000000000000e+00 7.000000000000000000e+00 8.191000000000000000e+03 0.000000000000000000e+00 2.000000000000000000e+00 2.754699945449829102e+00
4.520000076293945312e+01 2.501669228076934814e-01 0.000000000000000000e+00 6.899473191879224032e-06 2.500011622905731201e-01 0.000000000000000000e+00 7.000000000000000000e+00 8.191000000000000000e+03 0.000000000000000000e+00 2.000000000000000000e+00 2.754699945449829102e+00
4.540000152587890625e+01 2.599195539951324463e-01 0.000000000000000000e+00 6.839962679805466905e-06 2.599982023239135742e-01 0.000000000000000000e+00 7.000000000000000000e+00 8.191000000000000000e+03 0.000000000000000000e+00 2.000000000000000000e+00 2.754699945449829102e+00
4.560000228881835938e+01 2.702174484729766846e-01 0.000000000000000000e+00 6.790487987018423155e-06 2.699952423572540283e-01 0.000000000000000000e+00 7.000000000000000000e+00 8.191000000000000000e+03 0.000000000000000000e+00 2.000000000000000000e+00 2.754699945449829102e+00
4.579999923706054688e+01 2.802379429340362549e-01 0.000000000000000000e+00 6.750741249561542645e-06 2.800047695636749268e-01 0.000000000000000000e+00 7.000000000000000000e+00 8.191000000000000000e+03 0.000000000000000000e+00 2.000000000000000000e+00 2.754799842834472656e+00
4.600000000000000000e+01 2.901286482810974121e-01 0.000000000000000000e+00 6.715617018926423043e-06 2.900017797946929932e-01 0.000000000000000000e+00 7.000000000000000000e+00 8.191000000000000000e+03 0.000000000000000000e+00 2.000000000000000000e+00 2.754799842834472656e+00
4.620000076293945312e+01 3.002082109451293945e-01 0.000000000000000000e+00 6.694325747957918793e-06 2.999988198280334473e-01 0.000000000000000000e+00 7.000000000000000000e+00 8.191000000000000000e+03 0.000000000000000000e+00 2.000000000000000000e+00 2.754799842834472656e+00
4.640000152587890625e+01 2.901697754859924316e-01 0.000000000000000000e+00 6.309786385827464983e-06 2.900017797946929932e-01 0.000000000000000000e+00 7.000000000000000000e+00 8.191000000000000000e+03 0.000000000000000000e+00 2.000000000000000000e+00 2.754799842834472656e+00
4.660000228881835938e+01 2.801626324653625488e-01 0.000000000000000000e+00 6.056250640540383756e-06 2.800047695636749268e-01 0.000000000000000000e+00 7.000000000000000000e+00 8.191000000000000000e+03 0.000000000000000000e+00 2.000000000000000000e+00 2.754799842834472656e+00
4.679999923706054688e+01 2.701418101787567139e-01 0.000000000000000000e+00 5.868635980732506141e-06 2.699952423572540283e-01 0.000000000000000000e+00 7.000000000000000000e+00 8.191000000000000000e+03 0.000000000000000000e+00 2.000000000000000000e+00 2.754499912261962891e+00
4.700000000000000000e+01 2.601916193962097168e-01 0.000000000000000000e+00 5.712342499464284629e-06 2.599982023239135742e-01 0.000000000000000000e+00 7.000000000000000000e+00 8.191000000000000000e+03 0.000000000000000000e+00 2.000000000000000000e+00 2.754499912261962891e+00
4.720000076293945312e+01 2.503491938114166260e-01 0.000000000000000000e+00 5.578833679464878514e-06 2.500011622905731201e-01 0.000000000000000000e+00 7.000000000000000000e+00 8.191000000000000000e+03 0.000000000000000000e+00 2.000000000000000000e+00 2.754499912261962891e+00
4.740000152587890625e+01 2.401584684848785400e-01 0.000000000000000000e+00 5.456536655401578173e-06 2.400041371583938599e-01 0.000000000000000000e+00 7.000000000000000000e+00 8.191000000000000000e+03 0.000000000000000000e+00 2.000000000000000000e+00 2.754499912261962891e+00
4.760000228881835938e+01 2.300958335399627686e-01 0.000000000000000000e+00 5.351074378268094733e-06 2.299945950508117676e-01 0.000000000000000000e+00 7.000000000000000000e+00 8.191000000000000000e+03 0.000000000000000000e+00 2.000000000000000000e+00 2.754499912261962891e+00
4.779999923706054688e+01 2.201743721961975098e-01 0.000000000000000000e+00 5.245476586424047127e-06 2.199975699186325073e-01 0.000000000000000000e+00 7.000000000000000000e+00 8.191000000000000000e+03 0.000000000000000000e+00 2.000000000000000000e+00 2.754499912261962891e+00
4.800000000000000000e+01 2.100961655378341675e-01 0.000000000000000000e+00 5.152163794264197350e-06 2.100005298852920532e-01 0.000000000000000000e+00 7.000000000000000000e+00 8.191000000000000000e+03 0.000000000000000000e+00 2.000000000000000000e+00 2.754499912261962891e+00
4.820000076293945312e+01 2.002121210098266602e-01 0.000000000000000000e+00 5.058975602878490463e-06 2.000034898519515991e-01 0.000000000000000000e+00 7.000000000000000000e+00 8.191000000000000000e+03 0.000000000000000000e+00 2.000000000000000000e+00 2.754499912261962891e+00
4.840000152587890625e+01 1.900413036346435547e-01 0.000000000000000000e+00 4.959199031873140484e-06 1.899939626455307007e-01 0.000000000000000000e+00 7.000000000000000000e+00 8.191000000000000000e+03 0.000000000000000000e+00 2.000000000000000000e+00 2.754499912261962891e+00
4.860000228881835938e+01 1.801957488059997559e-01 0.000000000000000000e+00 4.855231054534669966e-06 1.799969226121902466e-01 0.000000000000000000e+00 7.000000000000000000e+00 8.191000000000000000e+03 0.000000000000000000e+00 2.000000000000000000e+00 2.754499912261962891e+00
4.879999923706054688e+01 1.701169610023498535e-01 0.000000000000000000e+00 4.739966698252828792e-06 1.699998974800109863e-01 0.000000000000000000e+00 7.000000000000000000e+00 8.191000000000000000e+03 0.000000000000000000e+00 2.000000000000000000e+00 2.754699945449829102e+00
4.900000000000000000e+01 1.601590067148208618e-01 0.000000000000000000e+00 4.604723926604492590e-06 1.600028574466705322e-01 0.000000000000000000e+00 7.000000000000000000e+00 8.191000000000000000e+03 0.000000000000000000e+00 2.000000000000000000e+00 2.754699945449829102e+00
4.920000076293945312e+01 1.501543670892715454e-01 0.000000000000000000e+00 4.445549166121054441e-06 1.500058174133300781e-01 0.000000000000000000e+00 7.000000000000000000e+00 8.191000000000000000e+03 0.000000000000000000e+00 2.000000000000000000e+00 2.754699945449829102e+00
4.940000152587890625e+01 1.401551663875579834e-01 0.000000000000000000e+00 4.236428139847703278e-06 1.399962902069091797e-01 0.000000000000000000e+00 7.000000000000000000e+00 8.191000000000000000e+03 0.000000000000000000e+00 2.000000000000000000e+00 2.754699945449829102e+00
4.960000228881835938e+01 1.300944834947586060e-01 0.000000000000000000e+00 3.966160420532105491e-06 1.299992501735687256e-01 0.000000000000000000e+00 7.000000000000000000e+00 8.191000000000000000e+03 0.000000000000000000e+00 2.000000000000000000e+00 2.754699945449829102e+00
4.979999923706054688e+01 1.202652752399444580e-01 0.000000000000000000e+00 3.616125923144863918e-06 1.200022250413894653e-01 0.000000000000000000e+00 7.000000000000000000e+00 8.191000000000000000e+03 0.000000000000000000e+00 2.000000000000000000e+00 2.754699945449829102e+00
5.000000000000000000e+01 1.102023273706436157e-01 0.000000000000000000e+00 3.148356881865765899e-06 1.100051850080490112e-01 0.000000000000000000e+00 7.000000000000000000e+00 8.191000000000000000e+03 0.000000000000000000e+00 2.000000000000000000e+00 2.754699945449829102e+00
5.020000076293945312e+01 1.001396775245666504e-01 0.000000000000000000e+00 2.526442813177709468e-06 9.999565780162811279e-02 0.000000000000000000e+00 7.000000000000000000e+00 8.191000000000000000e+03 0.000000000000000000e+00 2.000000000000000000e+00 2.754699945449829102e+00
5.040000152587890625e+01 9.020137786865234375e-02 0.000000000000000000e+00 1.734747911541489884e-06 8.999861776828765869e-02 0.000000000000000000e+00 7.000000000000000000e+00 8.191000000000000000e+03 0.000000000000000000e+00 2.000000000000000000e+00 2.754699945449829102e+00
5.060000228881835938e+01 8.015261590480804443e-02 0.000000000000000000e+00 7.374549113592365757e-07 8.000158518552780151e-02 0.000000000000000000e+00 7.000000000000000000e+00 8.191000000000000000e+03 0.000000000000000000e+00 2.000000000000000000e+00 2.754699945449829102e+00
5.079999923706054688e+01 7.005752623081207275e-02 0.000000000000000000e+00 -4.611835038303979672e-07 7.000455260276794434e-02 0.000000000000000000e+00 6.000000000000000000e+00 8.191000000000000000e+03 0.000000000000000000e+00 2.000000000000000000e+00 2.754600048065185547e+00
5.100000000000000000e+01 6.020031869411468506e-02 0.000000000000000000e+00 -1.093766627491277177e-06 5.999501794576644897e-02 0.000000000000000000e+00 6.000000000000000000e+00 7.164000000000000000e+03 0.000000000000000000e+00 2.000000000000000000e+00 2.754600048065185547e+00
5.120000076293945312e+01 5.023739114403724670e-02 0.000000000000000000e+00 -3.207639338143053465e-06 4.999798536300659180e-02 0.000000000000000000e+00 7.000000000000000000e+00 8.191000000000000000e+03 0.000000000000000000e+00 2.000000000000000000e+00 2.754600048065185547e+00
5.140000152587890625e+01 4.029075056314468384e-02 0.000000000000000000e+00 -4.570460532704601064e-06 4.000094905495643616e-02 0.000000000000000000e+00 7.000000000000000000e+00 8.191000000000000000e+03 0.000000000000000000e+00 2.000000000000000000e+00 2.754600048065185547e+00
5.160000228881835938e+01 3.016692958772182465e-02 0.000000000000000000e+00 -5.747579507442424074e-06 3.000391460955142975e-02 0.000000000000000000e+00 7.000000000000000000e+00 8.191000000000000000e+03 0.000000000000000000e+00 2.000000000000000000e+00 2.754600048065185547e+00
5.179999923706054688e+01 2.021612972021102905e-02 0.000000000000000000e+00 -6.642894732067361474e-06 1.999438367784023285e-02 0.000000000000000000e+00 7.000000000000000000e+00 8.191000000000000000e+03 0.000000000000000000e+00 2.000000000000000000e+00 2.754600048065185547e+00
5.200000000000000000e+01 1.014492474496364594e-02 0.000000000000000000e+00 -7.210597232187865302e-06 9.997349232435226440e-03 0.000000000000000000e+00 7.000000000000000000e+00 8.191000000000000000e+03 0.000000000000000000e+00 2.000000000000000000e+00 2.754600048065185547e+00
5.220000076293945312e+01 1.691817597020417452e-04 0.000000000000000000e+00 -7.471880053344648331e-06 3.129243850708007812e-07 0.000000000000000000e+00 7.000000000000000000e+00 8.191000000000000000e+03 0.000000000000000000e+00 2.000000000000000000e+00 2.754600048065185547e+00
5.240000152587890625e+01 -9.890119545161724091e-03 0.000000000000000000e+00 -7.488389201171230525e-06 -9.996719658374786377e-03 0.000000000000000000e+00 7.000000000000000000e+00 8.191000000000000000e+03 0.000000000000000000e+00 2.000000000000000000e+00 2.754600048065185547e+00
5.260000228881835938e+01 -1.985158212482929230e-02 0.000000000000000000e+00 -7.346943220909452066e-06 -1.999375596642494202e-02 0.000000000000000000e+00 7.000000000000000000e+00 6.143000000000000000e+03 0.000000000000000000e+00 2.000000000000000000e+00 2.754600048065185547e+00
5.279999923706054688e+01 -2.991677261888980865e-02 0.000000000000000000e+00 -7.123135674191871658e-06 -3.000328317284584045e-02 0.000000000000000000e+00 7.000000000000000000e+00 8.191000000000000000e+03 0.000000000000000000e+00 2.000000000000000000e+00 2.754600048065185547e+00
5.300000000000000000e+01 -3.982166573405265808e-02 0.000000000000000000e+00 -6.866718194942222908e-06 -4.000032320618629456e-02 0.000000000000000000e+00 7.000000000000000000e+00 8.191000000000000000e+03 0.000000000000000000e+00 2.000000000000000000e+00 2.754600048065185547e+00
5.320000076293945312e+01 -4.987340420484542847e-02 0.000000000000000000e+00 -6.622472483286401257e-06 -4.999735578894615173e-02 0.000000000000000000e+00 7.000000000000000000e+00 8.191000000000000000e+03 0.000000000000000000e+00 2.000000000000000000e+00 2.754600048065185547e+00
5.340000152587890625e+01 -5.982471629977226257e-02 0.000000000000000000e+00 -6.404742180166067556e-06 -5.999438837170600891e-02 0.000000000000000000e+00 7.000000000000000000e+00 8.191000000000000000e+03 0.000000000000000000e+00 2.000000000000000000e+00 2.754600048065185547e+00
5.360000228881835938e+01 -6.984665989875793457e-02 0.000000000000000000e+00 -6.236691206140676513e-06 -7.000392675399780273e-02 0.000000000000000000e+00 7.000000000000000000e+00 8.191000000000000000e+03 0.000000000000000000e+00 2.000000000000000000e+00 2.754600048065185547e+00
5.379999923706054688e+01 -7.988341897726058960e-02 0.000000000000000000e+00 -6.114153165981406346e-06 -8.000095188617706299e-02 0.000000000000000000e+00 7.000000000000000000e+00 8.191000000000000000e+03 0.000000000000000000e+00 2.000000000000000000e+00 2.754600048065185547e+00
5.400000000000000000e+01 -8.988065272569656372e-02 0.000000000000000000e+00 -6.037596449459670112e-06 -8.999799191951751709e-02 0.000000000000000000e+00 7.000000000000000000e+00 8.191000000000000000e+03 0.000000000000000000e+00 2.000000000000000000e+00 2.754600048065185547e+00
5.420000076293945312e+01 -9.981437027454376221e-02 0.000000000000000000e+00 -6.008252057654317468e-06 -9.999501705169677734e-02 0.000000000000000000e+00 7.000000000000000000e+00 8.191000000000000000e+03 0.000000000000000000e+00 2.000000000000000000e+00 2.754600048065185547e+00
5.440000152587890625e+01 -1.097495928406715393e-01 0.000000000000000000e+00 -6.027492418070323765e-06 -1.100045591592788696e-01 0.000000000000000000e+00 7.000000000000000000e+00 8.191000000000000000e+03 0.000000000000000000e+00 2.000000000000000000e+00 2.754600048065185547e+00
5.460000228881835938e+01 -1.199412345886230469e-01 0.000000000000000000e+00 -6.087785095587605610e-06 -1.200015842914581299e-01 0.000000000000000000e+00 7.000000000000000000e+00 8.191000000000000000e+03 0.000000000000000000e+00 2.000000000000000000e+00 2.754600048065185547e+00
5.479999923706054688e+01 -1.298971623182296753e-01 0.000000000000000000e+00 -6.190789918036898598e-06 -1.299986243247985840e-01 0.000000000000000000e+00 7.000000000000000000e+00 8.191000000000000000e+03 0.000000000000000000e+00 2.000000000000000000e+00 2.754600048065185547e+00
5.500000000000000000e+01 -1.397330164909362793e-01 0.000000000000000000e+00 -6.335887974273646250e-06 -1.399956643581390381e-01 0.000000000000000000e+00 7.000000000000000000e+00 8.191000000000000000e+03 0.000000000000000000e+00 2.000000000000000000e+00 2.754600048065185547e+00
5.520000076293945312e+01 -1.498388946056365967e-01 0.000000000000000000e+00 -6.526038305310066789e-06 -1.500051915645599365e-01 0.000000000000000000e+00 7.000000000000000000e+00 8.191000000000000000e+03 0.000000000000000000e+00 2.000000000000000000e+00 2.754600048065185547e+00
5.540000152587890625e+01 -1.598276644945144653e-01 0.000000000000000000e+00 -6.753323305019875988e-06 -1.600022166967391968e-01 0.000000000000000000e+00 7.000000000000000000e+00 8.191000000000000000e+03 0.000000000000000000e+00 2.000000000000000000e+00 2.754600048065185547e+00
5.560000228881835938e+01 -1.698727905750274658e-01 0.000000000000000000e+00 -7.013997674221172929e-06 -1.699992567300796509e-01 0.000000000000000000e+00 7.000000000000000000e+00 8.191000000000000000e+03 0.000000000000000000e+00 2.000000000000000000e+00 2.754600048065185547e+00
5.579999923706054688e+01 -1.797740757465362549e-01 0.000000000000000000e+00 -7.315427410503616557e-06 -1.799962967634201050e-01 0.000000000000000000e+00 7.000000000000000000e+00 8.191000000000000000e+03 0.000000000000000000e+00 2.000000000000000000e+00 2.754600048065185547e+00
5.600000000000000000e+01 -1.898472160100936890e-01 0.000000000000000000e+00 -7.660127266717609018e-06 -1.900058239698410034e-01 0.000000000000000000e+00 7.000000000000000000e+00 8.191000000000000000e+03 0.000000000000000000e+00 2.000000000000000000e+00 2.754600048065185547e+00
5.620000076293945312e+01 -1.997468471527099609e-01 0.000000000000000000e+00 -8.024291673791594803e-06 -2.000028640031814575e-01 0.000000000000000000e+00 7.000000000000000000e+00 8.191000000000000000e+03 0.000000000000000000e+00 2.000000000000000000e+00 2.754600048065185547e+00
5.640000152587890625e+01 -1.998528391122817993e-01 0.000000000000000000e+00 -7.785673915350344032e-06 -2.000028640031814575e-01 0.000000000000000000e+00 7.000000000000000000e+00 8.191000000000000000e+03 0.000000000000000000e+00 3.000000000000000000e+00 2.754600048065185547e+00
