5.000000000000000000e-01 5.094590038061141968e-02 5.094590038061141968e-02 0.000000000000000000e+00 0.000000000000000000e+00 8.191000000000000000e+03 0.000000000000000000e+00 2.757099866867065430e+00
1.000000000000000000e+00 5.105418711900711060e-02 5.661421269178390503e-02 0.000000000000000000e+00 0.000000000000000000e+00 8.191000000000000000e+03 0.000000000000000000e+00 2.757099866867065430e+00
1.500000000000000000e+00 5.171897262334823608e-02 6.197912618517875671e-02 0.000000000000000000e+00 0.000000000000000000e+00 8.191000000000000000e+03 0.000000000000000000e+00 2.757099866867065430e+00
2.000000000000000000e+00 5.359494313597679138e-02 6.691129505634307861e-02 0.000000000000000000e+00 0.000000000000000000e+00 8.191000000000000000e+03 0.000000000000000000e+00 2.757099866867065430e+00
2.500000000000000000e+00 5.693136155605316162e-02 7.159561663866043091e-02 0.000000000000000000e+00 0.000000000000000000e+00 8.191000000000000000e+03 0.000000000000000000e+00 2.757200002670288086e+00
3.000000000000000000e+00 6.132592260837554932e-02 7.603265345096588135e-02 0.000000000000000000e+00 0.000000000000000000e+00 8.191000000000000000e+03 0.000000000000000000e+00 2.757200002670288086e+00
3.500000000000000000e+00 6.613746285438537598e-02 8.011202514171600342e-02 0.000000000000000000e+00 0.000000000000000000e+00 8.191000000000000000e+03 0.000000000000000000e+00 2.757200002670288086e+00
4.000000000000000000e+00 7.089766860008239746e-02 8.384469151496887207e-02 0.000000000000000000e+00 0.000000000000000000e+00 8.191000000000000000e+03 0.000000000000000000e+00 2.757200002670288086e+00
4.500000000000000000e+00 7.539188861846923828e-02 8.774949610233306885e-02 0.000000000000000000e+00 0.000000000000000000e+00 8.191000000000000000e+03 0.000000000000000000e+00 2.757200002670288086e+00
5.000000000000000000e+00 7.958583533763885498e-02 9.120471030473709106e-02 0.000000000000000000e+00 0.000000000000000000e+00 8.191000000000000000e+03 0.000000000000000000e+00 2.757200002670288086e+00
5.500000000000000000e+00 8.352261036634445190e-02 9.431071579456329346e-02 0.000000000000000000e+00 0.000000000000000000e+00 8.191000000000000000e+03 0.000000000000000000e+00 2.757200002670288086e+00
6.000000000000000000e+00 8.723035454750061035e-02 9.737581014633178711e-02 0.000000000000000000e+00 0.000000000000000000e+00 8.191000000000000000e+03 0.000000000000000000e+00 2.757200002670288086e+00
6.500000000000000000e+00 9.070301055908203125e-02 1.000001952052116394e-01 0.000000000000000000e+00 0.000000000000000000e+00 8.191000000000000000e+03 0.000000000000000000e+00 2.757200002670288086e+00
7.000000000000000000e+00 9.393212944269180298e-02 1.026136353611946106e-01 0.000000000000000000e+00 0.000000000000000000e+00 8.191000000000000000e+03 0.000000000000000000e+00 2.757200002670288086e+00
7.500000000000000000e+00 9.692617505788803101e-02 1.051111742854118347e-01 0.000000000000000000e+00 0.000000000000000000e+00 8.191000000000000000e+03 0.000000000000000000e+00 2.757200002670288086e+00
8.000000000000000000e+00 9.970725327730178833e-02 1.070570126175880432e-01 0.000000000000000000e+00 0.000000000000000000e+00 8.191000000000000000e+03 0.000000000000000000e+00 2.757200002670288086e+00
8.500000000000000000e+00 1.022877693176269531e-01 1.091319993138313293e-01 0.000000000000000000e+00 0.000000000000000000e+00 8.191000000000000000e+03 0.000000000000000000e+00 2.757200002670288086e+00
9.000000000000000000e+00 1.046661809086799622e-01 1.110332608222961426e-01 0.000000000000000000e+00 0.000000000000000000e+00 8.191000000000000000e+03 0.000000000000000000e+00 2.757200002670288086e+00
9.500000000000000000e+00 1.068563908338546753e-01 1.127862185239791870e-01 0.000000000000000000e+00 0.000000000000000000e+00 8.191000000000000000e+03 0.000000000000000000e+00 2.757200002670288086e+00
1.000000000000000000e+01 1.088887378573417664e-01 1.143977642059326172e-01 0.000000000000000000e+00 0.000000000000000000e+00 8.191000000000000000e+03 0.000000000000000000e+00 2.757200002670288086e+00
1.050000000000000000e+01 1.107833832502365112e-01 1.158825829625129700e-01 0.000000000000000000e+00 0.000000000000000000e+00 8.191000000000000000e+03 0.000000000000000000e+00 2.757200002670288086e+00
1.100000000000000000e+01 1.125462651252746582e-01 1.173029318451881409e-01 0.000000000000000000e+00 0.000000000000000000e+00 8.191000000000000000e+03 0.000000000000000000e+00 2.757200002670288086e+00
1.150000000000000000e+01 1.141829639673233032e-01 1.186137795448303223e-01 0.000000000000000000e+00 0.000000000000000000e+00 8.191000000000000000e+03 0.000000000000000000e+00 2.757099866867065430e+00
1.200000000000000000e+01 1.157054081559181213e-01 1.198821365833282471e-01 0.000000000000000000e+00 0.000000000000000000e+00 8.191000000000000000e+03 0.000000000000000000e+00 2.757099866867065430e+00
1.250000000000000000e+01 1.171213537454605103e-01 1.206673011183738708e-01 0.000000000000000000e+00 0.000000000000000000e+00 8.191000000000000000e+03 0.000000000000000000e+00 2.757200002670288086e+00
1.300000000000000000e+01 1.184201911091804504e-01 1.217730939388275146e-01 0.000000000000000000e+00 0.000000000000000000e+00 8.191000000000000000e+03 0.000000000000000000e+00 2.757200002670288086e+00
1.350000000000000000e+01 1.195955872535705566e-01 1.228936612606048584e-01 0.000000000000000000e+00 0.000000000000000000e+00 8.191000000000000000e+03 0.000000000000000000e+00 2.757099866867065430e+00
1.400000000000000000e+01 1.206750571727752686e-01 1.235426738858222961e-01 0.000000000000000000e+00 0.000000000000000000e+00 8.191000000000000000e+03 0.000000000000000000e+00 2.757099866867065430e+00
1.450000000000000000e+01 1.216874569654464722e-01 1.244091615080833435e-01 0.000000000000000000e+00 0.000000000000000000e+00 8.191000000000000000e+03 0.000000000000000000e+00 2.757099866867065430e+00
1.500000000000000000e+01 1.226320415735244751e-01 1.252203881740570068e-01 0.000000000000000000e+00 0.000000000000000000e+00 8.191000000000000000e+03 0.000000000000000000e+00 2.757099866867065430e+00
