5.000000000000000000e-01 7.669467478990554810e-03 7.669467944651842117e-03 0.000000000000000000e+00 0.000000000000000000e+00 8.191000000000000000e+03 0.000000000000000000e+00 2.757431507110595703e+00
1.000000000000000000e+00 7.666490506380796432e-03 7.513624150305986404e-03 0.000000000000000000e+00 0.000000000000000000e+00 8.191000000000000000e+03 0.000000000000000000e+00 2.757499933242797852e+00
1.500000000000000000e+00 7.644250988960266113e-03 7.158684544265270233e-03 0.000000000000000000e+00 0.000000000000000000e+00 8.191000000000000000e+03 0.000000000000000000e+00 2.757436752319335938e+00
2.000000000000000000e+00 7.568533066660165787e-03 6.836599670350551605e-03 0.000000000000000000e+00 0.000000000000000000e+00 6.143000000000000000e+03 0.000000000000000000e+00 2.757299900054931641e+00
2.500000000000000000e+00 7.406505756080150604e-03 6.390104070305824280e-03 0.000000000000000000e+00 0.000000000000000000e+00 8.191000000000000000e+03 0.000000000000000000e+00 2.757331609725952148e+00
3.000000000000000000e+00 7.150514051318168640e-03 6.011349614709615707e-03 0.000000000000000000e+00 0.000000000000000000e+00 8.191000000000000000e+03 0.000000000000000000e+00 2.757400035858154297e+00
3.500000000000000000e+00 6.820129230618476868e-03 5.668802652508020401e-03 0.000000000000000000e+00 0.000000000000000000e+00 6.143000000000000000e+03 0.000000000000000000e+00 2.757400035858154297e+00
4.000000000000000000e+00 6.446404382586479187e-03 5.140230059623718262e-03 0.000000000000000000e+00 0.000000000000000000e+00 8.191000000000000000e+03 0.000000000000000000e+00 2.757400035858154297e+00
4.500000000000000000e+00 6.052349694073200226e-03 4.861365538090467453e-03 0.000000000000000000e+00 0.000000000000000000e+00 8.191000000000000000e+03 0.000000000000000000e+00 2.757494926452636719e+00
5.000000000000000000e+00 5.651636980473995209e-03 4.507611971348524094e-03 0.000000000000000000e+00 0.000000000000000000e+00 8.191000000000000000e+03 0.000000000000000000e+00 2.757699966430664062e+00
5.500000000000000000e+00 5.260500125586986542e-03 4.201008472591638565e-03 0.000000000000000000e+00 0.000000000000000000e+00 8.191000000000000000e+03 0.000000000000000000e+00 2.757668256759643555e+00
6.000000000000000000e+00 4.893738776445388794e-03 3.931374754756689072e-03 0.000000000000000000e+00 0.000000000000000000e+00 6.143000000000000000e+03 0.000000000000000000e+00 2.757599830627441406e+00
6.500000000000000000e+00 4.557528533041477203e-03 3.724347800016403198e-03 0.000000000000000000e+00 0.000000000000000000e+00 8.191000000000000000e+03 0.000000000000000000e+00 2.757599830627441406e+00
7.000000000000000000e+00 4.254099447280168533e-03 3.477507038041949272e-03 0.000000000000000000e+00 0.000000000000000000e+00 8.191000000000000000e+03 0.000000000000000000e+00 2.757599830627441406e+00
7.500000000000000000e+00 3.980180248618125916e-03 3.147447016090154648e-03 0.000000000000000000e+00 0.000000000000000000e+00 8.191000000000000000e+03 0.000000000000000000e+00 2.757536649703979492e+00
8.000000000000000000e+00 3.721959190443158150e-03 2.947191940620541573e-03 0.000000000000000000e+00 0.000000000000000000e+00 8.191000000000000000e+03 0.000000000000000000e+00 2.757400035858154297e+00
8.500000000000000000e+00 3.465879010036587715e-03 2.696306677535176277e-03 0.000000000000000000e+00 0.000000000000000000e+00 8.191000000000000000e+03 0.000000000000000000e+00 2.757463216781616211e+00
9.000000000000000000e+00 3.212896641343832016e-03 2.571024466305971146e-03 0.000000000000000000e+00 0.000000000000000000e+00 8.191000000000000000e+03 0.000000000000000000e+00 2.757599830627441406e+00
9.500000000000000000e+00 2.974814735352993011e-03 2.359152771532535553e-03 0.000000000000000000e+00 0.000000000000000000e+00 8.191000000000000000e+03 0.000000000000000000e+00 2.757599830627441406e+00
1.000000000000000000e+01 2.759813796728849411e-03 2.195033477619290352e-03 0.000000000000000000e+00 0.000000000000000000e+00 8.191000000000000000e+03 0.000000000000000000e+00 2.757599830627441406e+00
1.050000000000000000e+01 2.566236071288585663e-03 2.071860712021589279e-03 0.000000000000000000e+00 0.000000000000000000e+00 8.191000000000000000e+03 0.000000000000000000e+00 2.757599830627441406e+00
1.100000000000000000e+01 2.388442168012261391e-03 1.862857374362647533e-03 0.000000000000000000e+00 0.000000000000000000e+00 8.191000000000000000e+03 0.000000000000000000e+00 2.757599830627441406e+00
1.150000000000000000e+01 2.220844151452183723e-03 1.731246360577642918e-03 0.000000000000000000e+00 0.000000000000000000e+00 8.191000000000000000e+03 0.000000000000000000e+00 2.757599830627441406e+00
1.200000000000000000e+01 2.058161888271570206e-03 1.581933931447565556e-03 0.000000000000000000e+00 0.000000000000000000e+00 8.191000000000000000e+03 0.000000000000000000e+00 2.757599830627441406e+00
1.250000000000000000e+01 1.901463372632861137e-03 1.574832829646766186e-03 0.000000000000000000e+00 0.000000000000000000e+00 8.191000000000000000e+03 0.000000000000000000e+00 2.757599830627441406e+00
1.300000000000000000e+01 1.758705126121640205e-03 1.329160761088132858e-03 0.000000000000000000e+00 0.000000000000000000e+00 8.191000000000000000e+03 0.000000000000000000e+00 2.757599830627441406e+00
1.350000000000000000e+01 1.631832681596279144e-03 1.310108229517936707e-03 0.000000000000000000e+00 0.000000000000000000e+00 8.191000000000000000e+03 0.000000000000000000e+00 2.757568359375000000e+00
1.400000000000000000e+01 1.512752729468047619e-03 1.108226366341114044e-03 0.000000000000000000e+00 0.000000000000000000e+00 8.191000000000000000e+03 0.000000000000000000e+00 2.757499933242797852e+00
1.450000000000000000e+01 1.393705373629927635e-03 1.026234007440507412e-03 0.000000000000000000e+00 0.000000000000000000e+00 8.191000000000000000e+03 0.000000000000000000e+00 2.757499933242797852e+00
1.500000000000000000e+01 1.272032386623322964e-03 8.893252816051244736e-04 0.000000000000000000e+00 0.000000000000000000e+00 8.191000000000000000e+03 0.000000000000000000e+00 2.757499933242797852e+00
