2.000000000000000000e+00 7.805073983035981655e-05 0.000000000000000000e+00 6.792112685616302770e-07 -2.473592758178710938e-06 0.000000000000000000e+00 1.000000000000000000e+01 8.191000000000000000e+03 0.000000000000000000e+00 0.000000000000000000e+00 2.755630493164062500e+00
4.000000000000000000e+00 -9.993159770965576172e-02 0.000000000000000000e+00 -5.013080226490274072e-05 -9.999781847000122070e-02 0.000000000000000000e+00 9.000000000000000000e+00 8.191000000000000000e+03 0.000000000000000000e+00 0.000000000000000000e+00 2.755361557006835938e+00
6.000000000000000000e+00 -1.999254226684570312e-01 0.000000000000000000e+00 -1.000398551695980132e-04 -2.000056654214859009e-01 0.000000000000000000e+00 8.000000000000000000e+00 8.191000000000000000e+03 0.000000000000000000e+00 0.000000000000000000e+00 2.755423069000244141e+00
8.000000000000000000e+00 -2.999415099620819092e-01 0.000000000000000000e+00 -1.501496881246566772e-04 -3.000009953975677490e-01 0.000000000000000000e+00 9.000000000000000000e+00 8.191000000000000000e+03 0.000000000000000000e+00 0.000000000000000000e+00 2.755499839782714844e+00
1.000000000000000000e+01 -3.999724090099334717e-01 0.000000000000000000e+00 -2.001502580242231488e-04 -3.999963402748107910e-01 0.000000000000000000e+00 9.000000000000000000e+00 8.191000000000000000e+03 0.000000000000000000e+00 0.000000000000000000e+00 2.755338430404663086e+00
1.200000000000000000e+01 -4.999870657920837402e-01 0.000000000000000000e+00 -2.501542039681226015e-04 -5.000041723251342773e-01 0.000000000000000000e+00 9.000000000000000000e+00 8.191000000000000000e+03 0.000000000000000000e+00 0.000000000000000000e+00 2.755300045013427734e+00
1.400000000000000000e+01 -5.999736785888671875e-01 0.000000000000000000e+00 -3.001420991495251656e-04 -5.999995470046997070e-01 0.000000000000000000e+00 9.000000000000000000e+00 8.191000000000000000e+03 0.000000000000000000e+00 0.000000000000000000e+00 2.755261421203613281e+00
1.600000000000000000e+01 -6.999666094779968262e-01 0.000000000000000000e+00 -3.501376195345073938e-04 -6.999948620796203613e-01 0.000000000000000000e+00 9.000000000000000000e+00 8.191000000000000000e+03 0.000000000000000000e+00 0.000000000000000000e+00 2.755300045013427734e+00
1.800000000000000000e+01 -7.999917864799499512e-01 0.000000000000000000e+00 -4.001412598881870508e-04 -8.000026941299438477e-01 0.000000000000000000e+00 9.000000000000000000e+00 8.191000000000000000e+03 0.000000000000000000e+00 0.000000000000000000e+00 2.755300045013427734e+00
2.000000000000000000e+01 -6.999656558036804199e-01 0.000000000000000000e+00 -3.501322062220424414e-04 -6.999948620796203613e-01 0.000000000000000000e+00 9.000000000000000000e+00 8.191000000000000000e+03 0.000000000000000000e+00 0.000000000000000000e+00 2.755361557006835938e+00
2.200000000000000000e+01 -5.999646186828613281e-01 0.000000000000000000e+00 -3.001414297614246607e-04 -5.999995470046997070e-01 0.000000000000000000e+00 9.000000000000000000e+00 8.191000000000000000e+03 0.000000000000000000e+00 0.000000000000000000e+00 2.755300045013427734e+00
2.400000000000000000e+01 -4.999836385250091553e-01 0.000000000000000000e+00 -2.501453272998332977e-04 -5.000041723251342773e-01 0.000000000000000000e+00 9.000000000000000000e+00 8.191000000000000000e+03 0.000000000000000000e+00 0.000000000000000000e+00 2.755300045013427734e+00
2.600000000000000000e+01 -3.999616205692291260e-01 0.000000000000000000e+00 -2.001422690227627754e-04 -3.999963402748107910e-01 0.000000000000000000e+00 9.000000000000000000e+00 8.191000000000000000e+03 0.000000000000000000e+00 0.000000000000000000e+00 2.755361557006835938e+00
2.800000000000000000e+01 -2.999646365642547607e-01 0.000000000000000000e+00 -1.501398073742166162e-04 -3.000009953975677490e-01 0.000000000000000000e+00 9.000000000000000000e+00 8.191000000000000000e+03 0.000000000000000000e+00 0.000000000000000000e+00 2.755300045013427734e+00
3.000000000000000000e+01 -1.999554038047790527e-01 0.000000000000000000e+00 -1.001288619590923190e-04 -2.000056654214859009e-01 0.000000000000000000e+00 9.000000000000000000e+00 8.191000000000000000e+03 0.000000000000000000e+00 0.000000000000000000e+00 2.755300045013427734e+00
3.200000000000000000e+01 -9.991404414176940918e-02 0.000000000000000000e+00 -5.011499888496473432e-05 -9.999781847000122070e-02 0.000000000000000000e+00 9.000000000000000000e+00 8.191000000000000000e+03 0.000000000000000000e+00 0.000000000000000000e+00 2.755423069000244141e+00
3.400000000000000000e+01 -1.999241709709167480e-01 0.000000000000000000e+00 -1.000405172817409039e-04 -2.000056654214859009e-01 0.000000000000000000e+00 8.000000000000000000e+00 8.191000000000000000e+03 0.000000000000000000e+00 1.000000000000000000e+00 2.755461454391479492e+00
3.600000000000000000e+01 -2.999538481235504150e-01 0.000000000000000000e+00 -1.501383230788633227e-04 -3.000009953975677490e-01 0.000000000000000000e+00 9.000000000000000000e+00 8.191000000000000000e+03 0.000000000000000000e+00 1.000000000000000000e+00 2.755499839782714844e+00
3.800000000000000000e+01 -3.999834358692169189e-01 0.000000000000000000e+00 -2.001447282964363694e-04 -3.999963402748107910e-01 0.000000000000000000e+00 9.000000000000000000e+00 8.191000000000000000e+03 0.000000000000000000e+00 1.000000000000000000e+00 2.755338430404663086e+00
4.000000000000000000e+01 -4.999855160713195801e-01 0.000000000000000000e+00 -2.501414855942130089e-04 -5.000041723251342773e-01 0.000000000000000000e+00 9.000000000000000000e+00 8.191000000000000000e+03 0.000000000000000000e+00 1.000000000000000000e+00 2.755361557006835938e+00
4.200000000000000000e+01 -5.999705195426940918e-01 0.000000000000000000e+00 -3.001327859237790108e-04 -5.999995470046997070e-01 0.000000000000000000e+00 9.000000000000000000e+00 8.191000000000000000e+03 0.000000000000000000e+00 1.000000000000000000e+00 2.755361557006835938e+00
4.400000000000000000e+01 -6.999684572219848633e-01 0.000000000000000000e+00 -3.501189930830150843e-04 -6.999948620796203613e-01 0.000000000000000000e+00 9.000000000000000000e+00 8.191000000000000000e+03 0.000000000000000000e+00 1.000000000000000000e+00 2.755300045013427734e+00
4.600000000000000000e+01 -7.999886870384216309e-01 0.000000000000000000e+00 -4.001344786956906319e-04 -8.000026941299438477e-01 0.000000000000000000e+00 9.000000000000000000e+00 8.191000000000000000e+03 0.000000000000000000e+00 1.000000000000000000e+00 2.755361557006835938e+00
4.800000000000000000e+01 -6.999874711036682129e-01 0.000000000000000000e+00 -3.501383180264383554e-04 -6.999948620796203613e-01 0.000000000000000000e+00 9.000000000000000000e+00 8.191000000000000000e+03 0.000000000000000000e+00 1.000000000000000000e+00 2.755361557006835938e+00
5.000000000000000000e+01 -5.999811291694641113e-01 0.000000000000000000e+00 -3.001384320668876171e-04 -5.999995470046997070e-01 0.000000000000000000e+00 9.000000000000000000e+00 8.191000000000000000e+03 0.000000000000000000e+00 1.000000000000000000e+00 2.755300045013427734e+00
5.200000000000000000e+01 -5.000046491622924805e-01 0.000000000000000000e+00 -2.501368871890008450e-04 -5.000041723251342773e-01 0.000000000000000000e+00 9.000000000000000000e+00 8.191000000000000000e+03 0.000000000000000000e+00 1.000000000000000000e+00 2.755300045013427734e+00
5.400000000000000000e+01 -3.999844789505004883e-01 0.000000000000000000e+00 -2.001335960812866688e-04 -3.999963402748107910e-01 0.000000000000000000e+00 9.000000000000000000e+00 8.191000000000000000e+03 0.000000000000000000e+00 1.000000000000000000e+00 2.755361557006835938e+00
5.600000000000000000e+01 -2.999694049358367920e-01 0.000000000000000000e+00 -1.501332735642790794e-04 -3.000009953975677490e-01 0.000000000000000000e+00 9.000000000000000000e+00 8.191000000000000000e+03 0.000000000000000000e+00 1.000000000000000000e+00 2.755361557006835938e+00
5.800000000000000000e+01 -1.999727338552474976e-01 0.000000000000000000e+00 -1.001246419036760926e-04 -2.000056654214859009e-01 0.000000000000000000e+00 9.000000000000000000e+00 8.191000000000000000e+03 0.000000000000000000e+00 1.000000000000000000e+00 2.755361557006835938e+00
6.000000000000000000e+01 -9.992824494838714600e-02 0.000000000000000000e+00 -5.011770190321840346e-05 -9.999781847000122070e-02 0.000000000000000000e+00 9.000000000000000000e+00 8.191000000000000000e+03 0.000000000000000000e+00 1.000000000000000000e+00 2.755423069000244141e+00
6.200000000000000000e+01 -1.999403685331344604e-01 0.000000000000000000e+00 -1.000476549961604178e-04 -2.000056654214859009e-01 0.000000000000000000e+00 8.000000000000000000e+00 8.191000000000000000e+03 0.000000000000000000e+00 2.000000000000000000e+00 2.755461454391479492e+00
6.400000000000000000e+01 -2.999399900436401367e-01 0.000000000000000000e+00 -1.501237566117197275e-04 -3.000009953975677490e-01 0.000000000000000000e+00 9.000000000000000000e+00 8.191000000000000000e+03 0.000000000000000000e+00 2.000000000000000000e+00 2.755499839782714844e+00
6.600000000000000000e+01 -3.999644815921783447e-01 0.000000000000000000e+00 -2.001263055717572570e-04 -3.999963402748107910e-01 0.000000000000000000e+00 9.000000000000000000e+00 8.191000000000000000e+03 0.000000000000000000e+00 2.000000000000000000e+00 2.755399942398071289e+00
6.800000000000000000e+01 -4.999849200248718262e-01 0.000000000000000000e+00 -2.501221606507897377e-04 -5.000041723251342773e-01 0.000000000000000000e+00 9.000000000000000000e+00 8.191000000000000000e+03 0.000000000000000000e+00 2.000000000000000000e+00 2.755361557006835938e+00
7.000000000000000000e+01 -5.999711155891418457e-01 0.000000000000000000e+00 -3.001198638230562210e-04 -5.999995470046997070e-01 0.000000000000000000e+00 9.000000000000000000e+00 8.191000000000000000e+03 0.000000000000000000e+00 2.000000000000000000e+00 2.755361557006835938e+00
7.200000000000000000e+01 -6.999634504318237305e-01 0.000000000000000000e+00 -3.501131432130932808e-04 -6.999948620796203613e-01 0.000000000000000000e+00 9.000000000000000000e+00 8.191000000000000000e+03 0.000000000000000000e+00 2.000000000000000000e+00 2.755361557006835938e+00
7.400000000000000000e+01 -7.999870181083679199e-01 0.000000000000000000e+00 -4.001198685728013515e-04 -8.000026941299438477e-01 0.000000000000000000e+00 9.000000000000000000e+00 8.191000000000000000e+03 0.000000000000000000e+00 2.000000000000000000e+00 2.755361557006835938e+00
7.600000000000000000e+01 -6.999649405479431152e-01 0.000000000000000000e+00 -3.501038881950080395e-04 -6.999948620796203613e-01 0.000000000000000000e+00 9.000000000000000000e+00 8.191000000000000000e+03 0.000000000000000000e+00 2.000000000000000000e+00 2.755361557006835938e+00
7.800000000000000000e+01 -5.999737381935119629e-01 0.000000000000000000e+00 -3.001162258442491293e-04 -5.999995470046997070e-01 0.000000000000000000e+00 9.000000000000000000e+00 8.191000000000000000e+03 0.000000000000000000e+00 2.000000000000000000e+00 2.755361557006835938e+00
8.000000000000000000e+01 -4.999841451644897461e-01 0.000000000000000000e+00 -2.501166891306638718e-04 -5.000041723251342773e-01 0.000000000000000000e+00 9.000000000000000000e+00 8.191000000000000000e+03 0.000000000000000000e+00 2.000000000000000000e+00 2.755361557006835938e+00
8.200000000000000000e+01 -3.999603986740112305e-01 0.000000000000000000e+00 -2.001123648369684815e-04 -3.999963402748107910e-01 0.000000000000000000e+00 9.000000000000000000e+00 8.191000000000000000e+03 0.000000000000000000e+00 2.000000000000000000e+00 2.755361557006835938e+00
8.400000000000000000e+01 -2.999565899372100830e-01 0.000000000000000000e+00 -1.501040824223309755e-04 -3.000009953975677490e-01 0.000000000000000000e+00 9.000000000000000000e+00 8.191000000000000000e+03 0.000000000000000000e+00 2.000000000000000000e+00 2.755361557006835938e+00
8.600000000000000000e+01 -1.999548673629760742e-01 0.000000000000000000e+00 -1.000907868728972971e-04 -2.000056654214859009e-01 0.000000000000000000e+00 9.000000000000000000e+00 8.191000000000000000e+03 0.000000000000000000e+00 2.000000000000000000e+00 2.755361557006835938e+00
8.800000000000000000e+01 -9.991244971752166748e-02 0.000000000000000000e+00 -5.008720472687855363e-05 -9.999781847000122070e-02 0.000000000000000000e+00 9.000000000000000000e+00 8.191000000000000000e+03 0.000000000000000000e+00 2.000000000000000000e+00 2.755423069000244141e+00
9.000000000000000000e+01 -9.992031753063201904e-02 0.000000000000000000e+00 -5.003139449399895966e-05 -9.999781847000122070e-02 0.000000000000000000e+00 8.000000000000000000e+00 8.191000000000000000e+03 0.000000000000000000e+00 3.000000000000000000e+00 2.755499839782714844e+00
