2.000000000000000000e+00 1.221164711751043797e-04 0.000000000000000000e+00 6.290015335252974182e-07 -2.473592758178710938e-06 0.000000000000000000e+00 1.000000000000000000e+01 8.191000000000000000e+03 0.000000000000000000e+00 0.000000000000000000e+00 2.755399942398071289e+00
4.000000000000000000e+00 -9.992651641368865967e-02 0.000000000000000000e+00 -5.013730333303101361e-05 -9.999781847000122070e-02 0.000000000000000000e+00 9.000000000000000000e+00 8.191000000000000000e+03 0.000000000000000000e+00 0.000000000000000000e+00 2.755300045013427734e+00
6.000000000000000000e+00 -1.999226957559585571e-01 0.000000000000000000e+00 -1.000396587187424302e-04 -2.000056654214859009e-01 0.000000000000000000e+00 8.000000000000000000e+00 8.191000000000000000e+03 0.000000000000000000e+00 0.000000000000000000e+00 2.755499839782714844e+00
8.000000000000000000e+00 -2.999377548694610596e-01 0.000000000000000000e+00 -1.501519727753475308e-04 -3.000009953975677490e-01 0.000000000000000000e+00 9.000000000000000000e+00 8.191000000000000000e+03 0.000000000000000000e+00 0.000000000000000000e+00 2.755499839782714844e+00
1.000000000000000000e+01 -3.999610245227813721e-01 0.000000000000000000e+00 -2.001547254621982574e-04 -3.999963402748107910e-01 0.000000000000000000e+00 9.000000000000000000e+00 8.191000000000000000e+03 0.000000000000000000e+00 0.000000000000000000e+00 2.755300045013427734e+00
1.200000000000000000e+01 -4.999768733978271484e-01 0.000000000000000000e+00 -2.501668350305408239e-04 -5.000041723251342773e-01 0.000000000000000000e+00 9.000000000000000000e+00 8.191000000000000000e+03 0.000000000000000000e+00 0.000000000000000000e+00 2.755300045013427734e+00
1.400000000000000000e+01 -5.999659299850463867e-01 0.000000000000000000e+00 -3.001601726282387972e-04 -5.999995470046997070e-01 0.000000000000000000e+00 9.000000000000000000e+00 8.191000000000000000e+03 0.000000000000000000e+00 0.000000000000000000e+00 2.755399942398071289e+00
1.600000000000000000e+01 -6.999598145484924316e-01 0.000000000000000000e+00 -3.501483006402850151e-04 -6.999948620796203613e-01 0.000000000000000000e+00 9.000000000000000000e+00 8.191000000000000000e+03 0.000000000000000000e+00 0.000000000000000000e+00 2.755300045013427734e+00
1.800000000000000000e+01 -7.999828457832336426e-01 0.000000000000000000e+00 -4.001543275080621243e-04 -8.000026941299438477e-01 0.000000000000000000e+00 9.000000000000000000e+00 8.191000000000000000e+03 0.000000000000000000e+00 0.000000000000000000e+00 2.755300045013427734e+00
2.000000000000000000e+01 -6.999628543853759766e-01 0.000000000000000000e+00 -3.501448663882911205e-04 -6.999948620796203613e-01 0.000000000000000000e+00 9.000000000000000000e+00 8.191000000000000000e+03 0.000000000000000000e+00 0.000000000000000000e+00 2.755300045013427734e+00
2.200000000000000000e+01 -5.999631285667419434e-01 0.000000000000000000e+00 -3.001527220476418734e-04 -5.999995470046997070e-01 0.000000000000000000e+00 9.000000000000000000e+00 8.191000000000000000e+03 0.000000000000000000e+00 0.000000000000000000e+00 2.755300045013427734e+00
2.400000000000000000e+01 -4.999779164791107178e-01 0.000000000000000000e+00 -2.501537092030048370e-04 -5.000041723251342773e-01 0.000000000000000000e+00 9.000000000000000000e+00 8.191000000000000000e+03 0.000000000000000000e+00 0.000000000000000000e+00 2.755300045013427734e+00
2.600000000000000000e+01 -3.999654650688171387e-01 0.000000000000000000e+00 -2.001481479965150356e-04 -3.999963402748107910e-01 0.000000000000000000e+00 9.000000000000000000e+00 8.191000000000000000e+03 0.000000000000000000e+00 0.000000000000000000e+00 2.755300045013427734e+00
2.800000000000000000e+01 -2.999527454376220703e-01 0.000000000000000000e+00 -1.501366496086120605e-04 -3.000009953975677490e-01 0.000000000000000000e+00 9.000000000000000000e+00 8.191000000000000000e+03 0.000000000000000000e+00 0.000000000000000000e+00 2.755399942398071289e+00
3.000000000000000000e+01 -1.999529749155044556e-01 0.000000000000000000e+00 -1.001268610707484186e-04 -2.000056654214859009e-01 0.000000000000000000e+00 9.000000000000000000e+00 8.191000000000000000e+03 0.000000000000000000e+00 0.000000000000000000e+00 2.755300045013427734e+00
3.200000000000000000e+01 -9.991037100553512573e-02 0.000000000000000000e+00 -5.012371184420771897e-05 -9.999781847000122070e-02 0.000000000000000000e+00 9.000000000000000000e+00 8.191000000000000000e+03 0.000000000000000000e+00 0.000000000000000000e+00 2.755499839782714844e+00
3.400000000000000000e+01 -1.999215036630630493e-01 0.000000000000000000e+00 -1.000394186121411622e-04 -2.000056654214859009e-01 0.000000000000000000e+00 8.000000000000000000e+00 8.191000000000000000e+03 0.000000000000000000e+00 1.000000000000000000e+00 2.755499839782714844e+00
3.600000000000000000e+01 -2.999378442764282227e-01 0.000000000000000000e+00 -1.501418009866029024e-04 -3.000009953975677490e-01 0.000000000000000000e+00 9.000000000000000000e+00 8.191000000000000000e+03 0.000000000000000000e+00 1.000000000000000000e+00 2.755499839782714844e+00
3.800000000000000000e+01 -3.999669253826141357e-01 0.000000000000000000e+00 -2.001446409849449992e-04 -3.999963402748107910e-01 0.000000000000000000e+00 9.000000000000000000e+00 8.191000000000000000e+03 0.000000000000000000e+00 1.000000000000000000e+00 2.755300045013427734e+00
4.000000000000000000e+01 -4.999786019325256348e-01 0.000000000000000000e+00 -2.501441340427845716e-04 -5.000041723251342773e-01 0.000000000000000000e+00 9.000000000000000000e+00 8.191000000000000000e+03 0.000000000000000000e+00 1.000000000000000000e+00 2.755300045013427734e+00
4.200000000000000000e+01 -5.999758243560791016e-01 0.000000000000000000e+00 -3.001384611707180738e-04 -5.999995470046997070e-01 0.000000000000000000e+00 9.000000000000000000e+00 8.191000000000000000e+03 0.000000000000000000e+00 1.000000000000000000e+00 2.755300045013427734e+00
4.400000000000000000e+01 -6.999599337577819824e-01 0.000000000000000000e+00 -3.501177998259663582e-04 -6.999948620796203613e-01 0.000000000000000000e+00 9.000000000000000000e+00 8.191000000000000000e+03 0.000000000000000000e+00 1.000000000000000000e+00 2.755300045013427734e+00
4.600000000000000000e+01 -7.999871373176574707e-01 0.000000000000000000e+00 -4.001268534921109676e-04 -8.000026941299438477e-01 0.000000000000000000e+00 9.000000000000000000e+00 8.191000000000000000e+03 0.000000000000000000e+00 1.000000000000000000e+00 2.755300045013427734e+00
4.800000000000000000e+01 -6.999645829200744629e-01 0.000000000000000000e+00 -3.501129976939409971e-04 -6.999948620796203613e-01 0.000000000000000000e+00 9.000000000000000000e+00 8.191000000000000000e+03 0.000000000000000000e+00 1.000000000000000000e+00 2.755399942398071289e+00
5.000000000000000000e+01 -5.999698638916015625e-01 0.000000000000000000e+00 -3.001069417223334312e-04 -5.999995470046997070e-01 0.000000000000000000e+00 9.000000000000000000e+00 8.191000000000000000e+03 0.000000000000000000e+00 1.000000000000000000e+00 2.755300045013427734e+00
5.200000000000000000e+01 -4.999862313270568848e-01 0.000000000000000000e+00 -2.501084527466446161e-04 -5.000041723251342773e-01 0.000000000000000000e+00 9.000000000000000000e+00 8.191000000000000000e+03 0.000000000000000000e+00 1.000000000000000000e+00 2.755300045013427734e+00
5.400000000000000000e+01 -3.999620676040649414e-01 0.000000000000000000e+00 -2.000982494791969657e-04 -3.999963402748107910e-01 0.000000000000000000e+00 9.000000000000000000e+00 8.191000000000000000e+03 0.000000000000000000e+00 1.000000000000000000e+00 2.755300045013427734e+00
5.600000000000000000e+01 -2.999460995197296143e-01 0.000000000000000000e+00 -1.501027873018756509e-04 -3.000009953975677490e-01 0.000000000000000000e+00 9.000000000000000000e+00 8.191000000000000000e+03 0.000000000000000000e+00 1.000000000000000000e+00 2.755300045013427734e+00
5.800000000000000000e+01 -1.999537348747253418e-01 0.000000000000000000e+00 -1.000987613224424422e-04 -2.000056654214859009e-01 0.000000000000000000e+00 9.000000000000000000e+00 8.191000000000000000e+03 0.000000000000000000e+00 1.000000000000000000e+00 2.755300045013427734e+00
6.000000000000000000e+01 -9.991125017404556274e-02 0.000000000000000000e+00 -5.008614243706688285e-05 -9.999781847000122070e-02 0.000000000000000000e+00 9.000000000000000000e+00 8.191000000000000000e+03 0.000000000000000000e+00 1.000000000000000000e+00 2.755499839782714844e+00
6.200000000000000000e+01 -1.999226063489913940e-01 0.000000000000000000e+00 -1.000373304123058915e-04 -2.000056654214859009e-01 0.000000000000000000e+00 8.000000000000000000e+00 8.191000000000000000e+03 0.000000000000000000e+00 2.000000000000000000e+00 2.755499839782714844e+00
6.400000000000000000e+01 -2.999386787414550781e-01 0.000000000000000000e+00 -1.501098304288461804e-04 -3.000009953975677490e-01 0.000000000000000000e+00 9.000000000000000000e+00 8.191000000000000000e+03 0.000000000000000000e+00 2.000000000000000000e+00 2.755499839782714844e+00
6.600000000000000000e+01 -3.999667465686798096e-01 0.000000000000000000e+00 -2.001137909246608615e-04 -3.999963402748107910e-01 0.000000000000000000e+00 9.000000000000000000e+00 8.191000000000000000e+03 0.000000000000000000e+00 2.000000000000000000e+00 2.755300045013427734e+00
6.800000000000000000e+01 -4.999822378158569336e-01 0.000000000000000000e+00 -2.501211711205542088e-04 -5.000041723251342773e-01 0.000000000000000000e+00 9.000000000000000000e+00 8.191000000000000000e+03 0.000000000000000000e+00 2.000000000000000000e+00 2.755300045013427734e+00
7.000000000000000000e+01 -5.999693870544433594e-01 0.000000000000000000e+00 -3.001231525558978319e-04 -5.999995470046997070e-01 0.000000000000000000e+00 9.000000000000000000e+00 8.191000000000000000e+03 0.000000000000000000e+00 2.000000000000000000e+00 2.755300045013427734e+00
7.200000000000000000e+01 -6.999561786651611328e-01 0.000000000000000000e+00 -3.501104365568608046e-04 -6.999948620796203613e-01 0.000000000000000000e+00 9.000000000000000000e+00 8.191000000000000000e+03 0.000000000000000000e+00 2.000000000000000000e+00 2.755399942398071289e+00
7.400000000000000000e+01 -7.999876737594604492e-01 0.000000000000000000e+00 -4.001108463853597641e-04 -8.000026941299438477e-01 0.000000000000000000e+00 9.000000000000000000e+00 8.191000000000000000e+03 0.000000000000000000e+00 2.000000000000000000e+00 2.755399942398071289e+00
7.600000000000000000e+01 -6.999611854553222656e-01 0.000000000000000000e+00 -3.501060709822922945e-04 -6.999948620796203613e-01 0.000000000000000000e+00 9.000000000000000000e+00 8.191000000000000000e+03 0.000000000000000000e+00 2.000000000000000000e+00 2.755300045013427734e+00
7.800000000000000000e+01 -5.999709963798522949e-01 0.000000000000000000e+00 -3.001084551215171814e-04 -5.999995470046997070e-01 0.000000000000000000e+00 9.000000000000000000e+00 8.191000000000000000e+03 0.000000000000000000e+00 2.000000000000000000e+00 2.755399942398071289e+00
8.000000000000000000e+01 -4.999892711639404297e-01 0.000000000000000000e+00 -2.501066192053258419e-04 -5.000041723251342773e-01 0.000000000000000000e+00 9.000000000000000000e+00 8.191000000000000000e+03 0.000000000000000000e+00 2.000000000000000000e+00 2.755399942398071289e+00
8.200000000000000000e+01 -3.999630808830261230e-01 0.000000000000000000e+00 -2.000997337745502591e-04 -3.999963402748107910e-01 0.000000000000000000e+00 9.000000000000000000e+00 8.191000000000000000e+03 0.000000000000000000e+00 2.000000000000000000e+00 2.755399942398071289e+00
8.400000000000000000e+01 -2.999470829963684082e-01 0.000000000000000000e+00 -1.500989892520010471e-04 -3.000009953975677490e-01 0.000000000000000000e+00 9.000000000000000000e+00 8.191000000000000000e+03 0.000000000000000000e+00 2.000000000000000000e+00 2.755399942398071289e+00
8.600000000000000000e+01 -1.999509930610656738e-01 0.000000000000000000e+00 -1.000940828816965222e-04 -2.000056654214859009e-01 0.000000000000000000e+00 9.000000000000000000e+00 8.191000000000000000e+03 0.000000000000000000e+00 2.000000000000000000e+00 2.755300045013427734e+00
8.800000000000000000e+01 -9.991040825843811035e-02 0.000000000000000000e+00 -5.008824882679618895e-05 -9.999781847000122070e-02 0.000000000000000000e+00 9.000000000000000000e+00 8.191000000000000000e+03 0.000000000000000000e+00 2.000000000000000000e+00 2.755499839782714844e+00
9.000000000000000000e+01 -9.990760684013366699e-02 0.000000000000000000e+00 -5.002468969905748963e-05 -9.999781847000122070e-02 0.000000000000000000e+00 8.000000000000000000e+00 8.191000000000000000e+03 0.000000000000000000e+00 3.000000000000000000e+00 2.755499839782714844e+00
