1.000000014901161194e-01 -2.000357389450073242e+00 0.000000000000000000e+00 -1.093574828701093793e-04 -1.093574883270775899e-05 -1.999950885772705078e+00 0.000000000000000000e+00 8.000000000000000000e+00 7.164000000000000000e+03 0.000000000000000000e+00
2.000000029802322388e-01 -2.000115871429443359e+00 0.000000000000000000e+00 -1.000197022221982479e-03 -1.109554505092091858e-04 -1.999950885772705078e+00 0.000000000000000000e+00 9.000000000000000000e+00 8.191000000000000000e+03 0.000000000000000000e+00
3.000000119209289551e-01 -2.000094652175903320e+00 0.000000000000000000e+00 -9.996538283303380013e-04 -2.109208289766684175e-04 -1.999950885772705078e+00 0.000000000000000000e+00 1.000000000000000000e+01 8.191000000000000000e+03 0.000000000000000000e+00
4.000000059604644775e-01 -2.000089168548583984e+00 0.000000000000000000e+00 -9.995860746130347252e-04 -3.108794335275888443e-04 -1.999950885772705078e+00 0.000000000000000000e+00 1.000000000000000000e+01 8.191000000000000000e+03 0.000000000000000000e+00
5.000000000000000000e-01 -2.000076293945312500e+00 0.000000000000000000e+00 -9.995738510042428970e-04 -4.108368302695453167e-04 -1.999950885772705078e+00 0.000000000000000000e+00 1.000000000000000000e+01 8.191000000000000000e+03 0.000000000000000000e+00
6.000000238418579102e-01 -2.000066995620727539e+00 0.000000000000000000e+00 -9.995140135288238525e-04 -5.107882316224277020e-04 -1.999950885772705078e+00 0.000000000000000000e+00 1.000000000000000000e+01 8.191000000000000000e+03 0.000000000000000000e+00
6.999999880790710449e-01 -2.000075340270996094e+00 0.000000000000000000e+00 -9.995371801778674126e-04 -6.107419612817466259e-04 -1.999950885772705078e+00 0.000000000000000000e+00 1.000000000000000000e+01 8.191000000000000000e+03 0.000000000000000000e+00
8.000000119209289551e-01 -2.000066041946411133e+00 0.000000000000000000e+00 -9.995079599320888519e-04 -7.106927805580198765e-04 -1.999950885772705078e+00 0.000000000000000000e+00 1.000000000000000000e+01 8.191000000000000000e+03 0.000000000000000000e+00
9.000000357627868652e-01 -2.000058174133300781e+00 0.000000000000000000e+00 -9.994641877710819244e-04 -8.106391760520637035e-04 -1.999950885772705078e+00 0.000000000000000000e+00 1.000000000000000000e+01 8.191000000000000000e+03 0.000000000000000000e+00
1.000000000000000000e+00 -2.000055789947509766e+00 0.000000000000000000e+00 -9.995121508836746216e-04 -9.105904027819633484e-04 -1.999950885772705078e+00 0.000000000000000000e+00 1.000000000000000000e+01 8.191000000000000000e+03 0.000000000000000000e+00
1.100000023841857910e+00 -2.000062942504882812e+00 0.000000000000000000e+00 -9.994935244321823120e-04 -1.010539708659052849e-03 -1.999950885772705078e+00 0.000000000000000000e+00 1.000000000000000000e+01 8.191000000000000000e+03 0.000000000000000000e+00
1.200000047683715820e+00 -2.000055313110351562e+00 0.000000000000000000e+00 -9.995399741455912590e-04 -1.110493787564337254e-03 -1.999950885772705078e+00 0.000000000000000000e+00 1.000000000000000000e+01 8.191000000000000000e+03 0.000000000000000000e+00
1.300000071525573730e+00 -2.000054836273193359e+00 0.000000000000000000e+00 -9.994730353355407715e-04 -1.210440997965633869e-03 -1.999950885772705078e+00 0.000000000000000000e+00 1.000000000000000000e+01 8.191000000000000000e+03 0.000000000000000000e+00
1.399999976158142090e+00 -2.000049352645874023e+00 0.000000000000000000e+00 -9.994835127145051956e-04 -1.310389372520148754e-03 -1.999950885772705078e+00 0.000000000000000000e+00 1.000000000000000000e+01 8.191000000000000000e+03 0.000000000000000000e+00
1.500000000000000000e+00 -2.000043392181396484e+00 0.000000000000000000e+00 -9.995017899200320244e-04 -1.410339609719812870e-03 -1.999950885772705078e+00 0.000000000000000000e+00 1.000000000000000000e+01 8.191000000000000000e+03 0.000000000000000000e+00
1.600000023841857910e+00 -2.000059604644775391e+00 0.000000000000000000e+00 -9.995065629482269287e-04 -1.510290196165442467e-03 -1.999950885772705078e+00 0.000000000000000000e+00 1.000000000000000000e+01 8.191000000000000000e+03 0.000000000000000000e+00
1.700000047683715820e+00 -2.000052213668823242e+00 0.000000000000000000e+00 -9.995433501899242401e-04 -1.610244624316692352e-03 -1.999950885772705078e+00 0.000000000000000000e+00 1.000000000000000000e+01 8.191000000000000000e+03 0.000000000000000000e+00
1.800000071525573730e+00 -2.000060081481933594e+00 0.000000000000000000e+00 -9.995454456657171249e-04 -1.710199168883264065e-03 -1.999950885772705078e+00 0.000000000000000000e+00 1.000000000000000000e+01 8.191000000000000000e+03 0.000000000000000000e+00
1.899999976158142090e+00 -2.000056266784667969e+00 0.000000000000000000e+00 -9.995459113270044327e-04 -1.810153713449835777e-03 -1.999950885772705078e+00 0.000000000000000000e+00 1.000000000000000000e+01 8.191000000000000000e+03 0.000000000000000000e+00
2.000000000000000000e+00 -2.000046491622924805e+00 0.000000000000000000e+00 -9.994917782023549080e-04 -1.910102902911603451e-03 -1.999950885772705078e+00 0.000000000000000000e+00 1.000000000000000000e+01 8.191000000000000000e+03 0.000000000000000000e+00
2.100000143051147461e+00 -2.000044584274291992e+00 0.000000000000000000e+00 -9.995184373110532761e-04 -2.010054653510451317e-03 -1.999950885772705078e+00 0.000000000000000000e+00 1.000000000000000000e+01 8.191000000000000000e+03 0.000000000000000000e+00
2.200000047683715820e+00 -2.000046014785766602e+00 0.000000000000000000e+00 -9.995204163715243340e-04 -2.110006753355264664e-03 -1.999950885772705078e+00 0.000000000000000000e+00 1.000000000000000000e+01 8.191000000000000000e+03 0.000000000000000000e+00
2.299999952316284180e+00 -2.000045537948608398e+00 0.000000000000000000e+00 -9.995173895731568336e-04 -2.209958620369434357e-03 -1.999950885772705078e+00 0.000000000000000000e+00 1.000000000000000000e+01 8.191000000000000000e+03 0.000000000000000000e+00
2.400000095367431641e+00 -2.000044107437133789e+00 0.000000000000000000e+00 -9.994700085371732712e-04 -2.309905597940087318e-03 -1.999950885772705078e+00 0.000000000000000000e+00 1.000000000000000000e+01 8.191000000000000000e+03 0.000000000000000000e+00
2.500000000000000000e+00 -2.000036716461181641e+00 0.000000000000000000e+00 -9.994680294767022133e-04 -2.409852342680096626e-03 -1.999950885772705078e+00 0.000000000000000000e+00 1.000000000000000000e+01 8.191000000000000000e+03 0.000000000000000000e+00
2.600000143051147461e+00 -2.000051259994506836e+00 0.000000000000000000e+00 -9.994700085371732712e-04 -2.509799320250749588e-03 -1.999950885772705078e+00 0.000000000000000000e+00 1.000000000000000000e+01 8.191000000000000000e+03 0.000000000000000000e+00
2.700000047683715820e+00 -2.000046491622924805e+00 0.000000000000000000e+00 -9.994694264605641365e-04 -2.609746297821402550e-03 -1.999950885772705078e+00 0.000000000000000000e+00 1.000000000000000000e+01 8.191000000000000000e+03 0.000000000000000000e+00
2.799999952316284180e+00 -2.000053167343139648e+00 0.000000000000000000e+00 -9.994931751862168312e-04 -2.709695603698492050e-03 -1.999950885772705078e+00 0.000000000000000000e+00 1.000000000000000000e+01 8.191000000000000000e+03 0.000000000000000000e+00
2.900000095367431641e+00 -2.000045537948608398e+00 0.000000000000000000e+00 -9.994993451982736588e-04 -2.809645608067512512e-03 -1.999950885772705078e+00 0.000000000000000000e+00 1.000000000000000000e+01 8.191000000000000000e+03 0.000000000000000000e+00
3.000000000000000000e+00 -2.000047683715820312e+00 0.000000000000000000e+00 -9.994863066822290421e-04 -2.909594215452671051e-03 -1.999950885772705078e+00 0.000000000000000000e+00 1.000000000000000000e+01 8.191000000000000000e+03 0.000000000000000000e+00
3.100000143051147461e+00 -2.000039100646972656e+00 0.000000000000000000e+00 -9.994794381782412529e-04 -3.009542124345898628e-03 -1.999950885772705078e+00 0.000000000000000000e+00 1.000000000000000000e+01 8.191000000000000000e+03 0.000000000000000000e+00
3.200000047683715820e+00 -2.000027179718017578e+00 0.000000000000000000e+00 -9.994482388719916344e-04 -3.109487006440758705e-03 -1.999950885772705078e+00 0.000000000000000000e+00 1.000000000000000000e+01 8.191000000000000000e+03 0.000000000000000000e+00
3.299999952316284180e+00 -2.000061988830566406e+00 0.000000000000000000e+00 -9.995178552344441414e-04 -3.209438640624284744e-03 -1.999950885772705078e+00 0.000000000000000000e+00 1.000000000000000000e+01 8.191000000000000000e+03 0.000000000000000000e+00
3.400000095367431641e+00 -2.000058412551879883e+00 0.000000000000000000e+00 -9.994413703680038452e-04 -3.309382824227213860e-03 -1.999950885772705078e+00 0.000000000000000000e+00 1.000000000000000000e+01 8.191000000000000000e+03 0.000000000000000000e+00
3.500000000000000000e+00 -2.000058889389038086e+00 0.000000000000000000e+00 -9.994565043598413467e-04 -3.409328404814004898e-03 -1.999950885772705078e+00 0.000000000000000000e+00 1.000000000000000000e+01 8.191000000000000000e+03 0.000000000000000000e+00
3.600000143051147461e+00 -2.000052690505981445e+00 0.000000000000000000e+00 -9.995186701416969299e-04 -3.509280271828174591e-03 -1.999950885772705078e+00 0.000000000000000000e+00 1.000000000000000000e+01 8.191000000000000000e+03 0.000000000000000000e+00
3.700000047683715820e+00 -2.000053644180297852e+00 0.000000000000000000e+00 -9.995496366173028946e-04 -3.609235398471355438e-03 -1.999950885772705078e+00 0.000000000000000000e+00 1.000000000000000000e+01 8.191000000000000000e+03 0.000000000000000000e+00
3.799999952316284180e+00 -2.000049114227294922e+00 0.000000000000000000e+00 -9.994973661378026009e-04 -3.709185170009732246e-03 -1.999950885772705078e+00 0.000000000000000000e+00 1.000000000000000000e+01 8.191000000000000000e+03 0.000000000000000000e+00
3.900000095367431641e+00 -2.000047683715820312e+00 0.000000000000000000e+00 -9.994626743718981743e-04 -3.809131449088454247e-03 -1.999950885772705078e+00 0.000000000000000000e+00 1.000000000000000000e+01 8.191000000000000000e+03 0.000000000000000000e+00
4.000000000000000000e+00 -2.000051259994506836e+00 0.000000000000000000e+00 -9.994606953114271164e-04 -3.909077495336532593e-03 -1.999950885772705078e+00 0.000000000000000000e+00 1.000000000000000000e+01 8.191000000000000000e+03 0.000000000000000000e+00
4.099999904632568359e+00 -2.000070571899414062e+00 0.000000000000000000e+00 -9.994985302910208702e-04 -4.009027499705553055e-03 -1.999950885772705078e+00 0.000000000000000000e+00 1.000000000000000000e+01 8.191000000000000000e+03 0.000000000000000000e+00
4.200000286102294922e+00 -2.000059843063354492e+00 0.000000000000000000e+00 -9.994907304644584656e-04 -4.108976572751998901e-03 -1.999950885772705078e+00 0.000000000000000000e+00 1.000000000000000000e+01 8.191000000000000000e+03 0.000000000000000000e+00
4.300000190734863281e+00 -2.000063657760620117e+00 0.000000000000000000e+00 -9.994835127145051956e-04 -4.208924714475870132e-03 -1.999950885772705078e+00 0.000000000000000000e+00 1.000000000000000000e+01 8.191000000000000000e+03 0.000000000000000000e+00
4.400000095367431641e+00 -2.000061750411987305e+00 0.000000000000000000e+00 -9.994719875976443291e-04 -4.308871924877166748e-03 -1.999950885772705078e+00 0.000000000000000000e+00 1.000000000000000000e+01 8.191000000000000000e+03 0.000000000000000000e+00
4.500000000000000000e+00 -2.000047922134399414e+00 0.000000000000000000e+00 -9.994917782023549080e-04 -4.408820997923612595e-03 -1.999950885772705078e+00 0.000000000000000000e+00 1.000000000000000000e+01 8.191000000000000000e+03 0.000000000000000000e+00
4.599999904632568359e+00 -2.000054597854614258e+00 0.000000000000000000e+00 -9.995121508836746216e-04 -4.508772399276494980e-03 -1.999950885772705078e+00 0.000000000000000000e+00 1.000000000000000000e+01 8.191000000000000000e+03 0.000000000000000000e+00
4.700000286102294922e+00 -2.000049829483032227e+00 0.000000000000000000e+00 -9.994239080697298050e-04 -4.608714487403631210e-03 -1.999950885772705078e+00 0.000000000000000000e+00 1.000000000000000000e+01 8.191000000000000000e+03 0.000000000000000000e+00
4.800000190734863281e+00 -2.000052690505981445e+00 0.000000000000000000e+00 -9.994843276217579842e-04 -4.708663094788789749e-03 -1.999950885772705078e+00 0.000000000000000000e+00 1.000000000000000000e+01 8.191000000000000000e+03 0.000000000000000000e+00
4.900000095367431641e+00 -2.000047445297241211e+00 0.000000000000000000e+00 -9.994482388719916344e-04 -4.808607976883649826e-03 -1.999950885772705078e+00 0.000000000000000000e+00 1.000000000000000000e+01 8.191000000000000000e+03 0.000000000000000000e+00
5.000000000000000000e+00 -2.000052452087402344e+00 0.000000000000000000e+00 -9.994835127145051956e-04 -4.908556118607521057e-03 -1.999950885772705078e+00 0.000000000000000000e+00 1.000000000000000000e+01 8.191000000000000000e+03 0.000000000000000000e+00
5.099999904632568359e+00 -2.000049352645874023e+00 0.000000000000000000e+00 -9.994702413678169250e-04 -5.008503329008817673e-03 -1.999950885772705078e+00 0.000000000000000000e+00 1.000000000000000000e+01 8.191000000000000000e+03 0.000000000000000000e+00
5.200000286102294922e+00 -2.000045776367187500e+00 0.000000000000000000e+00 -9.994774591177701950e-04 -5.108451005071401596e-03 -1.999950885772705078e+00 0.000000000000000000e+00 1.000000000000000000e+01 8.191000000000000000e+03 0.000000000000000000e+00
5.300000190734863281e+00 -2.000057220458984375e+00 0.000000000000000000e+00 -9.995405562222003937e-04 -5.208405200392007828e-03 -1.999950885772705078e+00 0.000000000000000000e+00 1.000000000000000000e+01 8.191000000000000000e+03 0.000000000000000000e+00
5.400000095367431641e+00 -2.000052928924560547e+00 0.000000000000000000e+00 -9.994776919484138489e-04 -5.308352876454591751e-03 -1.999950885772705078e+00 0.000000000000000000e+00 1.000000000000000000e+01 8.191000000000000000e+03 0.000000000000000000e+00
5.500000000000000000e+00 -2.000050067901611328e+00 0.000000000000000000e+00 -9.995349682867527008e-04 -5.408306606113910675e-03 -1.999950885772705078e+00 0.000000000000000000e+00 1.000000000000000000e+01 8.191000000000000000e+03 0.000000000000000000e+00
5.599999904632568359e+00 -2.000052213668823242e+00 0.000000000000000000e+00 -9.995140135288238525e-04 -5.508258007466793060e-03 -1.999950885772705078e+00 0.000000000000000000e+00 1.000000000000000000e+01 8.191000000000000000e+03 0.000000000000000000e+00
5.700000286102294922e+00 -2.000057220458984375e+00 0.000000000000000000e+00 -9.994804859161376953e-04 -5.608205683529376984e-03 -1.999950885772705078e+00 0.000000000000000000e+00 1.000000000000000000e+01 8.191000000000000000e+03 0.000000000000000000e+00
5.800000190734863281e+00 -2.000061273574829102e+00 0.000000000000000000e+00 -9.995178552344441414e-04 -5.708157550543546677e-03 -1.999950885772705078e+00 0.000000000000000000e+00 1.000000000000000000e+01 8.191000000000000000e+03 0.000000000000000000e+00
5.900000095367431641e+00 -2.000057220458984375e+00 0.000000000000000000e+00 -9.994895663112401962e-04 -5.808106623589992523e-03 -1.999950885772705078e+00 0.000000000000000000e+00 1.000000000000000000e+01 8.191000000000000000e+03 0.000000000000000000e+00
6.000000000000000000e+00 -2.000063419342041016e+00 0.000000000000000000e+00 -9.995178552344441414e-04 -5.908058490604162216e-03 -1.999950885772705078e+00 0.000000000000000000e+00 1.000000000000000000e+01 8.191000000000000000e+03 0.000000000000000000e+00
6.099999904632568359e+00 -2.000055074691772461e+00 0.000000000000000000e+00 -9.994823485612869263e-04 -6.008006632328033447e-03 -1.999950885772705078e+00 0.000000000000000000e+00 1.000000000000000000e+01 8.191000000000000000e+03 0.000000000000000000e+00
6.200000286102294922e+00 -2.000047683715820312e+00 0.000000000000000000e+00 -9.995079599320888519e-04 -6.107957568019628525e-03 -1.999950885772705078e+00 0.000000000000000000e+00 1.000000000000000000e+01 8.191000000000000000e+03 0.000000000000000000e+00
6.300000190734863281e+00 -2.000064611434936523e+00 0.000000000000000000e+00 -9.995056316256523132e-04 -6.207908038049936295e-03 -1.999950885772705078e+00 0.000000000000000000e+00 1.000000000000000000e+01 8.191000000000000000e+03 0.000000000000000000e+00
6.400000095367431641e+00 -2.000060796737670898e+00 0.000000000000000000e+00 -9.995168074965476990e-04 -6.307859439402818680e-03 -1.999950885772705078e+00 0.000000000000000000e+00 1.000000000000000000e+01 8.191000000000000000e+03 0.000000000000000000e+00
6.500000000000000000e+00 -2.000044822692871094e+00 0.000000000000000000e+00 -9.994948050007224083e-04 -6.407808978110551834e-03 -1.999950885772705078e+00 0.000000000000000000e+00 1.000000000000000000e+01 8.191000000000000000e+03 0.000000000000000000e+00
6.599999904632568359e+00 -2.000053167343139648e+00 0.000000000000000000e+00 -9.995512664318084717e-04 -6.507764104753732681e-03 -1.999950885772705078e+00 0.000000000000000000e+00 1.000000000000000000e+01 8.191000000000000000e+03 0.000000000000000000e+00
6.700000286102294922e+00 -2.000077247619628906e+00 0.000000000000000000e+00 -9.995512664318084717e-04 -6.607719231396913528e-03 -1.999950885772705078e+00 0.000000000000000000e+00 1.000000000000000000e+01 8.191000000000000000e+03 0.000000000000000000e+00
6.800000190734863281e+00 -2.000070333480834961e+00 0.000000000000000000e+00 -9.995790896937251091e-04 -6.707677152007818222e-03 -1.999950885772705078e+00 0.000000000000000000e+00 1.000000000000000000e+01 8.191000000000000000e+03 0.000000000000000000e+00
6.900000095367431641e+00 -2.000068902969360352e+00 0.000000000000000000e+00 -9.995549917221069336e-04 -6.807632744312286377e-03 -1.999950885772705078e+00 0.000000000000000000e+00 1.000000000000000000e+01 8.191000000000000000e+03 0.000000000000000000e+00
7.000000000000000000e+00 -2.000062704086303711e+00 0.000000000000000000e+00 -9.995758300647139549e-04 -6.907590199261903763e-03 -1.999950885772705078e+00 0.000000000000000000e+00 1.000000000000000000e+01 8.191000000000000000e+03 0.000000000000000000e+00
7.099999904632568359e+00 -2.000063657760620117e+00 0.000000000000000000e+00 -9.995459113270044327e-04 -7.007544860243797302e-03 -1.999950885772705078e+00 0.000000000000000000e+00 1.000000000000000000e+01 8.191000000000000000e+03 0.000000000000000000e+00
7.200000286102294922e+00 -2.000055074691772461e+00 0.000000000000000000e+00 -9.995803702622652054e-04 -7.107503246515989304e-03 -1.999950885772705078e+00 0.000000000000000000e+00 1.000000000000000000e+01 8.191000000000000000e+03 0.000000000000000000e+00
7.300000190734863281e+00 -2.000051498413085938e+00 0.000000000000000000e+00 -9.995407890528440475e-04 -7.207456976175308228e-03 -1.999950885772705078e+00 0.000000000000000000e+00 1.000000000000000000e+01 8.191000000000000000e+03 0.000000000000000000e+00
7.400000095367431641e+00 -2.000059366226196289e+00 0.000000000000000000e+00 -9.995647706091403961e-04 -7.307413499802350998e-03 -1.999950885772705078e+00 0.000000000000000000e+00 1.000000000000000000e+01 8.191000000000000000e+03 0.000000000000000000e+00
7.500000000000000000e+00 -2.000054359436035156e+00 0.000000000000000000e+00 -9.995537111535668373e-04 -7.407369092106819153e-03 -1.999950885772705078e+00 0.000000000000000000e+00 1.000000000000000000e+01 8.191000000000000000e+03 0.000000000000000000e+00
7.599999904632568359e+00 -2.000044822692871094e+00 0.000000000000000000e+00 -9.995329892262816429e-04 -7.507322356104850769e-03 -1.999950885772705078e+00 0.000000000000000000e+00 1.000000000000000000e+01 8.191000000000000000e+03 0.000000000000000000e+00
7.700000286102294922e+00 -2.000059366226196289e+00 0.000000000000000000e+00 -9.995551081374287605e-04 -7.607277948409318924e-03 -1.999950885772705078e+00 0.000000000000000000e+00 1.000000000000000000e+01 8.191000000000000000e+03 0.000000000000000000e+00
7.800000190734863281e+00 -2.000047922134399414e+00 0.000000000000000000e+00 -9.995006257668137550e-04 -7.707227952778339386e-03 -1.999950885772705078e+00 0.000000000000000000e+00 1.000000000000000000e+01 8.191000000000000000e+03 0.000000000000000000e+00
7.900000095367431641e+00 -2.000051021575927734e+00 0.000000000000000000e+00 -9.994981810450553894e-04 -7.807177491486072540e-03 -1.999950885772705078e+00 0.000000000000000000e+00 1.000000000000000000e+01 8.191000000000000000e+03 0.000000000000000000e+00
8.000000000000000000e+00 -2.000037431716918945e+00 0.000000000000000000e+00 -9.995339205488562584e-04 -7.907130755484104156e-03 -1.999950885772705078e+00 0.000000000000000000e+00 1.000000000000000000e+01 8.191000000000000000e+03 0.000000000000000000e+00
8.100000381469726562e+00 -2.000040769577026367e+00 0.000000000000000000e+00 -9.995349682867527008e-04 -8.007084950804710388e-03 -1.999950885772705078e+00 0.000000000000000000e+00 1.000000000000000000e+01 8.191000000000000000e+03 0.000000000000000000e+00
8.199999809265136719e+00 -2.000049352645874023e+00 0.000000000000000000e+00 -9.995553409680724144e-04 -8.107040077447891235e-03 -1.999950885772705078e+00 0.000000000000000000e+00 1.000000000000000000e+01 8.191000000000000000e+03 0.000000000000000000e+00
8.300000190734863281e+00 -2.000045537948608398e+00 0.000000000000000000e+00 -9.995284490287303925e-04 -8.206993341445922852e-03 -1.999950885772705078e+00 0.000000000000000000e+00 1.000000000000000000e+01 8.191000000000000000e+03 0.000000000000000000e+00
8.400000572204589844e+00 -2.000053167343139648e+00 0.000000000000000000e+00 -9.995963191613554955e-04 -8.306952193379402161e-03 -1.999950885772705078e+00 0.000000000000000000e+00 1.000000000000000000e+01 8.191000000000000000e+03 0.000000000000000000e+00
8.500000000000000000e+00 -2.000048875808715820e+00 0.000000000000000000e+00 -9.995443979278206825e-04 -8.406907320022583008e-03 -1.999950885772705078e+00 0.000000000000000000e+00 1.000000000000000000e+01 8.191000000000000000e+03 0.000000000000000000e+00
8.600000381469726562e+00 -2.000052452087402344e+00 0.000000000000000000e+00 -9.995352011173963547e-04 -8.506860584020614624e-03 -1.999950885772705078e+00 0.000000000000000000e+00 1.000000000000000000e+01 8.191000000000000000e+03 0.000000000000000000e+00
8.699999809265136719e+00 -2.000053644180297852e+00 0.000000000000000000e+00 -9.994931751862168312e-04 -8.606810122728347778e-03 -1.999950885772705078e+00 0.000000000000000000e+00 1.000000000000000000e+01 8.191000000000000000e+03 0.000000000000000000e+00
8.800000190734863281e+00 -2.000057697296142578e+00 0.000000000000000000e+00 -9.995369473472237587e-04 -8.706763386726379395e-03 -1.999950885772705078e+00 0.000000000000000000e+00 1.000000000000000000e+01 8.191000000000000000e+03 0.000000000000000000e+00
8.900000572204589844e+00 -2.000061273574829102e+00 0.000000000000000000e+00 -9.995383443310856819e-04 -8.806717582046985626e-03 -1.999950885772705078e+00 0.000000000000000000e+00 1.000000000000000000e+01 8.191000000000000000e+03 0.000000000000000000e+00
9.000000000000000000e+00 -2.000056743621826172e+00 0.000000000000000000e+00 -9.995308937504887581e-04 -8.906670846045017242e-03 -1.999950885772705078e+00 0.000000000000000000e+00 1.000000000000000000e+01 8.191000000000000000e+03 0.000000000000000000e+00
9.100000381469726562e+00 -2.000057458877563477e+00 0.000000000000000000e+00 -9.995257714763283730e-04 -9.006623178720474243e-03 -1.999950885772705078e+00 0.000000000000000000e+00 1.000000000000000000e+01 8.191000000000000000e+03 0.000000000000000000e+00
9.199999809265136719e+00 -2.000064134597778320e+00 0.000000000000000000e+00 -9.995399741455912590e-04 -9.106577374041080475e-03 -1.999950885772705078e+00 0.000000000000000000e+00 1.000000000000000000e+01 8.191000000000000000e+03 0.000000000000000000e+00
9.300000190734863281e+00 -2.000058412551879883e+00 0.000000000000000000e+00 -9.995477739721536636e-04 -9.206531569361686707e-03 -1.999950885772705078e+00 0.000000000000000000e+00 1.000000000000000000e+01 8.191000000000000000e+03 0.000000000000000000e+00
9.400000572204589844e+00 -2.000065326690673828e+00 0.000000000000000000e+00 -9.995728032663464546e-04 -9.306489489972591400e-03 -1.999950885772705078e+00 0.000000000000000000e+00 1.000000000000000000e+01 8.191000000000000000e+03 0.000000000000000000e+00
9.500000000000000000e+00 -2.000060081481933594e+00 0.000000000000000000e+00 -9.995506843551993370e-04 -9.406444616615772247e-03 -1.999950885772705078e+00 0.000000000000000000e+00 1.000000000000000000e+01 8.191000000000000000e+03 0.000000000000000000e+00
9.600000381469726562e+00 -2.000058412551879883e+00 0.000000000000000000e+00 -9.995667496696114540e-04 -9.506400674581527710e-03 -1.999950885772705078e+00 0.000000000000000000e+00 1.000000000000000000e+01 8.191000000000000000e+03 0.000000000000000000e+00
9.699999809265136719e+00 -2.000059366226196289e+00 0.000000000000000000e+00 -9.995485888794064522e-04 -9.606355801224708557e-03 -1.999950885772705078e+00 0.000000000000000000e+00 1.000000000000000000e+01 8.191000000000000000e+03 0.000000000000000000e+00
9.800000190734863281e+00 -2.000053167343139648e+00 0.000000000000000000e+00 -9.995589498430490494e-04 -9.706311859190464020e-03 -1.999950885772705078e+00 0.000000000000000000e+00 1.000000000000000000e+01 8.191000000000000000e+03 0.000000000000000000e+00
9.900000572204589844e+00 -2.000055074691772461e+00 0.000000000000000000e+00 -9.996045846492052078e-04 -9.806271642446517944e-03 -1.999950885772705078e+00 0.000000000000000000e+00 1.000000000000000000e+01 8.191000000000000000e+03 0.000000000000000000e+00
1.000000000000000000e+01 -2.000065565109252930e+00 0.000000000000000000e+00 -9.995416039600968361e-04 -9.906225837767124176e-03 -1.999950885772705078e+00 0.000000000000000000e+00 1.000000000000000000e+01 8.191000000000000000e+03 0.000000000000000000e+00
1.010000038146972656e+01 -2.000053405761718750e+00 0.000000000000000000e+00 -9.995322907343506813e-04 -1.000617910176515579e-02 -1.999950885772705078e+00 0.000000000000000000e+00 1.000000000000000000e+01 8.191000000000000000e+03 0.000000000000000000e+00
1.019999980926513672e+01 -2.000051498413085938e+00 0.000000000000000000e+00 -9.995308937504887581e-04 -1.010613236576318741e-02 -1.999950885772705078e+00 0.000000000000000000e+00 1.000000000000000000e+01 8.191000000000000000e+03 0.000000000000000000e+00
1.030000019073486328e+01 -2.000064373016357422e+00 0.000000000000000000e+00 -9.995347354561090469e-04 -1.020608562976121902e-02 -1.999950885772705078e+00 0.000000000000000000e+00 1.000000000000000000e+01 8.191000000000000000e+03 0.000000000000000000e+00
1.040000057220458984e+01 -2.000045537948608398e+00 0.000000000000000000e+00 -9.994981810450553894e-04 -1.030603609979152679e-02 -1.999950885772705078e+00 0.000000000000000000e+00 1.000000000000000000e+01 8.191000000000000000e+03 0.000000000000000000e+00
1.050000000000000000e+01 -2.000046014785766602e+00 0.000000000000000000e+00 -9.994549909606575966e-04 -1.040598098188638687e-02 -1.999950885772705078e+00 0.000000000000000000e+00 1.000000000000000000e+01 8.191000000000000000e+03 0.000000000000000000e+00
1.060000038146972656e+01 -2.000050783157348633e+00 0.000000000000000000e+00 -9.995184373110532761e-04 -1.050593331456184387e-02 -1.999950885772705078e+00 0.000000000000000000e+00 1.000000000000000000e+01 8.191000000000000000e+03 0.000000000000000000e+00
1.069999980926513672e+01 -2.000069379806518555e+00 0.000000000000000000e+00 -9.995290311053395271e-04 -1.060588564723730087e-02 -1.999950885772705078e+00 0.000000000000000000e+00 1.000000000000000000e+01 8.191000000000000000e+03 0.000000000000000000e+00
1.080000019073486328e+01 -2.000032901763916016e+00 0.000000000000000000e+00 -9.995198342949151993e-04 -1.070583797991275787e-02 -1.999950885772705078e+00 0.000000000000000000e+00 1.000000000000000000e+01 8.191000000000000000e+03 0.000000000000000000e+00
1.090000057220458984e+01 -2.000060558319091797e+00 0.000000000000000000e+00 -9.996180888265371323e-04 -1.080579962581396103e-02 -1.999950885772705078e+00 0.000000000000000000e+00 1.000000000000000000e+01 8.191000000000000000e+03 0.000000000000000000e+00
1.100000000000000000e+01 -2.000058650970458984e+00 0.000000000000000000e+00 -9.995361324399709702e-04 -1.090575382113456726e-02 -1.999950885772705078e+00 0.000000000000000000e+00 1.000000000000000000e+01 8.191000000000000000e+03 0.000000000000000000e+00
1.110000038146972656e+01 -2.000056982040405273e+00 0.000000000000000000e+00 -9.995377622544765472e-04 -1.100570708513259888e-02 -1.999950885772705078e+00 0.000000000000000000e+00 1.000000000000000000e+01 8.191000000000000000e+03 0.000000000000000000e+00
1.119999980926513672e+01 -2.000057458877563477e+00 0.000000000000000000e+00 -9.994800202548503876e-04 -1.110565569251775742e-02 -1.999950885772705078e+00 0.000000000000000000e+00 1.000000000000000000e+01 8.191000000000000000e+03 0.000000000000000000e+00
1.130000019073486328e+01 -2.000070095062255859e+00 0.000000000000000000e+00 -9.994948050007224083e-04 -1.120560523122549057e-02 -1.999950885772705078e+00 0.000000000000000000e+00 1.000000000000000000e+01 8.191000000000000000e+03 0.000000000000000000e+00
1.140000057220458984e+01 -2.000059127807617188e+00 0.000000000000000000e+00 -9.994971333071589470e-04 -1.130555476993322372e-02 -1.999950885772705078e+00 0.000000000000000000e+00 1.000000000000000000e+01 8.191000000000000000e+03 0.000000000000000000e+00
1.150000000000000000e+01 -2.000059604644775391e+00 0.000000000000000000e+00 -9.995319414883852005e-04 -1.140550803393125534e-02 -1.999950885772705078e+00 0.000000000000000000e+00 1.000000000000000000e+01 8.191000000000000000e+03 0.000000000000000000e+00
1.160000038146972656e+01 -2.000049591064453125e+00 0.000000000000000000e+00 -9.994832798838615417e-04 -1.150545570999383926e-02 -1.999950885772705078e+00 0.000000000000000000e+00 1.000000000000000000e+01 8.191000000000000000e+03 0.000000000000000000e+00
1.169999980926513672e+01 -2.000054359436035156e+00 0.000000000000000000e+00 -9.995352011173963547e-04 -1.160540990531444550e-02 -1.999950885772705078e+00 0.000000000000000000e+00 1.000000000000000000e+01 8.191000000000000000e+03 0.000000000000000000e+00
1.180000019073486328e+01 -2.000047206878662109e+00 0.000000000000000000e+00 -9.994752472266554832e-04 -1.170535665005445480e-02 -1.999950885772705078e+00 0.000000000000000000e+00 1.000000000000000000e+01 8.191000000000000000e+03 0.000000000000000000e+00
1.190000057220458984e+01 -2.000046730041503906e+00 0.000000000000000000e+00 -9.995703585445880890e-04 -1.180531363934278488e-02 -1.999950885772705078e+00 0.000000000000000000e+00 1.000000000000000000e+01 8.191000000000000000e+03 0.000000000000000000e+00
1.200000000000000000e+01 -2.000034570693969727e+00 0.000000000000000000e+00 -9.994887514039874077e-04 -1.190526317805051804e-02 -1.999950885772705078e+00 0.000000000000000000e+00 1.000000000000000000e+01 8.191000000000000000e+03 0.000000000000000000e+00
1.210000038146972656e+01 -2.000057458877563477e+00 0.000000000000000000e+00 -9.995053987950086594e-04 -1.200521364808082581e-02 -1.999950885772705078e+00 0.000000000000000000e+00 1.000000000000000000e+01 8.191000000000000000e+03 0.000000000000000000e+00
1.219999980926513672e+01 -2.000055074691772461e+00 0.000000000000000000e+00 -9.994937572628259659e-04 -1.210516318678855896e-02 -1.999950885772705078e+00 0.000000000000000000e+00 1.000000000000000000e+01 8.191000000000000000e+03 0.000000000000000000e+00
1.230000019073486328e+01 -2.000055551528930664e+00 0.000000000000000000e+00 -9.995361324399709702e-04 -1.220511645078659058e-02 -1.999950885772705078e+00 0.000000000000000000e+00 1.000000000000000000e+01 8.191000000000000000e+03 0.000000000000000000e+00
1.240000057220458984e+01 -2.000060081481933594e+00 0.000000000000000000e+00 -9.995413711294531822e-04 -1.230507064610719681e-02 -1.999950885772705078e+00 0.000000000000000000e+00 1.000000000000000000e+01 8.191000000000000000e+03 0.000000000000000000e+00
1.250000000000000000e+01 -2.000058889389038086e+00 0.000000000000000000e+00 -9.995430009439587593e-04 -1.240502484142780304e-02 -1.999950885772705078e+00 0.000000000000000000e+00 1.000000000000000000e+01 8.191000000000000000e+03 0.000000000000000000e+00
1.260000038146972656e+01 -2.000054121017456055e+00 0.000000000000000000e+00 -9.995438158512115479e-04 -1.250497903674840927e-02 -1.999950885772705078e+00 0.000000000000000000e+00 1.000000000000000000e+01 8.191000000000000000e+03 0.000000000000000000e+00
1.269999980926513672e+01 -2.000049829483032227e+00 0.000000000000000000e+00 -9.995742002502083778e-04 -1.260493695735931396e-02 -1.999950885772705078e+00 0.000000000000000000e+00 1.000000000000000000e+01 8.191000000000000000e+03 0.000000000000000000e+00
1.280000019073486328e+01 -2.000053405761718750e+00 0.000000000000000000e+00 -9.995349682867527008e-04 -1.270489022135734558e-02 -1.999950885772705078e+00 0.000000000000000000e+00 1.000000000000000000e+01 8.191000000000000000e+03 0.000000000000000000e+00
1.290000057220458984e+01 -2.000060796737670898e+00 0.000000000000000000e+00 -9.995752479881048203e-04 -1.280484814196825027e-02 -1.999950885772705078e+00 0.000000000000000000e+00 1.000000000000000000e+01 8.191000000000000000e+03 0.000000000000000000e+00
1.300000000000000000e+01 -2.000062227249145508e+00 0.000000000000000000e+00 -9.996236767619848251e-04 -1.290480978786945343e-02 -1.999950885772705078e+00 0.000000000000000000e+00 1.000000000000000000e+01 8.191000000000000000e+03 0.000000000000000000e+00
1.310000038146972656e+01 -2.000055074691772461e+00 0.000000000000000000e+00 -9.995478903874754906e-04 -1.300476491451263428e-02 -1.999950885772705078e+00 0.000000000000000000e+00 1.000000000000000000e+01 8.191000000000000000e+03 0.000000000000000000e+00
1.319999980926513672e+01 -2.000046968460083008e+00 0.000000000000000000e+00 -9.995521977543830872e-04 -1.310472004115581512e-02 -1.999950885772705078e+00 0.000000000000000000e+00 1.000000000000000000e+01 8.191000000000000000e+03 0.000000000000000000e+00
1.330000019073486328e+01 -2.000049114227294922e+00 0.000000000000000000e+00 -9.996012086048722267e-04 -1.320467982441186905e-02 -1.999950885772705078e+00 0.000000000000000000e+00 1.000000000000000000e+01 8.191000000000000000e+03 0.000000000000000000e+00
1.340000057220458984e+01 -2.000055074691772461e+00 0.000000000000000000e+00 -9.995971340686082840e-04 -1.330463960766792297e-02 -1.999950885772705078e+00 0.000000000000000000e+00 1.000000000000000000e+01 8.191000000000000000e+03 0.000000000000000000e+00
1.350000000000000000e+01 -2.000061750411987305e+00 0.000000000000000000e+00 -9.995818836614489555e-04 -1.340459845960140228e-02 -1.999950885772705078e+00 0.000000000000000000e+00 1.000000000000000000e+01 8.191000000000000000e+03 0.000000000000000000e+00
1.360000038146972656e+01 -2.000066995620727539e+00 0.000000000000000000e+00 -9.995998116210103035e-04 -1.350455824285745621e-02 -1.999950885772705078e+00 0.000000000000000000e+00 1.000000000000000000e+01 8.191000000000000000e+03 0.000000000000000000e+00
1.369999980926513672e+01 -2.000061988830566406e+00 0.000000000000000000e+00 -9.995977161452174187e-04 -1.360451802611351013e-02 -1.999950885772705078e+00 0.000000000000000000e+00 1.000000000000000000e+01 8.191000000000000000e+03 0.000000000000000000e+00
1.380000019073486328e+01 -2.000067234039306641e+00 0.000000000000000000e+00 -9.996023727580904961e-04 -1.370447780936956406e-02 -1.999950885772705078e+00 0.000000000000000000e+00 1.000000000000000000e+01 8.191000000000000000e+03 0.000000000000000000e+00
1.390000057220458984e+01 -2.000065565109252930e+00 0.000000000000000000e+00 -9.995775762945413589e-04 -1.380443572998046875e-02 -1.999950885772705078e+00 0.000000000000000000e+00 1.000000000000000000e+01 8.191000000000000000e+03 0.000000000000000000e+00
1.400000000000000000e+01 -2.000049591064453125e+00 0.000000000000000000e+00 -9.995665168389678001e-04 -1.390439271926879883e-02 -1.999950885772705078e+00 0.000000000000000000e+00 1.000000000000000000e+01 8.191000000000000000e+03 0.000000000000000000e+00
1.410000038146972656e+01 -2.000060558319091797e+00 0.000000000000000000e+00 -9.995973668992519379e-04 -1.400435250252485275e-02 -1.999950885772705078e+00 0.000000000000000000e+00 1.000000000000000000e+01 8.191000000000000000e+03 0.000000000000000000e+00
1.419999980926513672e+01 -2.000054359436035156e+00 0.000000000000000000e+00 -9.995482396334409714e-04 -1.410430762916803360e-02 -1.999950885772705078e+00 0.000000000000000000e+00 1.000000000000000000e+01 8.191000000000000000e+03 0.000000000000000000e+00
1.430000019073486328e+01 -2.000055551528930664e+00 0.000000000000000000e+00 -9.995651198551058769e-04 -1.420426368713378906e-02 -1.999950885772705078e+00 0.000000000000000000e+00 1.000000000000000000e+01 8.191000000000000000e+03 0.000000000000000000e+00
1.440000057220458984e+01 -2.000061750411987305e+00 0.000000000000000000e+00 -9.996453300118446350e-04 -1.430422812700271606e-02 -1.999950885772705078e+00 0.000000000000000000e+00 1.000000000000000000e+01 8.191000000000000000e+03 0.000000000000000000e+00
1.450000000000000000e+01 -2.000061750411987305e+00 0.000000000000000000e+00 -9.996040025725960732e-04 -1.440418884158134460e-02 -1.999950885772705078e+00 0.000000000000000000e+00 1.000000000000000000e+01 8.191000000000000000e+03 0.000000000000000000e+00
1.460000038146972656e+01 -2.000053644180297852e+00 0.000000000000000000e+00 -9.995695436373353004e-04 -1.450414583086967468e-02 -1.999950885772705078e+00 0.000000000000000000e+00 1.000000000000000000e+01 8.191000000000000000e+03 0.000000000000000000e+00
1.469999980926513672e+01 -2.000043630599975586e+00 0.000000000000000000e+00 -9.994866559281945229e-04 -1.460409443825483322e-02 -1.999950885772705078e+00 0.000000000000000000e+00 1.000000000000000000e+01 8.191000000000000000e+03 0.000000000000000000e+00
1.480000019073486328e+01 -2.000052690505981445e+00 0.000000000000000000e+00 -9.995764121413230896e-04 -1.470405142754316330e-02 -1.999950885772705078e+00 0.000000000000000000e+00 1.000000000000000000e+01 8.191000000000000000e+03 0.000000000000000000e+00
1.490000057220458984e+01 -2.000063419342041016e+00 0.000000000000000000e+00 -9.996166918426752090e-04 -1.480401400476694107e-02 -1.999950885772705078e+00 0.000000000000000000e+00 1.000000000000000000e+01 8.191000000000000000e+03 0.000000000000000000e+00
1.500000000000000000e+01 -2.000058412551879883e+00 0.000000000000000000e+00 -9.995410218834877014e-04 -1.490396726876497269e-02 -1.999950885772705078e+00 0.000000000000000000e+00 1.000000000000000000e+01 8.191000000000000000e+03 0.000000000000000000e+00
1.510000038146972656e+01 -2.000061988830566406e+00 0.000000000000000000e+00 -9.995531290769577026e-04 -1.500392332673072815e-02 -1.999950885772705078e+00 0.000000000000000000e+00 1.000000000000000000e+01 8.191000000000000000e+03 0.000000000000000000e+00
1.519999980926513672e+01 -2.000072479248046875e+00 0.000000000000000000e+00 -9.995485888794064522e-04 -1.510387752205133438e-02 -1.999950885772705078e+00 0.000000000000000000e+00 1.000000000000000000e+01 8.191000000000000000e+03 0.000000000000000000e+00
1.530000019073486328e+01 -2.000060319900512695e+00 0.000000000000000000e+00 -9.995537111535668373e-04 -1.520383358001708984e-02 -1.999950885772705078e+00 0.000000000000000000e+00 1.000000000000000000e+01 8.191000000000000000e+03 0.000000000000000000e+00
1.540000057220458984e+01 -2.000066280364990234e+00 0.000000000000000000e+00 -9.995611617341637611e-04 -1.530378963798284531e-02 -1.999950885772705078e+00 0.000000000000000000e+00 1.000000000000000000e+01 8.191000000000000000e+03 0.000000000000000000e+00
1.550000000000000000e+01 -2.000058412551879883e+00 0.000000000000000000e+00 -9.995775762945413589e-04 -1.540374662727117538e-02 -1.999950885772705078e+00 0.000000000000000000e+00 1.000000000000000000e+01 8.191000000000000000e+03 0.000000000000000000e+00
1.560000038146972656e+01 -2.000050306320190430e+00 0.000000000000000000e+00 -9.995913133025169373e-04 -1.550370641052722931e-02 -1.999950885772705078e+00 0.000000000000000000e+00 1.000000000000000000e+01 8.191000000000000000e+03 0.000000000000000000e+00
1.569999980926513672e+01 -2.000061035156250000e+00 0.000000000000000000e+00 -9.995589498430490494e-04 -1.560366246849298477e-02 -1.999950885772705078e+00 0.000000000000000000e+00 1.000000000000000000e+01 8.191000000000000000e+03 0.000000000000000000e+00
1.580000019073486328e+01 -2.000062227249145508e+00 0.000000000000000000e+00 -9.995714062824845314e-04 -1.570361852645874023e-02 -1.999950885772705078e+00 0.000000000000000000e+00 1.000000000000000000e+01 8.191000000000000000e+03 0.000000000000000000e+00
1.590000057220458984e+01 -2.000062465667724609e+00 0.000000000000000000e+00 -9.995471918955445290e-04 -1.580357365310192108e-02 -1.999950885772705078e+00 0.000000000000000000e+00 1.000000000000000000e+01 8.191000000000000000e+03 0.000000000000000000e+00
1.600000000000000000e+01 -2.000050067901611328e+00 0.000000000000000000e+00 -9.995029540732502937e-04 -1.590352505445480347e-02 -1.999950885772705078e+00 0.000000000000000000e+00 1.000000000000000000e+01 8.191000000000000000e+03 0.000000000000000000e+00
1.610000038146972656e+01 -2.000055074691772461e+00 0.000000000000000000e+00 -9.995053987950086594e-04 -1.600347459316253662e-02 -1.999950885772705078e+00 0.000000000000000000e+00 1.000000000000000000e+01 8.191000000000000000e+03 0.000000000000000000e+00
1.620000076293945312e+01 -2.000061750411987305e+00 0.000000000000000000e+00 -9.994874708354473114e-04 -1.610342413187026978e-02 -1.999950885772705078e+00 0.000000000000000000e+00 1.000000000000000000e+01 8.191000000000000000e+03 0.000000000000000000e+00
1.630000114440917969e+01 -2.000051736831665039e+00 0.000000000000000000e+00 -9.995059808716177940e-04 -1.620337367057800293e-02 -1.999950885772705078e+00 0.000000000000000000e+00 1.000000000000000000e+01 8.191000000000000000e+03 0.000000000000000000e+00
1.639999961853027344e+01 -2.000066518783569336e+00 0.000000000000000000e+00 -9.995810687541961670e-04 -1.630333252251148224e-02 -1.999950885772705078e+00 0.000000000000000000e+00 1.000000000000000000e+01 8.191000000000000000e+03 0.000000000000000000e+00
1.650000000000000000e+01 -2.000062465667724609e+00 0.000000000000000000e+00 -9.995813015848398209e-04 -1.640328951179981232e-02 -1.999950885772705078e+00 0.000000000000000000e+00 1.000000000000000000e+01 8.191000000000000000e+03 0.000000000000000000e+00
1.660000038146972656e+01 -2.000047683715820312e+00 0.000000000000000000e+00 -9.996193693950772285e-04 -1.650325208902359009e-02 -1.999950885772705078e+00 0.000000000000000000e+00 1.000000000000000000e+01 8.191000000000000000e+03 0.000000000000000000e+00
1.670000076293945312e+01 -2.000046968460083008e+00 0.000000000000000000e+00 -9.995397413149476051e-04 -1.660320721566677094e-02 -1.999950885772705078e+00 0.000000000000000000e+00 1.000000000000000000e+01 8.191000000000000000e+03 0.000000000000000000e+00
1.680000114440917969e+01 -2.000066757202148438e+00 0.000000000000000000e+00 -9.996219305321574211e-04 -1.670316793024539948e-02 -1.999950885772705078e+00 0.000000000000000000e+00 1.000000000000000000e+01 8.191000000000000000e+03 0.000000000000000000e+00
1.689999961853027344e+01 -2.000060081481933594e+00 0.000000000000000000e+00 -9.995885193347930908e-04 -1.680312678217887878e-02 -1.999950885772705078e+00 0.000000000000000000e+00 1.000000000000000000e+01 8.191000000000000000e+03 0.000000000000000000e+00
1.700000000000000000e+01 -2.000043869018554688e+00 0.000000000000000000e+00 -9.995438158512115479e-04 -1.690308190882205963e-02 -1.999950885772705078e+00 0.000000000000000000e+00 1.000000000000000000e+01 8.191000000000000000e+03 0.000000000000000000e+00
1.710000038146972656e+01 -2.000053882598876953e+00 0.000000000000000000e+00 -9.995410218834877014e-04 -1.700303517282009125e-02 -1.999950885772705078e+00 0.000000000000000000e+00 1.000000000000000000e+01 8.191000000000000000e+03 0.000000000000000000e+00
1.720000076293945312e+01 -2.000047922134399414e+00 0.000000000000000000e+00 -9.995339205488562584e-04 -1.710298843681812286e-02 -1.999950885772705078e+00 0.000000000000000000e+00 1.000000000000000000e+01 8.191000000000000000e+03 0.000000000000000000e+00
1.730000114440917969e+01 -2.000046014785766602e+00 0.000000000000000000e+00 -9.995794389396905899e-04 -1.720294728875160217e-02 -1.999950885772705078e+00 0.000000000000000000e+00 1.000000000000000000e+01 8.191000000000000000e+03 0.000000000000000000e+00
1.739999961853027344e+01 -2.000039100646972656e+00 0.000000000000000000e+00 -9.995118016377091408e-04 -1.730289869010448456e-02 -1.999950885772705078e+00 0.000000000000000000e+00 1.000000000000000000e+01 8.191000000000000000e+03 0.000000000000000000e+00
1.750000000000000000e+01 -2.000046968460083008e+00 0.000000000000000000e+00 -9.995526634156703949e-04 -1.740285381674766541e-02 -1.999950885772705078e+00 0.000000000000000000e+00 1.000000000000000000e+01 8.191000000000000000e+03 0.000000000000000000e+00
1.760000038146972656e+01 -2.000040769577026367e+00 0.000000000000000000e+00 -9.995253058150410652e-04 -1.750280708074569702e-02 -1.999950885772705078e+00 0.000000000000000000e+00 1.000000000000000000e+01 8.191000000000000000e+03 0.000000000000000000e+00
1.770000076293945312e+01 -2.000059127807617188e+00 0.000000000000000000e+00 -9.995492873713374138e-04 -1.760276034474372864e-02 -1.999950885772705078e+00 0.000000000000000000e+00 1.000000000000000000e+01 8.191000000000000000e+03 0.000000000000000000e+00
1.780000114440917969e+01 -2.000053644180297852e+00 0.000000000000000000e+00 -9.995530126616358757e-04 -1.770271547138690948e-02 -1.999950885772705078e+00 0.000000000000000000e+00 1.000000000000000000e+01 8.191000000000000000e+03 0.000000000000000000e+00
1.789999961853027344e+01 -2.000061988830566406e+00 0.000000000000000000e+00 -9.995173895731568336e-04 -1.780266873538494110e-02 -1.999950885772705078e+00 0.000000000000000000e+00 1.000000000000000000e+01 8.191000000000000000e+03 0.000000000000000000e+00
1.800000000000000000e+01 -2.000061750411987305e+00 0.000000000000000000e+00 -9.995070286095142365e-04 -1.790261827409267426e-02 -1.999950885772705078e+00 0.000000000000000000e+00 1.000000000000000000e+01 8.191000000000000000e+03 0.000000000000000000e+00
1.810000038146972656e+01 -2.000068902969360352e+00 0.000000000000000000e+00 -9.995232103392481804e-04 -1.800257153809070587e-02 -1.999950885772705078e+00 0.000000000000000000e+00 1.000000000000000000e+01 8.191000000000000000e+03 0.000000000000000000e+00
1.820000076293945312e+01 -2.000056743621826172e+00 0.000000000000000000e+00 -9.995737345889210701e-04 -1.810252852737903595e-02 -1.999950885772705078e+00 0.000000000000000000e+00 1.000000000000000000e+01 8.191000000000000000e+03 0.000000000000000000e+00
1.830000114440917969e+01 -2.000053167343139648e+00 0.000000000000000000e+00 -9.995126165449619293e-04 -1.820247992873191833e-02 -1.999950885772705078e+00 0.000000000000000000e+00 1.000000000000000000e+01 8.191000000000000000e+03 0.000000000000000000e+00
1.839999961853027344e+01 -2.000059127807617188e+00 0.000000000000000000e+00 -9.995076106861233711e-04 -1.830243133008480072e-02 -1.999950885772705078e+00 0.000000000000000000e+00 1.000000000000000000e+01 8.191000000000000000e+03 0.000000000000000000e+00
1.850000000000000000e+01 -2.000054359436035156e+00 0.000000000000000000e+00 -9.995029540732502937e-04 -1.840238086879253387e-02 -1.999950885772705078e+00 0.000000000000000000e+00 1.000000000000000000e+01 8.191000000000000000e+03 0.000000000000000000e+00
1.860000038146972656e+01 -2.000066280364990234e+00 0.000000000000000000e+00 -9.995468426495790482e-04 -1.850233599543571472e-02 -1.999950885772705078e+00 0.000000000000000000e+00 1.000000000000000000e+01 8.191000000000000000e+03 0.000000000000000000e+00
1.870000076293945312e+01 -2.000058650970458984e+00 0.000000000000000000e+00 -9.995790896937251091e-04 -1.860229298472404480e-02 -1.999950885772705078e+00 0.000000000000000000e+00 1.000000000000000000e+01 8.191000000000000000e+03 0.000000000000000000e+00
1.880000114440917969e+01 -2.000059604644775391e+00 0.000000000000000000e+00 -9.995239088311791420e-04 -1.870224624872207642e-02 -1.999950885772705078e+00 0.000000000000000000e+00 1.000000000000000000e+01 8.191000000000000000e+03 0.000000000000000000e+00
1.889999961853027344e+01 -2.000054359436035156e+00 0.000000000000000000e+00 -9.995159925892949104e-04 -1.880219765007495880e-02 -1.999950885772705078e+00 0.000000000000000000e+00 1.000000000000000000e+01 8.191000000000000000e+03 0.000000000000000000e+00
1.900000000000000000e+01 -2.000067234039306641e+00 0.000000000000000000e+00 -9.995568543672561646e-04 -1.890215277671813965e-02 -1.999950885772705078e+00 0.000000000000000000e+00 1.000000000000000000e+01 8.191000000000000000e+03 0.000000000000000000e+00
1.910000038146972656e+01 -2.000061988830566406e+00 0.000000000000000000e+00 -9.995939908549189568e-04 -1.900211162865161896e-02 -1.999950885772705078e+00 0.000000000000000000e+00 1.000000000000000000e+01 8.191000000000000000e+03 0.000000000000000000e+00
1.920000076293945312e+01 -2.000046968460083008e+00 0.000000000000000000e+00 -9.995264699682593346e-04 -1.910206489264965057e-02 -1.999950885772705078e+00 0.000000000000000000e+00 1.000000000000000000e+01 8.191000000000000000e+03 0.000000000000000000e+00
1.930000114440917969e+01 -2.000058174133300781e+00 0.000000000000000000e+00 -9.995329892262816429e-04 -1.920201815664768219e-02 -1.999950885772705078e+00 0.000000000000000000e+00 1.000000000000000000e+01 8.191000000000000000e+03 0.000000000000000000e+00
1.939999961853027344e+01 -2.000053167343139648e+00 0.000000000000000000e+00 -9.994750143960118294e-04 -1.930196583271026611e-02 -1.999950885772705078e+00 0.000000000000000000e+00 1.000000000000000000e+01 8.191000000000000000e+03 0.000000000000000000e+00
1.950000000000000000e+01 -2.000056505203247070e+00 0.000000000000000000e+00 -9.994757128879427910e-04 -1.940191350877285004e-02 -1.999950885772705078e+00 0.000000000000000000e+00 1.000000000000000000e+01 8.191000000000000000e+03 0.000000000000000000e+00
1.960000038146972656e+01 -2.000047206878662109e+00 0.000000000000000000e+00 -9.994663996621966362e-04 -1.950185932219028473e-02 -1.999950885772705078e+00 0.000000000000000000e+00 1.000000000000000000e+01 8.191000000000000000e+03 0.000000000000000000e+00
1.970000076293945312e+01 -2.000049352645874023e+00 0.000000000000000000e+00 -9.994741994887590408e-04 -1.960180699825286865e-02 -1.999950885772705078e+00 0.000000000000000000e+00 1.000000000000000000e+01 8.191000000000000000e+03 0.000000000000000000e+00
1.980000114440917969e+01 -2.000058412551879883e+00 0.000000000000000000e+00 -9.995034197345376015e-04 -1.970175839960575104e-02 -1.999950885772705078e+00 0.000000000000000000e+00 1.000000000000000000e+01 8.191000000000000000e+03 0.000000000000000000e+00
1.989999961853027344e+01 -2.000055313110351562e+00 0.000000000000000000e+00 -9.994871215894818306e-04 -1.980170607566833496e-02 -1.999950885772705078e+00 0.000000000000000000e+00 1.000000000000000000e+01 8.191000000000000000e+03 0.000000000000000000e+00
2.000000000000000000e+01 -2.000061750411987305e+00 0.000000000000000000e+00 -9.995225118473172188e-04 -1.990165933966636658e-02 -1.999950885772705078e+00 0.000000000000000000e+00 1.000000000000000000e+01 8.191000000000000000e+03 0.000000000000000000e+00
2.010000038146972656e+01 -2.000057220458984375e+00 0.000000000000000000e+00 -9.994971333071589470e-04 -2.000160887837409973e-02 -1.999950885772705078e+00 0.000000000000000000e+00 1.000000000000000000e+01 8.191000000000000000e+03 0.000000000000000000e+00
2.020000076293945312e+01 -2.000058412551879883e+00 0.000000000000000000e+00 -9.995639557018876076e-04 -2.010156586766242981e-02 -1.999950885772705078e+00 0.000000000000000000e+00 1.000000000000000000e+01 8.191000000000000000e+03 0.000000000000000000e+00
2.030000114440917969e+01 -2.000050306320190430e+00 0.000000000000000000e+00 -9.995783912017941475e-04 -2.020152285695075989e-02 -1.999950885772705078e+00 0.000000000000000000e+00 1.000000000000000000e+01 8.191000000000000000e+03 0.000000000000000000e+00
2.039999961853027344e+01 -2.000048637390136719e+00 0.000000000000000000e+00 -9.995393920689821243e-04 -2.030147612094879150e-02 -1.999950885772705078e+00 0.000000000000000000e+00 1.000000000000000000e+01 8.191000000000000000e+03 0.000000000000000000e+00
2.050000000000000000e+01 -2.000048875808715820e+00 0.000000000000000000e+00 -9.995391592383384705e-04 -2.040143124759197235e-02 -1.999950885772705078e+00 0.000000000000000000e+00 1.000000000000000000e+01 8.191000000000000000e+03 0.000000000000000000e+00
2.060000038146972656e+01 -2.000071763992309570e+00 0.000000000000000000e+00 -9.995294967666268349e-04 -2.050138451159000397e-02 -1.999950885772705078e+00 0.000000000000000000e+00 1.000000000000000000e+01 8.191000000000000000e+03 0.000000000000000000e+00
2.070000076293945312e+01 -2.000066280364990234e+00 0.000000000000000000e+00 -9.995315922424197197e-04 -2.060133777558803558e-02 -1.999950885772705078e+00 0.000000000000000000e+00 1.000000000000000000e+01 8.191000000000000000e+03 0.000000000000000000e+00
2.080000114440917969e+01 -2.000067710876464844e+00 0.000000000000000000e+00 -9.994852589443325996e-04 -2.070128545165061951e-02 -1.999950885772705078e+00 0.000000000000000000e+00 1.000000000000000000e+01 8.191000000000000000e+03 0.000000000000000000e+00
2.089999961853027344e+01 -2.000052690505981445e+00 0.000000000000000000e+00 -9.994532447308301926e-04 -2.080123126506805420e-02 -1.999950885772705078e+00 0.000000000000000000e+00 1.000000000000000000e+01 8.191000000000000000e+03 0.000000000000000000e+00
2.100000000000000000e+01 -2.000057935714721680e+00 0.000000000000000000e+00 -9.995430009439587593e-04 -2.090118452906608582e-02 -1.999950885772705078e+00 0.000000000000000000e+00 1.000000000000000000e+01 8.191000000000000000e+03 0.000000000000000000e+00
2.110000038146972656e+01 -2.000057697296142578e+00 0.000000000000000000e+00 -9.995248401537537575e-04 -2.100113779306411743e-02 -1.999950885772705078e+00 0.000000000000000000e+00 1.000000000000000000e+01 8.191000000000000000e+03 0.000000000000000000e+00
2.120000076293945312e+01 -2.000045061111450195e+00 0.000000000000000000e+00 -9.994540596380829811e-04 -2.110108360648155212e-02 -1.999950885772705078e+00 0.000000000000000000e+00 1.000000000000000000e+01 8.191000000000000000e+03 0.000000000000000000e+00
2.130000114440917969e+01 -2.000040292739868164e+00 0.000000000000000000e+00 -9.995001601055264473e-04 -2.120103314518928528e-02 -1.999950885772705078e+00 0.000000000000000000e+00 1.000000000000000000e+01 8.191000000000000000e+03 0.000000000000000000e+00
2.139999961853027344e+01 -2.000045299530029297e+00 0.000000000000000000e+00 -9.995145956054329872e-04 -2.130098454654216766e-02 -1.999950885772705078e+00 0.000000000000000000e+00 1.000000000000000000e+01 8.191000000000000000e+03 0.000000000000000000e+00
2.150000000000000000e+01 -2.000054836273193359e+00 0.000000000000000000e+00 -9.995365981012582779e-04 -2.140093781054019928e-02 -1.999950885772705078e+00 0.000000000000000000e+00 1.000000000000000000e+01 8.191000000000000000e+03 0.000000000000000000e+00
2.160000038146972656e+01 -2.000046968460083008e+00 0.000000000000000000e+00 -9.995438158512115479e-04 -2.150089293718338013e-02 -1.999950885772705078e+00 0.000000000000000000e+00 1.000000000000000000e+01 8.191000000000000000e+03 0.000000000000000000e+00
2.170000076293945312e+01 -2.000038862228393555e+00 0.000000000000000000e+00 -9.994520805776119232e-04 -2.160083688795566559e-02 -1.999950885772705078e+00 0.000000000000000000e+00 1.000000000000000000e+01 8.191000000000000000e+03 0.000000000000000000e+00
2.180000114440917969e+01 -2.000054121017456055e+00 0.000000000000000000e+00 -9.995104046538472176e-04 -2.170078828930854797e-02 -1.999950885772705078e+00 0.000000000000000000e+00 1.000000000000000000e+01 8.191000000000000000e+03 0.000000000000000000e+00
2.189999961853027344e+01 -2.000067472457885742e+00 0.000000000000000000e+00 -9.994612773880362511e-04 -2.180073410272598267e-02 -1.999950885772705078e+00 0.000000000000000000e+00 1.000000000000000000e+01 8.191000000000000000e+03 0.000000000000000000e+00
2.200000000000000000e+01 -2.000055551528930664e+00 0.000000000000000000e+00 -9.994700085371732712e-04 -2.190068177878856659e-02 -1.999950885772705078e+00 0.000000000000000000e+00 1.000000000000000000e+01 8.191000000000000000e+03 0.000000000000000000e+00
2.210000038146972656e+01 -2.000064134597778320e+00 0.000000000000000000e+00 -9.995029540732502937e-04 -2.200063131749629974e-02 -1.999950885772705078e+00 0.000000000000000000e+00 1.000000000000000000e+01 8.191000000000000000e+03 0.000000000000000000e+00
2.220000076293945312e+01 -2.000049591064453125e+00 0.000000000000000000e+00 -9.994975989684462547e-04 -2.210058271884918213e-02 -1.999950885772705078e+00 0.000000000000000000e+00 1.000000000000000000e+01 8.191000000000000000e+03 0.000000000000000000e+00
2.230000114440917969e+01 -2.000041007995605469e+00 0.000000000000000000e+00 -9.994362480938434601e-04 -2.220052480697631836e-02 -1.999950885772705078e+00 0.000000000000000000e+00 1.000000000000000000e+01 8.191000000000000000e+03 0.000000000000000000e+00
2.239999961853027344e+01 -2.000058412551879883e+00 0.000000000000000000e+00 -9.994686115533113480e-04 -2.230047248303890228e-02 -1.999950885772705078e+00 0.000000000000000000e+00 1.000000000000000000e+01 8.191000000000000000e+03 0.000000000000000000e+00
2.250000000000000000e+01 -2.000060796737670898e+00 0.000000000000000000e+00 -9.994962019845843315e-04 -2.240042202174663544e-02 -1.999950885772705078e+00 0.000000000000000000e+00 1.000000000000000000e+01 8.191000000000000000e+03 0.000000000000000000e+00
2.260000038146972656e+01 -2.000073432922363281e+00 0.000000000000000000e+00 -9.995001601055264473e-04 -2.250037156045436859e-02 -1.999950885772705078e+00 0.000000000000000000e+00 1.000000000000000000e+01 8.191000000000000000e+03 0.000000000000000000e+00
2.270000076293945312e+01 -2.000056266784667969e+00 0.000000000000000000e+00 -9.994769934564828873e-04 -2.260031923651695251e-02 -1.999950885772705078e+00 0.000000000000000000e+00 1.000000000000000000e+01 8.191000000000000000e+03 0.000000000000000000e+00
2.280000114440917969e+01 -2.000061035156250000e+00 0.000000000000000000e+00 -9.995267027989029884e-04 -2.270027250051498413e-02 -1.999950885772705078e+00 0.000000000000000000e+00 1.000000000000000000e+01 8.191000000000000000e+03 0.000000000000000000e+00
2.289999961853027344e+01 -2.000059843063354492e+00 0.000000000000000000e+00 -9.994939900934696198e-04 -2.280022203922271729e-02 -1.999950885772705078e+00 0.000000000000000000e+00 1.000000000000000000e+01 8.191000000000000000e+03 0.000000000000000000e+00
2.300000000000000000e+01 -2.000051736831665039e+00 0.000000000000000000e+00 -9.995053987950086594e-04 -2.290017157793045044e-02 -1.999950885772705078e+00 0.000000000000000000e+00 1.000000000000000000e+01 8.191000000000000000e+03 0.000000000000000000e+00
2.310000038146972656e+01 -2.000058650970458984e+00 0.000000000000000000e+00 -9.994738502427935600e-04 -2.300011925399303436e-02 -1.999950885772705078e+00 0.000000000000000000e+00 1.000000000000000000e+01 8.191000000000000000e+03 0.000000000000000000e+00
2.320000076293945312e+01 -2.000063180923461914e+00 0.000000000000000000e+00 -9.994608117267489433e-04 -2.310006506741046906e-02 -1.999950885772705078e+00 0.000000000000000000e+00 1.000000000000000000e+01 8.191000000000000000e+03 0.000000000000000000e+00
2.330000114440917969e+01 -2.000066518783569336e+00 0.000000000000000000e+00 -9.994622087106108665e-04 -2.320001274347305298e-02 -1.999950885772705078e+00 0.000000000000000000e+00 1.000000000000000000e+01 8.191000000000000000e+03 0.000000000000000000e+00
2.339999961853027344e+01 -2.000058412551879883e+00 0.000000000000000000e+00 -9.994569700211286545e-04 -2.329995855689048767e-02 -1.999950885772705078e+00 0.000000000000000000e+00 1.000000000000000000e+01 8.191000000000000000e+03 0.000000000000000000e+00
2.350000000000000000e+01 -2.000065326690673828e+00 0.000000000000000000e+00 -9.994760621339082718e-04 -2.339990437030792236e-02 -1.999950885772705078e+00 0.000000000000000000e+00 1.000000000000000000e+01 8.191000000000000000e+03 0.000000000000000000e+00
2.360000038146972656e+01 -2.000061750411987305e+00 0.000000000000000000e+00 -9.994573192670941353e-04 -2.349985018372535706e-02 -1.999950885772705078e+00 0.000000000000000000e+00 1.000000000000000000e+01 8.191000000000000000e+03 0.000000000000000000e+00
2.370000076293945312e+01 -2.000060081481933594e+00 0.000000000000000000e+00 -9.994981810450553894e-04 -2.359980158507823944e-02 -1.999950885772705078e+00 0.000000000000000000e+00 1.000000000000000000e+01 8.191000000000000000e+03 0.000000000000000000e+00
2.380000114440917969e+01 -2.000055074691772461e+00 0.000000000000000000e+00 -9.995017899200320244e-04 -2.369975112378597260e-02 -1.999950885772705078e+00 0.000000000000000000e+00 1.000000000000000000e+01 8.191000000000000000e+03 0.000000000000000000e+00
2.389999961853027344e+01 -2.000061988830566406e+00 0.000000000000000000e+00 -9.995192522183060646e-04 -2.379970252513885498e-02 -1.999950885772705078e+00 0.000000000000000000e+00 1.000000000000000000e+01 8.191000000000000000e+03 0.000000000000000000e+00
2.400000000000000000e+01 -2.000036954879760742e+00 0.000000000000000000e+00 -9.994179708883166313e-04 -2.389964461326599121e-02 -1.999950885772705078e+00 0.000000000000000000e+00 1.000000000000000000e+01 8.191000000000000000e+03 0.000000000000000000e+00
2.410000038146972656e+01 -2.000065088272094727e+00 0.000000000000000000e+00 -9.994280990213155746e-04 -2.399958670139312744e-02 -1.999950885772705078e+00 0.000000000000000000e+00 1.000000000000000000e+01 8.191000000000000000e+03 0.000000000000000000e+00
2.420000076293945312e+01 -2.000056266784667969e+00 0.000000000000000000e+00 -9.994442807510495186e-04 -2.409953251481056213e-02 -1.999950885772705078e+00 0.000000000000000000e+00 1.000000000000000000e+01 8.191000000000000000e+03 0.000000000000000000e+00
2.430000114440917969e+01 -2.000057458877563477e+00 0.000000000000000000e+00 -9.994694264605641365e-04 -2.419947832822799683e-02 -1.999950885772705078e+00 0.000000000000000000e+00 1.000000000000000000e+01 8.191000000000000000e+03 0.000000000000000000e+00
2.439999961853027344e+01 -2.000046253204345703e+00 0.000000000000000000e+00 -9.994755964726209641e-04 -2.429942600429058075e-02 -1.999950885772705078e+00 0.000000000000000000e+00 1.000000000000000000e+01 8.191000000000000000e+03 0.000000000000000000e+00
2.450000000000000000e+01 -2.000065088272094727e+00 0.000000000000000000e+00 -9.994927095249295235e-04 -2.439937554299831390e-02 -1.999950885772705078e+00 0.000000000000000000e+00 1.000000000000000000e+01 8.191000000000000000e+03 0.000000000000000000e+00
2.460000038146972656e+01 -2.000058412551879883e+00 0.000000000000000000e+00 -9.994490537792444229e-04 -2.449932135641574860e-02 -1.999950885772705078e+00 0.000000000000000000e+00 1.000000000000000000e+01 8.191000000000000000e+03 0.000000000000000000e+00
2.470000076293945312e+01 -2.000053882598876953e+00 0.000000000000000000e+00 -9.994170395657420158e-04 -2.459926158189773560e-02 -1.999950885772705078e+00 0.000000000000000000e+00 1.000000000000000000e+01 8.191000000000000000e+03 0.000000000000000000e+00
2.480000114440917969e+01 -2.000049591064453125e+00 0.000000000000000000e+00 -9.994393913075327873e-04 -2.469920553267002106e-02 -1.999950885772705078e+00 0.000000000000000000e+00 1.000000000000000000e+01 8.191000000000000000e+03 0.000000000000000000e+00
2.489999961853027344e+01 -2.000051021575927734e+00 0.000000000000000000e+00 -9.994548745453357697e-04 -2.479915134608745575e-02 -1.999950885772705078e+00 0.000000000000000000e+00 1.000000000000000000e+01 8.191000000000000000e+03 0.000000000000000000e+00
2.500000000000000000e+01 -2.000054359436035156e+00 0.000000000000000000e+00 -9.994809515774250031e-04 -2.489909902215003967e-02 -1.999950885772705078e+00 0.000000000000000000e+00 1.000000000000000000e+01 8.191000000000000000e+03 0.000000000000000000e+00
2.510000038146972656e+01 -2.000065565109252930e+00 0.000000000000000000e+00 -9.994478896260261536e-04 -2.499904483556747437e-02 -1.999950885772705078e+00 0.000000000000000000e+00 1.000000000000000000e+01 8.191000000000000000e+03 0.000000000000000000e+00
2.520000076293945312e+01 -2.000063657760620117e+00 0.000000000000000000e+00 -9.994730353355407715e-04 -2.509899251163005829e-02 -1.999950885772705078e+00 0.000000000000000000e+00 1.000000000000000000e+01 8.191000000000000000e+03 0.000000000000000000e+00
2.530000114440917969e+01 -2.000059127807617188e+00 0.000000000000000000e+00 -9.994454449042677879e-04 -2.519893646240234375e-02 -1.999950885772705078e+00 0.000000000000000000e+00 1.000000000000000000e+01 8.191000000000000000e+03 0.000000000000000000e+00
2.539999961853027344e+01 -2.000055551528930664e+00 0.000000000000000000e+00 -9.994755964726209641e-04 -2.529888413846492767e-02 -1.999950885772705078e+00 0.000000000000000000e+00 1.000000000000000000e+01 8.191000000000000000e+03 0.000000000000000000e+00
2.550000000000000000e+01 -2.000051498413085938e+00 0.000000000000000000e+00 -9.995290311053395271e-04 -2.539883740246295929e-02 -1.999950885772705078e+00 0.000000000000000000e+00 1.000000000000000000e+01 8.191000000000000000e+03 0.000000000000000000e+00
2.560000038146972656e+01 -2.000059843063354492e+00 0.000000000000000000e+00 -9.995551081374287605e-04 -2.549879252910614014e-02 -1.999950885772705078e+00 0.000000000000000000e+00 1.000000000000000000e+01 8.191000000000000000e+03 0.000000000000000000e+00
2.570000076293945312e+01 -2.000051975250244141e+00 0.000000000000000000e+00 -9.994860738515853882e-04 -2.559874020516872406e-02 -1.999950885772705078e+00 0.000000000000000000e+00 1.000000000000000000e+01 8.191000000000000000e+03 0.000000000000000000e+00
2.580000114440917969e+01 -2.000055789947509766e+00 0.000000000000000000e+00 -9.994769934564828873e-04 -2.569868974387645721e-02 -1.999950885772705078e+00 0.000000000000000000e+00 1.000000000000000000e+01 8.191000000000000000e+03 0.000000000000000000e+00
2.589999961853027344e+01 -2.000057220458984375e+00 0.000000000000000000e+00 -9.995109867304563522e-04 -2.579863928258419037e-02 -1.999950885772705078e+00 0.000000000000000000e+00 1.000000000000000000e+01 8.191000000000000000e+03 0.000000000000000000e+00
2.600000000000000000e+01 -2.000057458877563477e+00 0.000000000000000000e+00 -9.994514985010027885e-04 -2.589858509600162506e-02 -1.999950885772705078e+00 0.000000000000000000e+00 1.000000000000000000e+01 8.191000000000000000e+03 0.000000000000000000e+00
2.610000038146972656e+01 -2.000050783157348633e+00 0.000000000000000000e+00 -9.994880529120564461e-04 -2.599853463470935822e-02 -1.999950885772705078e+00 0.000000000000000000e+00 1.000000000000000000e+01 8.191000000000000000e+03 0.000000000000000000e+00
2.620000076293945312e+01 -2.000046253204345703e+00 0.000000000000000000e+00 -9.994540596380829811e-04 -2.609847858548164368e-02 -1.999950885772705078e+00 0.000000000000000000e+00 1.000000000000000000e+01 8.191000000000000000e+03 0.000000000000000000e+00
2.630000114440917969e+01 -2.000040054321289062e+00 0.000000000000000000e+00 -9.994921274483203888e-04 -2.619842812418937683e-02 -1.999950885772705078e+00 0.000000000000000000e+00 1.000000000000000000e+01 8.191000000000000000e+03 0.000000000000000000e+00
2.639999961853027344e+01 -2.000043153762817383e+00 0.000000000000000000e+00 -9.994814172387123108e-04 -2.629837580025196075e-02 -1.999950885772705078e+00 0.000000000000000000e+00 1.000000000000000000e+01 8.191000000000000000e+03 0.000000000000000000e+00
2.650000000000000000e+01 -2.000040531158447266e+00 0.000000000000000000e+00 -9.994832798838615417e-04 -2.639832533895969391e-02 -1.999950885772705078e+00 0.000000000000000000e+00 1.000000000000000000e+01 8.191000000000000000e+03 0.000000000000000000e+00
2.660000038146972656e+01 -2.000050067901611328e+00 0.000000000000000000e+00 -9.995095897465944290e-04 -2.649827674031257629e-02 -1.999950885772705078e+00 0.000000000000000000e+00 1.000000000000000000e+01 8.191000000000000000e+03 0.000000000000000000e+00
2.670000076293945312e+01 -2.000051498413085938e+00 0.000000000000000000e+00 -9.995407890528440475e-04 -2.659823000431060791e-02 -1.999950885772705078e+00 0.000000000000000000e+00 1.000000000000000000e+01 8.191000000000000000e+03 0.000000000000000000e+00
2.680000114440917969e+01 -2.000041961669921875e+00 0.000000000000000000e+00 -9.995137806981801987e-04 -2.669818140566349030e-02 -1.999950885772705078e+00 0.000000000000000000e+00 1.000000000000000000e+01 8.191000000000000000e+03 0.000000000000000000e+00
2.689999961853027344e+01 -2.000049829483032227e+00 0.000000000000000000e+00 -9.994929423555731773e-04 -2.679813094437122345e-02 -1.999950885772705078e+00 0.000000000000000000e+00 1.000000000000000000e+01 8.191000000000000000e+03 0.000000000000000000e+00
2.700000000000000000e+01 -2.000060796737670898e+00 0.000000000000000000e+00 -9.994907304644584656e-04 -2.689808048307895660e-02 -1.999950885772705078e+00 0.000000000000000000e+00 1.000000000000000000e+01 8.191000000000000000e+03 0.000000000000000000e+00
2.710000038146972656e+01 -2.000061988830566406e+00 0.000000000000000000e+00 -9.994498686864972115e-04 -2.699802443385124207e-02 -1.999950885772705078e+00 0.000000000000000000e+00 1.000000000000000000e+01 8.191000000000000000e+03 0.000000000000000000e+00
2.720000076293945312e+01 -2.000054597854614258e+00 0.000000000000000000e+00 -9.994456777349114418e-04 -2.709797024726867676e-02 -1.999950885772705078e+00 0.000000000000000000e+00 1.000000000000000000e+01 8.191000000000000000e+03 0.000000000000000000e+00
2.730000114440917969e+01 -2.000068187713623047e+00 0.000000000000000000e+00 -9.994885185733437538e-04 -2.719791792333126068e-02 -1.999950885772705078e+00 0.000000000000000000e+00 1.000000000000000000e+01 8.191000000000000000e+03 0.000000000000000000e+00
2.739999961853027344e+01 -2.000062704086303711e+00 0.000000000000000000e+00 -9.994645370170474052e-04 -2.729786373674869537e-02 -1.999950885772705078e+00 0.000000000000000000e+00 1.000000000000000000e+01 8.191000000000000000e+03 0.000000000000000000e+00
2.750000000000000000e+01 -2.000051021575927734e+00 0.000000000000000000e+00 -9.994622087106108665e-04 -2.739781141281127930e-02 -1.999950885772705078e+00 0.000000000000000000e+00 1.000000000000000000e+01 8.191000000000000000e+03 0.000000000000000000e+00
2.760000038146972656e+01 -2.000044345855712891e+00 0.000000000000000000e+00 -9.993927087634801865e-04 -2.749774977564811707e-02 -1.999950885772705078e+00 0.000000000000000000e+00 1.000000000000000000e+01 8.191000000000000000e+03 0.000000000000000000e+00
2.770000076293945312e+01 -2.000053882598876953e+00 0.000000000000000000e+00 -9.994474239647388458e-04 -2.759769558906555176e-02 -1.999950885772705078e+00 0.000000000000000000e+00 1.000000000000000000e+01 8.191000000000000000e+03 0.000000000000000000e+00
2.780000114440917969e+01 -2.000051021575927734e+00 0.000000000000000000e+00 -9.994255378842353821e-04 -2.769763767719268799e-02 -1.999950885772705078e+00 0.000000000000000000e+00 1.000000000000000000e+01 8.191000000000000000e+03 0.000000000000000000e+00
2.789999961853027344e+01 -2.000057458877563477e+00 0.000000000000000000e+00 -9.994752472266554832e-04 -2.779758535325527191e-02 -1.999950885772705078e+00 0.000000000000000000e+00 1.000000000000000000e+01 8.191000000000000000e+03 0.000000000000000000e+00
2.800000000000000000e+01 -2.000057458877563477e+00 0.000000000000000000e+00 -9.994520805776119232e-04 -2.789752930402755737e-02 -1.999950885772705078e+00 0.000000000000000000e+00 1.000000000000000000e+01 8.191000000000000000e+03 0.000000000000000000e+00
2.810000038146972656e+01 -2.000074386596679688e+00 0.000000000000000000e+00 -9.994931751862168312e-04 -2.799747884273529053e-02 -1.999950885772705078e+00 0.000000000000000000e+00 1.000000000000000000e+01 8.191000000000000000e+03 0.000000000000000000e+00
2.820000076293945312e+01 -2.000063657760620117e+00 0.000000000000000000e+00 -9.994393913075327873e-04 -2.809742279350757599e-02 -1.999950885772705078e+00 0.000000000000000000e+00 1.000000000000000000e+01 8.191000000000000000e+03 0.000000000000000000e+00
2.830000114440917969e+01 -2.000061273574829102e+00 0.000000000000000000e+00 -9.994722204282879829e-04 -2.819737046957015991e-02 -1.999950885772705078e+00 0.000000000000000000e+00 1.000000000000000000e+01 8.191000000000000000e+03 0.000000000000000000e+00
2.839999961853027344e+01 -2.000055074691772461e+00 0.000000000000000000e+00 -9.994923602789640427e-04 -2.829732000827789307e-02 -1.999950885772705078e+00 0.000000000000000000e+00 1.000000000000000000e+01 8.191000000000000000e+03 0.000000000000000000e+00
2.850000000000000000e+01 -2.000048875808715820e+00 0.000000000000000000e+00 -9.994608117267489433e-04 -2.839726582169532776e-02 -1.999950885772705078e+00 0.000000000000000000e+00 1.000000000000000000e+01 8.191000000000000000e+03 0.000000000000000000e+00
2.860000038146972656e+01 -2.000045299530029297e+00 0.000000000000000000e+00 -9.994714055210351944e-04 -2.849721349775791168e-02 -1.999950885772705078e+00 0.000000000000000000e+00 1.000000000000000000e+01 8.191000000000000000e+03 0.000000000000000000e+00
2.870000076293945312e+01 -2.000044584274291992e+00 0.000000000000000000e+00 -9.994828142225742340e-04 -2.859716117382049561e-02 -1.999950885772705078e+00 0.000000000000000000e+00 1.000000000000000000e+01 8.191000000000000000e+03 0.000000000000000000e+00
2.880000114440917969e+01 -2.000042915344238281e+00 0.000000000000000000e+00 -9.994439315050840378e-04 -2.869710512459278107e-02 -1.999950885772705078e+00 0.000000000000000000e+00 1.000000000000000000e+01 8.191000000000000000e+03 0.000000000000000000e+00
2.889999961853027344e+01 -2.000031232833862305e+00 0.000000000000000000e+00 -9.994007414206862450e-04 -2.879704535007476807e-02 -1.999950885772705078e+00 0.000000000000000000e+00 1.000000000000000000e+01 8.191000000000000000e+03 0.000000000000000000e+00
2.900000000000000000e+01 -2.000051975250244141e+00 0.000000000000000000e+00 -9.994448628276586533e-04 -2.889699116349220276e-02 -1.999950885772705078e+00 0.000000000000000000e+00 1.000000000000000000e+01 8.191000000000000000e+03 0.000000000000000000e+00
2.910000038146972656e+01 -2.000041246414184570e+00 0.000000000000000000e+00 -9.994440479204058647e-04 -2.899693511426448822e-02 -1.999950885772705078e+00 0.000000000000000000e+00 1.000000000000000000e+01 8.191000000000000000e+03 0.000000000000000000e+00
2.920000076293945312e+01 -2.000046730041503906e+00 0.000000000000000000e+00 -9.994261199608445168e-04 -2.909687720239162445e-02 -1.999950885772705078e+00 0.000000000000000000e+00 1.000000000000000000e+01 8.191000000000000000e+03 0.000000000000000000e+00
2.930000114440917969e+01 -2.000050067901611328e+00 0.000000000000000000e+00 -9.994608117267489433e-04 -2.919682301580905914e-02 -1.999950885772705078e+00 0.000000000000000000e+00 1.000000000000000000e+01 8.191000000000000000e+03 0.000000000000000000e+00
2.939999961853027344e+01 -2.000058889389038086e+00 0.000000000000000000e+00 -9.994705906137824059e-04 -2.929677069187164307e-02 -1.999950885772705078e+00 0.000000000000000000e+00 1.000000000000000000e+01 8.191000000000000000e+03 0.000000000000000000e+00
2.950000000000000000e+01 -2.000049352645874023e+00 0.000000000000000000e+00 -9.993924759328365326e-04 -2.939670905470848083e-02 -1.999950885772705078e+00 0.000000000000000000e+00 1.000000000000000000e+01 8.191000000000000000e+03 0.000000000000000000e+00
2.960000038146972656e+01 -2.000049829483032227e+00 0.000000000000000000e+00 -9.994029533118009567e-04 -2.949664928019046783e-02 -1.999950885772705078e+00 0.000000000000000000e+00 1.000000000000000000e+01 8.191000000000000000e+03 0.000000000000000000e+00
2.970000076293945312e+01 -2.000052452087402344e+00 0.000000000000000000e+00 -9.994062129408121109e-04 -2.959659136831760406e-02 -1.999950885772705078e+00 0.000000000000000000e+00 1.000000000000000000e+01 8.191000000000000000e+03 0.000000000000000000e+00
2.980000114440917969e+01 -2.000068187713623047e+00 0.000000000000000000e+00 -9.994140127673745155e-04 -2.969653159379959106e-02 -1.999950885772705078e+00 0.000000000000000000e+00 1.000000000000000000e+01 8.191000000000000000e+03 0.000000000000000000e+00
2.989999961853027344e+01 -2.000065803527832031e+00 0.000000000000000000e+00 -9.994101710617542267e-04 -2.979647368192672729e-02 -1.999950885772705078e+00 0.000000000000000000e+00 1.000000000000000000e+01 8.191000000000000000e+03 0.000000000000000000e+00
3.000000000000000000e+01 -2.000059604644775391e+00 0.000000000000000000e+00 -9.994446299970149994e-04 -2.989641763269901276e-02 -1.999950885772705078e+00 0.000000000000000000e+00 1.000000000000000000e+01 8.191000000000000000e+03 0.000000000000000000e+00
