5.000000000000000000e-01 -1.364967972040176392e-02 -1.364968065172433853e-02 0.000000000000000000e+00 0.000000000000000000e+00 8.191000000000000000e+03 0.000000000000000000e+00 2.757099866867065430e+00
1.000000000000000000e+00 -1.362374238669872284e-02 -1.229193340986967087e-02 0.000000000000000000e+00 0.000000000000000000e+00 8.191000000000000000e+03 0.000000000000000000e+00 2.757099866867065430e+00
1.500000000000000000e+00 -1.346772722899913788e-02 -1.117558684200048447e-02 0.000000000000000000e+00 0.000000000000000000e+00 8.191000000000000000e+03 0.000000000000000000e+00 2.757099866867065430e+00
2.000000000000000000e+00 -1.304035820066928864e-02 -1.026900019496679306e-02 0.000000000000000000e+00 0.000000000000000000e+00 8.191000000000000000e+03 0.000000000000000000e+00 2.757099866867065430e+00
2.500000000000000000e+00 -1.231233775615692139e-02 -9.497825056314468384e-03 0.000000000000000000e+00 0.000000000000000000e+00 8.191000000000000000e+03 0.000000000000000000e+00 2.757200002670288086e+00
3.000000000000000000e+00 -1.140698418021202087e-02 -8.697572164237499237e-03 0.000000000000000000e+00 0.000000000000000000e+00 8.191000000000000000e+03 0.000000000000000000e+00 2.757200002670288086e+00
3.500000000000000000e+00 -1.047989912331104279e-02 -8.137015625834465027e-03 0.000000000000000000e+00 0.000000000000000000e+00 8.191000000000000000e+03 0.000000000000000000e+00 2.757400035858154297e+00
4.000000000000000000e+00 -9.626506827771663666e-03 -7.668243255466222763e-03 0.000000000000000000e+00 0.000000000000000000e+00 8.191000000000000000e+03 0.000000000000000000e+00 2.757400035858154297e+00
4.500000000000000000e+00 -8.883120492100715637e-03 -7.089834194630384445e-03 0.000000000000000000e+00 0.000000000000000000e+00 8.191000000000000000e+03 0.000000000000000000e+00 2.757400035858154297e+00
5.000000000000000000e+00 -8.243703283369541168e-03 -6.562957074493169785e-03 0.000000000000000000e+00 0.000000000000000000e+00 8.191000000000000000e+03 0.000000000000000000e+00 2.757400035858154297e+00
5.500000000000000000e+00 -7.672979962080717087e-03 -6.040088832378387451e-03 0.000000000000000000e+00 0.000000000000000000e+00 8.191000000000000000e+03 0.000000000000000000e+00 2.757400035858154297e+00
6.000000000000000000e+00 -7.161439396440982819e-03 -6.968786474317312241e-03 0.000000000000000000e+00 0.000000000000000000e+00 8.191000000000000000e+03 0.000000000000000000e+00 2.757400035858154297e+00
6.500000000000000000e+00 -6.780871190130710602e-03 -6.643115077167749405e-03 0.000000000000000000e+00 0.000000000000000000e+00 8.191000000000000000e+03 0.000000000000000000e+00 2.757400035858154297e+00
7.000000000000000000e+00 -6.592386402189731598e-03 -5.943096242845058441e-03 0.000000000000000000e+00 0.000000000000000000e+00 8.191000000000000000e+03 0.000000000000000000e+00 2.757400035858154297e+00
7.500000000000000000e+00 -6.501486524939537048e-03 -5.585102364420890808e-03 0.000000000000000000e+00 0.000000000000000000e+00 8.191000000000000000e+03 0.000000000000000000e+00 2.757400035858154297e+00
8.000000000000000000e+00 -6.339129991829395294e-03 -5.263470113277435303e-03 0.000000000000000000e+00 0.000000000000000000e+00 8.191000000000000000e+03 0.000000000000000000e+00 2.757400035858154297e+00
8.500000000000000000e+00 -6.051623262465000153e-03 -5.110703408718109131e-03 0.000000000000000000e+00 0.000000000000000000e+00 8.191000000000000000e+03 0.000000000000000000e+00 2.757299900054931641e+00
9.000000000000000000e+00 -5.709575489163398743e-03 -4.897193517535924911e-03 0.000000000000000000e+00 0.000000000000000000e+00 8.191000000000000000e+03 0.000000000000000000e+00 2.757299900054931641e+00
9.500000000000000000e+00 -5.394584499299526215e-03 -4.742014221847057343e-03 0.000000000000000000e+00 0.000000000000000000e+00 8.191000000000000000e+03 0.000000000000000000e+00 2.757400035858154297e+00
1.000000000000000000e+01 -5.137625150382518768e-03 -4.569747019559144974e-03 0.000000000000000000e+00 0.000000000000000000e+00 8.191000000000000000e+03 0.000000000000000000e+00 2.757400035858154297e+00
1.050000000000000000e+01 -4.930552095174789429e-03 -4.466865677386522293e-03 0.000000000000000000e+00 0.000000000000000000e+00 8.191000000000000000e+03 0.000000000000000000e+00 2.757299900054931641e+00
1.100000000000000000e+01 -4.756839945912361145e-03 -4.319386556744575500e-03 0.000000000000000000e+00 0.000000000000000000e+00 8.191000000000000000e+03 0.000000000000000000e+00 2.757299900054931641e+00
1.150000000000000000e+01 -4.605673719197511673e-03 -4.240289796143770218e-03 0.000000000000000000e+00 0.000000000000000000e+00 8.191000000000000000e+03 0.000000000000000000e+00 2.757299900054931641e+00
1.200000000000000000e+01 -4.471161868423223495e-03 -4.104073625057935715e-03 0.000000000000000000e+00 0.000000000000000000e+00 8.191000000000000000e+03 0.000000000000000000e+00 2.757299900054931641e+00
1.250000000000000000e+01 -4.348119720816612244e-03 -3.974917344748973846e-03 0.000000000000000000e+00 0.000000000000000000e+00 8.191000000000000000e+03 0.000000000000000000e+00 2.757299900054931641e+00
1.300000000000000000e+01 -4.229568876326084137e-03 -3.849359462037682533e-03 0.000000000000000000e+00 0.000000000000000000e+00 8.191000000000000000e+03 0.000000000000000000e+00 2.757299900054931641e+00
1.350000000000000000e+01 -4.109343513846397400e-03 -3.722953842952847481e-03 0.000000000000000000e+00 0.000000000000000000e+00 8.191000000000000000e+03 0.000000000000000000e+00 2.757299900054931641e+00
1.400000000000000000e+01 -3.985609393566846848e-03 -3.594391746446490288e-03 0.000000000000000000e+00 0.000000000000000000e+00 8.191000000000000000e+03 0.000000000000000000e+00 2.757299900054931641e+00
1.450000000000000000e+01 -3.860754193738102913e-03 -3.532708156853914261e-03 0.000000000000000000e+00 0.000000000000000000e+00 8.191000000000000000e+03 0.000000000000000000e+00 2.757299900054931641e+00
1.500000000000000000e+01 -3.739942796528339386e-03 -3.398572094738483429e-03 0.000000000000000000e+00 0.000000000000000000e+00 8.191000000000000000e+03 0.000000000000000000e+00 2.757299900054931641e+00
