2.000000029802322388e-01 -5.191151285544037819e-05 0.000000000000000000e+00 -1.062581650330685079e-04 3.129243850708007812e-07 0.000000000000000000e+00 1.200000000000000000e+01 8.191000000000000000e+03 0.000000000000000000e+00 0.000000000000000000e+00 2.757699966430664062e+00
4.000000059604644775e-01 1.005596388131380081e-02 0.000000000000000000e+00 -7.887651918281335384e-06 9.997349232435226440e-03 0.000000000000000000e+00 1.100000000000000000e+01 8.191000000000000000e+03 0.000000000000000000e+00 0.000000000000000000e+00 2.757699966430664062e+00
6.000000238418579102e-01 2.015369571745395660e-02 0.000000000000000000e+00 6.940705588931450620e-06 1.999438367784023285e-02 0.000000000000000000e+00 1.000000000000000000e+01 8.191000000000000000e+03 0.000000000000000000e+00 0.000000000000000000e+00 2.757699966430664062e+00
8.000000119209289551e-01 2.938514761626720428e-02 0.000000000000000000e+00 7.979310794326011091e-06 3.000391460955142975e-02 0.000000000000000000e+00 9.000000000000000000e+00 6.143000000000000000e+03 0.000000000000000000e+00 0.000000000000000000e+00 2.757699966430664062e+00
1.000000000000000000e+00 4.022166505455970764e-02 0.000000000000000000e+00 9.898942153085954487e-06 4.000094905495643616e-02 0.000000000000000000e+00 8.000000000000000000e+00 8.191000000000000000e+03 0.000000000000000000e+00 0.000000000000000000e+00 2.757699966430664062e+00
1.200000047683715820e+00 5.013351142406463623e-02 0.000000000000000000e+00 1.231567784998333082e-05 4.999798536300659180e-02 0.000000000000000000e+00 8.000000000000000000e+00 8.191000000000000000e+03 0.000000000000000000e+00 0.000000000000000000e+00 2.757699966430664062e+00
1.399999976158142090e+00 6.019478291273117065e-02 0.000000000000000000e+00 1.449627416150178760e-05 5.999501794576644897e-02 0.000000000000000000e+00 8.000000000000000000e+00 8.191000000000000000e+03 0.000000000000000000e+00 0.000000000000000000e+00 2.757699966430664062e+00
1.600000023841857910e+00 7.019190490245819092e-02 0.000000000000000000e+00 1.631785744393710047e-05 7.000455260276794434e-02 0.000000000000000000e+00 8.000000000000000000e+00 8.191000000000000000e+03 0.000000000000000000e+00 0.000000000000000000e+00 2.756899833679199219e+00
1.800000071525573730e+00 8.017626404762268066e-02 0.000000000000000000e+00 1.755121775204315782e-05 8.000158518552780151e-02 0.000000000000000000e+00 8.000000000000000000e+00 8.191000000000000000e+03 0.000000000000000000e+00 0.000000000000000000e+00 2.756899833679199219e+00
2.000000000000000000e+00 9.007379412651062012e-02 0.000000000000000000e+00 1.820226498239208013e-05 8.999861776828765869e-02 0.000000000000000000e+00 8.000000000000000000e+00 8.191000000000000000e+03 0.000000000000000000e+00 0.000000000000000000e+00 2.756899833679199219e+00
2.200000047683715820e+00 1.002056524157524109e-01 0.000000000000000000e+00 1.838134994613938034e-05 9.999565780162811279e-02 0.000000000000000000e+00 8.000000000000000000e+00 8.191000000000000000e+03 0.000000000000000000e+00 0.000000000000000000e+00 2.756899833679199219e+00
2.400000095367431641e+00 1.102015748620033264e-01 0.000000000000000000e+00 1.816332769521977752e-05 1.100051850080490112e-01 0.000000000000000000e+00 8.000000000000000000e+00 8.191000000000000000e+03 0.000000000000000000e+00 0.000000000000000000e+00 2.756899833679199219e+00
2.600000143051147461e+00 1.202026903629302979e-01 0.000000000000000000e+00 1.759555925673339516e-05 1.200022250413894653e-01 0.000000000000000000e+00 8.000000000000000000e+00 8.191000000000000000e+03 0.000000000000000000e+00 0.000000000000000000e+00 2.756799936294555664e+00
2.799999952316284180e+00 1.300771981477737427e-01 0.000000000000000000e+00 1.699339736660476774e-05 1.299992501735687256e-01 0.000000000000000000e+00 8.000000000000000000e+00 8.191000000000000000e+03 0.000000000000000000e+00 0.000000000000000000e+00 2.756799936294555664e+00
3.000000000000000000e+00 1.402438580989837646e-01 0.000000000000000000e+00 1.632988642086274922e-05 1.399962902069091797e-01 0.000000000000000000e+00 8.000000000000000000e+00 8.191000000000000000e+03 0.000000000000000000e+00 0.000000000000000000e+00 2.756799936294555664e+00
3.200000047683715820e+00 1.501720100641250610e-01 0.000000000000000000e+00 1.560343844175804406e-05 1.500058174133300781e-01 0.000000000000000000e+00 8.000000000000000000e+00 8.191000000000000000e+03 0.000000000000000000e+00 0.000000000000000000e+00 2.756799936294555664e+00
3.400000095367431641e+00 1.602878123521804810e-01 0.000000000000000000e+00 1.497650828241603449e-05 1.600028574466705322e-01 0.000000000000000000e+00 8.000000000000000000e+00 8.191000000000000000e+03 0.000000000000000000e+00 0.000000000000000000e+00 2.756799936294555664e+00
3.600000143051147461e+00 1.701931059360504150e-01 0.000000000000000000e+00 1.439989227947080508e-05 1.699998974800109863e-01 0.000000000000000000e+00 8.000000000000000000e+00 8.191000000000000000e+03 0.000000000000000000e+00 0.000000000000000000e+00 2.756799936294555664e+00
3.799999952316284180e+00 1.801652163267135620e-01 0.000000000000000000e+00 1.393998718413058668e-05 1.799969226121902466e-01 0.000000000000000000e+00 8.000000000000000000e+00 8.191000000000000000e+03 0.000000000000000000e+00 0.000000000000000000e+00 2.756799936294555664e+00
4.000000000000000000e+00 1.901492774486541748e-01 0.000000000000000000e+00 1.349574995401781052e-05 1.899939626455307007e-01 0.000000000000000000e+00 8.000000000000000000e+00 8.191000000000000000e+03 0.000000000000000000e+00 0.000000000000000000e+00 2.756799936294555664e+00
4.200000286102294922e+00 2.001927495002746582e-01 0.000000000000000000e+00 1.313491975452052429e-05 2.000034898519515991e-01 0.000000000000000000e+00 8.000000000000000000e+00 8.191000000000000000e+03 0.000000000000000000e+00 0.000000000000000000e+00 2.756799936294555664e+00
4.400000095367431641e+00 2.101551443338394165e-01 0.000000000000000000e+00 1.285128746530972421e-05 2.100005298852920532e-01 0.000000000000000000e+00 8.000000000000000000e+00 8.191000000000000000e+03 0.000000000000000000e+00 0.000000000000000000e+00 2.756799936294555664e+00
4.599999904632568359e+00 2.201341986656188965e-01 0.000000000000000000e+00 1.254213384527247399e-05 2.199975699186325073e-01 0.000000000000000000e+00 8.000000000000000000e+00 8.191000000000000000e+03 0.000000000000000000e+00 0.000000000000000000e+00 2.756799936294555664e+00
4.800000190734863281e+00 2.301875203847885132e-01 0.000000000000000000e+00 1.236272782989544794e-05 2.299945950508117676e-01 0.000000000000000000e+00 8.000000000000000000e+00 8.191000000000000000e+03 0.000000000000000000e+00 0.000000000000000000e+00 2.756799936294555664e+00
5.000000000000000000e+00 2.401602417230606079e-01 0.000000000000000000e+00 1.215837983181700110e-05 2.400041371583938599e-01 0.000000000000000000e+00 8.000000000000000000e+00 8.191000000000000000e+03 0.000000000000000000e+00 0.000000000000000000e+00 2.756799936294555664e+00
5.200000286102294922e+00 2.501443922519683838e-01 0.000000000000000000e+00 1.200775022880407050e-05 2.500011622905731201e-01 0.000000000000000000e+00 8.000000000000000000e+00 8.191000000000000000e+03 0.000000000000000000e+00 0.000000000000000000e+00 2.756799936294555664e+00
5.400000095367431641e+00 2.601895332336425781e-01 0.000000000000000000e+00 1.188415626529604197e-05 2.599982023239135742e-01 0.000000000000000000e+00 8.000000000000000000e+00 8.191000000000000000e+03 0.000000000000000000e+00 0.000000000000000000e+00 2.756799936294555664e+00
5.599999904632568359e+00 2.701376080513000488e-01 0.000000000000000000e+00 1.168944072560407221e-05 2.699952423572540283e-01 0.000000000000000000e+00 8.000000000000000000e+00 8.191000000000000000e+03 0.000000000000000000e+00 0.000000000000000000e+00 2.756799936294555664e+00
5.800000190734863281e+00 2.800885736942291260e-01 0.000000000000000000e+00 1.163213073596125469e-05 2.800047695636749268e-01 0.000000000000000000e+00 8.000000000000000000e+00 8.191000000000000000e+03 0.000000000000000000e+00 0.000000000000000000e+00 2.756799936294555664e+00
6.000000000000000000e+00 2.901307046413421631e-01 0.000000000000000000e+00 1.148867158917710185e-05 2.900017797946929932e-01 0.000000000000000000e+00 8.000000000000000000e+00 8.191000000000000000e+03 0.000000000000000000e+00 0.000000000000000000e+00 2.756799936294555664e+00
6.200000286102294922e+00 3.001159131526947021e-01 0.000000000000000000e+00 1.144404268416110426e-05 2.999988198280334473e-01 0.000000000000000000e+00 8.000000000000000000e+00 8.191000000000000000e+03 0.000000000000000000e+00 0.000000000000000000e+00 2.756799936294555664e+00
6.400000095367431641e+00 2.902510166168212891e-01 0.000000000000000000e+00 1.024371158564463258e-05 2.900017797946929932e-01 0.000000000000000000e+00 8.000000000000000000e+00 8.191000000000000000e+03 0.000000000000000000e+00 0.000000000000000000e+00 2.756799936294555664e+00
6.599999904632568359e+00 2.801359295845031738e-01 0.000000000000000000e+00 9.522905202175024897e-06 2.800047695636749268e-01 0.000000000000000000e+00 8.000000000000000000e+00 8.191000000000000000e+03 0.000000000000000000e+00 0.000000000000000000e+00 2.756899833679199219e+00
6.800000190734863281e+00 2.701224386692047119e-01 0.000000000000000000e+00 9.025024155562277883e-06 2.699952423572540283e-01 0.000000000000000000e+00 8.000000000000000000e+00 8.191000000000000000e+03 0.000000000000000000e+00 0.000000000000000000e+00 2.756899833679199219e+00
7.000000000000000000e+00 2.601377069950103760e-01 0.000000000000000000e+00 8.635609447082970291e-06 2.599982023239135742e-01 0.000000000000000000e+00 8.000000000000000000e+00 8.191000000000000000e+03 0.000000000000000000e+00 0.000000000000000000e+00 2.756899833679199219e+00
7.200000286102294922e+00 2.500321269035339355e-01 0.000000000000000000e+00 8.280201654997654259e-06 2.500011622905731201e-01 0.000000000000000000e+00 8.000000000000000000e+00 8.191000000000000000e+03 0.000000000000000000e+00 0.000000000000000000e+00 2.756899833679199219e+00
7.400000095367431641e+00 2.400505393743515015e-01 0.000000000000000000e+00 8.002480171853676438e-06 2.400041371583938599e-01 0.000000000000000000e+00 8.000000000000000000e+00 8.191000000000000000e+03 0.000000000000000000e+00 0.000000000000000000e+00 2.756899833679199219e+00
7.599999904632568359e+00 2.302262634038925171e-01 0.000000000000000000e+00 7.732008270977530628e-06 2.299945950508117676e-01 0.000000000000000000e+00 7.000000000000000000e+00 8.191000000000000000e+03 0.000000000000000000e+00 0.000000000000000000e+00 2.756599903106689453e+00
7.800000190734863281e+00 2.202161997556686401e-01 0.000000000000000000e+00 7.502594144170871004e-06 2.199975699186325073e-01 0.000000000000000000e+00 7.000000000000000000e+00 8.191000000000000000e+03 0.000000000000000000e+00 0.000000000000000000e+00 2.756599903106689453e+00
8.000000000000000000e+00 2.101237922906875610e-01 0.000000000000000000e+00 7.273165920196333900e-06 2.100005298852920532e-01 0.000000000000000000e+00 7.000000000000000000e+00 8.191000000000000000e+03 0.000000000000000000e+00 0.000000000000000000e+00 2.756599903106689453e+00
8.199999809265136719e+00 2.002445459365844727e-01 0.000000000000000000e+00 7.051363354548811913e-06 2.000034898519515991e-01 0.000000000000000000e+00 7.000000000000000000e+00 8.191000000000000000e+03 0.000000000000000000e+00 0.000000000000000000e+00 2.756599903106689453e+00
8.400000572204589844e+00 1.902304291725158691e-01 0.000000000000000000e+00 6.826972821727395058e-06 1.899939626455307007e-01 0.000000000000000000e+00 7.000000000000000000e+00 8.191000000000000000e+03 0.000000000000000000e+00 0.000000000000000000e+00 2.756599903106689453e+00
8.600000381469726562e+00 1.800873130559921265e-01 0.000000000000000000e+00 6.571435733349062502e-06 1.799969226121902466e-01 0.000000000000000000e+00 7.000000000000000000e+00 8.191000000000000000e+03 0.000000000000000000e+00 0.000000000000000000e+00 2.756899833679199219e+00
8.800000190734863281e+00 1.701631247997283936e-01 0.000000000000000000e+00 6.292858415690716356e-06 1.699998974800109863e-01 0.000000000000000000e+00 7.000000000000000000e+00 8.191000000000000000e+03 0.000000000000000000e+00 0.000000000000000000e+00 2.756899833679199219e+00
9.000000000000000000e+00 1.601872295141220093e-01 0.000000000000000000e+00 5.955539108981611207e-06 1.600028574466705322e-01 0.000000000000000000e+00 7.000000000000000000e+00 8.191000000000000000e+03 0.000000000000000000e+00 0.000000000000000000e+00 2.756899833679199219e+00
9.199999809265136719e+00 1.501537561416625977e-01 0.000000000000000000e+00 5.562065325648291036e-06 1.500058174133300781e-01 0.000000000000000000e+00 7.000000000000000000e+00 8.191000000000000000e+03 0.000000000000000000e+00 0.000000000000000000e+00 2.756899833679199219e+00
9.400000572204589844e+00 1.401443183422088623e-01 0.000000000000000000e+00 5.069734015705762431e-06 1.399962902069091797e-01 0.000000000000000000e+00 7.000000000000000000e+00 8.191000000000000000e+03 0.000000000000000000e+00 0.000000000000000000e+00 2.756899833679199219e+00
9.600000381469726562e+00 1.302065104246139526e-01 0.000000000000000000e+00 4.431646630109753460e-06 1.299992501735687256e-01 0.000000000000000000e+00 7.000000000000000000e+00 8.191000000000000000e+03 0.000000000000000000e+00 0.000000000000000000e+00 2.756799936294555664e+00
9.800000190734863281e+00 1.201697885990142822e-01 0.000000000000000000e+00 3.606819745982647873e-06 1.200022250413894653e-01 0.000000000000000000e+00 7.000000000000000000e+00 8.191000000000000000e+03 0.000000000000000000e+00 0.000000000000000000e+00 2.756799936294555664e+00
1.000000000000000000e+01 1.101291850209236145e-01 0.000000000000000000e+00 2.542707989050541073e-06 1.100051850080490112e-01 0.000000000000000000e+00 7.000000000000000000e+00 8.191000000000000000e+03 0.000000000000000000e+00 0.000000000000000000e+00 2.756799936294555664e+00
1.019999980926513672e+01 1.002331078052520752e-01 0.000000000000000000e+00 1.172451675301999785e-06 9.999565780162811279e-02 0.000000000000000000e+00 7.000000000000000000e+00 8.191000000000000000e+03 0.000000000000000000e+00 0.000000000000000000e+00 2.756799936294555664e+00
1.040000057220458984e+01 9.017094969749450684e-02 0.000000000000000000e+00 -5.090141712571494281e-07 8.999861776828765869e-02 0.000000000000000000e+00 7.000000000000000000e+00 8.191000000000000000e+03 0.000000000000000000e+00 0.000000000000000000e+00 2.756799936294555664e+00
1.060000038146972656e+01 8.011635392904281616e-02 0.000000000000000000e+00 -1.093766627491277177e-06 8.000158518552780151e-02 0.000000000000000000e+00 6.000000000000000000e+00 7.164000000000000000e+03 0.000000000000000000e+00 0.000000000000000000e+00 2.756700038909912109e+00
1.080000019073486328e+01 7.015106081962585449e-02 0.000000000000000000e+00 -4.756327598443021998e-06 7.000455260276794434e-02 0.000000000000000000e+00 7.000000000000000000e+00 8.191000000000000000e+03 0.000000000000000000e+00 0.000000000000000000e+00 2.756700038909912109e+00
1.100000000000000000e+01 6.012404337525367737e-02 0.000000000000000000e+00 -7.129573987185722217e-06 5.999501794576644897e-02 0.000000000000000000e+00 7.000000000000000000e+00 8.191000000000000000e+03 0.000000000000000000e+00 0.000000000000000000e+00 2.756700038909912109e+00
1.119999980926513672e+01 5.016638338565826416e-02 0.000000000000000000e+00 -9.402553587278816849e-06 4.999798536300659180e-02 0.000000000000000000e+00 7.000000000000000000e+00 8.191000000000000000e+03 0.000000000000000000e+00 0.000000000000000000e+00 2.756700038909912109e+00
1.140000057220458984e+01 4.000899568200111389e-02 0.000000000000000000e+00 -1.137264462158782408e-05 4.000094905495643616e-02 0.000000000000000000e+00 8.000000000000000000e+00 8.191000000000000000e+03 0.000000000000000000e+00 0.000000000000000000e+00 2.756700038909912109e+00
1.160000038146972656e+01 3.012083843350410461e-02 0.000000000000000000e+00 -1.288629300688626245e-05 3.000391460955142975e-02 0.000000000000000000e+00 8.000000000000000000e+00 8.191000000000000000e+03 0.000000000000000000e+00 0.000000000000000000e+00 2.756399869918823242e+00
1.180000019073486328e+01 2.019048854708671570e-02 0.000000000000000000e+00 -1.380796948069473729e-05 1.999438367784023285e-02 0.000000000000000000e+00 8.000000000000000000e+00 8.191000000000000000e+03 0.000000000000000000e+00 0.000000000000000000e+00 2.756399869918823242e+00
1.200000000000000000e+01 1.022149156779050827e-02 0.000000000000000000e+00 -1.407415948051493615e-05 9.997349232435226440e-03 0.000000000000000000e+00 8.000000000000000000e+00 8.191000000000000000e+03 0.000000000000000000e+00 0.000000000000000000e+00 2.756399869918823242e+00
1.219999980926513672e+01 2.725445665419101715e-05 0.000000000000000000e+00 -1.393521597492508590e-05 3.129243850708007812e-07 0.000000000000000000e+00 8.000000000000000000e+00 8.191000000000000000e+03 0.000000000000000000e+00 0.000000000000000000e+00 2.756399869918823242e+00
1.240000057220458984e+01 -9.871860034763813019e-03 0.000000000000000000e+00 -1.341251572739565745e-05 -9.996719658374786377e-03 0.000000000000000000e+00 8.000000000000000000e+00 8.191000000000000000e+03 0.000000000000000000e+00 0.000000000000000000e+00 2.756399869918823242e+00
1.260000038146972656e+01 -1.980805397033691406e-02 0.000000000000000000e+00 -1.271139080927241594e-05 -1.999375596642494202e-02 0.000000000000000000e+00 8.000000000000000000e+00 6.143000000000000000e+03 0.000000000000000000e+00 0.000000000000000000e+00 2.756599903106689453e+00
1.280000019073486328e+01 -2.991847880184650421e-02 0.000000000000000000e+00 -1.188926489703590050e-05 -3.000328317284584045e-02 0.000000000000000000e+00 8.000000000000000000e+00 8.191000000000000000e+03 0.000000000000000000e+00 0.000000000000000000e+00 2.756599903106689453e+00
1.300000000000000000e+01 -3.990299627184867859e-02 0.000000000000000000e+00 -1.112604968511732295e-05 -4.000032320618629456e-02 0.000000000000000000e+00 8.000000000000000000e+00 8.191000000000000000e+03 0.000000000000000000e+00 0.000000000000000000e+00 2.756599903106689453e+00
1.319999980926513672e+01 -4.986173659563064575e-02 0.000000000000000000e+00 -1.039581638906383887e-05 -4.999735578894615173e-02 0.000000000000000000e+00 8.000000000000000000e+00 8.191000000000000000e+03 0.000000000000000000e+00 0.000000000000000000e+00 2.756599903106689453e+00
1.340000057220458984e+01 -5.988438799977302551e-02 0.000000000000000000e+00 -9.642792974773328751e-06 -5.999438837170600891e-02 0.000000000000000000e+00 8.000000000000000000e+00 8.191000000000000000e+03 0.000000000000000000e+00 0.000000000000000000e+00 2.756599903106689453e+00
1.360000038146972656e+01 -6.991955637931823730e-02 0.000000000000000000e+00 -9.086361387744545937e-06 -7.000392675399780273e-02 0.000000000000000000e+00 8.000000000000000000e+00 8.191000000000000000e+03 0.000000000000000000e+00 0.000000000000000000e+00 2.756799936294555664e+00
1.380000019073486328e+01 -7.989037781953811646e-02 0.000000000000000000e+00 -8.505765435984358191e-06 -8.000095188617706299e-02 0.000000000000000000e+00 8.000000000000000000e+00 8.191000000000000000e+03 0.000000000000000000e+00 0.000000000000000000e+00 2.756799936294555664e+00
1.400000000000000000e+01 -8.992350846529006958e-02 0.000000000000000000e+00 -8.021516805456485599e-06 -8.999799191951751709e-02 0.000000000000000000e+00 8.000000000000000000e+00 8.191000000000000000e+03 0.000000000000000000e+00 0.000000000000000000e+00 2.756799936294555664e+00
1.419999980926513672e+01 -9.986248612403869629e-02 0.000000000000000000e+00 -7.609201020386535674e-06 -9.999501705169677734e-02 0.000000000000000000e+00 7.000000000000000000e+00 8.191000000000000000e+03 0.000000000000000000e+00 0.000000000000000000e+00 2.756799936294555664e+00
1.440000057220458984e+01 -1.099870577454566956e-01 0.000000000000000000e+00 -7.225087756523862481e-06 -1.100045591592788696e-01 0.000000000000000000e+00 7.000000000000000000e+00 8.191000000000000000e+03 0.000000000000000000e+00 0.000000000000000000e+00 2.756799936294555664e+00
1.460000038146972656e+01 -1.198534816503524780e-01 0.000000000000000000e+00 -6.886700248287525028e-06 -1.200015842914581299e-01 0.000000000000000000e+00 7.000000000000000000e+00 8.191000000000000000e+03 0.000000000000000000e+00 0.000000000000000000e+00 2.756599903106689453e+00
1.480000019073486328e+01 -1.299156397581100464e-01 0.000000000000000000e+00 -6.596578259632224217e-06 -1.299986243247985840e-01 0.000000000000000000e+00 7.000000000000000000e+00 8.191000000000000000e+03 0.000000000000000000e+00 0.000000000000000000e+00 2.756599903106689453e+00
1.500000000000000000e+01 -1.399401128292083740e-01 0.000000000000000000e+00 -6.341183961922070011e-06 -1.399956643581390381e-01 0.000000000000000000e+00 7.000000000000000000e+00 8.191000000000000000e+03 0.000000000000000000e+00 0.000000000000000000e+00 2.756599903106689453e+00
1.519999980926513672e+01 -1.498566269874572754e-01 0.000000000000000000e+00 -6.131679128884570673e-06 -1.500051915645599365e-01 0.000000000000000000e+00 7.000000000000000000e+00 8.191000000000000000e+03 0.000000000000000000e+00 0.000000000000000000e+00 2.756599903106689453e+00
1.540000057220458984e+01 -1.599985808134078979e-01 0.000000000000000000e+00 -5.963036983303027228e-06 -1.600022166967391968e-01 0.000000000000000000e+00 7.000000000000000000e+00 8.191000000000000000e+03 0.000000000000000000e+00 0.000000000000000000e+00 2.756599903106689453e+00
1.560000038146972656e+01 -1.699666082859039307e-01 0.000000000000000000e+00 -5.832582246512174606e-06 -1.699992567300796509e-01 0.000000000000000000e+00 7.000000000000000000e+00 8.191000000000000000e+03 0.000000000000000000e+00 0.000000000000000000e+00 2.756599903106689453e+00
1.580000019073486328e+01 -1.798205822706222534e-01 0.000000000000000000e+00 -5.752968718297779560e-06 -1.799962967634201050e-01 0.000000000000000000e+00 7.000000000000000000e+00 8.191000000000000000e+03 0.000000000000000000e+00 0.000000000000000000e+00 2.756599903106689453e+00
1.600000000000000000e+01 -1.898809075355529785e-01 0.000000000000000000e+00 -5.724282800656510517e-06 -1.900058239698410034e-01 0.000000000000000000e+00 7.000000000000000000e+00 8.191000000000000000e+03 0.000000000000000000e+00 0.000000000000000000e+00 2.756599903106689453e+00
1.620000076293945312e+01 -1.998945325613021851e-01 0.000000000000000000e+00 -5.757512553827837110e-06 -2.000028640031814575e-01 0.000000000000000000e+00 7.000000000000000000e+00 8.191000000000000000e+03 0.000000000000000000e+00 0.000000000000000000e+00 2.756599903106689453e+00
1.639999961853027344e+01 -1.899691969156265259e-01 0.000000000000000000e+00 -5.246215550869237632e-06 -1.900058239698410034e-01 0.000000000000000000e+00 7.000000000000000000e+00 8.191000000000000000e+03 0.000000000000000000e+00 1.000000000000000000e+00 2.756599903106689453e+00
1.660000038146972656e+01 -1.799279749393463135e-01 0.000000000000000000e+00 -4.854642156715271994e-06 -1.799962967634201050e-01 0.000000000000000000e+00 7.000000000000000000e+00 8.191000000000000000e+03 0.000000000000000000e+00 1.000000000000000000e+00 2.756599903106689453e+00
1.680000114440917969e+01 -1.699149757623672485e-01 0.000000000000000000e+00 -4.538112989393994212e-06 -1.699992567300796509e-01 0.000000000000000000e+00 7.000000000000000000e+00 8.191000000000000000e+03 0.000000000000000000e+00 1.000000000000000000e+00 2.756599903106689453e+00
1.700000000000000000e+01 -1.599213033914566040e-01 0.000000000000000000e+00 -4.270195404387777671e-06 -1.600022166967391968e-01 0.000000000000000000e+00 7.000000000000000000e+00 8.191000000000000000e+03 0.000000000000000000e+00 1.000000000000000000e+00 2.756599903106689453e+00
1.720000076293945312e+01 -1.499114483594894409e-01 0.000000000000000000e+00 -4.037080088892253116e-06 -1.500051915645599365e-01 0.000000000000000000e+00 7.000000000000000000e+00 8.191000000000000000e+03 0.000000000000000000e+00 1.000000000000000000e+00 2.756599903106689453e+00
1.739999961853027344e+01 -1.399389654397964478e-01 0.000000000000000000e+00 -3.840859335468849167e-06 -1.399956643581390381e-01 0.000000000000000000e+00 7.000000000000000000e+00 8.191000000000000000e+03 0.000000000000000000e+00 1.000000000000000000e+00 2.756599903106689453e+00
1.760000038146972656e+01 -1.298481673002243042e-01 0.000000000000000000e+00 -3.658193918454344384e-06 -1.299986243247985840e-01 0.000000000000000000e+00 7.000000000000000000e+00 8.191000000000000000e+03 0.000000000000000000e+00 1.000000000000000000e+00 2.756599903106689453e+00
1.780000114440917969e+01 -1.198640763759613037e-01 0.000000000000000000e+00 -3.494670181680703536e-06 -1.200015842914581299e-01 0.000000000000000000e+00 7.000000000000000000e+00 8.191000000000000000e+03 0.000000000000000000e+00 1.000000000000000000e+00 2.756599903106689453e+00
1.800000000000000000e+01 -1.098990067839622498e-01 0.000000000000000000e+00 -3.340862122058751993e-06 -1.100045591592788696e-01 0.000000000000000000e+00 7.000000000000000000e+00 8.191000000000000000e+03 0.000000000000000000e+00 1.000000000000000000e+00 2.756599903106689453e+00
1.820000076293945312e+01 -9.988825768232345581e-02 0.000000000000000000e+00 -3.184660727129084989e-06 -9.999501705169677734e-02 0.000000000000000000e+00 7.000000000000000000e+00 8.191000000000000000e+03 0.000000000000000000e+00 1.000000000000000000e+00 2.756599903106689453e+00
1.839999961853027344e+01 -8.990369737148284912e-02 0.000000000000000000e+00 -3.027121465493110009e-06 -8.999799191951751709e-02 0.000000000000000000e+00 7.000000000000000000e+00 8.191000000000000000e+03 0.000000000000000000e+00 1.000000000000000000e+00 2.756599903106689453e+00
1.860000038146972656e+01 -7.982484996318817139e-02 0.000000000000000000e+00 -2.862804649339523166e-06 -8.000095188617706299e-02 0.000000000000000000e+00 7.000000000000000000e+00 8.191000000000000000e+03 0.000000000000000000e+00 1.000000000000000000e+00 2.756599903106689453e+00
1.880000114440917969e+01 -6.985979527235031128e-02 0.000000000000000000e+00 -2.669994273674092256e-06 -7.000392675399780273e-02 0.000000000000000000e+00 7.000000000000000000e+00 8.191000000000000000e+03 0.000000000000000000e+00 1.000000000000000000e+00 2.756599903106689453e+00
1.900000000000000000e+01 -5.983619019389152527e-02 0.000000000000000000e+00 -2.447352926537860185e-06 -5.999438837170600891e-02 0.000000000000000000e+00 7.000000000000000000e+00 8.191000000000000000e+03 0.000000000000000000e+00 1.000000000000000000e+00 2.756599903106689453e+00
1.920000076293945312e+01 -4.983973875641822815e-02 0.000000000000000000e+00 -2.161540805900585838e-06 -4.999735578894615173e-02 0.000000000000000000e+00 7.000000000000000000e+00 8.191000000000000000e+03 0.000000000000000000e+00 1.000000000000000000e+00 2.756599903106689453e+00
1.939999961853027344e+01 -3.981995955109596252e-02 0.000000000000000000e+00 -1.791679437701532152e-06 -4.000032320618629456e-02 0.000000000000000000e+00 7.000000000000000000e+00 8.191000000000000000e+03 0.000000000000000000e+00 1.000000000000000000e+00 2.756599903106689453e+00
1.960000038146972656e+01 -2.985109575092792511e-02 0.000000000000000000e+00 -1.309953859163215384e-06 -3.000328317284584045e-02 0.000000000000000000e+00 7.000000000000000000e+00 8.191000000000000000e+03 0.000000000000000000e+00 1.000000000000000000e+00 2.756500005722045898e+00
1.980000114440917969e+01 -1.991184055805206299e-02 0.000000000000000000e+00 -6.482783305727934930e-07 -1.999375596642494202e-02 0.000000000000000000e+00 7.000000000000000000e+00 8.191000000000000000e+03 0.000000000000000000e+00 1.000000000000000000e+00 2.756500005722045898e+00
2.000000000000000000e+01 -9.956060908734798431e-03 0.000000000000000000e+00 2.207233222861759714e-07 -9.996719658374786377e-03 0.000000000000000000e+00 6.000000000000000000e+00 8.191000000000000000e+03 0.000000000000000000e+00 1.000000000000000000e+00 2.756500005722045898e+00
2.020000076293945312e+01 1.072391751222312450e-04 0.000000000000000000e+00 1.093102355298469774e-06 3.129243850708007812e-07 0.000000000000000000e+00 6.000000000000000000e+00 7.164000000000000000e+03 0.000000000000000000e+00 1.000000000000000000e+00 2.756500005722045898e+00
2.039999961853027344e+01 1.014082971960306168e-02 0.000000000000000000e+00 2.866794829969876446e-06 9.997349232435226440e-03 0.000000000000000000e+00 7.000000000000000000e+00 8.191000000000000000e+03 0.000000000000000000e+00 1.000000000000000000e+00 2.756500005722045898e+00
2.060000038146972656e+01 2.014453709125518799e-02 0.000000000000000000e+00 4.706976142188068479e-06 1.999438367784023285e-02 0.000000000000000000e+00 7.000000000000000000e+00 6.143000000000000000e+03 0.000000000000000000e+00 1.000000000000000000e+00 2.756500005722045898e+00
2.080000114440917969e+01 3.006128408014774323e-02 0.000000000000000000e+00 6.867351203254656866e-06 3.000391460955142975e-02 0.000000000000000000e+00 7.000000000000000000e+00 8.191000000000000000e+03 0.000000000000000000e+00 1.000000000000000000e+00 2.756500005722045898e+00
2.100000000000000000e+01 4.000879079103469849e-02 0.000000000000000000e+00 9.247762136510573328e-06 4.000094905495643616e-02 0.000000000000000000e+00 7.000000000000000000e+00 8.191000000000000000e+03 0.000000000000000000e+00 1.000000000000000000e+00 2.756500005722045898e+00
2.120000076293945312e+01 5.019438639283180237e-02 0.000000000000000000e+00 1.168839116871822625e-05 4.999798536300659180e-02 0.000000000000000000e+00 8.000000000000000000e+00 8.191000000000000000e+03 0.000000000000000000e+00 1.000000000000000000e+00 2.756500005722045898e+00
2.139999961853027344e+01 6.009198725223541260e-02 0.000000000000000000e+00 1.397666619595838711e-05 5.999501794576644897e-02 0.000000000000000000e+00 8.000000000000000000e+00 8.191000000000000000e+03 0.000000000000000000e+00 1.000000000000000000e+00 2.756500005722045898e+00
2.160000038146972656e+01 7.020384073257446289e-02 0.000000000000000000e+00 1.589644489286001772e-05 7.000455260276794434e-02 0.000000000000000000e+00 8.000000000000000000e+00 8.191000000000000000e+03 0.000000000000000000e+00 1.000000000000000000e+00 2.756700038909912109e+00
2.180000114440917969e+01 8.023680746555328369e-02 0.000000000000000000e+00 1.727681410557124764e-05 8.000158518552780151e-02 0.000000000000000000e+00 8.000000000000000000e+00 8.191000000000000000e+03 0.000000000000000000e+00 1.000000000000000000e+00 2.756700038909912109e+00
2.200000000000000000e+01 9.007451683282852173e-02 0.000000000000000000e+00 1.800620339054148644e-05 8.999861776828765869e-02 0.000000000000000000e+00 8.000000000000000000e+00 8.191000000000000000e+03 0.000000000000000000e+00 1.000000000000000000e+00 2.756700038909912109e+00
2.220000076293945312e+01 1.001943498849868774e-01 0.000000000000000000e+00 1.831260306062176824e-05 9.999565780162811279e-02 0.000000000000000000e+00 8.000000000000000000e+00 8.191000000000000000e+03 0.000000000000000000e+00 1.000000000000000000e+00 2.756700038909912109e+00
2.239999961853027344e+01 1.101701408624649048e-01 0.000000000000000000e+00 1.810375943023245782e-05 1.100051850080490112e-01 0.000000000000000000e+00 8.000000000000000000e+00 8.191000000000000000e+03 0.000000000000000000e+00 1.000000000000000000e+00 2.756700038909912109e+00
2.260000038146972656e+01 1.200590878725051880e-01 0.000000000000000000e+00 1.754455297486856580e-05 1.200022250413894653e-01 0.000000000000000000e+00 8.000000000000000000e+00 8.191000000000000000e+03 0.000000000000000000e+00 1.000000000000000000e+00 2.756500005722045898e+00
2.280000114440917969e+01 1.300464719533920288e-01 0.000000000000000000e+00 1.689572491159196943e-05 1.299992501735687256e-01 0.000000000000000000e+00 8.000000000000000000e+00 8.191000000000000000e+03 0.000000000000000000e+00 1.000000000000000000e+00 2.756500005722045898e+00
2.300000000000000000e+01 1.401800662279129028e-01 0.000000000000000000e+00 1.615093970031011850e-05 1.399962902069091797e-01 0.000000000000000000e+00 8.000000000000000000e+00 8.191000000000000000e+03 0.000000000000000000e+00 1.000000000000000000e+00 2.756500005722045898e+00
2.320000076293945312e+01 1.502658873796463013e-01 0.000000000000000000e+00 1.547232750453986228e-05 1.500058174133300781e-01 0.000000000000000000e+00 8.000000000000000000e+00 8.191000000000000000e+03 0.000000000000000000e+00 1.000000000000000000e+00 2.756500005722045898e+00
2.339999961853027344e+01 1.601461321115493774e-01 0.000000000000000000e+00 1.480659648223081604e-05 1.600028574466705322e-01 0.000000000000000000e+00 8.000000000000000000e+00 8.191000000000000000e+03 0.000000000000000000e+00 1.000000000000000000e+00 2.756500005722045898e+00
2.360000038146972656e+01 1.701249182224273682e-01 0.000000000000000000e+00 1.418135707353940234e-05 1.699998974800109863e-01 0.000000000000000000e+00 8.000000000000000000e+00 8.191000000000000000e+03 0.000000000000000000e+00 1.000000000000000000e+00 2.756500005722045898e+00
2.380000114440917969e+01 1.800379902124404907e-01 0.000000000000000000e+00 1.363172123092226684e-05 1.799969226121902466e-01 0.000000000000000000e+00 8.000000000000000000e+00 8.191000000000000000e+03 0.000000000000000000e+00 1.000000000000000000e+00 2.756500005722045898e+00
2.400000000000000000e+01 1.902539581060409546e-01 0.000000000000000000e+00 1.321097988693509251e-05 1.899939626455307007e-01 0.000000000000000000e+00 8.000000000000000000e+00 8.191000000000000000e+03 0.000000000000000000e+00 1.000000000000000000e+00 2.756500005722045898e+00
2.420000076293945312e+01 2.001289278268814087e-01 0.000000000000000000e+00 1.280646574741695076e-05 2.000034898519515991e-01 0.000000000000000000e+00 8.000000000000000000e+00 8.191000000000000000e+03 0.000000000000000000e+00 1.000000000000000000e+00 2.756500005722045898e+00
2.439999961853027344e+01 2.101663798093795776e-01 0.000000000000000000e+00 1.249216074938885868e-05 2.100005298852920532e-01 0.000000000000000000e+00 8.000000000000000000e+00 8.191000000000000000e+03 0.000000000000000000e+00 1.000000000000000000e+00 2.756500005722045898e+00
2.460000038146972656e+01 2.202104479074478149e-01 0.000000000000000000e+00 1.219013756781350821e-05 2.199975699186325073e-01 0.000000000000000000e+00 8.000000000000000000e+00 8.191000000000000000e+03 0.000000000000000000e+00 1.000000000000000000e+00 2.756599903106689453e+00
2.480000114440917969e+01 2.301042675971984863e-01 0.000000000000000000e+00 1.193860953208059072e-05 2.299945950508117676e-01 0.000000000000000000e+00 8.000000000000000000e+00 8.191000000000000000e+03 0.000000000000000000e+00 1.000000000000000000e+00 2.756599903106689453e+00
2.500000000000000000e+01 2.402160912752151489e-01 0.000000000000000000e+00 1.179122500616358593e-05 2.400041371583938599e-01 0.000000000000000000e+00 8.000000000000000000e+00 8.191000000000000000e+03 0.000000000000000000e+00 1.000000000000000000e+00 2.756599903106689453e+00
2.520000076293945312e+01 2.501878142356872559e-01 0.000000000000000000e+00 1.163196156994672492e-05 2.500011622905731201e-01 0.000000000000000000e+00 8.000000000000000000e+00 8.191000000000000000e+03 0.000000000000000000e+00 1.000000000000000000e+00 2.756599903106689453e+00
2.539999961853027344e+01 2.602460980415344238e-01 0.000000000000000000e+00 1.146672639151802287e-05 2.599982023239135742e-01 0.000000000000000000e+00 8.000000000000000000e+00 8.191000000000000000e+03 0.000000000000000000e+00 1.000000000000000000e+00 2.756599903106689453e+00
2.560000038146972656e+01 2.701744735240936279e-01 0.000000000000000000e+00 1.131406315835192800e-05 2.699952423572540283e-01 0.000000000000000000e+00 8.000000000000000000e+00 8.191000000000000000e+03 0.000000000000000000e+00 1.000000000000000000e+00 2.756599903106689453e+00
2.580000114440917969e+01 2.801084220409393311e-01 0.000000000000000000e+00 1.120473461924120784e-05 2.800047695636749268e-01 0.000000000000000000e+00 8.000000000000000000e+00 8.191000000000000000e+03 0.000000000000000000e+00 1.000000000000000000e+00 2.756599903106689453e+00
2.600000000000000000e+01 2.901866137981414795e-01 0.000000000000000000e+00 1.112968129746150225e-05 2.900017797946929932e-01 0.000000000000000000e+00 8.000000000000000000e+00 8.191000000000000000e+03 0.000000000000000000e+00 1.000000000000000000e+00 2.756599903106689453e+00
2.620000076293945312e+01 3.000756800174713135e-01 0.000000000000000000e+00 1.100973076972877607e-05 2.999988198280334473e-01 0.000000000000000000e+00 8.000000000000000000e+00 8.191000000000000000e+03 0.000000000000000000e+00 1.000000000000000000e+00 2.756599903106689453e+00
2.639999961853027344e+01 2.902233898639678955e-01 0.000000000000000000e+00 9.854274139797780663e-06 2.900017797946929932e-01 0.000000000000000000e+00 8.000000000000000000e+00 8.191000000000000000e+03 0.000000000000000000e+00 1.000000000000000000e+00 2.756599903106689453e+00
2.660000038146972656e+01 2.801413536071777344e-01 0.000000000000000000e+00 9.143750503426417708e-06 2.800047695636749268e-01 0.000000000000000000e+00 8.000000000000000000e+00 8.191000000000000000e+03 0.000000000000000000e+00 1.000000000000000000e+00 2.756599903106689453e+00
2.680000114440917969e+01 2.700359523296356201e-01 0.000000000000000000e+00 8.629777767055202276e-06 2.699952423572540283e-01 0.000000000000000000e+00 8.000000000000000000e+00 8.191000000000000000e+03 0.000000000000000000e+00 1.000000000000000000e+00 2.756599903106689453e+00
2.700000000000000000e+01 2.601498365402221680e-01 0.000000000000000000e+00 8.226588761317543685e-06 2.599982023239135742e-01 0.000000000000000000e+00 8.000000000000000000e+00 8.191000000000000000e+03 0.000000000000000000e+00 1.000000000000000000e+00 2.756599903106689453e+00
2.720000076293945312e+01 2.500823736190795898e-01 0.000000000000000000e+00 7.954374268592800945e-06 2.500011622905731201e-01 0.000000000000000000e+00 8.000000000000000000e+00 8.191000000000000000e+03 0.000000000000000000e+00 1.000000000000000000e+00 2.756599903106689453e+00
2.739999961853027344e+01 2.401281446218490601e-01 0.000000000000000000e+00 7.647658094356302172e-06 2.400041371583938599e-01 0.000000000000000000e+00 7.000000000000000000e+00 8.191000000000000000e+03 0.000000000000000000e+00 1.000000000000000000e+00 2.756599903106689453e+00
2.760000038146972656e+01 2.301273941993713379e-01 0.000000000000000000e+00 7.400582035188563168e-06 2.299945950508117676e-01 0.000000000000000000e+00 7.000000000000000000e+00 8.191000000000000000e+03 0.000000000000000000e+00 1.000000000000000000e+00 2.756299972534179688e+00
2.780000114440917969e+01 2.202201634645462036e-01 0.000000000000000000e+00 7.169293439801549539e-06 2.199975699186325073e-01 0.000000000000000000e+00 7.000000000000000000e+00 8.191000000000000000e+03 0.000000000000000000e+00 1.000000000000000000e+00 2.756299972534179688e+00
2.800000000000000000e+01 2.100599408149719238e-01 0.000000000000000000e+00 6.942826985323335975e-06 2.100005298852920532e-01 0.000000000000000000e+00 7.000000000000000000e+00 8.191000000000000000e+03 0.000000000000000000e+00 1.000000000000000000e+00 2.756299972534179688e+00
2.820000076293945312e+01 2.001783400774002075e-01 0.000000000000000000e+00 6.719486464135115966e-06 2.000034898519515991e-01 0.000000000000000000e+00 7.000000000000000000e+00 8.191000000000000000e+03 0.000000000000000000e+00 1.000000000000000000e+00 2.756299972534179688e+00
2.839999961853027344e+01 1.900926977396011353e-01 0.000000000000000000e+00 6.486187885457184166e-06 1.899939626455307007e-01 0.000000000000000000e+00 7.000000000000000000e+00 8.191000000000000000e+03 0.000000000000000000e+00 1.000000000000000000e+00 2.756299972534179688e+00
2.860000038146972656e+01 1.801140010356903076e-01 0.000000000000000000e+00 6.235914042918011546e-06 1.799969226121902466e-01 0.000000000000000000e+00 7.000000000000000000e+00 8.191000000000000000e+03 0.000000000000000000e+00 1.000000000000000000e+00 2.756599903106689453e+00
2.880000114440917969e+01 1.701035499572753906e-01 0.000000000000000000e+00 5.952334504399914294e-06 1.699998974800109863e-01 0.000000000000000000e+00 7.000000000000000000e+00 8.191000000000000000e+03 0.000000000000000000e+00 1.000000000000000000e+00 2.756599903106689453e+00
2.900000000000000000e+01 1.601652652025222778e-01 0.000000000000000000e+00 5.615739610220771283e-06 1.600028574466705322e-01 0.000000000000000000e+00 7.000000000000000000e+00 8.191000000000000000e+03 0.000000000000000000e+00 1.000000000000000000e+00 2.756599903106689453e+00
2.920000076293945312e+01 1.501475274562835693e-01 0.000000000000000000e+00 5.215336841501994058e-06 1.500058174133300781e-01 0.000000000000000000e+00 7.000000000000000000e+00 8.191000000000000000e+03 0.000000000000000000e+00 1.000000000000000000e+00 2.756599903106689453e+00
2.939999961853027344e+01 1.400711387395858765e-01 0.000000000000000000e+00 4.699852979683782905e-06 1.399962902069091797e-01 0.000000000000000000e+00 7.000000000000000000e+00 8.191000000000000000e+03 0.000000000000000000e+00 1.000000000000000000e+00 2.756599903106689453e+00
2.960000038146972656e+01 1.303021162748336792e-01 0.000000000000000000e+00 4.046523827128112316e-06 1.299992501735687256e-01 0.000000000000000000e+00 7.000000000000000000e+00 8.191000000000000000e+03 0.000000000000000000e+00 1.000000000000000000e+00 2.756500005722045898e+00
2.980000114440917969e+01 1.201369017362594604e-01 0.000000000000000000e+00 3.195678345946362242e-06 1.200022250413894653e-01 0.000000000000000000e+00 7.000000000000000000e+00 8.191000000000000000e+03 0.000000000000000000e+00 1.000000000000000000e+00 2.756500005722045898e+00
3.000000000000000000e+01 1.100459918379783630e-01 0.000000000000000000e+00 2.096422349495696835e-06 1.100051850080490112e-01 0.000000000000000000e+00 7.000000000000000000e+00 8.191000000000000000e+03 0.000000000000000000e+00 1.000000000000000000e+00 2.756500005722045898e+00
3.020000076293945312e+01 1.001671254634857178e-01 0.000000000000000000e+00 6.878005365251738112e-07 9.999565780162811279e-02 0.000000000000000000e+00 7.000000000000000000e+00 8.191000000000000000e+03 0.000000000000000000e+00 1.000000000000000000e+00 2.756500005722045898e+00
3.039999961853027344e+01 9.003061801195144653e-02 0.000000000000000000e+00 -1.020521040118183009e-06 8.999861776828765869e-02 0.000000000000000000e+00 6.000000000000000000e+00 7.164000000000000000e+03 0.000000000000000000e+00 1.000000000000000000e+00 2.756500005722045898e+00
3.060000038146972656e+01 8.018650859594345093e-02 0.000000000000000000e+00 -3.124818022115505300e-06 8.000158518552780151e-02 0.000000000000000000e+00 7.000000000000000000e+00 8.191000000000000000e+03 0.000000000000000000e+00 1.000000000000000000e+00 2.756500005722045898e+00
3.080000114440917969e+01 7.009425759315490723e-02 0.000000000000000000e+00 -5.459995009005069733e-06 7.000455260276794434e-02 0.000000000000000000e+00 7.000000000000000000e+00 8.191000000000000000e+03 0.000000000000000000e+00 1.000000000000000000e+00 2.756500005722045898e+00
3.100000000000000000e+01 6.009041890501976013e-02 0.000000000000000000e+00 -7.921381438791286200e-06 5.999501794576644897e-02 0.000000000000000000e+00 7.000000000000000000e+00 8.191000000000000000e+03 0.000000000000000000e+00 1.000000000000000000e+00 2.756500005722045898e+00
3.120000076293945312e+01 5.018935725092887878e-02 0.000000000000000000e+00 -1.029645318340044469e-05 4.999798536300659180e-02 0.000000000000000000e+00 7.000000000000000000e+00 7.164000000000000000e+03 0.000000000000000000e+00 1.000000000000000000e+00 2.756500005722045898e+00
3.139999961853027344e+01 4.015335440635681152e-02 0.000000000000000000e+00 -1.234786759596318007e-05 4.000094905495643616e-02 0.000000000000000000e+00 8.000000000000000000e+00 8.191000000000000000e+03 0.000000000000000000e+00 1.000000000000000000e+00 2.756500005722045898e+00
3.160000038146972656e+01 3.006720729172229767e-02 0.000000000000000000e+00 -1.393896582158049569e-05 3.000391460955142975e-02 0.000000000000000000e+00 8.000000000000000000e+00 8.191000000000000000e+03 0.000000000000000000e+00 1.000000000000000000e+00 2.756399869918823242e+00
3.180000114440917969e+01 2.017026394605636597e-02 0.000000000000000000e+00 -1.503274233982665464e-05 1.999438367784023285e-02 0.000000000000000000e+00 8.000000000000000000e+00 8.191000000000000000e+03 0.000000000000000000e+00 1.000000000000000000e+00 2.756399869918823242e+00
3.200000000000000000e+01 1.023109443485736847e-02 0.000000000000000000e+00 -1.536407762614544481e-05 9.997349232435226440e-03 0.000000000000000000e+00 8.000000000000000000e+00 8.191000000000000000e+03 0.000000000000000000e+00 1.000000000000000000e+00 2.756399869918823242e+00
3.220000076293945312e+01 1.257175463251769543e-04 0.000000000000000000e+00 -1.520982368674594909e-05 3.129243850708007812e-07 0.000000000000000000e+00 8.000000000000000000e+00 8.191000000000000000e+03 0.000000000000000000e+00 1.000000000000000000e+00 2.756399869918823242e+00
3.240000152587890625e+01 -9.880516678094863892e-03 0.000000000000000000e+00 -1.467153560952283442e-05 -9.996719658374786377e-03 0.000000000000000000e+00 8.000000000000000000e+00 8.191000000000000000e+03 0.000000000000000000e+00 1.000000000000000000e+00 2.756399869918823242e+00
3.260000228881835938e+01 -1.989504508674144745e-02 0.000000000000000000e+00 -1.398824497300665826e-05 -1.999375596642494202e-02 0.000000000000000000e+00 8.000000000000000000e+00 8.191000000000000000e+03 0.000000000000000000e+00 1.000000000000000000e+00 2.756399869918823242e+00
3.279999923706054688e+01 -2.923983708024024963e-02 0.000000000000000000e+00 -1.306381727772532031e-05 -3.000328317284584045e-02 0.000000000000000000e+00 8.000000000000000000e+00 6.143000000000000000e+03 0.000000000000000000e+00 1.000000000000000000e+00 2.756399869918823242e+00
3.300000000000000000e+01 -3.989342227578163147e-02 0.000000000000000000e+00 -1.232775230164406821e-05 -4.000032320618629456e-02 0.000000000000000000e+00 8.000000000000000000e+00 8.191000000000000000e+03 0.000000000000000000e+00 1.000000000000000000e+00 2.756399869918823242e+00
3.320000076293945312e+01 -4.987404495477676392e-02 0.000000000000000000e+00 -1.149164472735719755e-05 -4.999735578894615173e-02 0.000000000000000000e+00 8.000000000000000000e+00 8.191000000000000000e+03 0.000000000000000000e+00 1.000000000000000000e+00 2.756399869918823242e+00
3.340000152587890625e+01 -5.991713330149650574e-02 0.000000000000000000e+00 -1.072634495358215645e-05 -5.999438837170600891e-02 0.000000000000000000e+00 8.000000000000000000e+00 8.191000000000000000e+03 0.000000000000000000e+00 1.000000000000000000e+00 2.756399869918823242e+00
3.360000228881835938e+01 -6.996531784534454346e-02 0.000000000000000000e+00 -1.009041170618729666e-05 -7.000392675399780273e-02 0.000000000000000000e+00 8.000000000000000000e+00 8.191000000000000000e+03 0.000000000000000000e+00 1.000000000000000000e+00 2.756599903106689453e+00
3.379999923706054688e+01 -7.989873737096786499e-02 0.000000000000000000e+00 -9.537200639897491783e-06 -8.000095188617706299e-02 0.000000000000000000e+00 8.000000000000000000e+00 8.191000000000000000e+03 0.000000000000000000e+00 1.000000000000000000e+00 2.756599903106689453e+00
3.400000000000000000e+01 -8.984641730785369873e-02 0.000000000000000000e+00 -8.973465810413472354e-06 -8.999799191951751709e-02 0.000000000000000000e+00 8.000000000000000000e+00 8.191000000000000000e+03 0.000000000000000000e+00 1.000000000000000000e+00 2.756599903106689453e+00
3.420000076293945312e+01 -9.998831152915954590e-02 0.000000000000000000e+00 -8.491767403029371053e-06 -9.999501705169677734e-02 0.000000000000000000e+00 8.000000000000000000e+00 8.191000000000000000e+03 0.000000000000000000e+00 1.000000000000000000e+00 2.756599903106689453e+00
3.440000152587890625e+01 -1.099606230854988098e-01 0.000000000000000000e+00 -8.110288035823032260e-06 -1.100045591592788696e-01 0.000000000000000000e+00 8.000000000000000000e+00 8.191000000000000000e+03 0.000000000000000000e+00 1.000000000000000000e+00 2.756599903106689453e+00
3.460000228881835938e+01 -1.199524998664855957e-01 0.000000000000000000e+00 -7.747577910777181387e-06 -1.200015842914581299e-01 0.000000000000000000e+00 7.000000000000000000e+00 8.191000000000000000e+03 0.000000000000000000e+00 1.000000000000000000e+00 2.756399869918823242e+00
3.479999923706054688e+01 -1.299211233854293823e-01 0.000000000000000000e+00 -7.426227966789156199e-06 -1.299986243247985840e-01 0.000000000000000000e+00 7.000000000000000000e+00 8.191000000000000000e+03 0.000000000000000000e+00 1.000000000000000000e+00 2.756399869918823242e+00
3.500000000000000000e+01 -1.397731453180313110e-01 0.000000000000000000e+00 -7.154929789976449683e-06 -1.399956643581390381e-01 0.000000000000000000e+00 7.000000000000000000e+00 8.191000000000000000e+03 0.000000000000000000e+00 1.000000000000000000e+00 2.756399869918823242e+00
3.520000076293945312e+01 -1.498439610004425049e-01 0.000000000000000000e+00 -6.922238753759302199e-06 -1.500051915645599365e-01 0.000000000000000000e+00 7.000000000000000000e+00 8.191000000000000000e+03 0.000000000000000000e+00 1.000000000000000000e+00 2.756399869918823242e+00
3.540000152587890625e+01 -1.599986106157302856e-01 0.000000000000000000e+00 -6.730400400556391105e-06 -1.600022166967391968e-01 0.000000000000000000e+00 7.000000000000000000e+00 8.191000000000000000e+03 0.000000000000000000e+00 1.000000000000000000e+00 2.756399869918823242e+00
3.560000228881835938e+01 -1.699598878622055054e-01 0.000000000000000000e+00 -6.572013717232039198e-06 -1.699992567300796509e-01 0.000000000000000000e+00 7.000000000000000000e+00 8.191000000000000000e+03 0.000000000000000000e+00 1.000000000000000000e+00 2.756399869918823242e+00
3.579999923706054688e+01 -1.798411160707473755e-01 0.000000000000000000e+00 -6.463594672823091969e-06 -1.799962967634201050e-01 0.000000000000000000e+00 7.000000000000000000e+00 8.191000000000000000e+03 0.000000000000000000e+00 1.000000000000000000e+00 2.756399869918823242e+00
3.600000000000000000e+01 -1.898751109838485718e-01 0.000000000000000000e+00 -6.408617991837672889e-06 -1.900058239698410034e-01 0.000000000000000000e+00 7.000000000000000000e+00 8.191000000000000000e+03 0.000000000000000000e+00 1.000000000000000000e+00 2.756399869918823242e+00
3.620000076293945312e+01 -1.997964382171630859e-01 0.000000000000000000e+00 -6.406166903616394848e-06 -2.000028640031814575e-01 0.000000000000000000e+00 7.000000000000000000e+00 8.191000000000000000e+03 0.000000000000000000e+00 1.000000000000000000e+00 2.756399869918823242e+00
3.640000152587890625e+01 -1.898725628852844238e-01 0.000000000000000000e+00 -5.891708497074432671e-06 -1.900058239698410034e-01 0.000000000000000000e+00 7.000000000000000000e+00 8.191000000000000000e+03 0.000000000000000000e+00 2.000000000000000000e+00 2.756399869918823242e+00
3.660000228881835938e+01 -1.799548566341400146e-01 0.000000000000000000e+00 -5.497381152963498607e-06 -1.799962967634201050e-01 0.000000000000000000e+00 7.000000000000000000e+00 8.191000000000000000e+03 0.000000000000000000e+00 2.000000000000000000e+00 2.756399869918823242e+00
3.679999923706054688e+01 -1.698891818523406982e-01 0.000000000000000000e+00 -5.173502358957193792e-06 -1.699992567300796509e-01 0.000000000000000000e+00 7.000000000000000000e+00 8.191000000000000000e+03 0.000000000000000000e+00 2.000000000000000000e+00 2.756399869918823242e+00
3.700000000000000000e+01 -1.599288880825042725e-01 0.000000000000000000e+00 -4.897115559288067743e-06 -1.600022166967391968e-01 0.000000000000000000e+00 7.000000000000000000e+00 8.191000000000000000e+03 0.000000000000000000e+00 2.000000000000000000e+00 2.756399869918823242e+00
3.720000076293945312e+01 -1.498577445745468140e-01 0.000000000000000000e+00 -4.655248631024733186e-06 -1.500051915645599365e-01 0.000000000000000000e+00 7.000000000000000000e+00 8.191000000000000000e+03 0.000000000000000000e+00 2.000000000000000000e+00 2.756399869918823242e+00
3.740000152587890625e+01 -1.399383991956710815e-01 0.000000000000000000e+00 -4.452467237570090219e-06 -1.399956643581390381e-01 0.000000000000000000e+00 7.000000000000000000e+00 8.191000000000000000e+03 0.000000000000000000e+00 2.000000000000000000e+00 2.756399869918823242e+00
3.760000228881835938e+01 -1.299250721931457520e-01 0.000000000000000000e+00 -4.255654857843182981e-06 -1.299986243247985840e-01 0.000000000000000000e+00 7.000000000000000000e+00 8.191000000000000000e+03 0.000000000000000000e+00 2.000000000000000000e+00 2.756399869918823242e+00
3.779999923706054688e+01 -1.198790967464447021e-01 0.000000000000000000e+00 -4.081866336491657421e-06 -1.200015842914581299e-01 0.000000000000000000e+00 7.000000000000000000e+00 8.191000000000000000e+03 0.000000000000000000e+00 2.000000000000000000e+00 2.756399869918823242e+00
3.800000000000000000e+01 -1.098238900303840637e-01 0.000000000000000000e+00 -3.917039975931402296e-06 -1.100045591592788696e-01 0.000000000000000000e+00 7.000000000000000000e+00 8.191000000000000000e+03 0.000000000000000000e+00 2.000000000000000000e+00 2.756399869918823242e+00
3.820000076293945312e+01 -9.984820336103439331e-02 0.000000000000000000e+00 -3.752905286091845483e-06 -9.999501705169677734e-02 0.000000000000000000e+00 7.000000000000000000e+00 8.191000000000000000e+03 0.000000000000000000e+00 2.000000000000000000e+00 2.756399869918823242e+00
3.840000152587890625e+01 -8.987852931022644043e-02 0.000000000000000000e+00 -3.576832796170492657e-06 -8.999799191951751709e-02 0.000000000000000000e+00 7.000000000000000000e+00 8.191000000000000000e+03 0.000000000000000000e+00 2.000000000000000000e+00 2.756399869918823242e+00
3.860000228881835938e+01 -7.989734411239624023e-02 0.000000000000000000e+00 -3.395967723918147385e-06 -8.000095188617706299e-02 0.000000000000000000e+00 7.000000000000000000e+00 8.191000000000000000e+03 0.000000000000000000e+00 2.000000000000000000e+00 2.756399869918823242e+00
3.879999923706054688e+01 -6.995400786399841309e-02 0.000000000000000000e+00 -3.181319243594771251e-06 -7.000392675399780273e-02 0.000000000000000000e+00 7.000000000000000000e+00 8.191000000000000000e+03 0.000000000000000000e+00 2.000000000000000000e+00 2.756399869918823242e+00
3.900000000000000000e+01 -5.989440158009529114e-02 0.000000000000000000e+00 -2.934794565589982085e-06 -5.999438837170600891e-02 0.000000000000000000e+00 7.000000000000000000e+00 8.191000000000000000e+03 0.000000000000000000e+00 2.000000000000000000e+00 2.756399869918823242e+00
3.920000076293945312e+01 -4.990416392683982849e-02 0.000000000000000000e+00 -2.627716867209528573e-06 -4.999735578894615173e-02 0.000000000000000000e+00 7.000000000000000000e+00 8.191000000000000000e+03 0.000000000000000000e+00 2.000000000000000000e+00 2.756399869918823242e+00
3.940000152587890625e+01 -3.987331315875053406e-02 0.000000000000000000e+00 -2.217166183982044458e-06 -4.000032320618629456e-02 0.000000000000000000e+00 7.000000000000000000e+00 8.191000000000000000e+03 0.000000000000000000e+00 2.000000000000000000e+00 2.756399869918823242e+00
3.960000228881835938e+01 -2.982075139880180359e-02 0.000000000000000000e+00 -1.688981569714087527e-06 -3.000328317284584045e-02 0.000000000000000000e+00 7.000000000000000000e+00 8.191000000000000000e+03 0.000000000000000000e+00 2.000000000000000000e+00 2.756399869918823242e+00
3.979999923706054688e+01 -1.999475248157978058e-02 0.000000000000000000e+00 -9.712030077935196459e-07 -1.999375596642494202e-02 0.000000000000000000e+00 7.000000000000000000e+00 8.191000000000000000e+03 0.000000000000000000e+00 2.000000000000000000e+00 2.756399869918823242e+00
4.000000000000000000e+01 -9.813165292143821716e-03 0.000000000000000000e+00 -1.269379534818426691e-08 -9.996719658374786377e-03 0.000000000000000000e+00 7.000000000000000000e+00 8.191000000000000000e+03 0.000000000000000000e+00 2.000000000000000000e+00 2.756399869918823242e+00
4.020000076293945312e+01 1.563854166306555271e-04 0.000000000000000000e+00 1.092367710953112692e-06 3.129243850708007812e-07 0.000000000000000000e+00 6.000000000000000000e+00 7.164000000000000000e+03 0.000000000000000000e+00 2.000000000000000000e+00 2.756399869918823242e+00
4.040000152587890625e+01 1.021502073854207993e-02 0.000000000000000000e+00 2.832846121236798353e-06 9.997349232435226440e-03 0.000000000000000000e+00 7.000000000000000000e+00 8.191000000000000000e+03 0.000000000000000000e+00 2.000000000000000000e+00 2.756399869918823242e+00
4.060000228881835938e+01 2.011340670287609100e-02 0.000000000000000000e+00 4.802253442903747782e-06 1.999438367784023285e-02 0.000000000000000000e+00 7.000000000000000000e+00 6.143000000000000000e+03 0.000000000000000000e+00 2.000000000000000000e+00 2.756299972534179688e+00
4.079999923706054688e+01 3.014571592211723328e-02 0.000000000000000000e+00 7.073315828165505081e-06 3.000391460955142975e-02 0.000000000000000000e+00 7.000000000000000000e+00 8.191000000000000000e+03 0.000000000000000000e+00 2.000000000000000000e+00 2.756299972534179688e+00
4.100000000000000000e+01 4.015904664993286133e-02 0.000000000000000000e+00 9.554276402923278511e-06 4.000094905495643616e-02 0.000000000000000000e+00 7.000000000000000000e+00 8.191000000000000000e+03 0.000000000000000000e+00 2.000000000000000000e+00 2.756299972534179688e+00
4.120000076293945312e+01 5.025019869208335876e-02 0.000000000000000000e+00 1.211339440487790853e-05 4.999798536300659180e-02 0.000000000000000000e+00 8.000000000000000000e+00 8.191000000000000000e+03 0.000000000000000000e+00 2.000000000000000000e+00 2.756299972534179688e+00
4.140000152587890625e+01 6.017066910862922668e-02 0.000000000000000000e+00 1.447258728148881346e-05 5.999501794576644897e-02 0.000000000000000000e+00 8.000000000000000000e+00 8.191000000000000000e+03 0.000000000000000000e+00 2.000000000000000000e+00 2.756299972534179688e+00
4.160000228881835938e+01 7.016292214393615723e-02 0.000000000000000000e+00 1.638134563108906150e-05 7.000455260276794434e-02 0.000000000000000000e+00 8.000000000000000000e+00 8.191000000000000000e+03 0.000000000000000000e+00 2.000000000000000000e+00 2.756500005722045898e+00
4.179999923706054688e+01 8.020853251218795776e-02 0.000000000000000000e+00 1.774735210346989334e-05 8.000158518552780151e-02 0.000000000000000000e+00 8.000000000000000000e+00 8.191000000000000000e+03 0.000000000000000000e+00 2.000000000000000000e+00 2.756500005722045898e+00
4.200000000000000000e+01 9.017383307218551636e-02 0.000000000000000000e+00 1.847686871769838035e-05 8.999861776828765869e-02 0.000000000000000000e+00 8.000000000000000000e+00 8.191000000000000000e+03 0.000000000000000000e+00 2.000000000000000000e+00 2.756500005722045898e+00
4.220000076293945312e+01 1.001343503594398499e-01 0.000000000000000000e+00 1.865803460532333702e-05 9.999565780162811279e-02 0.000000000000000000e+00 8.000000000000000000e+00 8.191000000000000000e+03 0.000000000000000000e+00 2.000000000000000000e+00 2.756500005722045898e+00
4.240000152587890625e+01 1.102052703499794006e-01 0.000000000000000000e+00 1.842522578954230994e-05 1.100051850080490112e-01 0.000000000000000000e+00 8.000000000000000000e+00 8.191000000000000000e+03 0.000000000000000000e+00 2.000000000000000000e+00 2.756500005722045898e+00
4.260000228881835938e+01 1.201334148645401001e-01 0.000000000000000000e+00 1.784714004315901548e-05 1.200022250413894653e-01 0.000000000000000000e+00 8.000000000000000000e+00 8.191000000000000000e+03 0.000000000000000000e+00 2.000000000000000000e+00 2.756299972534179688e+00
4.279999923706054688e+01 1.301883310079574585e-01 0.000000000000000000e+00 1.719942702038679272e-05 1.299992501735687256e-01 0.000000000000000000e+00 8.000000000000000000e+00 8.191000000000000000e+03 0.000000000000000000e+00 2.000000000000000000e+00 2.756299972534179688e+00
4.300000000000000000e+01 1.401776969432830811e-01 0.000000000000000000e+00 1.641731250856537372e-05 1.399962902069091797e-01 0.000000000000000000e+00 8.000000000000000000e+00 8.191000000000000000e+03 0.000000000000000000e+00 2.000000000000000000e+00 2.756299972534179688e+00
4.320000076293945312e+01 1.501444876194000244e-01 0.000000000000000000e+00 1.564548438182100654e-05 1.500058174133300781e-01 0.000000000000000000e+00 8.000000000000000000e+00 8.191000000000000000e+03 0.000000000000000000e+00 2.000000000000000000e+00 2.756299972534179688e+00
4.340000152587890625e+01 1.602040976285934448e-01 0.000000000000000000e+00 1.497903849667636678e-05 1.600028574466705322e-01 0.000000000000000000e+00 8.000000000000000000e+00 8.191000000000000000e+03 0.000000000000000000e+00 2.000000000000000000e+00 2.756299972534179688e+00
4.360000228881835938e+01 1.700811982154846191e-01 0.000000000000000000e+00 1.432669250789331272e-05 1.699998974800109863e-01 0.000000000000000000e+00 8.000000000000000000e+00 8.191000000000000000e+03 0.000000000000000000e+00 2.000000000000000000e+00 2.756299972534179688e+00
4.379999923706054688e+01 1.800596266984939575e-01 0.000000000000000000e+00 1.381407400913303718e-05 1.799969226121902466e-01 0.000000000000000000e+00 8.000000000000000000e+00 8.191000000000000000e+03 0.000000000000000000e+00 2.000000000000000000e+00 2.756299972534179688e+00
4.400000000000000000e+01 1.901600509881973267e-01 0.000000000000000000e+00 1.336576042376691476e-05 1.899939626455307007e-01 0.000000000000000000e+00 8.000000000000000000e+00 8.191000000000000000e+03 0.000000000000000000e+00 2.000000000000000000e+00 2.756299972534179688e+00
4.420000076293945312e+01 2.001240849494934082e-01 0.000000000000000000e+00 1.294092271564295515e-05 2.000034898519515991e-01 0.000000000000000000e+00 8.000000000000000000e+00 8.191000000000000000e+03 0.000000000000000000e+00 2.000000000000000000e+00 2.756299972534179688e+00
4.440000152587890625e+01 2.101590335369110107e-01 0.000000000000000000e+00 1.260057342733489349e-05 2.100005298852920532e-01 0.000000000000000000e+00 8.000000000000000000e+00 8.191000000000000000e+03 0.000000000000000000e+00 2.000000000000000000e+00 2.756299972534179688e+00
4.460000228881835938e+01 2.200997620820999146e-01 0.000000000000000000e+00 1.230281759490026161e-05 2.199975699186325073e-01 0.000000000000000000e+00 8.000000000000000000e+00 8.191000000000000000e+03 0.000000000000000000e+00 2.000000000000000000e+00 2.756399869918823242e+00
4.479999923706054688e+01 2.300339639186859131e-01 0.000000000000000000e+00 1.202890598506201059e-05 2.299945950508117676e-01 0.000000000000000000e+00 8.000000000000000000e+00 8.191000000000000000e+03 0.000000000000000000e+00 2.000000000000000000e+00 2.756399869918823242e+00
4.500000000000000000e+01 2.401784211397171021e-01 0.000000000000000000e+00 1.181560492113931105e-05 2.400041371583938599e-01 0.000000000000000000e+00 8.000000000000000000e+00 8.191000000000000000e+03 0.000000000000000000e+00 2.000000000000000000e+00 2.756399869918823242e+00
4.520000076293945312e+01 2.501019239425659180e-01 0.000000000000000000e+00 1.163366141554433852e-05 2.500011622905731201e-01 0.000000000000000000e+00 8.000000000000000000e+00 8.191000000000000000e+03 0.000000000000000000e+00 2.000000000000000000e+00 2.756399869918823242e+00
4.540000152587890625e+01 2.601054012775421143e-01 0.000000000000000000e+00 1.148498813563492149e-05 2.599982023239135742e-01 0.000000000000000000e+00 8.000000000000000000e+00 8.191000000000000000e+03 0.000000000000000000e+00 2.000000000000000000e+00 2.756399869918823242e+00
4.560000228881835938e+01 2.702003121376037598e-01 0.000000000000000000e+00 1.133581190515542403e-05 2.699952423572540283e-01 0.000000000000000000e+00 8.000000000000000000e+00 8.191000000000000000e+03 0.000000000000000000e+00 2.000000000000000000e+00 2.756399869918823242e+00
4.579999923706054688e+01 2.800803780555725098e-01 0.000000000000000000e+00 1.117332976718898863e-05 2.800047695636749268e-01 0.000000000000000000e+00 8.000000000000000000e+00 8.191000000000000000e+03 0.000000000000000000e+00 2.000000000000000000e+00 2.756399869918823242e+00
4.600000000000000000e+01 2.901594638824462891e-01 0.000000000000000000e+00 1.112801237468374893e-05 2.900017797946929932e-01 0.000000000000000000e+00 8.000000000000000000e+00 8.191000000000000000e+03 0.000000000000000000e+00 2.000000000000000000e+00 2.756399869918823242e+00
4.620000076293945312e+01 3.000837564468383789e-01 0.000000000000000000e+00 1.102182795875705779e-05 2.999988198280334473e-01 0.000000000000000000e+00 8.000000000000000000e+00 8.191000000000000000e+03 0.000000000000000000e+00 2.000000000000000000e+00 2.756399869918823242e+00
4.640000152587890625e+01 2.900452315807342529e-01 0.000000000000000000e+00 9.833625881583429873e-06 2.900017797946929932e-01 0.000000000000000000e+00 8.000000000000000000e+00 8.191000000000000000e+03 0.000000000000000000e+00 2.000000000000000000e+00 2.756399869918823242e+00
4.660000228881835938e+01 2.800543010234832764e-01 0.000000000000000000e+00 9.155195584753528237e-06 2.800047695636749268e-01 0.000000000000000000e+00 8.000000000000000000e+00 8.191000000000000000e+03 0.000000000000000000e+00 2.000000000000000000e+00 2.756399869918823242e+00
4.679999923706054688e+01 2.700678706169128418e-01 0.000000000000000000e+00 8.660326784593053162e-06 2.699952423572540283e-01 0.000000000000000000e+00 8.000000000000000000e+00 8.191000000000000000e+03 0.000000000000000000e+00 2.000000000000000000e+00 2.756399869918823242e+00
4.700000000000000000e+01 2.601146399974822998e-01 0.000000000000000000e+00 8.307421012432314456e-06 2.599982023239135742e-01 0.000000000000000000e+00 8.000000000000000000e+00 8.191000000000000000e+03 0.000000000000000000e+00 2.000000000000000000e+00 2.756399869918823242e+00
4.720000076293945312e+01 2.501658499240875244e-01 0.000000000000000000e+00 7.942072443256620318e-06 2.500011622905731201e-01 0.000000000000000000e+00 8.000000000000000000e+00 8.191000000000000000e+03 0.000000000000000000e+00 2.000000000000000000e+00 2.756399869918823242e+00
4.740000152587890625e+01 2.401026785373687744e-01 0.000000000000000000e+00 7.630102118127979338e-06 2.400041371583938599e-01 0.000000000000000000e+00 7.000000000000000000e+00 8.191000000000000000e+03 0.000000000000000000e+00 2.000000000000000000e+00 2.756399869918823242e+00
4.760000228881835938e+01 2.301137894392013550e-01 0.000000000000000000e+00 7.380674105661455542e-06 2.299945950508117676e-01 0.000000000000000000e+00 7.000000000000000000e+00 8.191000000000000000e+03 0.000000000000000000e+00 2.000000000000000000e+00 2.756199836730957031e+00
4.779999923706054688e+01 2.202307432889938354e-01 0.000000000000000000e+00 7.147219548642169684e-06 2.199975699186325073e-01 0.000000000000000000e+00 7.000000000000000000e+00 8.191000000000000000e+03 0.000000000000000000e+00 2.000000000000000000e+00 2.756199836730957031e+00
4.800000000000000000e+01 2.100973278284072876e-01 0.000000000000000000e+00 6.920622126926900819e-06 2.100005298852920532e-01 0.000000000000000000e+00 7.000000000000000000e+00 8.191000000000000000e+03 0.000000000000000000e+00 2.000000000000000000e+00 2.756199836730957031e+00
4.820000076293945312e+01 2.001869976520538330e-01 0.000000000000000000e+00 6.696627224300755188e-06 2.000034898519515991e-01 0.000000000000000000e+00 7.000000000000000000e+00 8.191000000000000000e+03 0.000000000000000000e+00 2.000000000000000000e+00 2.756199836730957031e+00
4.840000152587890625e+01 1.901041567325592041e-01 0.000000000000000000e+00 6.446965016948524863e-06 1.899939626455307007e-01 0.000000000000000000e+00 7.000000000000000000e+00 8.191000000000000000e+03 0.000000000000000000e+00 2.000000000000000000e+00 2.756199836730957031e+00
4.860000228881835938e+01 1.802636533975601196e-01 0.000000000000000000e+00 6.189488431118661538e-06 1.799969226121902466e-01 0.000000000000000000e+00 7.000000000000000000e+00 8.191000000000000000e+03 0.000000000000000000e+00 2.000000000000000000e+00 2.756399869918823242e+00
4.879999923706054688e+01 1.701236069202423096e-01 0.000000000000000000e+00 5.891989985684631392e-06 1.699998974800109863e-01 0.000000000000000000e+00 7.000000000000000000e+00 8.191000000000000000e+03 0.000000000000000000e+00 2.000000000000000000e+00 2.756399869918823242e+00
4.900000000000000000e+01 1.602614223957061768e-01 0.000000000000000000e+00 5.544122814171714708e-06 1.600028574466705322e-01 0.000000000000000000e+00 7.000000000000000000e+00 8.191000000000000000e+03 0.000000000000000000e+00 2.000000000000000000e+00 2.756399869918823242e+00
4.920000076293945312e+01 1.501672267913818359e-01 0.000000000000000000e+00 5.113665793032851070e-06 1.500058174133300781e-01 0.000000000000000000e+00 7.000000000000000000e+00 8.191000000000000000e+03 0.000000000000000000e+00 2.000000000000000000e+00 2.756399869918823242e+00
4.940000152587890625e+01 1.401102840900421143e-01 0.000000000000000000e+00 4.570820692606503144e-06 1.399962902069091797e-01 0.000000000000000000e+00 7.000000000000000000e+00 8.191000000000000000e+03 0.000000000000000000e+00 2.000000000000000000e+00 2.756399869918823242e+00
4.960000228881835938e+01 1.301357448101043701e-01 0.000000000000000000e+00 3.871565695590106770e-06 1.299992501735687256e-01 0.000000000000000000e+00 7.000000000000000000e+00 8.191000000000000000e+03 0.000000000000000000e+00 2.000000000000000000e+00 2.756399869918823242e+00
4.979999923706054688e+01 1.201886162161827087e-01 0.000000000000000000e+00 2.958583536383230239e-06 1.200022250413894653e-01 0.000000000000000000e+00 7.000000000000000000e+00 8.191000000000000000e+03 0.000000000000000000e+00 2.000000000000000000e+00 2.756399869918823242e+00
5.000000000000000000e+01 1.100479587912559509e-01 0.000000000000000000e+00 1.781106902853935026e-06 1.100051850080490112e-01 0.000000000000000000e+00 7.000000000000000000e+00 8.191000000000000000e+03 0.000000000000000000e+00 2.000000000000000000e+00 2.756399869918823242e+00
5.020000076293945312e+01 1.001288816332817078e-01 0.000000000000000000e+00 2.709131763367622625e-07 9.999565780162811279e-02 0.000000000000000000e+00 7.000000000000000000e+00 8.191000000000000000e+03 0.000000000000000000e+00 2.000000000000000000e+00 2.756399869918823242e+00
5.040000152587890625e+01 9.002999216318130493e-02 0.000000000000000000e+00 -1.093766627491277177e-06 8.999861776828765869e-02 0.000000000000000000e+00 6.000000000000000000e+00 7.164000000000000000e+03 0.000000000000000000e+00 2.000000000000000000e+00 2.756399869918823242e+00
5.060000228881835938e+01 8.017240464687347412e-02 0.000000000000000000e+00 -3.775100594793912023e-06 8.000158518552780151e-02 0.000000000000000000e+00 7.000000000000000000e+00 8.191000000000000000e+03 0.000000000000000000e+00 2.000000000000000000e+00 2.756299972534179688e+00
5.079999923706054688e+01 7.007362693548202515e-02 0.000000000000000000e+00 -6.230237431736895815e-06 7.000455260276794434e-02 0.000000000000000000e+00 7.000000000000000000e+00 8.191000000000000000e+03 0.000000000000000000e+00 2.000000000000000000e+00 2.756299972534179688e+00
5.100000000000000000e+01 6.009922921657562256e-02 0.000000000000000000e+00 -8.795051144261378795e-06 5.999501794576644897e-02 0.000000000000000000e+00 7.000000000000000000e+00 8.191000000000000000e+03 0.000000000000000000e+00 2.000000000000000000e+00 2.756299972534179688e+00
5.120000076293945312e+01 5.013373866677284241e-02 0.000000000000000000e+00 -1.089395573217188939e-05 4.999798536300659180e-02 0.000000000000000000e+00 7.000000000000000000e+00 7.164000000000000000e+03 0.000000000000000000e+00 2.000000000000000000e+00 2.756299972534179688e+00
5.140000152587890625e+01 4.018805921077728271e-02 0.000000000000000000e+00 -1.332942701992578804e-05 4.000094905495643616e-02 0.000000000000000000e+00 8.000000000000000000e+00 8.191000000000000000e+03 0.000000000000000000e+00 2.000000000000000000e+00 2.756299972534179688e+00
5.160000228881835938e+01 3.013361617922782898e-02 0.000000000000000000e+00 -1.497385073889745399e-05 3.000391460955142975e-02 0.000000000000000000e+00 8.000000000000000000e+00 8.191000000000000000e+03 0.000000000000000000e+00 2.000000000000000000e+00 2.756199836730957031e+00
5.179999923706054688e+01 2.004925906658172607e-02 0.000000000000000000e+00 -1.598432754690293223e-05 1.999438367784023285e-02 0.000000000000000000e+00 8.000000000000000000e+00 8.191000000000000000e+03 0.000000000000000000e+00 2.000000000000000000e+00 2.756199836730957031e+00
5.200000000000000000e+01 1.019820477813482285e-02 0.000000000000000000e+00 -1.624610376893542707e-05 9.997349232435226440e-03 0.000000000000000000e+00 8.000000000000000000e+00 8.191000000000000000e+03 0.000000000000000000e+00 2.000000000000000000e+00 2.756199836730957031e+00
5.220000076293945312e+01 1.445460657123476267e-04 0.000000000000000000e+00 -1.604659883014392108e-05 3.129243850708007812e-07 0.000000000000000000e+00 8.000000000000000000e+00 8.191000000000000000e+03 0.000000000000000000e+00 2.000000000000000000e+00 2.756199836730957031e+00
5.240000152587890625e+01 -9.875323623418807983e-03 0.000000000000000000e+00 -1.546525709272827953e-05 -9.996719658374786377e-03 0.000000000000000000e+00 8.000000000000000000e+00 8.191000000000000000e+03 0.000000000000000000e+00 2.000000000000000000e+00 2.756199836730957031e+00
5.260000228881835938e+01 -2.000354602932929993e-02 0.000000000000000000e+00 -1.467928177589783445e-05 -1.999375596642494202e-02 0.000000000000000000e+00 8.000000000000000000e+00 8.191000000000000000e+03 0.000000000000000000e+00 2.000000000000000000e+00 2.756199836730957031e+00
5.279999923706054688e+01 -2.933515608310699463e-02 0.000000000000000000e+00 -1.386165149597218260e-05 -3.000328317284584045e-02 0.000000000000000000e+00 8.000000000000000000e+00 6.143000000000000000e+03 0.000000000000000000e+00 2.000000000000000000e+00 2.756199836730957031e+00
5.300000000000000000e+01 -3.993967920541763306e-02 0.000000000000000000e+00 -1.294887533731525764e-05 -4.000032320618629456e-02 0.000000000000000000e+00 8.000000000000000000e+00 8.191000000000000000e+03 0.000000000000000000e+00 2.000000000000000000e+00 2.756199836730957031e+00
5.320000076293945312e+01 -5.002860352396965027e-02 0.000000000000000000e+00 -1.210702339449198917e-05 -4.999735578894615173e-02 0.000000000000000000e+00 8.000000000000000000e+00 8.191000000000000000e+03 0.000000000000000000e+00 2.000000000000000000e+00 2.756199836730957031e+00
5.340000152587890625e+01 -5.990297347307205200e-02 0.000000000000000000e+00 -1.133616478909971192e-05 -5.999438837170600891e-02 0.000000000000000000e+00 8.000000000000000000e+00 8.191000000000000000e+03 0.000000000000000000e+00 2.000000000000000000e+00 2.756199836730957031e+00
5.360000228881835938e+01 -6.985840201377868652e-02 0.000000000000000000e+00 -1.063006675394717604e-05 -7.000392675399780273e-02 0.000000000000000000e+00 8.000000000000000000e+00 8.191000000000000000e+03 0.000000000000000000e+00 2.000000000000000000e+00 2.756399869918823242e+00
5.379999923706054688e+01 -7.989853620529174805e-02 0.000000000000000000e+00 -9.997625056712422520e-06 -8.000095188617706299e-02 0.000000000000000000e+00 8.000000000000000000e+00 8.191000000000000000e+03 0.000000000000000000e+00 2.000000000000000000e+00 2.756399869918823242e+00
5.400000000000000000e+01 -8.988365530967712402e-02 0.000000000000000000e+00 -9.536927791486959904e-06 -8.999799191951751709e-02 0.000000000000000000e+00 8.000000000000000000e+00 8.191000000000000000e+03 0.000000000000000000e+00 2.000000000000000000e+00 2.756399869918823242e+00
5.420000076293945312e+01 -9.986386448144912720e-02 0.000000000000000000e+00 -9.000585123430937529e-06 -9.999501705169677734e-02 0.000000000000000000e+00 8.000000000000000000e+00 8.191000000000000000e+03 0.000000000000000000e+00 2.000000000000000000e+00 2.756399869918823242e+00
5.440000152587890625e+01 -1.099481731653213501e-01 0.000000000000000000e+00 -8.578852430218830705e-06 -1.100045591592788696e-01 0.000000000000000000e+00 8.000000000000000000e+00 8.191000000000000000e+03 0.000000000000000000e+00 2.000000000000000000e+00 2.756399869918823242e+00
5.460000228881835938e+01 -1.199593245983123779e-01 0.000000000000000000e+00 -8.240069291787222028e-06 -1.200015842914581299e-01 0.000000000000000000e+00 8.000000000000000000e+00 8.191000000000000000e+03 0.000000000000000000e+00 2.000000000000000000e+00 2.756199836730957031e+00
5.479999923706054688e+01 -1.298718303442001343e-01 0.000000000000000000e+00 -7.889074367994908243e-06 -1.299986243247985840e-01 0.000000000000000000e+00 8.000000000000000000e+00 8.191000000000000000e+03 0.000000000000000000e+00 2.000000000000000000e+00 2.756199836730957031e+00
5.500000000000000000e+01 -1.399769186973571777e-01 0.000000000000000000e+00 -7.624837508046766743e-06 -1.399956643581390381e-01 0.000000000000000000e+00 7.000000000000000000e+00 8.191000000000000000e+03 0.000000000000000000e+00 2.000000000000000000e+00 2.756199836730957031e+00
5.520000076293945312e+01 -1.498436927795410156e-01 0.000000000000000000e+00 -7.373929747700458393e-06 -1.500051915645599365e-01 0.000000000000000000e+00 7.000000000000000000e+00 8.191000000000000000e+03 0.000000000000000000e+00 2.000000000000000000e+00 2.756199836730957031e+00
5.540000152587890625e+01 -1.599847525358200073e-01 0.000000000000000000e+00 -7.168828688008943573e-06 -1.600022166967391968e-01 0.000000000000000000e+00 7.000000000000000000e+00 8.191000000000000000e+03 0.000000000000000000e+00 2.000000000000000000e+00 2.756199836730957031e+00
5.560000228881835938e+01 -1.697918474674224854e-01 0.000000000000000000e+00 -7.004428425716469064e-06 -1.699992567300796509e-01 0.000000000000000000e+00 7.000000000000000000e+00 8.191000000000000000e+03 0.000000000000000000e+00 2.000000000000000000e+00 2.756199836730957031e+00
5.579999923706054688e+01 -1.798836439847946167e-01 0.000000000000000000e+00 -6.885899438202613965e-06 -1.799962967634201050e-01 0.000000000000000000e+00 7.000000000000000000e+00 8.191000000000000000e+03 0.000000000000000000e+00 2.000000000000000000e+00 2.756199836730957031e+00
5.600000000000000000e+01 -1.898761838674545288e-01 0.000000000000000000e+00 -6.817164830863475800e-06 -1.900058239698410034e-01 0.000000000000000000e+00 7.000000000000000000e+00 8.191000000000000000e+03 0.000000000000000000e+00 2.000000000000000000e+00 2.756199836730957031e+00
5.620000076293945312e+01 -1.999146193265914917e-01 0.000000000000000000e+00 -6.801540166634367779e-06 -2.000028640031814575e-01 0.000000000000000000e+00 7.000000000000000000e+00 8.191000000000000000e+03 0.000000000000000000e+00 2.000000000000000000e+00 2.756199836730957031e+00
5.640000152587890625e+01 -1.999127715826034546e-01 0.000000000000000000e+00 -6.543883046106202528e-06 -2.000028640031814575e-01 0.000000000000000000e+00 7.000000000000000000e+00 8.191000000000000000e+03 0.000000000000000000e+00 3.000000000000000000e+00 2.756199836730957031e+00
