5.000000000000000000e-01 5.773682892322540283e-02 5.773682892322540283e-02 0.000000000000000000e+00 0.000000000000000000e+00 8.191000000000000000e+03 0.000000000000000000e+00 2.757400035858154297e+00
1.000000000000000000e+00 5.763153359293937683e-02 5.222509428858757019e-02 0.000000000000000000e+00 0.000000000000000000e+00 8.191000000000000000e+03 0.000000000000000000e+00 2.757400035858154297e+00
1.500000000000000000e+00 5.700077489018440247e-02 4.782816395163536072e-02 0.000000000000000000e+00 0.000000000000000000e+00 8.191000000000000000e+03 0.000000000000000000e+00 2.757400035858154297e+00
2.000000000000000000e+00 5.528593808412551880e-02 4.449746012687683105e-02 0.000000000000000000e+00 0.000000000000000000e+00 8.191000000000000000e+03 0.000000000000000000e+00 2.756799936294555664e+00
2.500000000000000000e+00 5.240802466869354248e-02 4.205069690942764282e-02 0.000000000000000000e+00 0.000000000000000000e+00 8.191000000000000000e+03 0.000000000000000000e+00 2.756799936294555664e+00
3.000000000000000000e+00 4.894185811281204224e-02 4.020111635327339172e-02 0.000000000000000000e+00 0.000000000000000000e+00 8.191000000000000000e+03 0.000000000000000000e+00 2.756899833679199219e+00
3.500000000000000000e+00 4.561217874288558960e-02 3.881571814417839050e-02 0.000000000000000000e+00 0.000000000000000000e+00 8.191000000000000000e+03 0.000000000000000000e+00 2.756899833679199219e+00
4.000000000000000000e+00 4.284543544054031372e-02 3.776485100388526917e-02 0.000000000000000000e+00 0.000000000000000000e+00 8.191000000000000000e+03 0.000000000000000000e+00 2.756899833679199219e+00
4.500000000000000000e+00 4.072744026780128479e-02 3.692953661084175110e-02 0.000000000000000000e+00 0.000000000000000000e+00 8.191000000000000000e+03 0.000000000000000000e+00 2.756899833679199219e+00
5.000000000000000000e+00 3.915850818157196045e-02 3.632497787475585938e-02 0.000000000000000000e+00 0.000000000000000000e+00 8.191000000000000000e+03 0.000000000000000000e+00 2.756899833679199219e+00
5.500000000000000000e+00 3.799580037593841553e-02 3.581274300813674927e-02 0.000000000000000000e+00 0.000000000000000000e+00 8.191000000000000000e+03 0.000000000000000000e+00 2.756899833679199219e+00
6.000000000000000000e+00 3.712019324302673340e-02 3.542801737785339355e-02 0.000000000000000000e+00 0.000000000000000000e+00 8.191000000000000000e+03 0.000000000000000000e+00 2.756899833679199219e+00
6.500000000000000000e+00 3.644875437021255493e-02 3.515275940299034119e-02 0.000000000000000000e+00 0.000000000000000000e+00 8.191000000000000000e+03 0.000000000000000000e+00 2.756899833679199219e+00
7.000000000000000000e+00 3.592830151319503784e-02 3.491612151265144348e-02 0.000000000000000000e+00 0.000000000000000000e+00 8.191000000000000000e+03 0.000000000000000000e+00 2.756799936294555664e+00
7.500000000000000000e+00 3.552497923374176025e-02 3.476025909185409546e-02 0.000000000000000000e+00 0.000000000000000000e+00 8.191000000000000000e+03 0.000000000000000000e+00 2.756799936294555664e+00
8.000000000000000000e+00 3.521403670310974121e-02 3.460855409502983093e-02 0.000000000000000000e+00 0.000000000000000000e+00 8.191000000000000000e+03 0.000000000000000000e+00 2.756899833679199219e+00
8.500000000000000000e+00 3.497545048594474792e-02 3.455373644828796387e-02 0.000000000000000000e+00 0.000000000000000000e+00 8.191000000000000000e+03 0.000000000000000000e+00 2.756899833679199219e+00
9.000000000000000000e+00 3.479462116956710815e-02 3.447798639535903931e-02 0.000000000000000000e+00 0.000000000000000000e+00 8.191000000000000000e+03 0.000000000000000000e+00 2.756700038909912109e+00
9.500000000000000000e+00 3.466141968965530396e-02 3.444777801632881165e-02 0.000000000000000000e+00 0.000000000000000000e+00 8.191000000000000000e+03 0.000000000000000000e+00 2.756700038909912109e+00
1.000000000000000000e+01 3.456727415323257446e-02 3.445138782262802124e-02 0.000000000000000000e+00 0.000000000000000000e+00 8.191000000000000000e+03 0.000000000000000000e+00 2.756899833679199219e+00
1.050000000000000000e+01 3.450509160757064819e-02 3.444439545273780823e-02 0.000000000000000000e+00 0.000000000000000000e+00 8.191000000000000000e+03 0.000000000000000000e+00 2.756899833679199219e+00
1.100000000000000000e+01 3.446994349360466003e-02 3.449679166078567505e-02 0.000000000000000000e+00 0.000000000000000000e+00 8.191000000000000000e+03 0.000000000000000000e+00 2.756599903106689453e+00
1.150000000000000000e+01 3.445832431316375732e-02 3.452390059828758240e-02 0.000000000000000000e+00 0.000000000000000000e+00 8.191000000000000000e+03 0.000000000000000000e+00 2.756599903106689453e+00
1.200000000000000000e+01 3.446785733103752136e-02 3.461575135588645935e-02 0.000000000000000000e+00 0.000000000000000000e+00 8.191000000000000000e+03 0.000000000000000000e+00 2.756899833679199219e+00
1.250000000000000000e+01 3.449725359678268433e-02 3.468409925699234009e-02 0.000000000000000000e+00 0.000000000000000000e+00 8.191000000000000000e+03 0.000000000000000000e+00 2.756899833679199219e+00
1.300000000000000000e+01 3.454487025737762451e-02 3.474932909011840820e-02 0.000000000000000000e+00 0.000000000000000000e+00 8.191000000000000000e+03 0.000000000000000000e+00 2.756899833679199219e+00
1.350000000000000000e+01 3.460656851530075073e-02 3.484515845775604248e-02 0.000000000000000000e+00 0.000000000000000000e+00 8.191000000000000000e+03 0.000000000000000000e+00 2.756899833679199219e+00
1.400000000000000000e+01 3.467735275626182556e-02 3.492590412497520447e-02 0.000000000000000000e+00 0.000000000000000000e+00 8.191000000000000000e+03 0.000000000000000000e+00 2.756899833679199219e+00
1.450000000000000000e+01 3.475497663021087646e-02 3.504582121968269348e-02 0.000000000000000000e+00 0.000000000000000000e+00 8.191000000000000000e+03 0.000000000000000000e+00 2.756899833679199219e+00
1.500000000000000000e+01 3.483945503830909729e-02 3.511286899447441101e-02 0.000000000000000000e+00 0.000000000000000000e+00 8.191000000000000000e+03 0.000000000000000000e+00 2.756799936294555664e+00
