2.000000029802322388e-01 1.919345231726765633e-04 0.000000000000000000e+00 -8.829761645756661892e-05 3.129243850708007812e-07 0.000000000000000000e+00 1.200000000000000000e+01 8.191000000000000000e+03 0.000000000000000000e+00 0.000000000000000000e+00 2.755699872970581055e+00
4.000000059604644775e-01 1.020640879869461060e-02 0.000000000000000000e+00 -9.981420589610934258e-06 9.997349232435226440e-03 0.000000000000000000e+00 1.100000000000000000e+01 8.191000000000000000e+03 0.000000000000000000e+00 0.000000000000000000e+00 2.755699872970581055e+00
6.000000238418579102e-01 2.000856399536132812e-02 0.000000000000000000e+00 1.218200850416906178e-06 1.999438367784023285e-02 0.000000000000000000e+00 1.000000000000000000e+01 8.191000000000000000e+03 0.000000000000000000e+00 0.000000000000000000e+00 2.755699872970581055e+00
8.000000119209289551e-01 2.942930907011032104e-02 0.000000000000000000e+00 3.023652368483453756e-07 3.000391460955142975e-02 0.000000000000000000e+00 9.000000000000000000e+00 6.143000000000000000e+03 0.000000000000000000e+00 0.000000000000000000e+00 2.755699872970581055e+00
1.000000000000000000e+00 4.015725106000900269e-02 0.000000000000000000e+00 3.333910925107375078e-08 4.000094905495643616e-02 0.000000000000000000e+00 8.000000000000000000e+00 8.191000000000000000e+03 0.000000000000000000e+00 0.000000000000000000e+00 2.755699872970581055e+00
1.200000047683715820e+00 5.008686706423759460e-02 0.000000000000000000e+00 4.511133866458294506e-08 4.999798536300659180e-02 0.000000000000000000e+00 7.000000000000000000e+00 8.191000000000000000e+03 0.000000000000000000e+00 0.000000000000000000e+00 2.755699872970581055e+00
1.399999976158142090e+00 6.014822795987129211e-02 0.000000000000000000e+00 7.233176546606046031e-08 5.999501794576644897e-02 0.000000000000000000e+00 6.000000000000000000e+00 8.191000000000000000e+03 0.000000000000000000e+00 0.000000000000000000e+00 2.755699872970581055e+00
1.600000023841857910e+00 7.010808587074279785e-02 0.000000000000000000e+00 9.782703358496291912e-08 7.000455260276794434e-02 0.000000000000000000e+00 5.000000000000000000e+00 7.164000000000000000e+03 0.000000000000000000e+00 0.000000000000000000e+00 2.755100011825561523e+00
1.800000071525573730e+00 8.003365993499755859e-02 0.000000000000000000e+00 1.157780857852230838e-07 8.000158518552780151e-02 0.000000000000000000e+00 6.000000000000000000e+00 8.191000000000000000e+03 0.000000000000000000e+00 0.000000000000000000e+00 2.755100011825561523e+00
2.000000000000000000e+00 9.017448127269744873e-02 0.000000000000000000e+00 1.325001903751399368e-07 8.999861776828765869e-02 0.000000000000000000e+00 6.000000000000000000e+00 8.191000000000000000e+03 0.000000000000000000e+00 0.000000000000000000e+00 2.755100011825561523e+00
2.200000047683715820e+00 1.000699475407600403e-01 0.000000000000000000e+00 1.467216179662500508e-07 9.999565780162811279e-02 0.000000000000000000e+00 6.000000000000000000e+00 8.191000000000000000e+03 0.000000000000000000e+00 0.000000000000000000e+00 2.755100011825561523e+00
2.400000095367431641e+00 1.101579964160919189e-01 0.000000000000000000e+00 1.598935455149330664e-07 1.100051850080490112e-01 0.000000000000000000e+00 6.000000000000000000e+00 8.191000000000000000e+03 0.000000000000000000e+00 0.000000000000000000e+00 2.755100011825561523e+00
2.600000143051147461e+00 1.201744899153709412e-01 0.000000000000000000e+00 1.724173870343292947e-07 1.200022250413894653e-01 0.000000000000000000e+00 6.000000000000000000e+00 8.191000000000000000e+03 0.000000000000000000e+00 0.000000000000000000e+00 2.754699945449829102e+00
2.799999952316284180e+00 1.301226019859313965e-01 0.000000000000000000e+00 1.837012035821317113e-07 1.299992501735687256e-01 0.000000000000000000e+00 6.000000000000000000e+00 8.191000000000000000e+03 0.000000000000000000e+00 0.000000000000000000e+00 2.754699945449829102e+00
3.000000000000000000e+00 1.401841491460800171e-01 0.000000000000000000e+00 1.956748576503741788e-07 1.399962902069091797e-01 0.000000000000000000e+00 6.000000000000000000e+00 8.191000000000000000e+03 0.000000000000000000e+00 0.000000000000000000e+00 2.754699945449829102e+00
3.200000047683715820e+00 1.501275449991226196e-01 0.000000000000000000e+00 2.060702541939463117e-07 1.500058174133300781e-01 0.000000000000000000e+00 6.000000000000000000e+00 8.191000000000000000e+03 0.000000000000000000e+00 0.000000000000000000e+00 2.754699945449829102e+00
3.400000095367431641e+00 1.601092964410781860e-01 0.000000000000000000e+00 2.190024304127291543e-07 1.600028574466705322e-01 0.000000000000000000e+00 6.000000000000000000e+00 8.191000000000000000e+03 0.000000000000000000e+00 0.000000000000000000e+00 2.754699945449829102e+00
3.600000143051147461e+00 1.701794415712356567e-01 0.000000000000000000e+00 2.319246021897924948e-07 1.699998974800109863e-01 0.000000000000000000e+00 6.000000000000000000e+00 8.191000000000000000e+03 0.000000000000000000e+00 0.000000000000000000e+00 2.754999876022338867e+00
3.799999952316284180e+00 1.802106648683547974e-01 0.000000000000000000e+00 2.452885610182420351e-07 1.799969226121902466e-01 0.000000000000000000e+00 6.000000000000000000e+00 8.191000000000000000e+03 0.000000000000000000e+00 0.000000000000000000e+00 2.754999876022338867e+00
4.000000000000000000e+00 1.902332603931427002e-01 0.000000000000000000e+00 2.613643914628482889e-07 1.899939626455307007e-01 0.000000000000000000e+00 6.000000000000000000e+00 8.191000000000000000e+03 0.000000000000000000e+00 0.000000000000000000e+00 2.754999876022338867e+00
4.200000286102294922e+00 2.000690847635269165e-01 0.000000000000000000e+00 2.793703117731638486e-07 2.000034898519515991e-01 0.000000000000000000e+00 6.000000000000000000e+00 8.191000000000000000e+03 0.000000000000000000e+00 0.000000000000000000e+00 2.754999876022338867e+00
4.400000095367431641e+00 2.101602256298065186e-01 0.000000000000000000e+00 2.966556564842903754e-07 2.100005298852920532e-01 0.000000000000000000e+00 6.000000000000000000e+00 8.191000000000000000e+03 0.000000000000000000e+00 0.000000000000000000e+00 2.754999876022338867e+00
4.599999904632568359e+00 2.201510667800903320e-01 0.000000000000000000e+00 3.155675756261189235e-07 2.199975699186325073e-01 0.000000000000000000e+00 6.000000000000000000e+00 8.191000000000000000e+03 0.000000000000000000e+00 0.000000000000000000e+00 2.755100011825561523e+00
4.800000190734863281e+00 2.300932556390762329e-01 0.000000000000000000e+00 3.359762672516808379e-07 2.299945950508117676e-01 0.000000000000000000e+00 6.000000000000000000e+00 8.191000000000000000e+03 0.000000000000000000e+00 0.000000000000000000e+00 2.755100011825561523e+00
5.000000000000000000e+00 2.402503490447998047e-01 0.000000000000000000e+00 3.578425094019621611e-07 2.400041371583938599e-01 0.000000000000000000e+00 6.000000000000000000e+00 8.191000000000000000e+03 0.000000000000000000e+00 0.000000000000000000e+00 2.755100011825561523e+00
5.200000286102294922e+00 2.503028213977813721e-01 0.000000000000000000e+00 3.800631418471311918e-07 2.500011622905731201e-01 0.000000000000000000e+00 6.000000000000000000e+00 8.191000000000000000e+03 0.000000000000000000e+00 0.000000000000000000e+00 2.755100011825561523e+00
5.400000095367431641e+00 2.601497471332550049e-01 0.000000000000000000e+00 4.052403994592168601e-07 2.599982023239135742e-01 0.000000000000000000e+00 6.000000000000000000e+00 8.191000000000000000e+03 0.000000000000000000e+00 0.000000000000000000e+00 2.755100011825561523e+00
5.599999904632568359e+00 2.701965272426605225e-01 0.000000000000000000e+00 4.339759129834419582e-07 2.699952423572540283e-01 0.000000000000000000e+00 6.000000000000000000e+00 8.191000000000000000e+03 0.000000000000000000e+00 0.000000000000000000e+00 2.755100011825561523e+00
5.800000190734863281e+00 2.802026271820068359e-01 0.000000000000000000e+00 4.661893342472467339e-07 2.800047695636749268e-01 0.000000000000000000e+00 6.000000000000000000e+00 8.191000000000000000e+03 0.000000000000000000e+00 0.000000000000000000e+00 2.755100011825561523e+00
6.000000000000000000e+00 2.902442812919616699e-01 0.000000000000000000e+00 4.996470011064957362e-07 2.900017797946929932e-01 0.000000000000000000e+00 6.000000000000000000e+00 8.191000000000000000e+03 0.000000000000000000e+00 0.000000000000000000e+00 2.755100011825561523e+00
6.200000286102294922e+00 3.001667559146881104e-01 0.000000000000000000e+00 5.356018277780094650e-07 2.999988198280334473e-01 0.000000000000000000e+00 6.000000000000000000e+00 8.191000000000000000e+03 0.000000000000000000e+00 0.000000000000000000e+00 2.755100011825561523e+00
6.400000095367431641e+00 2.901459038257598877e-01 0.000000000000000000e+00 3.326871649278473342e-07 2.900017797946929932e-01 0.000000000000000000e+00 6.000000000000000000e+00 8.191000000000000000e+03 0.000000000000000000e+00 0.000000000000000000e+00 2.755100011825561523e+00
6.599999904632568359e+00 2.802136242389678955e-01 0.000000000000000000e+00 2.190604391216766089e-07 2.800047695636749268e-01 0.000000000000000000e+00 6.000000000000000000e+00 8.191000000000000000e+03 0.000000000000000000e+00 0.000000000000000000e+00 2.755199909210205078e+00
6.800000190734863281e+00 2.700648307800292969e-01 0.000000000000000000e+00 1.423262290245475015e-07 2.699952423572540283e-01 0.000000000000000000e+00 6.000000000000000000e+00 8.191000000000000000e+03 0.000000000000000000e+00 0.000000000000000000e+00 2.755199909210205078e+00
7.000000000000000000e+00 2.601478397846221924e-01 0.000000000000000000e+00 8.667058892797285807e-08 2.599982023239135742e-01 0.000000000000000000e+00 6.000000000000000000e+00 8.191000000000000000e+03 0.000000000000000000e+00 0.000000000000000000e+00 2.755199909210205078e+00
7.200000286102294922e+00 2.501342892646789551e-01 0.000000000000000000e+00 4.400136432991530455e-08 2.500011622905731201e-01 0.000000000000000000e+00 6.000000000000000000e+00 8.191000000000000000e+03 0.000000000000000000e+00 0.000000000000000000e+00 2.755199909210205078e+00
7.400000095367431641e+00 2.401748895645141602e-01 0.000000000000000000e+00 8.956625663358863676e-09 2.400041371583938599e-01 0.000000000000000000e+00 5.000000000000000000e+00 8.191000000000000000e+03 0.000000000000000000e+00 0.000000000000000000e+00 2.755199909210205078e+00
7.599999904632568359e+00 2.301943451166152954e-01 0.000000000000000000e+00 -1.925753601028645789e-08 2.299945950508117676e-01 0.000000000000000000e+00 5.000000000000000000e+00 8.191000000000000000e+03 0.000000000000000000e+00 0.000000000000000000e+00 2.754899978637695312e+00
7.800000190734863281e+00 2.201329767704010010e-01 0.000000000000000000e+00 -4.204898829129888327e-08 2.199975699186325073e-01 0.000000000000000000e+00 5.000000000000000000e+00 8.191000000000000000e+03 0.000000000000000000e+00 0.000000000000000000e+00 2.754899978637695312e+00
8.000000000000000000e+00 2.101119309663772583e-01 0.000000000000000000e+00 -6.082718329025738058e-08 2.100005298852920532e-01 0.000000000000000000e+00 5.000000000000000000e+00 8.191000000000000000e+03 0.000000000000000000e+00 0.000000000000000000e+00 2.754899978637695312e+00
8.199999809265136719e+00 2.001725584268569946e-01 0.000000000000000000e+00 -7.796759149414356216e-08 2.000034898519515991e-01 0.000000000000000000e+00 5.000000000000000000e+00 8.191000000000000000e+03 0.000000000000000000e+00 0.000000000000000000e+00 2.754899978637695312e+00
8.400000572204589844e+00 1.901413053274154663e-01 0.000000000000000000e+00 -9.115025534356391290e-08 1.899939626455307007e-01 0.000000000000000000e+00 5.000000000000000000e+00 8.190000000000000000e+03 0.000000000000000000e+00 0.000000000000000000e+00 2.754899978637695312e+00
8.600000381469726562e+00 1.802818626165390015e-01 0.000000000000000000e+00 -1.024297802132423385e-07 1.799969226121902466e-01 0.000000000000000000e+00 6.000000000000000000e+00 8.191000000000000000e+03 0.000000000000000000e+00 0.000000000000000000e+00 2.755100011825561523e+00
8.800000190734863281e+00 1.701931655406951904e-01 0.000000000000000000e+00 -1.135870704160879541e-07 1.699998974800109863e-01 0.000000000000000000e+00 6.000000000000000000e+00 8.191000000000000000e+03 0.000000000000000000e+00 0.000000000000000000e+00 2.755100011825561523e+00
9.000000000000000000e+00 1.601766347885131836e-01 0.000000000000000000e+00 -1.246025931322947145e-07 1.600028574466705322e-01 0.000000000000000000e+00 6.000000000000000000e+00 8.191000000000000000e+03 0.000000000000000000e+00 0.000000000000000000e+00 2.755100011825561523e+00
9.199999809265136719e+00 1.501091271638870239e-01 0.000000000000000000e+00 -1.332479939719632966e-07 1.500058174133300781e-01 0.000000000000000000e+00 6.000000000000000000e+00 8.191000000000000000e+03 0.000000000000000000e+00 0.000000000000000000e+00 2.755100011825561523e+00
9.400000572204589844e+00 1.401480436325073242e-01 0.000000000000000000e+00 -1.410752616948229843e-07 1.399962902069091797e-01 0.000000000000000000e+00 6.000000000000000000e+00 8.191000000000000000e+03 0.000000000000000000e+00 0.000000000000000000e+00 2.755100011825561523e+00
9.600000381469726562e+00 1.300976127386093140e-01 0.000000000000000000e+00 -1.509002203192721936e-07 1.299992501735687256e-01 0.000000000000000000e+00 6.000000000000000000e+00 8.191000000000000000e+03 0.000000000000000000e+00 0.000000000000000000e+00 2.754999876022338867e+00
9.800000190734863281e+00 1.201660111546516418e-01 0.000000000000000000e+00 -1.588150411180322408e-07 1.200022250413894653e-01 0.000000000000000000e+00 6.000000000000000000e+00 8.191000000000000000e+03 0.000000000000000000e+00 0.000000000000000000e+00 2.754999876022338867e+00
1.000000000000000000e+01 1.101399436593055725e-01 0.000000000000000000e+00 -1.684344681507354835e-07 1.100051850080490112e-01 0.000000000000000000e+00 6.000000000000000000e+00 8.191000000000000000e+03 0.000000000000000000e+00 0.000000000000000000e+00 2.754999876022338867e+00
1.019999980926513672e+01 1.002193838357925415e-01 0.000000000000000000e+00 -1.787742434089523158e-07 9.999565780162811279e-02 0.000000000000000000e+00 6.000000000000000000e+00 8.191000000000000000e+03 0.000000000000000000e+00 0.000000000000000000e+00 2.754999876022338867e+00
1.040000057220458984e+01 9.009198099374771118e-02 0.000000000000000000e+00 -1.902502617667778395e-07 8.999861776828765869e-02 0.000000000000000000e+00 6.000000000000000000e+00 8.191000000000000000e+03 0.000000000000000000e+00 0.000000000000000000e+00 2.754999876022338867e+00
1.060000038146972656e+01 8.009605109691619873e-02 0.000000000000000000e+00 -2.027687031613822910e-07 8.000158518552780151e-02 0.000000000000000000e+00 6.000000000000000000e+00 8.191000000000000000e+03 0.000000000000000000e+00 0.000000000000000000e+00 2.754999876022338867e+00
1.080000019073486328e+01 7.010462135076522827e-02 0.000000000000000000e+00 -2.180913725169375539e-07 7.000455260276794434e-02 0.000000000000000000e+00 6.000000000000000000e+00 8.191000000000000000e+03 0.000000000000000000e+00 0.000000000000000000e+00 2.754999876022338867e+00
1.100000000000000000e+01 6.005533412098884583e-02 0.000000000000000000e+00 -2.365078728416847298e-07 5.999501794576644897e-02 0.000000000000000000e+00 6.000000000000000000e+00 8.191000000000000000e+03 0.000000000000000000e+00 0.000000000000000000e+00 2.754999876022338867e+00
1.119999980926513672e+01 5.021951347589492798e-02 0.000000000000000000e+00 -2.579867555141390767e-07 4.999798536300659180e-02 0.000000000000000000e+00 6.000000000000000000e+00 8.191000000000000000e+03 0.000000000000000000e+00 0.000000000000000000e+00 2.754999876022338867e+00
1.140000057220458984e+01 4.008490219712257385e-02 0.000000000000000000e+00 -2.835773216247616801e-07 4.000094905495643616e-02 0.000000000000000000e+00 6.000000000000000000e+00 8.191000000000000000e+03 0.000000000000000000e+00 0.000000000000000000e+00 2.754999876022338867e+00
1.160000038146972656e+01 3.012522496283054352e-02 0.000000000000000000e+00 -3.127376828615524573e-07 3.000391460955142975e-02 0.000000000000000000e+00 6.000000000000000000e+00 8.191000000000000000e+03 0.000000000000000000e+00 0.000000000000000000e+00 2.754999876022338867e+00
1.180000019073486328e+01 2.007991448044776917e-02 0.000000000000000000e+00 -3.468225315828021849e-07 1.999438367784023285e-02 0.000000000000000000e+00 6.000000000000000000e+00 8.191000000000000000e+03 0.000000000000000000e+00 0.000000000000000000e+00 2.754999876022338867e+00
1.200000000000000000e+01 1.011092681437730789e-02 0.000000000000000000e+00 -3.849538927624962525e-07 9.997349232435226440e-03 0.000000000000000000e+00 6.000000000000000000e+00 8.191000000000000000e+03 0.000000000000000000e+00 0.000000000000000000e+00 2.754999876022338867e+00
1.219999980926513672e+01 1.807122607715427876e-04 0.000000000000000000e+00 -4.253414829236135120e-07 3.129243850708007812e-07 0.000000000000000000e+00 6.000000000000000000e+00 8.191000000000000000e+03 0.000000000000000000e+00 0.000000000000000000e+00 2.754999876022338867e+00
1.240000057220458984e+01 -9.786456823348999023e-03 0.000000000000000000e+00 -4.672202749134157784e-07 -9.996719658374786377e-03 0.000000000000000000e+00 6.000000000000000000e+00 8.191000000000000000e+03 0.000000000000000000e+00 0.000000000000000000e+00 2.754999876022338867e+00
1.260000038146972656e+01 -1.984331198036670685e-02 0.000000000000000000e+00 -5.087740078124625143e-07 -1.999375596642494202e-02 0.000000000000000000e+00 6.000000000000000000e+00 6.143000000000000000e+03 0.000000000000000000e+00 0.000000000000000000e+00 2.754999876022338867e+00
1.280000019073486328e+01 -2.989096939563751221e-02 0.000000000000000000e+00 -5.517733825399773195e-07 -3.000328317284584045e-02 0.000000000000000000e+00 6.000000000000000000e+00 8.191000000000000000e+03 0.000000000000000000e+00 0.000000000000000000e+00 2.754999876022338867e+00
1.300000000000000000e+01 -3.985159844160079956e-02 0.000000000000000000e+00 -5.950221861894533504e-07 -4.000032320618629456e-02 0.000000000000000000e+00 6.000000000000000000e+00 8.191000000000000000e+03 0.000000000000000000e+00 0.000000000000000000e+00 2.754999876022338867e+00
1.319999980926513672e+01 -4.989255964756011963e-02 0.000000000000000000e+00 -6.402081567102868576e-07 -4.999735578894615173e-02 0.000000000000000000e+00 6.000000000000000000e+00 8.191000000000000000e+03 0.000000000000000000e+00 0.000000000000000000e+00 2.754999876022338867e+00
1.340000057220458984e+01 -5.987025052309036255e-02 0.000000000000000000e+00 -6.883375363031518646e-07 -5.999438837170600891e-02 0.000000000000000000e+00 6.000000000000000000e+00 8.191000000000000000e+03 0.000000000000000000e+00 0.000000000000000000e+00 2.754999876022338867e+00
1.360000038146972656e+01 -6.977346539497375488e-02 0.000000000000000000e+00 -7.462433018190495204e-07 -7.000392675399780273e-02 0.000000000000000000e+00 6.000000000000000000e+00 8.191000000000000000e+03 0.000000000000000000e+00 0.000000000000000000e+00 2.755199909210205078e+00
1.380000019073486328e+01 -7.991541177034378052e-02 0.000000000000000000e+00 -8.119642984638630878e-07 -8.000095188617706299e-02 0.000000000000000000e+00 6.000000000000000000e+00 8.191000000000000000e+03 0.000000000000000000e+00 0.000000000000000000e+00 2.755199909210205078e+00
1.400000000000000000e+01 -8.989001065492630005e-02 0.000000000000000000e+00 -8.864786309459304903e-07 -8.999799191951751709e-02 0.000000000000000000e+00 6.000000000000000000e+00 8.191000000000000000e+03 0.000000000000000000e+00 0.000000000000000000e+00 2.755199909210205078e+00
1.419999980926513672e+01 -9.980920702219009399e-02 0.000000000000000000e+00 -9.747526519277016632e-07 -9.999501705169677734e-02 0.000000000000000000e+00 6.000000000000000000e+00 8.191000000000000000e+03 0.000000000000000000e+00 0.000000000000000000e+00 2.755199909210205078e+00
1.440000057220458984e+01 -1.098954305052757263e-01 0.000000000000000000e+00 -1.073657244887726847e-06 -1.100045591592788696e-01 0.000000000000000000e+00 7.000000000000000000e+00 8.191000000000000000e+03 0.000000000000000000e+00 0.000000000000000000e+00 2.755199909210205078e+00
1.460000038146972656e+01 -1.197977885603904724e-01 0.000000000000000000e+00 -1.182105279440293089e-06 -1.200015842914581299e-01 0.000000000000000000e+00 7.000000000000000000e+00 8.191000000000000000e+03 0.000000000000000000e+00 0.000000000000000000e+00 2.754999876022338867e+00
1.480000019073486328e+01 -1.299108862876892090e-01 0.000000000000000000e+00 -1.311837309003749397e-06 -1.299986243247985840e-01 0.000000000000000000e+00 7.000000000000000000e+00 8.191000000000000000e+03 0.000000000000000000e+00 0.000000000000000000e+00 2.754999876022338867e+00
1.500000000000000000e+01 -1.398152410984039307e-01 0.000000000000000000e+00 -1.445976977265672758e-06 -1.399956643581390381e-01 0.000000000000000000e+00 7.000000000000000000e+00 8.191000000000000000e+03 0.000000000000000000e+00 0.000000000000000000e+00 2.754999876022338867e+00
1.519999980926513672e+01 -1.498811990022659302e-01 0.000000000000000000e+00 -1.596607035025954247e-06 -1.500051915645599365e-01 0.000000000000000000e+00 7.000000000000000000e+00 8.191000000000000000e+03 0.000000000000000000e+00 0.000000000000000000e+00 2.754999876022338867e+00
1.540000057220458984e+01 -1.599254906177520752e-01 0.000000000000000000e+00 -1.766715172379917931e-06 -1.600022166967391968e-01 0.000000000000000000e+00 7.000000000000000000e+00 8.191000000000000000e+03 0.000000000000000000e+00 0.000000000000000000e+00 2.754999876022338867e+00
1.560000038146972656e+01 -1.698794066905975342e-01 0.000000000000000000e+00 -1.947243845279444940e-06 -1.699992567300796509e-01 0.000000000000000000e+00 7.000000000000000000e+00 8.191000000000000000e+03 0.000000000000000000e+00 0.000000000000000000e+00 2.754899978637695312e+00
1.580000019073486328e+01 -1.798347234725952148e-01 0.000000000000000000e+00 -2.140064225386595353e-06 -1.799962967634201050e-01 0.000000000000000000e+00 7.000000000000000000e+00 8.191000000000000000e+03 0.000000000000000000e+00 0.000000000000000000e+00 2.754899978637695312e+00
1.600000000000000000e+01 -1.898459047079086304e-01 0.000000000000000000e+00 -2.347986537643009797e-06 -1.900058239698410034e-01 0.000000000000000000e+00 7.000000000000000000e+00 8.191000000000000000e+03 0.000000000000000000e+00 0.000000000000000000e+00 2.754899978637695312e+00
1.620000076293945312e+01 -1.998547315597534180e-01 0.000000000000000000e+00 -2.572841367509681731e-06 -2.000028640031814575e-01 0.000000000000000000e+00 7.000000000000000000e+00 8.191000000000000000e+03 0.000000000000000000e+00 0.000000000000000000e+00 2.754899978637695312e+00
1.639999961853027344e+01 -1.898865550756454468e-01 0.000000000000000000e+00 -2.191235807913471945e-06 -1.900058239698410034e-01 0.000000000000000000e+00 7.000000000000000000e+00 8.191000000000000000e+03 0.000000000000000000e+00 1.000000000000000000e+00 2.754899978637695312e+00
1.660000038146972656e+01 -1.798941344022750854e-01 0.000000000000000000e+00 -1.884157654785667546e-06 -1.799962967634201050e-01 0.000000000000000000e+00 7.000000000000000000e+00 8.191000000000000000e+03 0.000000000000000000e+00 1.000000000000000000e+00 2.754999876022338867e+00
1.680000114440917969e+01 -1.699391454458236694e-01 0.000000000000000000e+00 -1.636345814404194243e-06 -1.699992567300796509e-01 0.000000000000000000e+00 7.000000000000000000e+00 8.191000000000000000e+03 0.000000000000000000e+00 1.000000000000000000e+00 2.754999876022338867e+00
1.700000000000000000e+01 -1.598980873823165894e-01 0.000000000000000000e+00 -1.416683403476781677e-06 -1.600022166967391968e-01 0.000000000000000000e+00 7.000000000000000000e+00 8.191000000000000000e+03 0.000000000000000000e+00 1.000000000000000000e+00 2.754999876022338867e+00
1.720000076293945312e+01 -1.497998982667922974e-01 0.000000000000000000e+00 -1.227734969688754063e-06 -1.500051915645599365e-01 0.000000000000000000e+00 7.000000000000000000e+00 8.191000000000000000e+03 0.000000000000000000e+00 1.000000000000000000e+00 2.754999876022338867e+00
1.739999961853027344e+01 -1.399183720350265503e-01 0.000000000000000000e+00 -1.066290906237554736e-06 -1.399956643581390381e-01 0.000000000000000000e+00 7.000000000000000000e+00 8.191000000000000000e+03 0.000000000000000000e+00 1.000000000000000000e+00 2.754999876022338867e+00
1.760000038146972656e+01 -1.297831237316131592e-01 0.000000000000000000e+00 -9.195928214467130601e-07 -1.299986243247985840e-01 0.000000000000000000e+00 7.000000000000000000e+00 8.191000000000000000e+03 0.000000000000000000e+00 1.000000000000000000e+00 2.754999876022338867e+00
1.780000114440917969e+01 -1.199451014399528503e-01 0.000000000000000000e+00 -7.916925142126274295e-07 -1.200015842914581299e-01 0.000000000000000000e+00 7.000000000000000000e+00 8.191000000000000000e+03 0.000000000000000000e+00 1.000000000000000000e+00 2.754999876022338867e+00
1.800000000000000000e+01 -1.098245307803153992e-01 0.000000000000000000e+00 -6.837410069238103461e-07 -1.100045591592788696e-01 0.000000000000000000e+00 6.000000000000000000e+00 8.191000000000000000e+03 0.000000000000000000e+00 1.000000000000000000e+00 2.754999876022338867e+00
1.820000076293945312e+01 -9.987109154462814331e-02 0.000000000000000000e+00 -5.832251872561755590e-07 -9.999501705169677734e-02 0.000000000000000000e+00 6.000000000000000000e+00 8.191000000000000000e+03 0.000000000000000000e+00 1.000000000000000000e+00 2.754999876022338867e+00
1.839999961853027344e+01 -8.975263684988021851e-02 0.000000000000000000e+00 -4.946816716255852953e-07 -8.999799191951751709e-02 0.000000000000000000e+00 6.000000000000000000e+00 8.191000000000000000e+03 0.000000000000000000e+00 1.000000000000000000e+00 2.754999876022338867e+00
1.860000038146972656e+01 -7.990977913141250610e-02 0.000000000000000000e+00 -4.152036581217544153e-07 -8.000095188617706299e-02 0.000000000000000000e+00 6.000000000000000000e+00 8.191000000000000000e+03 0.000000000000000000e+00 1.000000000000000000e+00 2.754999876022338867e+00
1.880000114440917969e+01 -6.983903050422668457e-02 0.000000000000000000e+00 -3.423756140819023130e-07 -7.000392675399780273e-02 0.000000000000000000e+00 6.000000000000000000e+00 8.191000000000000000e+03 0.000000000000000000e+00 1.000000000000000000e+00 2.754999876022338867e+00
1.900000000000000000e+01 -5.989475175738334656e-02 0.000000000000000000e+00 -2.763968609542644117e-07 -5.999438837170600891e-02 0.000000000000000000e+00 6.000000000000000000e+00 8.191000000000000000e+03 0.000000000000000000e+00 1.000000000000000000e+00 2.754999876022338867e+00
1.920000076293945312e+01 -4.978904500603675842e-02 0.000000000000000000e+00 -2.152604849925410235e-07 -4.999735578894615173e-02 0.000000000000000000e+00 6.000000000000000000e+00 8.191000000000000000e+03 0.000000000000000000e+00 1.000000000000000000e+00 2.754999876022338867e+00
1.939999961853027344e+01 -3.980024158954620361e-02 0.000000000000000000e+00 -1.602757180307889939e-07 -4.000032320618629456e-02 0.000000000000000000e+00 6.000000000000000000e+00 8.191000000000000000e+03 0.000000000000000000e+00 1.000000000000000000e+00 2.754999876022338867e+00
1.960000038146972656e+01 -2.988780848681926727e-02 0.000000000000000000e+00 -1.066917505454512138e-07 -3.000328317284584045e-02 0.000000000000000000e+00 6.000000000000000000e+00 8.191000000000000000e+03 0.000000000000000000e+00 1.000000000000000000e+00 2.754999876022338867e+00
1.980000114440917969e+01 -1.987187564373016357e-02 0.000000000000000000e+00 -5.731225627414460178e-08 -1.999375596642494202e-02 0.000000000000000000e+00 6.000000000000000000e+00 8.191000000000000000e+03 0.000000000000000000e+00 1.000000000000000000e+00 2.754999876022338867e+00
2.000000000000000000e+01 -9.922740980982780457e-03 0.000000000000000000e+00 -7.422302772397415538e-09 -9.996719658374786377e-03 0.000000000000000000e+00 5.000000000000000000e+00 8.191000000000000000e+03 0.000000000000000000e+00 1.000000000000000000e+00 2.754999876022338867e+00
2.020000076293945312e+01 4.396607982926070690e-05 0.000000000000000000e+00 1.093948842623149176e-08 3.129243850708007812e-07 0.000000000000000000e+00 4.000000000000000000e+00 6.908000000000000000e+03 0.000000000000000000e+00 1.000000000000000000e+00 2.754999876022338867e+00
2.039999961853027344e+01 1.023040898144245148e-02 0.000000000000000000e+00 1.093948842623149176e-08 9.997349232435226440e-03 0.000000000000000000e+00 4.000000000000000000e+00 6.908000000000000000e+03 0.000000000000000000e+00 1.000000000000000000e+00 2.754999876022338867e+00
2.060000038146972656e+01 2.011650241911411285e-02 0.000000000000000000e+00 1.093948842623149176e-08 1.999438367784023285e-02 0.000000000000000000e+00 4.000000000000000000e+00 7.164000000000000000e+03 0.000000000000000000e+00 1.000000000000000000e+00 2.754999876022338867e+00
2.080000114440917969e+01 2.946260757744312286e-02 0.000000000000000000e+00 1.091851729029258422e-07 3.000391460955142975e-02 0.000000000000000000e+00 5.000000000000000000e+00 5.116000000000000000e+03 0.000000000000000000e+00 1.000000000000000000e+00 2.754999876022338867e+00
2.100000000000000000e+01 4.007236286997795105e-02 0.000000000000000000e+00 1.717250626143140835e-07 4.000094905495643616e-02 0.000000000000000000e+00 6.000000000000000000e+00 8.191000000000000000e+03 0.000000000000000000e+00 1.000000000000000000e+00 2.754999876022338867e+00
2.120000076293945312e+01 5.009209737181663513e-02 0.000000000000000000e+00 1.960094238029341795e-07 4.999798536300659180e-02 0.000000000000000000e+00 6.000000000000000000e+00 8.191000000000000000e+03 0.000000000000000000e+00 1.000000000000000000e+00 2.754999876022338867e+00
2.139999961853027344e+01 6.007833033800125122e-02 0.000000000000000000e+00 2.153260112436328200e-07 5.999501794576644897e-02 0.000000000000000000e+00 6.000000000000000000e+00 8.191000000000000000e+03 0.000000000000000000e+00 1.000000000000000000e+00 2.754999876022338867e+00
2.160000038146972656e+01 7.018658518791198730e-02 0.000000000000000000e+00 2.323325389852470835e-07 7.000455260276794434e-02 0.000000000000000000e+00 6.000000000000000000e+00 8.191000000000000000e+03 0.000000000000000000e+00 1.000000000000000000e+00 2.754899978637695312e+00
2.180000114440917969e+01 8.015245944261550903e-02 0.000000000000000000e+00 2.455747676322062034e-07 8.000158518552780151e-02 0.000000000000000000e+00 6.000000000000000000e+00 8.191000000000000000e+03 0.000000000000000000e+00 1.000000000000000000e+00 2.754899978637695312e+00
2.200000000000000000e+01 9.012242406606674194e-02 0.000000000000000000e+00 2.577844497864134610e-07 8.999861776828765869e-02 0.000000000000000000e+00 6.000000000000000000e+00 8.191000000000000000e+03 0.000000000000000000e+00 1.000000000000000000e+00 2.754899978637695312e+00
2.220000076293945312e+01 1.001645252108573914e-01 0.000000000000000000e+00 2.684906519334617769e-07 9.999565780162811279e-02 0.000000000000000000e+00 6.000000000000000000e+00 8.191000000000000000e+03 0.000000000000000000e+00 1.000000000000000000e+00 2.754899978637695312e+00
2.239999961853027344e+01 1.100856810808181763e-01 0.000000000000000000e+00 2.789800248592655407e-07 1.100051850080490112e-01 0.000000000000000000e+00 6.000000000000000000e+00 8.191000000000000000e+03 0.000000000000000000e+00 1.000000000000000000e+00 2.754899978637695312e+00
2.260000038146972656e+01 1.201997101306915283e-01 0.000000000000000000e+00 2.897695878800732316e-07 1.200022250413894653e-01 0.000000000000000000e+00 6.000000000000000000e+00 8.191000000000000000e+03 0.000000000000000000e+00 1.000000000000000000e+00 2.754899978637695312e+00
2.280000114440917969e+01 1.302737891674041748e-01 0.000000000000000000e+00 2.983573210713075241e-07 1.299992501735687256e-01 0.000000000000000000e+00 6.000000000000000000e+00 8.191000000000000000e+03 0.000000000000000000e+00 1.000000000000000000e+00 2.754899978637695312e+00
2.300000000000000000e+01 1.401979476213455200e-01 0.000000000000000000e+00 3.089743927375820931e-07 1.399962902069091797e-01 0.000000000000000000e+00 6.000000000000000000e+00 8.191000000000000000e+03 0.000000000000000000e+00 1.000000000000000000e+00 2.754899978637695312e+00
2.320000076293945312e+01 1.501685678958892822e-01 0.000000000000000000e+00 3.187537913618143648e-07 1.500058174133300781e-01 0.000000000000000000e+00 6.000000000000000000e+00 8.191000000000000000e+03 0.000000000000000000e+00 1.000000000000000000e+00 2.754899978637695312e+00
2.339999961853027344e+01 1.601424664258956909e-01 0.000000000000000000e+00 3.295950818937853910e-07 1.600028574466705322e-01 0.000000000000000000e+00 6.000000000000000000e+00 8.191000000000000000e+03 0.000000000000000000e+00 1.000000000000000000e+00 2.754899978637695312e+00
2.360000038146972656e+01 1.701415479183197021e-01 0.000000000000000000e+00 3.397970260721194791e-07 1.699998974800109863e-01 0.000000000000000000e+00 6.000000000000000000e+00 8.191000000000000000e+03 0.000000000000000000e+00 1.000000000000000000e+00 2.754999876022338867e+00
2.380000114440917969e+01 1.800801455974578857e-01 0.000000000000000000e+00 3.513545152600272559e-07 1.799969226121902466e-01 0.000000000000000000e+00 6.000000000000000000e+00 8.191000000000000000e+03 0.000000000000000000e+00 1.000000000000000000e+00 2.754999876022338867e+00
2.400000000000000000e+01 1.901845782995223999e-01 0.000000000000000000e+00 3.640565751084068324e-07 1.899939626455307007e-01 0.000000000000000000e+00 6.000000000000000000e+00 8.191000000000000000e+03 0.000000000000000000e+00 1.000000000000000000e+00 2.754999876022338867e+00
2.420000076293945312e+01 2.001059204339981079e-01 0.000000000000000000e+00 3.783905810905707767e-07 2.000034898519515991e-01 0.000000000000000000e+00 6.000000000000000000e+00 8.191000000000000000e+03 0.000000000000000000e+00 1.000000000000000000e+00 2.754999876022338867e+00
2.439999961853027344e+01 2.101058065891265869e-01 0.000000000000000000e+00 3.928275873477105051e-07 2.100005298852920532e-01 0.000000000000000000e+00 6.000000000000000000e+00 8.191000000000000000e+03 0.000000000000000000e+00 1.000000000000000000e+00 2.754999876022338867e+00
2.460000038146972656e+01 2.202020883560180664e-01 0.000000000000000000e+00 4.093593020115804393e-07 2.199975699186325073e-01 0.000000000000000000e+00 6.000000000000000000e+00 8.191000000000000000e+03 0.000000000000000000e+00 1.000000000000000000e+00 2.754999876022338867e+00
2.480000114440917969e+01 2.301320880651473999e-01 0.000000000000000000e+00 4.271099669495015405e-07 2.299945950508117676e-01 0.000000000000000000e+00 6.000000000000000000e+00 8.191000000000000000e+03 0.000000000000000000e+00 1.000000000000000000e+00 2.754999876022338867e+00
2.500000000000000000e+01 2.402253746986389160e-01 0.000000000000000000e+00 4.477168999983405229e-07 2.400041371583938599e-01 0.000000000000000000e+00 6.000000000000000000e+00 8.191000000000000000e+03 0.000000000000000000e+00 1.000000000000000000e+00 2.754999876022338867e+00
2.520000076293945312e+01 2.501658499240875244e-01 0.000000000000000000e+00 4.682935070832172642e-07 2.500011622905731201e-01 0.000000000000000000e+00 6.000000000000000000e+00 8.191000000000000000e+03 0.000000000000000000e+00 1.000000000000000000e+00 2.754999876022338867e+00
2.539999961853027344e+01 2.602410614490509033e-01 0.000000000000000000e+00 4.899849841422110330e-07 2.599982023239135742e-01 0.000000000000000000e+00 6.000000000000000000e+00 8.191000000000000000e+03 0.000000000000000000e+00 1.000000000000000000e+00 2.754999876022338867e+00
2.560000038146972656e+01 2.701308429241180420e-01 0.000000000000000000e+00 5.162656293578038458e-07 2.699952423572540283e-01 0.000000000000000000e+00 6.000000000000000000e+00 8.191000000000000000e+03 0.000000000000000000e+00 1.000000000000000000e+00 2.755100011825561523e+00
2.580000114440917969e+01 2.801762223243713379e-01 0.000000000000000000e+00 5.452433811115042772e-07 2.800047695636749268e-01 0.000000000000000000e+00 6.000000000000000000e+00 8.191000000000000000e+03 0.000000000000000000e+00 1.000000000000000000e+00 2.755100011825561523e+00
2.600000000000000000e+01 2.901252210140228271e-01 0.000000000000000000e+00 5.768545747741882224e-07 2.900017797946929932e-01 0.000000000000000000e+00 6.000000000000000000e+00 8.191000000000000000e+03 0.000000000000000000e+00 1.000000000000000000e+00 2.755100011825561523e+00
2.620000076293945312e+01 3.001624643802642822e-01 0.000000000000000000e+00 6.153227900540514383e-07 2.999988198280334473e-01 0.000000000000000000e+00 6.000000000000000000e+00 8.191000000000000000e+03 0.000000000000000000e+00 1.000000000000000000e+00 2.755100011825561523e+00
2.639999961853027344e+01 2.902272939682006836e-01 0.000000000000000000e+00 3.984168017723277444e-07 2.900017797946929932e-01 0.000000000000000000e+00 6.000000000000000000e+00 8.191000000000000000e+03 0.000000000000000000e+00 1.000000000000000000e+00 2.755100011825561523e+00
2.660000038146972656e+01 2.801823616027832031e-01 0.000000000000000000e+00 2.728566244059038581e-07 2.800047695636749268e-01 0.000000000000000000e+00 6.000000000000000000e+00 8.191000000000000000e+03 0.000000000000000000e+00 1.000000000000000000e+00 2.755100011825561523e+00
2.680000114440917969e+01 2.701434791088104248e-01 0.000000000000000000e+00 1.871244279527672916e-07 2.699952423572540283e-01 0.000000000000000000e+00 6.000000000000000000e+00 8.191000000000000000e+03 0.000000000000000000e+00 1.000000000000000000e+00 2.755100011825561523e+00
2.700000000000000000e+01 2.600636482238769531e-01 0.000000000000000000e+00 1.230474140356818680e-07 2.599982023239135742e-01 0.000000000000000000e+00 6.000000000000000000e+00 8.191000000000000000e+03 0.000000000000000000e+00 1.000000000000000000e+00 2.755100011825561523e+00
2.720000076293945312e+01 2.501560747623443604e-01 0.000000000000000000e+00 7.590794837142311735e-08 2.500011622905731201e-01 0.000000000000000000e+00 6.000000000000000000e+00 8.191000000000000000e+03 0.000000000000000000e+00 1.000000000000000000e+00 2.755100011825561523e+00
2.739999961853027344e+01 2.401950955390930176e-01 0.000000000000000000e+00 3.445885354835809267e-08 2.400041371583938599e-01 0.000000000000000000e+00 5.000000000000000000e+00 8.191000000000000000e+03 0.000000000000000000e+00 1.000000000000000000e+00 2.755100011825561523e+00
2.760000038146972656e+01 2.301352918148040771e-01 0.000000000000000000e+00 3.470916887238217896e-09 2.299945950508117676e-01 0.000000000000000000e+00 5.000000000000000000e+00 8.191000000000000000e+03 0.000000000000000000e+00 1.000000000000000000e+00 2.754799842834472656e+00
2.780000114440917969e+01 2.200652211904525757e-01 0.000000000000000000e+00 -1.094613644170294720e-08 2.199975699186325073e-01 0.000000000000000000e+00 4.000000000000000000e+00 6.908000000000000000e+03 0.000000000000000000e+00 1.000000000000000000e+00 2.754799842834472656e+00
2.800000000000000000e+01 2.101860344409942627e-01 0.000000000000000000e+00 -1.094613644170294720e-08 2.100005298852920532e-01 0.000000000000000000e+00 4.000000000000000000e+00 6.908000000000000000e+03 0.000000000000000000e+00 1.000000000000000000e+00 2.754799842834472656e+00
2.820000076293945312e+01 2.001607269048690796e-01 0.000000000000000000e+00 -1.094613644170294720e-08 2.000034898519515991e-01 0.000000000000000000e+00 4.000000000000000000e+00 7.164000000000000000e+03 0.000000000000000000e+00 1.000000000000000000e+00 2.754799842834472656e+00
2.839999961853027344e+01 1.900098472833633423e-01 0.000000000000000000e+00 -8.308521870503682294e-08 1.899939626455307007e-01 0.000000000000000000e+00 5.000000000000000000e+00 8.191000000000000000e+03 0.000000000000000000e+00 1.000000000000000000e+00 2.754799842834472656e+00
2.860000038146972656e+01 1.802007108926773071e-01 0.000000000000000000e+00 -9.837551573355085566e-08 1.799969226121902466e-01 0.000000000000000000e+00 5.000000000000000000e+00 7.164000000000000000e+03 0.000000000000000000e+00 1.000000000000000000e+00 2.755100011825561523e+00
2.880000114440917969e+01 1.701830625534057617e-01 0.000000000000000000e+00 -1.108794549509184435e-07 1.699998974800109863e-01 0.000000000000000000e+00 6.000000000000000000e+00 8.191000000000000000e+03 0.000000000000000000e+00 1.000000000000000000e+00 2.755100011825561523e+00
2.900000000000000000e+01 1.601573228836059570e-01 0.000000000000000000e+00 -1.250420211817981908e-07 1.600028574466705322e-01 0.000000000000000000e+00 6.000000000000000000e+00 8.191000000000000000e+03 0.000000000000000000e+00 1.000000000000000000e+00 2.755100011825561523e+00
2.920000076293945312e+01 1.502352207899093628e-01 0.000000000000000000e+00 -1.359908168296897202e-07 1.500058174133300781e-01 0.000000000000000000e+00 6.000000000000000000e+00 8.191000000000000000e+03 0.000000000000000000e+00 1.000000000000000000e+00 2.755100011825561523e+00
2.939999961853027344e+01 1.401450932025909424e-01 0.000000000000000000e+00 -1.478034619140089490e-07 1.399962902069091797e-01 0.000000000000000000e+00 6.000000000000000000e+00 8.191000000000000000e+03 0.000000000000000000e+00 1.000000000000000000e+00 2.755100011825561523e+00
2.960000038146972656e+01 1.301849782466888428e-01 0.000000000000000000e+00 -1.591833864722502767e-07 1.299992501735687256e-01 0.000000000000000000e+00 6.000000000000000000e+00 8.191000000000000000e+03 0.000000000000000000e+00 1.000000000000000000e+00 2.754699945449829102e+00
2.980000114440917969e+01 1.202086359262466431e-01 0.000000000000000000e+00 -1.710935748633346520e-07 1.200022250413894653e-01 0.000000000000000000e+00 6.000000000000000000e+00 8.191000000000000000e+03 0.000000000000000000e+00 1.000000000000000000e+00 2.754699945449829102e+00
3.000000000000000000e+01 1.101196184754371643e-01 0.000000000000000000e+00 -1.847068631377624115e-07 1.100051850080490112e-01 0.000000000000000000e+00 6.000000000000000000e+00 8.191000000000000000e+03 0.000000000000000000e+00 1.000000000000000000e+00 2.754699945449829102e+00
3.020000076293945312e+01 1.002111583948135376e-01 0.000000000000000000e+00 -1.976488732680081739e-07 9.999565780162811279e-02 0.000000000000000000e+00 6.000000000000000000e+00 8.191000000000000000e+03 0.000000000000000000e+00 1.000000000000000000e+00 2.754699945449829102e+00
3.039999961853027344e+01 9.013980627059936523e-02 0.000000000000000000e+00 -2.126177207628643373e-07 8.999861776828765869e-02 0.000000000000000000e+00 6.000000000000000000e+00 8.191000000000000000e+03 0.000000000000000000e+00 1.000000000000000000e+00 2.754699945449829102e+00
3.060000038146972656e+01 8.020999282598495483e-02 0.000000000000000000e+00 -2.281594362329997239e-07 8.000158518552780151e-02 0.000000000000000000e+00 6.000000000000000000e+00 8.191000000000000000e+03 0.000000000000000000e+00 1.000000000000000000e+00 2.754999876022338867e+00
3.080000114440917969e+01 7.016618549823760986e-02 0.000000000000000000e+00 -2.482694299033028074e-07 7.000455260276794434e-02 0.000000000000000000e+00 6.000000000000000000e+00 8.191000000000000000e+03 0.000000000000000000e+00 1.000000000000000000e+00 2.754999876022338867e+00
3.100000000000000000e+01 6.007405370473861694e-02 0.000000000000000000e+00 -2.690492806323163677e-07 5.999501794576644897e-02 0.000000000000000000e+00 6.000000000000000000e+00 8.191000000000000000e+03 0.000000000000000000e+00 1.000000000000000000e+00 2.754999876022338867e+00
3.120000076293945312e+01 5.008902028203010559e-02 0.000000000000000000e+00 -2.954490128104225732e-07 4.999798536300659180e-02 0.000000000000000000e+00 6.000000000000000000e+00 8.191000000000000000e+03 0.000000000000000000e+00 1.000000000000000000e+00 2.754999876022338867e+00
3.139999961853027344e+01 4.001424834132194519e-02 0.000000000000000000e+00 -3.230490221994841704e-07 4.000094905495643616e-02 0.000000000000000000e+00 6.000000000000000000e+00 8.191000000000000000e+03 0.000000000000000000e+00 1.000000000000000000e+00 2.754999876022338867e+00
3.160000038146972656e+01 3.016041591763496399e-02 0.000000000000000000e+00 -3.546443565483059501e-07 3.000391460955142975e-02 0.000000000000000000e+00 6.000000000000000000e+00 8.191000000000000000e+03 0.000000000000000000e+00 1.000000000000000000e+00 2.754999876022338867e+00
3.180000114440917969e+01 2.014593966305255890e-02 0.000000000000000000e+00 -3.913706621005985653e-07 1.999438367784023285e-02 0.000000000000000000e+00 6.000000000000000000e+00 8.191000000000000000e+03 0.000000000000000000e+00 1.000000000000000000e+00 2.754999876022338867e+00
3.200000000000000000e+01 1.018211431801319122e-02 0.000000000000000000e+00 -4.287372235012298916e-07 9.997349232435226440e-03 0.000000000000000000e+00 6.000000000000000000e+00 8.191000000000000000e+03 0.000000000000000000e+00 1.000000000000000000e+00 2.754999876022338867e+00
3.220000076293945312e+01 8.039065869525074959e-05 0.000000000000000000e+00 -4.669261670642299578e-07 3.129243850708007812e-07 0.000000000000000000e+00 6.000000000000000000e+00 8.191000000000000000e+03 0.000000000000000000e+00 1.000000000000000000e+00 2.754999876022338867e+00
3.240000152587890625e+01 -9.760577231645584106e-03 0.000000000000000000e+00 -5.045689022153965198e-07 -9.996719658374786377e-03 0.000000000000000000e+00 6.000000000000000000e+00 8.191000000000000000e+03 0.000000000000000000e+00 1.000000000000000000e+00 2.754999876022338867e+00
3.260000228881835938e+01 -1.978418044745922089e-02 0.000000000000000000e+00 -5.396414621827716473e-07 -1.999375596642494202e-02 0.000000000000000000e+00 6.000000000000000000e+00 6.143000000000000000e+03 0.000000000000000000e+00 1.000000000000000000e+00 2.754999876022338867e+00
3.279999923706054688e+01 -2.981971204280853271e-02 0.000000000000000000e+00 -5.785785788248176686e-07 -3.000328317284584045e-02 0.000000000000000000e+00 6.000000000000000000e+00 8.191000000000000000e+03 0.000000000000000000e+00 1.000000000000000000e+00 2.754999876022338867e+00
3.300000000000000000e+01 -3.993204981088638306e-02 0.000000000000000000e+00 -6.138047865533735603e-07 -4.000032320618629456e-02 0.000000000000000000e+00 6.000000000000000000e+00 8.191000000000000000e+03 0.000000000000000000e+00 1.000000000000000000e+00 2.754999876022338867e+00
3.320000076293945312e+01 -4.998262599110603333e-02 0.000000000000000000e+00 -6.523850402118114289e-07 -4.999735578894615173e-02 0.000000000000000000e+00 6.000000000000000000e+00 8.191000000000000000e+03 0.000000000000000000e+00 1.000000000000000000e+00 2.754999876022338867e+00
3.340000152587890625e+01 -5.982046946883201599e-02 0.000000000000000000e+00 -6.956897209420276340e-07 -5.999438837170600891e-02 0.000000000000000000e+00 6.000000000000000000e+00 8.191000000000000000e+03 0.000000000000000000e+00 1.000000000000000000e+00 2.754999876022338867e+00
3.360000228881835938e+01 -6.977053731679916382e-02 0.000000000000000000e+00 -7.444098741871130187e-07 -7.000392675399780273e-02 0.000000000000000000e+00 6.000000000000000000e+00 8.191000000000000000e+03 0.000000000000000000e+00 1.000000000000000000e+00 2.755199909210205078e+00
3.379999923706054688e+01 -7.980530709028244019e-02 0.000000000000000000e+00 -8.013429351194645278e-07 -8.000095188617706299e-02 0.000000000000000000e+00 6.000000000000000000e+00 8.191000000000000000e+03 0.000000000000000000e+00 1.000000000000000000e+00 2.755199909210205078e+00
3.400000000000000000e+01 -8.976639807224273682e-02 0.000000000000000000e+00 -8.662995014674379490e-07 -8.999799191951751709e-02 0.000000000000000000e+00 6.000000000000000000e+00 8.191000000000000000e+03 0.000000000000000000e+00 1.000000000000000000e+00 2.755199909210205078e+00
3.420000076293945312e+01 -9.987488389015197754e-02 0.000000000000000000e+00 -9.391565072291996330e-07 -9.999501705169677734e-02 0.000000000000000000e+00 6.000000000000000000e+00 8.191000000000000000e+03 0.000000000000000000e+00 1.000000000000000000e+00 2.755199909210205078e+00
3.440000152587890625e+01 -1.099467277526855469e-01 0.000000000000000000e+00 -1.026250174618326128e-06 -1.100045591592788696e-01 0.000000000000000000e+00 7.000000000000000000e+00 8.191000000000000000e+03 0.000000000000000000e+00 1.000000000000000000e+00 2.755199909210205078e+00
3.460000228881835938e+01 -1.198972314596176147e-01 0.000000000000000000e+00 -1.121870127462898381e-06 -1.200015842914581299e-01 0.000000000000000000e+00 7.000000000000000000e+00 8.191000000000000000e+03 0.000000000000000000e+00 1.000000000000000000e+00 2.754999876022338867e+00
3.479999923706054688e+01 -1.298412978649139404e-01 0.000000000000000000e+00 -1.225999994858284481e-06 -1.299986243247985840e-01 0.000000000000000000e+00 7.000000000000000000e+00 8.191000000000000000e+03 0.000000000000000000e+00 1.000000000000000000e+00 2.754999876022338867e+00
3.500000000000000000e+01 -1.398680806159973145e-01 0.000000000000000000e+00 -1.347185616396018304e-06 -1.399956643581390381e-01 0.000000000000000000e+00 7.000000000000000000e+00 8.191000000000000000e+03 0.000000000000000000e+00 1.000000000000000000e+00 2.754999876022338867e+00
3.520000076293945312e+01 -1.499001979827880859e-01 0.000000000000000000e+00 -1.483264782109472435e-06 -1.500051915645599365e-01 0.000000000000000000e+00 7.000000000000000000e+00 8.191000000000000000e+03 0.000000000000000000e+00 1.000000000000000000e+00 2.754999876022338867e+00
3.540000152587890625e+01 -1.598440855741500854e-01 0.000000000000000000e+00 -1.630658857720845845e-06 -1.600022166967391968e-01 0.000000000000000000e+00 7.000000000000000000e+00 8.191000000000000000e+03 0.000000000000000000e+00 1.000000000000000000e+00 2.754999876022338867e+00
3.560000228881835938e+01 -1.697932928800582886e-01 0.000000000000000000e+00 -1.797043978513102047e-06 -1.699992567300796509e-01 0.000000000000000000e+00 7.000000000000000000e+00 8.191000000000000000e+03 0.000000000000000000e+00 1.000000000000000000e+00 2.754999876022338867e+00
3.579999923706054688e+01 -1.798875331878662109e-01 0.000000000000000000e+00 -1.975746727111982182e-06 -1.799962967634201050e-01 0.000000000000000000e+00 7.000000000000000000e+00 8.191000000000000000e+03 0.000000000000000000e+00 1.000000000000000000e+00 2.754999876022338867e+00
3.600000000000000000e+01 -1.899243444204330444e-01 0.000000000000000000e+00 -2.177843725803541020e-06 -1.900058239698410034e-01 0.000000000000000000e+00 7.000000000000000000e+00 8.191000000000000000e+03 0.000000000000000000e+00 1.000000000000000000e+00 2.754999876022338867e+00
3.620000076293945312e+01 -1.999218612909317017e-01 0.000000000000000000e+00 -2.390719373579486273e-06 -2.000028640031814575e-01 0.000000000000000000e+00 7.000000000000000000e+00 8.191000000000000000e+03 0.000000000000000000e+00 1.000000000000000000e+00 2.754999876022338867e+00
3.640000152587890625e+01 -1.898894459009170532e-01 0.000000000000000000e+00 -2.037570084212347865e-06 -1.900058239698410034e-01 0.000000000000000000e+00 7.000000000000000000e+00 8.191000000000000000e+03 0.000000000000000000e+00 2.000000000000000000e+00 2.754999876022338867e+00
3.660000228881835938e+01 -1.798410564661026001e-01 0.000000000000000000e+00 -1.765549086485407315e-06 -1.799962967634201050e-01 0.000000000000000000e+00 7.000000000000000000e+00 8.191000000000000000e+03 0.000000000000000000e+00 2.000000000000000000e+00 2.754899978637695312e+00
3.679999923706054688e+01 -1.699166595935821533e-01 0.000000000000000000e+00 -1.531819407318835147e-06 -1.699992567300796509e-01 0.000000000000000000e+00 7.000000000000000000e+00 8.191000000000000000e+03 0.000000000000000000e+00 2.000000000000000000e+00 2.754899978637695312e+00
3.700000000000000000e+01 -1.598773002624511719e-01 0.000000000000000000e+00 -1.332437136625230778e-06 -1.600022166967391968e-01 0.000000000000000000e+00 7.000000000000000000e+00 8.191000000000000000e+03 0.000000000000000000e+00 2.000000000000000000e+00 2.754899978637695312e+00
3.720000076293945312e+01 -1.498620957136154175e-01 0.000000000000000000e+00 -1.157839960796991363e-06 -1.500051915645599365e-01 0.000000000000000000e+00 7.000000000000000000e+00 8.191000000000000000e+03 0.000000000000000000e+00 2.000000000000000000e+00 2.754899978637695312e+00
3.740000152587890625e+01 -1.398133784532546997e-01 0.000000000000000000e+00 -1.001949726742168423e-06 -1.399956643581390381e-01 0.000000000000000000e+00 7.000000000000000000e+00 8.191000000000000000e+03 0.000000000000000000e+00 2.000000000000000000e+00 2.754899978637695312e+00
3.760000228881835938e+01 -1.298661679029464722e-01 0.000000000000000000e+00 -8.706125527169206180e-07 -1.299986243247985840e-01 0.000000000000000000e+00 7.000000000000000000e+00 8.191000000000000000e+03 0.000000000000000000e+00 2.000000000000000000e+00 2.754899978637695312e+00
3.779999923706054688e+01 -1.199049353599548340e-01 0.000000000000000000e+00 -7.509586339438101277e-07 -1.200015842914581299e-01 0.000000000000000000e+00 7.000000000000000000e+00 8.191000000000000000e+03 0.000000000000000000e+00 2.000000000000000000e+00 2.754899978637695312e+00
3.800000000000000000e+01 -1.098853498697280884e-01 0.000000000000000000e+00 -6.438029345190443564e-07 -1.100045591592788696e-01 0.000000000000000000e+00 6.000000000000000000e+00 8.191000000000000000e+03 0.000000000000000000e+00 2.000000000000000000e+00 2.754899978637695312e+00
3.820000076293945312e+01 -9.983753412961959839e-02 0.000000000000000000e+00 -5.506032039193087257e-07 -9.999501705169677734e-02 0.000000000000000000e+00 6.000000000000000000e+00 8.191000000000000000e+03 0.000000000000000000e+00 2.000000000000000000e+00 2.754899978637695312e+00
3.840000152587890625e+01 -8.991675823926925659e-02 0.000000000000000000e+00 -4.654078225030389149e-07 -8.999799191951751709e-02 0.000000000000000000e+00 6.000000000000000000e+00 8.191000000000000000e+03 0.000000000000000000e+00 2.000000000000000000e+00 2.754899978637695312e+00
3.860000228881835938e+01 -7.987967878580093384e-02 0.000000000000000000e+00 -3.898246916378411697e-07 -8.000095188617706299e-02 0.000000000000000000e+00 6.000000000000000000e+00 8.191000000000000000e+03 0.000000000000000000e+00 2.000000000000000000e+00 2.754999876022338867e+00
3.879999923706054688e+01 -6.992641836404800415e-02 0.000000000000000000e+00 -3.218682422811980359e-07 -7.000392675399780273e-02 0.000000000000000000e+00 6.000000000000000000e+00 8.191000000000000000e+03 0.000000000000000000e+00 2.000000000000000000e+00 2.754999876022338867e+00
3.900000000000000000e+01 -5.987901240587234497e-02 0.000000000000000000e+00 -2.603560460556764156e-07 -5.999438837170600891e-02 0.000000000000000000e+00 6.000000000000000000e+00 8.191000000000000000e+03 0.000000000000000000e+00 2.000000000000000000e+00 2.754999876022338867e+00
3.920000076293945312e+01 -4.991951584815979004e-02 0.000000000000000000e+00 -2.033220312114281114e-07 -4.999735578894615173e-02 0.000000000000000000e+00 6.000000000000000000e+00 8.191000000000000000e+03 0.000000000000000000e+00 2.000000000000000000e+00 2.754999876022338867e+00
3.940000152587890625e+01 -3.986828774213790894e-02 0.000000000000000000e+00 -1.511510419049955090e-07 -4.000032320618629456e-02 0.000000000000000000e+00 6.000000000000000000e+00 8.191000000000000000e+03 0.000000000000000000e+00 2.000000000000000000e+00 2.754999876022338867e+00
3.960000228881835938e+01 -2.976147085428237915e-02 0.000000000000000000e+00 -1.017522279767035798e-07 -3.000328317284584045e-02 0.000000000000000000e+00 6.000000000000000000e+00 8.191000000000000000e+03 0.000000000000000000e+00 2.000000000000000000e+00 2.754899978637695312e+00
3.979999923706054688e+01 -1.980420760810375214e-02 0.000000000000000000e+00 -5.484788090370784630e-08 -1.999375596642494202e-02 0.000000000000000000e+00 6.000000000000000000e+00 8.191000000000000000e+03 0.000000000000000000e+00 2.000000000000000000e+00 2.754899978637695312e+00
4.000000000000000000e+01 -9.796032682061195374e-03 0.000000000000000000e+00 -9.796350397550668276e-09 -9.996719658374786377e-03 0.000000000000000000e+00 5.000000000000000000e+00 8.191000000000000000e+03 0.000000000000000000e+00 2.000000000000000000e+00 2.754899978637695312e+00
4.020000076293945312e+01 1.281879376620054245e-04 0.000000000000000000e+00 3.271944493121736741e-08 3.129243850708007812e-07 0.000000000000000000e+00 5.000000000000000000e+00 8.191000000000000000e+03 0.000000000000000000e+00 2.000000000000000000e+00 2.754899978637695312e+00
4.040000152587890625e+01 1.014420483261346817e-02 0.000000000000000000e+00 7.195069429144496098e-08 9.997349232435226440e-03 0.000000000000000000e+00 5.000000000000000000e+00 8.191000000000000000e+03 0.000000000000000000e+00 2.000000000000000000e+00 2.754899978637695312e+00
4.060000228881835938e+01 2.013587579131126404e-02 0.000000000000000000e+00 1.062165821963390044e-07 1.999438367784023285e-02 0.000000000000000000e+00 5.000000000000000000e+00 7.164000000000000000e+03 0.000000000000000000e+00 2.000000000000000000e+00 2.754899978637695312e+00
4.079999923706054688e+01 2.940280921757221222e-02 0.000000000000000000e+00 1.403855236503659398e-07 3.000391460955142975e-02 0.000000000000000000e+00 6.000000000000000000e+00 6.143000000000000000e+03 0.000000000000000000e+00 2.000000000000000000e+00 2.754899978637695312e+00
4.100000000000000000e+01 4.027159884572029114e-02 0.000000000000000000e+00 1.689026447593278135e-07 4.000094905495643616e-02 0.000000000000000000e+00 6.000000000000000000e+00 8.191000000000000000e+03 0.000000000000000000e+00 2.000000000000000000e+00 2.754899978637695312e+00
4.120000076293945312e+01 5.011469125747680664e-02 0.000000000000000000e+00 1.926360937432036735e-07 4.999798536300659180e-02 0.000000000000000000e+00 6.000000000000000000e+00 8.191000000000000000e+03 0.000000000000000000e+00 2.000000000000000000e+00 2.754899978637695312e+00
4.140000152587890625e+01 6.013457104563713074e-02 0.000000000000000000e+00 2.126123490597819909e-07 5.999501794576644897e-02 0.000000000000000000e+00 6.000000000000000000e+00 8.191000000000000000e+03 0.000000000000000000e+00 2.000000000000000000e+00 2.754899978637695312e+00
4.160000228881835938e+01 7.017663866281509399e-02 0.000000000000000000e+00 2.310113984549388988e-07 7.000455260276794434e-02 0.000000000000000000e+00 6.000000000000000000e+00 8.191000000000000000e+03 0.000000000000000000e+00 2.000000000000000000e+00 2.754799842834472656e+00
4.179999923706054688e+01 8.011113107204437256e-02 0.000000000000000000e+00 2.449898488521284889e-07 8.000158518552780151e-02 0.000000000000000000e+00 6.000000000000000000e+00 8.191000000000000000e+03 0.000000000000000000e+00 2.000000000000000000e+00 2.754799842834472656e+00
4.200000000000000000e+01 9.020378440618515015e-02 0.000000000000000000e+00 2.558859364398813341e-07 8.999861776828765869e-02 0.000000000000000000e+00 6.000000000000000000e+00 8.191000000000000000e+03 0.000000000000000000e+00 2.000000000000000000e+00 2.754799842834472656e+00
4.220000076293945312e+01 1.002107933163642883e-01 0.000000000000000000e+00 2.676451060779072577e-07 9.999565780162811279e-02 0.000000000000000000e+00 6.000000000000000000e+00 8.191000000000000000e+03 0.000000000000000000e+00 2.000000000000000000e+00 2.754799842834472656e+00
4.240000152587890625e+01 1.102259457111358643e-01 0.000000000000000000e+00 2.786972856938518817e-07 1.100051850080490112e-01 0.000000000000000000e+00 6.000000000000000000e+00 8.191000000000000000e+03 0.000000000000000000e+00 2.000000000000000000e+00 2.754799842834472656e+00
4.260000228881835938e+01 1.202107295393943787e-01 0.000000000000000000e+00 2.885816172693012049e-07 1.200022250413894653e-01 0.000000000000000000e+00 6.000000000000000000e+00 8.191000000000000000e+03 0.000000000000000000e+00 2.000000000000000000e+00 2.754899978637695312e+00
4.279999923706054688e+01 1.302129030227661133e-01 0.000000000000000000e+00 2.982465048262383789e-07 1.299992501735687256e-01 0.000000000000000000e+00 6.000000000000000000e+00 8.191000000000000000e+03 0.000000000000000000e+00 2.000000000000000000e+00 2.754899978637695312e+00
4.300000000000000000e+01 1.401564180850982666e-01 0.000000000000000000e+00 3.071381229347025510e-07 1.399962902069091797e-01 0.000000000000000000e+00 6.000000000000000000e+00 8.191000000000000000e+03 0.000000000000000000e+00 2.000000000000000000e+00 2.754899978637695312e+00
4.320000076293945312e+01 1.501336395740509033e-01 0.000000000000000000e+00 3.174125424720841693e-07 1.500058174133300781e-01 0.000000000000000000e+00 6.000000000000000000e+00 8.191000000000000000e+03 0.000000000000000000e+00 2.000000000000000000e+00 2.754899978637695312e+00
4.340000152587890625e+01 1.600897759199142456e-01 0.000000000000000000e+00 3.273902962064312305e-07 1.600028574466705322e-01 0.000000000000000000e+00 6.000000000000000000e+00 8.191000000000000000e+03 0.000000000000000000e+00 2.000000000000000000e+00 2.754899978637695312e+00
4.360000228881835938e+01 1.701406985521316528e-01 0.000000000000000000e+00 3.376188715265016071e-07 1.699998974800109863e-01 0.000000000000000000e+00 6.000000000000000000e+00 8.191000000000000000e+03 0.000000000000000000e+00 2.000000000000000000e+00 2.754999876022338867e+00
4.379999923706054688e+01 1.800821572542190552e-01 0.000000000000000000e+00 3.489755613372835796e-07 1.799969226121902466e-01 0.000000000000000000e+00 6.000000000000000000e+00 8.191000000000000000e+03 0.000000000000000000e+00 2.000000000000000000e+00 2.754999876022338867e+00
4.400000000000000000e+01 1.902051866054534912e-01 0.000000000000000000e+00 3.613450587636179989e-07 1.899939626455307007e-01 0.000000000000000000e+00 6.000000000000000000e+00 8.191000000000000000e+03 0.000000000000000000e+00 2.000000000000000000e+00 2.754999876022338867e+00
4.420000076293945312e+01 2.001452893018722534e-01 0.000000000000000000e+00 3.751520125661045313e-07 2.000034898519515991e-01 0.000000000000000000e+00 6.000000000000000000e+00 8.191000000000000000e+03 0.000000000000000000e+00 2.000000000000000000e+00 2.754999876022338867e+00
4.440000152587890625e+01 2.102051228284835815e-01 0.000000000000000000e+00 3.880286953972245101e-07 2.100005298852920532e-01 0.000000000000000000e+00 6.000000000000000000e+00 8.191000000000000000e+03 0.000000000000000000e+00 2.000000000000000000e+00 2.754999876022338867e+00
4.460000228881835938e+01 2.201021015644073486e-01 0.000000000000000000e+00 4.014684975572890835e-07 2.199975699186325073e-01 0.000000000000000000e+00 6.000000000000000000e+00 8.191000000000000000e+03 0.000000000000000000e+00 2.000000000000000000e+00 2.754999876022338867e+00
4.479999923706054688e+01 2.302542030811309814e-01 0.000000000000000000e+00 4.179640598067635437e-07 2.299945950508117676e-01 0.000000000000000000e+00 6.000000000000000000e+00 8.191000000000000000e+03 0.000000000000000000e+00 2.000000000000000000e+00 2.754999876022338867e+00
4.500000000000000000e+01 2.401082068681716919e-01 0.000000000000000000e+00 4.343050079569366062e-07 2.400041371583938599e-01 0.000000000000000000e+00 6.000000000000000000e+00 8.191000000000000000e+03 0.000000000000000000e+00 2.000000000000000000e+00 2.754999876022338867e+00
4.520000076293945312e+01 2.500808238983154297e-01 0.000000000000000000e+00 4.534181812232418451e-07 2.500011622905731201e-01 0.000000000000000000e+00 6.000000000000000000e+00 8.191000000000000000e+03 0.000000000000000000e+00 2.000000000000000000e+00 2.754999876022338867e+00
4.540000152587890625e+01 2.601106166839599609e-01 0.000000000000000000e+00 4.757317242365388665e-07 2.599982023239135742e-01 0.000000000000000000e+00 6.000000000000000000e+00 8.191000000000000000e+03 0.000000000000000000e+00 2.000000000000000000e+00 2.754999876022338867e+00
4.560000228881835938e+01 2.700687348842620850e-01 0.000000000000000000e+00 5.000629812457191292e-07 2.699952423572540283e-01 0.000000000000000000e+00 6.000000000000000000e+00 8.191000000000000000e+03 0.000000000000000000e+00 2.000000000000000000e+00 2.755100011825561523e+00
4.579999923706054688e+01 2.800943851470947266e-01 0.000000000000000000e+00 5.276708634482929483e-07 2.800047695636749268e-01 0.000000000000000000e+00 6.000000000000000000e+00 8.191000000000000000e+03 0.000000000000000000e+00 2.000000000000000000e+00 2.755100011825561523e+00
4.600000000000000000e+01 2.901314496994018555e-01 0.000000000000000000e+00 5.568758751905988902e-07 2.900017797946929932e-01 0.000000000000000000e+00 6.000000000000000000e+00 8.191000000000000000e+03 0.000000000000000000e+00 2.000000000000000000e+00 2.755100011825561523e+00
4.620000076293945312e+01 3.000887632369995117e-01 0.000000000000000000e+00 5.875774036212533247e-07 2.999988198280334473e-01 0.000000000000000000e+00 6.000000000000000000e+00 8.191000000000000000e+03 0.000000000000000000e+00 2.000000000000000000e+00 2.755100011825561523e+00
4.640000152587890625e+01 2.902296781539916992e-01 0.000000000000000000e+00 3.717780998613307020e-07 2.900017797946929932e-01 0.000000000000000000e+00 6.000000000000000000e+00 8.191000000000000000e+03 0.000000000000000000e+00 2.000000000000000000e+00 2.755100011825561523e+00
4.660000228881835938e+01 2.801341712474822998e-01 0.000000000000000000e+00 2.488075381279486464e-07 2.800047695636749268e-01 0.000000000000000000e+00 6.000000000000000000e+00 8.191000000000000000e+03 0.000000000000000000e+00 2.000000000000000000e+00 2.755100011825561523e+00
4.679999923706054688e+01 2.702910602092742920e-01 0.000000000000000000e+00 1.654456696087436285e-07 2.699952423572540283e-01 0.000000000000000000e+00 6.000000000000000000e+00 8.191000000000000000e+03 0.000000000000000000e+00 2.000000000000000000e+00 2.755100011825561523e+00
4.700000000000000000e+01 2.601622343063354492e-01 0.000000000000000000e+00 1.058251228869266924e-07 2.599982023239135742e-01 0.000000000000000000e+00 6.000000000000000000e+00 8.191000000000000000e+03 0.000000000000000000e+00 2.000000000000000000e+00 2.755100011825561523e+00
4.720000076293945312e+01 2.501238286495208740e-01 0.000000000000000000e+00 5.797082991421120823e-08 2.500011622905731201e-01 0.000000000000000000e+00 6.000000000000000000e+00 8.191000000000000000e+03 0.000000000000000000e+00 2.000000000000000000e+00 2.755100011825561523e+00
4.740000152587890625e+01 2.402231842279434204e-01 0.000000000000000000e+00 1.781095093633666693e-08 2.400041371583938599e-01 0.000000000000000000e+00 5.000000000000000000e+00 8.191000000000000000e+03 0.000000000000000000e+00 2.000000000000000000e+00 2.755100011825561523e+00
4.760000228881835938e+01 2.302654683589935303e-01 0.000000000000000000e+00 -1.219690037856935305e-08 2.299945950508117676e-01 0.000000000000000000e+00 5.000000000000000000e+00 8.191000000000000000e+03 0.000000000000000000e+00 2.000000000000000000e+00 2.754799842834472656e+00
4.779999923706054688e+01 2.200596183538436890e-01 0.000000000000000000e+00 -3.958427896577632055e-08 2.199975699186325073e-01 0.000000000000000000e+00 5.000000000000000000e+00 8.191000000000000000e+03 0.000000000000000000e+00 2.000000000000000000e+00 2.754799842834472656e+00
4.800000000000000000e+01 2.101151794195175171e-01 0.000000000000000000e+00 -6.138299113445100375e-08 2.100005298852920532e-01 0.000000000000000000e+00 5.000000000000000000e+00 8.191000000000000000e+03 0.000000000000000000e+00 2.000000000000000000e+00 2.754799842834472656e+00
4.820000076293945312e+01 2.002314925193786621e-01 0.000000000000000000e+00 -8.052042943518245011e-08 2.000034898519515991e-01 0.000000000000000000e+00 5.000000000000000000e+00 8.191000000000000000e+03 0.000000000000000000e+00 2.000000000000000000e+00 2.754799842834472656e+00
4.840000152587890625e+01 1.901581734418869019e-01 0.000000000000000000e+00 -9.721765081849298440e-08 1.899939626455307007e-01 0.000000000000000000e+00 5.000000000000000000e+00 7.164000000000000000e+03 0.000000000000000000e+00 2.000000000000000000e+00 2.754799842834472656e+00
4.860000228881835938e+01 1.802317798137664795e-01 0.000000000000000000e+00 -1.118392418675284716e-07 1.799969226121902466e-01 0.000000000000000000e+00 6.000000000000000000e+00 8.191000000000000000e+03 0.000000000000000000e+00 2.000000000000000000e+00 2.754999876022338867e+00
4.879999923706054688e+01 1.701387912034988403e-01 0.000000000000000000e+00 -1.286590531890396960e-07 1.699998974800109863e-01 0.000000000000000000e+00 6.000000000000000000e+00 8.191000000000000000e+03 0.000000000000000000e+00 2.000000000000000000e+00 2.754999876022338867e+00
4.900000000000000000e+01 1.601737588644027710e-01 0.000000000000000000e+00 -1.400648841354268370e-07 1.600028574466705322e-01 0.000000000000000000e+00 6.000000000000000000e+00 8.191000000000000000e+03 0.000000000000000000e+00 2.000000000000000000e+00 2.754999876022338867e+00
4.920000076293945312e+01 1.501590609550476074e-01 0.000000000000000000e+00 -1.518111076848072116e-07 1.500058174133300781e-01 0.000000000000000000e+00 6.000000000000000000e+00 8.191000000000000000e+03 0.000000000000000000e+00 2.000000000000000000e+00 2.754999876022338867e+00
4.940000152587890625e+01 1.401556134223937988e-01 0.000000000000000000e+00 -1.647077709776567644e-07 1.399962902069091797e-01 0.000000000000000000e+00 6.000000000000000000e+00 8.191000000000000000e+03 0.000000000000000000e+00 2.000000000000000000e+00 2.754999876022338867e+00
4.960000228881835938e+01 1.301476806402206421e-01 0.000000000000000000e+00 -1.787144583431654610e-07 1.299992501735687256e-01 0.000000000000000000e+00 6.000000000000000000e+00 8.191000000000000000e+03 0.000000000000000000e+00 2.000000000000000000e+00 2.754899978637695312e+00
4.979999923706054688e+01 1.201619803905487061e-01 0.000000000000000000e+00 -1.911180760316710803e-07 1.200022250413894653e-01 0.000000000000000000e+00 6.000000000000000000e+00 8.191000000000000000e+03 0.000000000000000000e+00 2.000000000000000000e+00 2.754899978637695312e+00
5.000000000000000000e+01 1.102319657802581787e-01 0.000000000000000000e+00 -2.038339346199791180e-07 1.100051850080490112e-01 0.000000000000000000e+00 6.000000000000000000e+00 8.191000000000000000e+03 0.000000000000000000e+00 2.000000000000000000e+00 2.754899978637695312e+00
5.020000076293945312e+01 1.001885011792182922e-01 0.000000000000000000e+00 -2.193203556544176536e-07 9.999565780162811279e-02 0.000000000000000000e+00 6.000000000000000000e+00 8.191000000000000000e+03 0.000000000000000000e+00 2.000000000000000000e+00 2.754899978637695312e+00
5.040000152587890625e+01 9.013430029153823853e-02 0.000000000000000000e+00 -2.362936868394172052e-07 8.999861776828765869e-02 0.000000000000000000e+00 6.000000000000000000e+00 8.191000000000000000e+03 0.000000000000000000e+00 2.000000000000000000e+00 2.754899978637695312e+00
5.060000228881835938e+01 8.014778047800064087e-02 0.000000000000000000e+00 -2.550353030983387725e-07 8.000158518552780151e-02 0.000000000000000000e+00 6.000000000000000000e+00 8.191000000000000000e+03 0.000000000000000000e+00 2.000000000000000000e+00 2.754899978637695312e+00
5.079999923706054688e+01 7.019025087356567383e-02 0.000000000000000000e+00 -2.758568484750867356e-07 7.000455260276794434e-02 0.000000000000000000e+00 6.000000000000000000e+00 8.191000000000000000e+03 0.000000000000000000e+00 2.000000000000000000e+00 2.754899978637695312e+00
5.100000000000000000e+01 6.014244258403778076e-02 0.000000000000000000e+00 -3.010703437666961690e-07 5.999501794576644897e-02 0.000000000000000000e+00 6.000000000000000000e+00 8.191000000000000000e+03 0.000000000000000000e+00 2.000000000000000000e+00 2.754899978637695312e+00
5.120000076293945312e+01 5.012260004878044128e-02 0.000000000000000000e+00 -3.292136625532293692e-07 4.999798536300659180e-02 0.000000000000000000e+00 6.000000000000000000e+00 8.191000000000000000e+03 0.000000000000000000e+00 2.000000000000000000e+00 2.754899978637695312e+00
5.140000152587890625e+01 4.011121019721031189e-02 0.000000000000000000e+00 -3.600640070544613991e-07 4.000094905495643616e-02 0.000000000000000000e+00 6.000000000000000000e+00 8.191000000000000000e+03 0.000000000000000000e+00 2.000000000000000000e+00 2.754899978637695312e+00
5.160000228881835938e+01 3.018171340227127075e-02 0.000000000000000000e+00 -3.943774800063692965e-07 3.000391460955142975e-02 0.000000000000000000e+00 6.000000000000000000e+00 8.191000000000000000e+03 0.000000000000000000e+00 2.000000000000000000e+00 2.754999876022338867e+00
5.179999923706054688e+01 2.006362192332744598e-02 0.000000000000000000e+00 -4.307616734422481386e-07 1.999438367784023285e-02 0.000000000000000000e+00 6.000000000000000000e+00 8.191000000000000000e+03 0.000000000000000000e+00 2.000000000000000000e+00 2.754999876022338867e+00
5.200000000000000000e+01 1.017599925398826599e-02 0.000000000000000000e+00 -4.644961109079304151e-07 9.997349232435226440e-03 0.000000000000000000e+00 6.000000000000000000e+00 8.191000000000000000e+03 0.000000000000000000e+00 2.000000000000000000e+00 2.754999876022338867e+00
5.220000076293945312e+01 9.613108704797923565e-05 0.000000000000000000e+00 -4.999296834284905344e-07 3.129243850708007812e-07 0.000000000000000000e+00 6.000000000000000000e+00 8.191000000000000000e+03 0.000000000000000000e+00 2.000000000000000000e+00 2.754999876022338867e+00
5.240000152587890625e+01 -9.872867725789546967e-03 0.000000000000000000e+00 -5.340184543456416577e-07 -9.996719658374786377e-03 0.000000000000000000e+00 6.000000000000000000e+00 8.191000000000000000e+03 0.000000000000000000e+00 2.000000000000000000e+00 2.754999876022338867e+00
5.260000228881835938e+01 -1.988993398845195770e-02 0.000000000000000000e+00 -5.690000648428394925e-07 -1.999375596642494202e-02 0.000000000000000000e+00 6.000000000000000000e+00 6.143000000000000000e+03 0.000000000000000000e+00 2.000000000000000000e+00 2.754999876022338867e+00
5.279999923706054688e+01 -2.994363754987716675e-02 0.000000000000000000e+00 -6.039686013536993414e-07 -3.000328317284584045e-02 0.000000000000000000e+00 6.000000000000000000e+00 8.191000000000000000e+03 0.000000000000000000e+00 2.000000000000000000e+00 2.754999876022338867e+00
5.300000000000000000e+01 -3.993437439203262329e-02 0.000000000000000000e+00 -6.423116474252310582e-07 -4.000032320618629456e-02 0.000000000000000000e+00 6.000000000000000000e+00 8.191000000000000000e+03 0.000000000000000000e+00 2.000000000000000000e+00 2.754999876022338867e+00
5.320000076293945312e+01 -4.988490790128707886e-02 0.000000000000000000e+00 -6.834849273218424059e-07 -4.999735578894615173e-02 0.000000000000000000e+00 6.000000000000000000e+00 8.191000000000000000e+03 0.000000000000000000e+00 2.000000000000000000e+00 2.754999876022338867e+00
5.340000152587890625e+01 -5.990059301257133484e-02 0.000000000000000000e+00 -7.336773251154227182e-07 -5.999438837170600891e-02 0.000000000000000000e+00 6.000000000000000000e+00 8.191000000000000000e+03 0.000000000000000000e+00 2.000000000000000000e+00 2.754999876022338867e+00
5.360000228881835938e+01 -6.994659453630447388e-02 0.000000000000000000e+00 -7.888044706305663567e-07 -7.000392675399780273e-02 0.000000000000000000e+00 6.000000000000000000e+00 8.191000000000000000e+03 0.000000000000000000e+00 2.000000000000000000e+00 2.755100011825561523e+00
5.379999923706054688e+01 -7.972480356693267822e-02 0.000000000000000000e+00 -8.520933647560013924e-07 -8.000095188617706299e-02 0.000000000000000000e+00 6.000000000000000000e+00 8.191000000000000000e+03 0.000000000000000000e+00 2.000000000000000000e+00 2.755100011825561523e+00
5.400000000000000000e+01 -8.982310444116592407e-02 0.000000000000000000e+00 -9.239515748049598187e-07 -8.999799191951751709e-02 0.000000000000000000e+00 6.000000000000000000e+00 8.191000000000000000e+03 0.000000000000000000e+00 2.000000000000000000e+00 2.755100011825561523e+00
5.420000076293945312e+01 -9.987795352935791016e-02 0.000000000000000000e+00 -1.004967771223164164e-06 -9.999501705169677734e-02 0.000000000000000000e+00 7.000000000000000000e+00 8.191000000000000000e+03 0.000000000000000000e+00 2.000000000000000000e+00 2.755100011825561523e+00
5.440000152587890625e+01 -1.098737418651580811e-01 0.000000000000000000e+00 -1.096556161428452469e-06 -1.100045591592788696e-01 0.000000000000000000e+00 7.000000000000000000e+00 8.191000000000000000e+03 0.000000000000000000e+00 2.000000000000000000e+00 2.755100011825561523e+00
5.460000228881835938e+01 -1.199436560273170471e-01 0.000000000000000000e+00 -1.202227736030181404e-06 -1.200015842914581299e-01 0.000000000000000000e+00 7.000000000000000000e+00 8.191000000000000000e+03 0.000000000000000000e+00 2.000000000000000000e+00 2.754999876022338867e+00
5.479999923706054688e+01 -1.298445463180541992e-01 0.000000000000000000e+00 -1.319835632784815971e-06 -1.299986243247985840e-01 0.000000000000000000e+00 7.000000000000000000e+00 8.191000000000000000e+03 0.000000000000000000e+00 2.000000000000000000e+00 2.754999876022338867e+00
5.500000000000000000e+01 -1.398865282535552979e-01 0.000000000000000000e+00 -1.450360514354542829e-06 -1.399956643581390381e-01 0.000000000000000000e+00 7.000000000000000000e+00 8.191000000000000000e+03 0.000000000000000000e+00 2.000000000000000000e+00 2.754999876022338867e+00
5.520000076293945312e+01 -1.498695164918899536e-01 0.000000000000000000e+00 -1.595882963556505274e-06 -1.500051915645599365e-01 0.000000000000000000e+00 7.000000000000000000e+00 8.191000000000000000e+03 0.000000000000000000e+00 2.000000000000000000e+00 2.754999876022338867e+00
5.540000152587890625e+01 -1.599386334419250488e-01 0.000000000000000000e+00 -1.757969812388182618e-06 -1.600022166967391968e-01 0.000000000000000000e+00 7.000000000000000000e+00 8.191000000000000000e+03 0.000000000000000000e+00 2.000000000000000000e+00 2.754999876022338867e+00
5.560000228881835938e+01 -1.699660718441009521e-01 0.000000000000000000e+00 -1.935471118486020714e-06 -1.699992567300796509e-01 0.000000000000000000e+00 7.000000000000000000e+00 8.191000000000000000e+03 0.000000000000000000e+00 2.000000000000000000e+00 2.754899978637695312e+00
5.579999923706054688e+01 -1.799342930316925049e-01 0.000000000000000000e+00 -2.129366066583315842e-06 -1.799962967634201050e-01 0.000000000000000000e+00 7.000000000000000000e+00 8.191000000000000000e+03 0.000000000000000000e+00 2.000000000000000000e+00 2.754899978637695312e+00
5.600000000000000000e+01 -1.899335980415344238e-01 0.000000000000000000e+00 -2.336199031560681760e-06 -1.900058239698410034e-01 0.000000000000000000e+00 7.000000000000000000e+00 8.191000000000000000e+03 0.000000000000000000e+00 2.000000000000000000e+00 2.754899978637695312e+00
5.620000076293945312e+01 -2.000038176774978638e-01 0.000000000000000000e+00 -2.562575218689744361e-06 -2.000028640031814575e-01 0.000000000000000000e+00 7.000000000000000000e+00 8.191000000000000000e+03 0.000000000000000000e+00 2.000000000000000000e+00 2.754899978637695312e+00
5.640000152587890625e+01 -1.998859047889709473e-01 0.000000000000000000e+00 -2.486975972715299577e-06 -2.000028640031814575e-01 0.000000000000000000e+00 7.000000000000000000e+00 8.191000000000000000e+03 0.000000000000000000e+00 3.000000000000000000e+00 2.754899978637695312e+00
