2.000000029802322388e-01 2.224569325335323811e-04 0.000000000000000000e+00 -2.227528170806181151e-07 3.129243850708007812e-07 0.000000000000000000e+00 6.000000000000000000e+00 8.191000000000000000e+03 0.000000000000000000e+00 0.000000000000000000e+00 2.757299900054931641e+00
4.000000059604644775e-01 1.027554366737604141e-02 0.000000000000000000e+00 -1.187149010206667299e-07 9.997349232435226440e-03 0.000000000000000000e+00 6.000000000000000000e+00 8.191000000000000000e+03 0.000000000000000000e+00 0.000000000000000000e+00 2.757299900054931641e+00
6.000000238418579102e-01 2.032230608165264130e-02 0.000000000000000000e+00 -6.179836731234900071e-08 1.999438367784023285e-02 0.000000000000000000e+00 6.000000000000000000e+00 8.191000000000000000e+03 0.000000000000000000e+00 0.000000000000000000e+00 2.757299900054931641e+00
8.000000119209289551e-01 2.985419891774654388e-02 0.000000000000000000e+00 -1.238890767751854582e-08 3.000391460955142975e-02 0.000000000000000000e+00 5.000000000000000000e+00 6.143000000000000000e+03 0.000000000000000000e+00 0.000000000000000000e+00 2.757299900054931641e+00
1.000000000000000000e+00 4.034028947353363037e-02 0.000000000000000000e+00 2.645532681810891518e-08 4.000094905495643616e-02 0.000000000000000000e+00 5.000000000000000000e+00 8.191000000000000000e+03 0.000000000000000000e+00 0.000000000000000000e+00 2.757299900054931641e+00
1.200000047683715820e+00 5.038924142718315125e-02 0.000000000000000000e+00 6.745435854327297420e-08 4.999798536300659180e-02 0.000000000000000000e+00 5.000000000000000000e+00 8.191000000000000000e+03 0.000000000000000000e+00 0.000000000000000000e+00 2.757299900054931641e+00
1.399999976158142090e+00 6.035824492573738098e-02 0.000000000000000000e+00 1.090207604192983126e-07 5.999501794576644897e-02 0.000000000000000000e+00 5.000000000000000000e+00 7.164000000000000000e+03 0.000000000000000000e+00 0.000000000000000000e+00 2.757299900054931641e+00
1.600000023841857910e+00 7.031386345624923706e-02 0.000000000000000000e+00 1.743103439366677776e-07 7.000455260276794434e-02 0.000000000000000000e+00 6.000000000000000000e+00 8.191000000000000000e+03 0.000000000000000000e+00 0.000000000000000000e+00 2.757299900054931641e+00
1.800000071525573730e+00 8.033991605043411255e-02 0.000000000000000000e+00 2.543830248669110006e-07 8.000158518552780151e-02 0.000000000000000000e+00 6.000000000000000000e+00 8.191000000000000000e+03 0.000000000000000000e+00 0.000000000000000000e+00 2.756899833679199219e+00
2.000000000000000000e+00 9.028703719377517700e-02 0.000000000000000000e+00 3.630077003435872030e-07 8.999861776828765869e-02 0.000000000000000000e+00 6.000000000000000000e+00 8.191000000000000000e+03 0.000000000000000000e+00 0.000000000000000000e+00 2.756899833679199219e+00
2.200000047683715820e+00 1.002961546182632446e-01 0.000000000000000000e+00 5.135341325512854382e-07 9.999565780162811279e-02 0.000000000000000000e+00 6.000000000000000000e+00 8.191000000000000000e+03 0.000000000000000000e+00 0.000000000000000000e+00 2.756899833679199219e+00
2.400000095367431641e+00 1.103917136788368225e-01 0.000000000000000000e+00 7.257024776663456578e-07 1.100051850080490112e-01 0.000000000000000000e+00 6.000000000000000000e+00 8.191000000000000000e+03 0.000000000000000000e+00 0.000000000000000000e+00 2.756899833679199219e+00
2.600000143051147461e+00 1.203949898481369019e-01 0.000000000000000000e+00 1.021417801894131117e-06 1.200022250413894653e-01 0.000000000000000000e+00 6.000000000000000000e+00 7.164000000000000000e+03 0.000000000000000000e+00 0.000000000000000000e+00 2.756899833679199219e+00
2.799999952316284180e+00 1.303066760301589966e-01 0.000000000000000000e+00 1.432046360605454538e-06 1.299992501735687256e-01 0.000000000000000000e+00 7.000000000000000000e+00 8.191000000000000000e+03 0.000000000000000000e+00 0.000000000000000000e+00 2.756500005722045898e+00
3.000000000000000000e+00 1.403220146894454956e-01 0.000000000000000000e+00 2.005627493417705409e-06 1.399962902069091797e-01 0.000000000000000000e+00 7.000000000000000000e+00 8.191000000000000000e+03 0.000000000000000000e+00 0.000000000000000000e+00 2.756500005722045898e+00
3.200000047683715820e+00 1.503562927246093750e-01 0.000000000000000000e+00 2.776759401967865415e-06 1.500058174133300781e-01 0.000000000000000000e+00 7.000000000000000000e+00 8.191000000000000000e+03 0.000000000000000000e+00 0.000000000000000000e+00 2.756500005722045898e+00
3.400000095367431641e+00 1.603292524814605713e-01 0.000000000000000000e+00 3.778587142733158544e-06 1.600028574466705322e-01 0.000000000000000000e+00 7.000000000000000000e+00 8.191000000000000000e+03 0.000000000000000000e+00 0.000000000000000000e+00 2.756500005722045898e+00
3.600000143051147461e+00 1.703739166259765625e-01 0.000000000000000000e+00 5.032190529163926840e-06 1.699998974800109863e-01 0.000000000000000000e+00 7.000000000000000000e+00 8.191000000000000000e+03 0.000000000000000000e+00 0.000000000000000000e+00 2.756500005722045898e+00
3.799999952316284180e+00 1.803596615791320801e-01 0.000000000000000000e+00 6.540294180013006553e-06 1.799969226121902466e-01 0.000000000000000000e+00 7.000000000000000000e+00 8.191000000000000000e+03 0.000000000000000000e+00 0.000000000000000000e+00 2.756500005722045898e+00
4.000000000000000000e+00 1.903179138898849487e-01 0.000000000000000000e+00 8.239614544436335564e-06 1.899939626455307007e-01 0.000000000000000000e+00 7.000000000000000000e+00 8.191000000000000000e+03 0.000000000000000000e+00 0.000000000000000000e+00 2.756500005722045898e+00
4.200000286102294922e+00 2.003405094146728516e-01 0.000000000000000000e+00 1.004214936983771622e-05 2.000034898519515991e-01 0.000000000000000000e+00 7.000000000000000000e+00 8.188000000000000000e+03 0.000000000000000000e+00 0.000000000000000000e+00 2.756500005722045898e+00
4.400000095367431641e+00 2.103529274463653564e-01 0.000000000000000000e+00 1.181960487883770838e-05 2.100005298852920532e-01 0.000000000000000000e+00 8.000000000000000000e+00 8.191000000000000000e+03 0.000000000000000000e+00 0.000000000000000000e+00 2.756500005722045898e+00
4.599999904632568359e+00 2.203226834535598755e-01 0.000000000000000000e+00 1.341981533187208697e-05 2.199975699186325073e-01 0.000000000000000000e+00 8.000000000000000000e+00 8.191000000000000000e+03 0.000000000000000000e+00 0.000000000000000000e+00 2.756500005722045898e+00
4.800000190734863281e+00 2.302960753440856934e-01 0.000000000000000000e+00 1.465884088247548789e-05 2.299945950508117676e-01 0.000000000000000000e+00 8.000000000000000000e+00 8.191000000000000000e+03 0.000000000000000000e+00 0.000000000000000000e+00 2.756599903106689453e+00
5.000000000000000000e+00 2.403854727745056152e-01 0.000000000000000000e+00 1.552488174638710916e-05 2.400041371583938599e-01 0.000000000000000000e+00 8.000000000000000000e+00 8.191000000000000000e+03 0.000000000000000000e+00 0.000000000000000000e+00 2.756599903106689453e+00
5.200000286102294922e+00 2.503359019756317139e-01 0.000000000000000000e+00 1.590211832080967724e-05 2.500011622905731201e-01 0.000000000000000000e+00 8.000000000000000000e+00 8.191000000000000000e+03 0.000000000000000000e+00 0.000000000000000000e+00 2.756599903106689453e+00
5.400000095367431641e+00 2.602822780609130859e-01 0.000000000000000000e+00 1.589924795553088188e-05 2.599982023239135742e-01 0.000000000000000000e+00 8.000000000000000000e+00 8.191000000000000000e+03 0.000000000000000000e+00 0.000000000000000000e+00 2.756599903106689453e+00
5.599999904632568359e+00 2.703467905521392822e-01 0.000000000000000000e+00 1.561910903546959162e-05 2.699952423572540283e-01 0.000000000000000000e+00 8.000000000000000000e+00 8.191000000000000000e+03 0.000000000000000000e+00 0.000000000000000000e+00 2.756599903106689453e+00
5.800000190734863281e+00 2.802707850933074951e-01 0.000000000000000000e+00 1.515694384579546750e-05 2.800047695636749268e-01 0.000000000000000000e+00 8.000000000000000000e+00 8.191000000000000000e+03 0.000000000000000000e+00 0.000000000000000000e+00 2.756599903106689453e+00
6.000000000000000000e+00 2.903741300106048584e-01 0.000000000000000000e+00 1.464101114834193140e-05 2.900017797946929932e-01 0.000000000000000000e+00 8.000000000000000000e+00 8.191000000000000000e+03 0.000000000000000000e+00 0.000000000000000000e+00 2.756599903106689453e+00
6.200000286102294922e+00 3.003247976303100586e-01 0.000000000000000000e+00 1.411143875884590670e-05 2.999988198280334473e-01 0.000000000000000000e+00 8.000000000000000000e+00 8.191000000000000000e+03 0.000000000000000000e+00 0.000000000000000000e+00 2.756599903106689453e+00
6.400000095367431641e+00 2.902795076370239258e-01 0.000000000000000000e+00 1.204208001581719145e-05 2.900017797946929932e-01 0.000000000000000000e+00 8.000000000000000000e+00 8.191000000000000000e+03 0.000000000000000000e+00 0.000000000000000000e+00 2.756599903106689453e+00
6.599999904632568359e+00 2.803702056407928467e-01 0.000000000000000000e+00 1.046614124788902700e-05 2.800047695636749268e-01 0.000000000000000000e+00 8.000000000000000000e+00 8.191000000000000000e+03 0.000000000000000000e+00 0.000000000000000000e+00 2.756599903106689453e+00
6.800000190734863281e+00 2.703527510166168213e-01 0.000000000000000000e+00 9.007922926684841514e-06 2.699952423572540283e-01 0.000000000000000000e+00 8.000000000000000000e+00 8.191000000000000000e+03 0.000000000000000000e+00 0.000000000000000000e+00 2.756299972534179688e+00
7.000000000000000000e+00 2.602810561656951904e-01 0.000000000000000000e+00 7.335323971346952021e-06 2.599982023239135742e-01 0.000000000000000000e+00 8.000000000000000000e+00 8.191000000000000000e+03 0.000000000000000000e+00 0.000000000000000000e+00 2.756299972534179688e+00
7.200000286102294922e+00 2.502737045288085938e-01 0.000000000000000000e+00 5.546520696952939034e-06 2.500011622905731201e-01 0.000000000000000000e+00 7.000000000000000000e+00 8.191000000000000000e+03 0.000000000000000000e+00 0.000000000000000000e+00 2.756299972534179688e+00
7.400000095367431641e+00 2.404013127088546753e-01 0.000000000000000000e+00 3.621608129833475687e-06 2.400041371583938599e-01 0.000000000000000000e+00 7.000000000000000000e+00 8.191000000000000000e+03 0.000000000000000000e+00 0.000000000000000000e+00 2.756299972534179688e+00
7.599999904632568359e+00 2.302902042865753174e-01 0.000000000000000000e+00 1.545270833958056755e-06 2.299945950508117676e-01 0.000000000000000000e+00 7.000000000000000000e+00 8.191000000000000000e+03 0.000000000000000000e+00 0.000000000000000000e+00 2.756299972534179688e+00
7.800000190734863281e+00 2.203660458326339722e-01 0.000000000000000000e+00 -5.859457132828538306e-07 2.199975699186325073e-01 0.000000000000000000e+00 7.000000000000000000e+00 8.191000000000000000e+03 0.000000000000000000e+00 0.000000000000000000e+00 2.756299972534179688e+00
8.000000000000000000e+00 2.103317528963088989e-01 0.000000000000000000e+00 -1.093766627491277177e-06 2.100005298852920532e-01 0.000000000000000000e+00 6.000000000000000000e+00 7.164000000000000000e+03 0.000000000000000000e+00 0.000000000000000000e+00 2.756299972534179688e+00
8.199999809265136719e+00 2.003144472837448120e-01 0.000000000000000000e+00 -4.500778231886215508e-06 2.000034898519515991e-01 0.000000000000000000e+00 7.000000000000000000e+00 8.191000000000000000e+03 0.000000000000000000e+00 0.000000000000000000e+00 2.756299972534179688e+00
8.400000572204589844e+00 1.903719156980514526e-01 0.000000000000000000e+00 -6.029444648447679356e-06 1.899939626455307007e-01 0.000000000000000000e+00 7.000000000000000000e+00 8.191000000000000000e+03 0.000000000000000000e+00 0.000000000000000000e+00 2.756299972534179688e+00
8.600000381469726562e+00 1.803876161575317383e-01 0.000000000000000000e+00 -7.069348157529020682e-06 1.799969226121902466e-01 0.000000000000000000e+00 7.000000000000000000e+00 8.191000000000000000e+03 0.000000000000000000e+00 0.000000000000000000e+00 2.756299972534179688e+00
8.800000190734863281e+00 1.703677028417587280e-01 0.000000000000000000e+00 -7.611208275193348527e-06 1.699998974800109863e-01 0.000000000000000000e+00 7.000000000000000000e+00 8.191000000000000000e+03 0.000000000000000000e+00 0.000000000000000000e+00 2.756599903106689453e+00
9.000000000000000000e+00 1.602778434753417969e-01 0.000000000000000000e+00 -7.725947398284915835e-06 1.600028574466705322e-01 0.000000000000000000e+00 7.000000000000000000e+00 8.191000000000000000e+03 0.000000000000000000e+00 0.000000000000000000e+00 2.756599903106689453e+00
9.199999809265136719e+00 1.502957940101623535e-01 0.000000000000000000e+00 -7.516446657973574474e-06 1.500058174133300781e-01 0.000000000000000000e+00 7.000000000000000000e+00 8.191000000000000000e+03 0.000000000000000000e+00 0.000000000000000000e+00 2.756599903106689453e+00
9.400000572204589844e+00 1.403344422578811646e-01 0.000000000000000000e+00 -7.114835170796141028e-06 1.399962902069091797e-01 0.000000000000000000e+00 7.000000000000000000e+00 8.191000000000000000e+03 0.000000000000000000e+00 0.000000000000000000e+00 2.756599903106689453e+00
9.600000381469726562e+00 1.302925497293472290e-01 0.000000000000000000e+00 -6.605508133361581713e-06 1.299992501735687256e-01 0.000000000000000000e+00 7.000000000000000000e+00 8.191000000000000000e+03 0.000000000000000000e+00 0.000000000000000000e+00 2.756599903106689453e+00
9.800000190734863281e+00 1.202777996659278870e-01 0.000000000000000000e+00 -6.073269105399958789e-06 1.200022250413894653e-01 0.000000000000000000e+00 7.000000000000000000e+00 8.191000000000000000e+03 0.000000000000000000e+00 0.000000000000000000e+00 2.756500005722045898e+00
1.000000000000000000e+01 1.103640720248222351e-01 0.000000000000000000e+00 -5.567329935729503632e-06 1.100051850080490112e-01 0.000000000000000000e+00 7.000000000000000000e+00 8.191000000000000000e+03 0.000000000000000000e+00 0.000000000000000000e+00 2.756500005722045898e+00
1.019999980926513672e+01 1.002802848815917969e-01 0.000000000000000000e+00 -5.085932116344338283e-06 9.999565780162811279e-02 0.000000000000000000e+00 7.000000000000000000e+00 8.191000000000000000e+03 0.000000000000000000e+00 0.000000000000000000e+00 2.756500005722045898e+00
1.040000057220458984e+01 9.036681056022644043e-02 0.000000000000000000e+00 -4.657834324461873621e-06 8.999861776828765869e-02 0.000000000000000000e+00 7.000000000000000000e+00 8.191000000000000000e+03 0.000000000000000000e+00 0.000000000000000000e+00 2.756500005722045898e+00
1.060000038146972656e+01 8.033342659473419189e-02 0.000000000000000000e+00 -4.277335392544046044e-06 8.000158518552780151e-02 0.000000000000000000e+00 7.000000000000000000e+00 8.191000000000000000e+03 0.000000000000000000e+00 0.000000000000000000e+00 2.756500005722045898e+00
1.080000019073486328e+01 7.024143636226654053e-02 0.000000000000000000e+00 -3.946119704778539017e-06 7.000455260276794434e-02 0.000000000000000000e+00 7.000000000000000000e+00 8.191000000000000000e+03 0.000000000000000000e+00 0.000000000000000000e+00 2.756399869918823242e+00
1.100000000000000000e+01 6.029930710792541504e-02 0.000000000000000000e+00 -3.644007392722414806e-06 5.999501794576644897e-02 0.000000000000000000e+00 7.000000000000000000e+00 8.191000000000000000e+03 0.000000000000000000e+00 0.000000000000000000e+00 2.756399869918823242e+00
1.119999980926513672e+01 5.032362416386604309e-02 0.000000000000000000e+00 -3.382763225090457126e-06 4.999798536300659180e-02 0.000000000000000000e+00 7.000000000000000000e+00 8.191000000000000000e+03 0.000000000000000000e+00 0.000000000000000000e+00 2.756399869918823242e+00
1.140000057220458984e+01 4.032012820243835449e-02 0.000000000000000000e+00 -3.158736717523424886e-06 4.000094905495643616e-02 0.000000000000000000e+00 7.000000000000000000e+00 8.191000000000000000e+03 0.000000000000000000e+00 0.000000000000000000e+00 2.756399869918823242e+00
1.160000038146972656e+01 3.025847487151622772e-02 0.000000000000000000e+00 -2.959056928375503048e-06 3.000391460955142975e-02 0.000000000000000000e+00 7.000000000000000000e+00 8.191000000000000000e+03 0.000000000000000000e+00 0.000000000000000000e+00 2.756399869918823242e+00
1.180000019073486328e+01 2.023767679929733276e-02 0.000000000000000000e+00 -2.784625394269824028e-06 1.999438367784023285e-02 0.000000000000000000e+00 7.000000000000000000e+00 8.191000000000000000e+03 0.000000000000000000e+00 0.000000000000000000e+00 2.756399869918823242e+00
1.200000000000000000e+01 1.037715282291173935e-02 0.000000000000000000e+00 -2.633689518916071393e-06 9.997349232435226440e-03 0.000000000000000000e+00 7.000000000000000000e+00 8.191000000000000000e+03 0.000000000000000000e+00 0.000000000000000000e+00 2.756399869918823242e+00
1.219999980926513672e+01 3.328190359752625227e-04 0.000000000000000000e+00 -2.497554078217945062e-06 3.129243850708007812e-07 0.000000000000000000e+00 7.000000000000000000e+00 8.191000000000000000e+03 0.000000000000000000e+00 0.000000000000000000e+00 2.756399869918823242e+00
1.240000057220458984e+01 -9.730927646160125732e-03 0.000000000000000000e+00 -2.386204869253560901e-06 -9.996719658374786377e-03 0.000000000000000000e+00 7.000000000000000000e+00 8.191000000000000000e+03 0.000000000000000000e+00 0.000000000000000000e+00 2.756399869918823242e+00
1.260000038146972656e+01 -1.971584744751453400e-02 0.000000000000000000e+00 -2.291121973030385561e-06 -1.999375596642494202e-02 0.000000000000000000e+00 7.000000000000000000e+00 8.191000000000000000e+03 0.000000000000000000e+00 0.000000000000000000e+00 2.756399869918823242e+00
1.280000019073486328e+01 -2.951977029442787170e-02 0.000000000000000000e+00 -2.213895413660793565e-06 -3.000328317284584045e-02 0.000000000000000000e+00 7.000000000000000000e+00 6.143000000000000000e+03 0.000000000000000000e+00 0.000000000000000000e+00 2.756399869918823242e+00
1.300000000000000000e+01 -3.969737887382507324e-02 0.000000000000000000e+00 -2.151668468286516145e-06 -4.000032320618629456e-02 0.000000000000000000e+00 7.000000000000000000e+00 8.191000000000000000e+03 0.000000000000000000e+00 0.000000000000000000e+00 2.756399869918823242e+00
1.319999980926513672e+01 -4.965838044881820679e-02 0.000000000000000000e+00 -2.099845232805819251e-06 -4.999735578894615173e-02 0.000000000000000000e+00 7.000000000000000000e+00 8.191000000000000000e+03 0.000000000000000000e+00 0.000000000000000000e+00 2.756399869918823242e+00
1.340000057220458984e+01 -5.970070883631706238e-02 0.000000000000000000e+00 -2.086497488562599756e-06 -5.999438837170600891e-02 0.000000000000000000e+00 7.000000000000000000e+00 8.191000000000000000e+03 0.000000000000000000e+00 0.000000000000000000e+00 2.756399869918823242e+00
1.360000038146972656e+01 -6.976976245641708374e-02 0.000000000000000000e+00 -2.084963853121735156e-06 -7.000392675399780273e-02 0.000000000000000000e+00 7.000000000000000000e+00 8.191000000000000000e+03 0.000000000000000000e+00 0.000000000000000000e+00 2.756399869918823242e+00
1.380000019073486328e+01 -7.975907623767852783e-02 0.000000000000000000e+00 -2.117454187100520357e-06 -8.000095188617706299e-02 0.000000000000000000e+00 7.000000000000000000e+00 8.191000000000000000e+03 0.000000000000000000e+00 0.000000000000000000e+00 2.756599903106689453e+00
1.400000000000000000e+01 -8.979368209838867188e-02 0.000000000000000000e+00 -2.179529928980628029e-06 -8.999799191951751709e-02 0.000000000000000000e+00 7.000000000000000000e+00 8.191000000000000000e+03 0.000000000000000000e+00 0.000000000000000000e+00 2.756599903106689453e+00
1.419999980926513672e+01 -9.970822930335998535e-02 0.000000000000000000e+00 -2.279958835060824640e-06 -9.999501705169677734e-02 0.000000000000000000e+00 7.000000000000000000e+00 8.191000000000000000e+03 0.000000000000000000e+00 0.000000000000000000e+00 2.756599903106689453e+00
1.440000057220458984e+01 -1.097128316760063171e-01 0.000000000000000000e+00 -2.421002136543393135e-06 -1.100045591592788696e-01 0.000000000000000000e+00 7.000000000000000000e+00 8.191000000000000000e+03 0.000000000000000000e+00 0.000000000000000000e+00 2.756599903106689453e+00
1.460000038146972656e+01 -1.197318285703659058e-01 0.000000000000000000e+00 -2.614444838400231674e-06 -1.200015842914581299e-01 0.000000000000000000e+00 7.000000000000000000e+00 8.191000000000000000e+03 0.000000000000000000e+00 0.000000000000000000e+00 2.756599903106689453e+00
1.480000019073486328e+01 -1.296210139989852905e-01 0.000000000000000000e+00 -2.859401547539164312e-06 -1.299986243247985840e-01 0.000000000000000000e+00 7.000000000000000000e+00 8.191000000000000000e+03 0.000000000000000000e+00 0.000000000000000000e+00 2.756399869918823242e+00
1.500000000000000000e+01 -1.396808922290802002e-01 0.000000000000000000e+00 -3.156026878059492446e-06 -1.399956643581390381e-01 0.000000000000000000e+00 7.000000000000000000e+00 8.191000000000000000e+03 0.000000000000000000e+00 0.000000000000000000e+00 2.756399869918823242e+00
1.519999980926513672e+01 -1.496835500001907349e-01 0.000000000000000000e+00 -3.500958200675086118e-06 -1.500051915645599365e-01 0.000000000000000000e+00 7.000000000000000000e+00 8.191000000000000000e+03 0.000000000000000000e+00 0.000000000000000000e+00 2.756399869918823242e+00
1.540000057220458984e+01 -1.596973389387130737e-01 0.000000000000000000e+00 -3.872680736094480380e-06 -1.600022166967391968e-01 0.000000000000000000e+00 7.000000000000000000e+00 8.191000000000000000e+03 0.000000000000000000e+00 0.000000000000000000e+00 2.756399869918823242e+00
1.560000038146972656e+01 -1.696593165397644043e-01 0.000000000000000000e+00 -4.230521426507038996e-06 -1.699992567300796509e-01 0.000000000000000000e+00 7.000000000000000000e+00 8.191000000000000000e+03 0.000000000000000000e+00 0.000000000000000000e+00 2.756399869918823242e+00
1.580000019073486328e+01 -1.797429472208023071e-01 0.000000000000000000e+00 -4.566279130813200027e-06 -1.799962967634201050e-01 0.000000000000000000e+00 7.000000000000000000e+00 8.191000000000000000e+03 0.000000000000000000e+00 0.000000000000000000e+00 2.756399869918823242e+00
1.600000000000000000e+01 -1.897476911544799805e-01 0.000000000000000000e+00 -4.877310402662260458e-06 -1.900058239698410034e-01 0.000000000000000000e+00 7.000000000000000000e+00 8.191000000000000000e+03 0.000000000000000000e+00 0.000000000000000000e+00 2.756399869918823242e+00
1.620000076293945312e+01 -1.996870338916778564e-01 0.000000000000000000e+00 -5.167383733351016417e-06 -2.000028640031814575e-01 0.000000000000000000e+00 7.000000000000000000e+00 8.191000000000000000e+03 0.000000000000000000e+00 0.000000000000000000e+00 2.756399869918823242e+00
1.639999961853027344e+01 -1.897080093622207642e-01 0.000000000000000000e+00 -4.033660843560937792e-06 -1.900058239698410034e-01 0.000000000000000000e+00 7.000000000000000000e+00 8.191000000000000000e+03 0.000000000000000000e+00 1.000000000000000000e+00 2.756399869918823242e+00
1.660000038146972656e+01 -1.796285957098007202e-01 0.000000000000000000e+00 -3.300240450698765926e-06 -1.799962967634201050e-01 0.000000000000000000e+00 7.000000000000000000e+00 8.191000000000000000e+03 0.000000000000000000e+00 1.000000000000000000e+00 2.756399869918823242e+00
1.680000114440917969e+01 -1.697182357311248779e-01 0.000000000000000000e+00 -2.774465201582643203e-06 -1.699992567300796509e-01 0.000000000000000000e+00 7.000000000000000000e+00 8.191000000000000000e+03 0.000000000000000000e+00 1.000000000000000000e+00 2.756399869918823242e+00
1.700000000000000000e+01 -1.596882492303848267e-01 0.000000000000000000e+00 -2.377563305344665423e-06 -1.600022166967391968e-01 0.000000000000000000e+00 7.000000000000000000e+00 8.191000000000000000e+03 0.000000000000000000e+00 1.000000000000000000e+00 2.756399869918823242e+00
1.720000076293945312e+01 -1.497759073972702026e-01 0.000000000000000000e+00 -2.067814875772455707e-06 -1.500051915645599365e-01 0.000000000000000000e+00 7.000000000000000000e+00 8.191000000000000000e+03 0.000000000000000000e+00 1.000000000000000000e+00 2.756399869918823242e+00
1.739999961853027344e+01 -1.396614462137222290e-01 0.000000000000000000e+00 -1.821037017180060502e-06 -1.399956643581390381e-01 0.000000000000000000e+00 7.000000000000000000e+00 8.191000000000000000e+03 0.000000000000000000e+00 1.000000000000000000e+00 2.756399869918823242e+00
1.760000038146972656e+01 -1.297201216220855713e-01 0.000000000000000000e+00 -1.614737584532122128e-06 -1.299986243247985840e-01 0.000000000000000000e+00 7.000000000000000000e+00 8.191000000000000000e+03 0.000000000000000000e+00 1.000000000000000000e+00 2.756399869918823242e+00
1.780000114440917969e+01 -1.197231784462928772e-01 0.000000000000000000e+00 -1.433923443983076140e-06 -1.200015842914581299e-01 0.000000000000000000e+00 7.000000000000000000e+00 8.191000000000000000e+03 0.000000000000000000e+00 1.000000000000000000e+00 2.756299972534179688e+00
1.800000000000000000e+01 -1.096797958016395569e-01 0.000000000000000000e+00 -1.287194663746049628e-06 -1.100045591592788696e-01 0.000000000000000000e+00 7.000000000000000000e+00 8.191000000000000000e+03 0.000000000000000000e+00 1.000000000000000000e+00 2.756299972534179688e+00
1.820000076293945312e+01 -9.969667345285415649e-02 0.000000000000000000e+00 -1.156342023023171350e-06 -9.999501705169677734e-02 0.000000000000000000e+00 7.000000000000000000e+00 8.191000000000000000e+03 0.000000000000000000e+00 1.000000000000000000e+00 2.756299972534179688e+00
1.839999961853027344e+01 -8.972542732954025269e-02 0.000000000000000000e+00 -1.044561031449120492e-06 -8.999799191951751709e-02 0.000000000000000000e+00 7.000000000000000000e+00 8.191000000000000000e+03 0.000000000000000000e+00 1.000000000000000000e+00 2.756299972534179688e+00
1.860000038146972656e+01 -7.978373020887374878e-02 0.000000000000000000e+00 -9.497204018771299161e-07 -8.000095188617706299e-02 0.000000000000000000e+00 7.000000000000000000e+00 8.191000000000000000e+03 0.000000000000000000e+00 1.000000000000000000e+00 2.756299972534179688e+00
1.880000114440917969e+01 -6.968740373849868774e-02 0.000000000000000000e+00 -8.662441359774675220e-07 -7.000392675399780273e-02 0.000000000000000000e+00 7.000000000000000000e+00 8.191000000000000000e+03 0.000000000000000000e+00 1.000000000000000000e+00 2.756299972534179688e+00
1.900000000000000000e+01 -5.975656956434249878e-02 0.000000000000000000e+00 -7.971961508701497223e-07 -5.999438837170600891e-02 0.000000000000000000e+00 7.000000000000000000e+00 8.191000000000000000e+03 0.000000000000000000e+00 1.000000000000000000e+00 2.756299972534179688e+00
1.920000076293945312e+01 -4.962711781263351440e-02 0.000000000000000000e+00 -7.404328243865165859e-07 -4.999735578894615173e-02 0.000000000000000000e+00 6.000000000000000000e+00 8.191000000000000000e+03 0.000000000000000000e+00 1.000000000000000000e+00 2.756299972534179688e+00
1.939999961853027344e+01 -3.974870592355728149e-02 0.000000000000000000e+00 -6.873952997921151109e-07 -4.000032320618629456e-02 0.000000000000000000e+00 6.000000000000000000e+00 8.191000000000000000e+03 0.000000000000000000e+00 1.000000000000000000e+00 2.756299972534179688e+00
1.960000038146972656e+01 -2.966799214482307434e-02 0.000000000000000000e+00 -6.405110752893961035e-07 -3.000328317284584045e-02 0.000000000000000000e+00 6.000000000000000000e+00 8.191000000000000000e+03 0.000000000000000000e+00 1.000000000000000000e+00 2.756299972534179688e+00
1.980000114440917969e+01 -1.964273862540721893e-02 0.000000000000000000e+00 -5.981440267532889266e-07 -1.999375596642494202e-02 0.000000000000000000e+00 6.000000000000000000e+00 8.191000000000000000e+03 0.000000000000000000e+00 1.000000000000000000e+00 2.756299972534179688e+00
2.000000000000000000e+01 -9.747167117893695831e-03 0.000000000000000000e+00 -5.602156534223468043e-07 -9.996719658374786377e-03 0.000000000000000000e+00 6.000000000000000000e+00 8.191000000000000000e+03 0.000000000000000000e+00 1.000000000000000000e+00 2.756299972534179688e+00
2.020000076293945312e+01 2.903239510487765074e-04 0.000000000000000000e+00 -5.257527959656727035e-07 3.129243850708007812e-07 0.000000000000000000e+00 6.000000000000000000e+00 8.191000000000000000e+03 0.000000000000000000e+00 1.000000000000000000e+00 2.756299972534179688e+00
2.039999961853027344e+01 1.031755004078149796e-02 0.000000000000000000e+00 -4.922532070850138552e-07 9.997349232435226440e-03 0.000000000000000000e+00 6.000000000000000000e+00 8.191000000000000000e+03 0.000000000000000000e+00 1.000000000000000000e+00 2.756299972534179688e+00
2.060000038146972656e+01 2.027794905006885529e-02 0.000000000000000000e+00 -4.602414094279083656e-07 1.999438367784023285e-02 0.000000000000000000e+00 6.000000000000000000e+00 8.191000000000000000e+03 0.000000000000000000e+00 1.000000000000000000e+00 2.756299972534179688e+00
2.080000114440917969e+01 3.000320866703987122e-02 0.000000000000000000e+00 -4.276597280750138452e-07 3.000391460955142975e-02 0.000000000000000000e+00 6.000000000000000000e+00 6.143000000000000000e+03 0.000000000000000000e+00 1.000000000000000000e+00 2.756299972534179688e+00
2.100000000000000000e+01 4.032301530241966248e-02 0.000000000000000000e+00 -3.935963377443840727e-07 4.000094905495643616e-02 0.000000000000000000e+00 6.000000000000000000e+00 8.191000000000000000e+03 0.000000000000000000e+00 1.000000000000000000e+00 2.756299972534179688e+00
2.120000076293945312e+01 5.032037943601608276e-02 0.000000000000000000e+00 -3.553571730208204826e-07 4.999798536300659180e-02 0.000000000000000000e+00 6.000000000000000000e+00 8.191000000000000000e+03 0.000000000000000000e+00 1.000000000000000000e+00 2.756299972534179688e+00
2.139999961853027344e+01 6.032124534249305725e-02 0.000000000000000000e+00 -3.122767679997195955e-07 5.999501794576644897e-02 0.000000000000000000e+00 6.000000000000000000e+00 8.191000000000000000e+03 0.000000000000000000e+00 1.000000000000000000e+00 2.756299972534179688e+00
2.160000038146972656e+01 7.037851214408874512e-02 0.000000000000000000e+00 -2.590224994492018595e-07 7.000455260276794434e-02 0.000000000000000000e+00 6.000000000000000000e+00 8.191000000000000000e+03 0.000000000000000000e+00 1.000000000000000000e+00 2.756299972534179688e+00
2.180000114440917969e+01 8.037436753511428833e-02 0.000000000000000000e+00 -1.919484304835350486e-07 8.000158518552780151e-02 0.000000000000000000e+00 6.000000000000000000e+00 8.191000000000000000e+03 0.000000000000000000e+00 1.000000000000000000e+00 2.756500005722045898e+00
2.200000000000000000e+01 9.030450880527496338e-02 0.000000000000000000e+00 -1.042206463353068102e-07 8.999861776828765869e-02 0.000000000000000000e+00 6.000000000000000000e+00 8.191000000000000000e+03 0.000000000000000000e+00 1.000000000000000000e+00 2.756500005722045898e+00
2.220000076293945312e+01 1.003070101141929626e-01 0.000000000000000000e+00 1.549273243028892466e-08 9.999565780162811279e-02 0.000000000000000000e+00 6.000000000000000000e+00 8.191000000000000000e+03 0.000000000000000000e+00 1.000000000000000000e+00 2.756500005722045898e+00
2.239999961853027344e+01 1.103300973773002625e-01 0.000000000000000000e+00 1.091851729029258422e-07 1.100051850080490112e-01 0.000000000000000000e+00 5.000000000000000000e+00 7.164000000000000000e+03 0.000000000000000000e+00 1.000000000000000000e+00 2.756500005722045898e+00
2.260000038146972656e+01 1.203206628561019897e-01 0.000000000000000000e+00 4.085578382273524767e-07 1.200022250413894653e-01 0.000000000000000000e+00 6.000000000000000000e+00 8.191000000000000000e+03 0.000000000000000000e+00 1.000000000000000000e+00 2.756500005722045898e+00
2.280000114440917969e+01 1.303529590368270874e-01 0.000000000000000000e+00 7.291670272024930455e-07 1.299992501735687256e-01 0.000000000000000000e+00 6.000000000000000000e+00 8.191000000000000000e+03 0.000000000000000000e+00 1.000000000000000000e+00 2.756299972534179688e+00
2.300000000000000000e+01 1.403269618749618530e-01 0.000000000000000000e+00 1.092987417905533221e-06 1.399962902069091797e-01 0.000000000000000000e+00 6.000000000000000000e+00 7.164000000000000000e+03 0.000000000000000000e+00 1.000000000000000000e+00 2.756299972534179688e+00
2.320000076293945312e+01 1.503063440322875977e-01 0.000000000000000000e+00 1.796135961740219500e-06 1.500058174133300781e-01 0.000000000000000000e+00 7.000000000000000000e+00 8.191000000000000000e+03 0.000000000000000000e+00 1.000000000000000000e+00 2.756299972534179688e+00
2.339999961853027344e+01 1.603227853775024414e-01 0.000000000000000000e+00 2.621175326567026787e-06 1.600028574466705322e-01 0.000000000000000000e+00 7.000000000000000000e+00 8.191000000000000000e+03 0.000000000000000000e+00 1.000000000000000000e+00 2.756299972534179688e+00
2.360000038146972656e+01 1.703071147203445435e-01 0.000000000000000000e+00 3.686749550979584455e-06 1.699998974800109863e-01 0.000000000000000000e+00 7.000000000000000000e+00 8.191000000000000000e+03 0.000000000000000000e+00 1.000000000000000000e+00 2.756299972534179688e+00
2.380000114440917969e+01 1.802483797073364258e-01 0.000000000000000000e+00 5.012892415834357962e-06 1.799969226121902466e-01 0.000000000000000000e+00 7.000000000000000000e+00 8.191000000000000000e+03 0.000000000000000000e+00 1.000000000000000000e+00 2.755899906158447266e+00
2.400000000000000000e+01 1.903562098741531372e-01 0.000000000000000000e+00 6.586308245459804311e-06 1.899939626455307007e-01 0.000000000000000000e+00 7.000000000000000000e+00 8.191000000000000000e+03 0.000000000000000000e+00 1.000000000000000000e+00 2.755899906158447266e+00
2.420000076293945312e+01 2.002951949834823608e-01 0.000000000000000000e+00 8.345042260771151632e-06 2.000034898519515991e-01 0.000000000000000000e+00 7.000000000000000000e+00 8.191000000000000000e+03 0.000000000000000000e+00 1.000000000000000000e+00 2.755899906158447266e+00
2.439999961853027344e+01 2.104067802429199219e-01 0.000000000000000000e+00 1.017126669466961175e-05 2.100005298852920532e-01 0.000000000000000000e+00 7.000000000000000000e+00 7.164000000000000000e+03 0.000000000000000000e+00 1.000000000000000000e+00 2.755899906158447266e+00
2.460000038146972656e+01 2.203234434127807617e-01 0.000000000000000000e+00 1.198433710669633001e-05 2.199975699186325073e-01 0.000000000000000000e+00 8.000000000000000000e+00 8.191000000000000000e+03 0.000000000000000000e+00 1.000000000000000000e+00 2.755899906158447266e+00
2.480000114440917969e+01 2.303209751844406128e-01 0.000000000000000000e+00 1.357372093480080366e-05 2.299945950508117676e-01 0.000000000000000000e+00 8.000000000000000000e+00 8.191000000000000000e+03 0.000000000000000000e+00 1.000000000000000000e+00 2.756299972534179688e+00
2.500000000000000000e+01 2.403224557638168335e-01 0.000000000000000000e+00 1.476763100072275847e-05 2.400041371583938599e-01 0.000000000000000000e+00 8.000000000000000000e+00 8.191000000000000000e+03 0.000000000000000000e+00 1.000000000000000000e+00 2.756299972534179688e+00
2.520000076293945312e+01 2.503196895122528076e-01 0.000000000000000000e+00 1.554914888401981443e-05 2.500011622905731201e-01 0.000000000000000000e+00 8.000000000000000000e+00 8.191000000000000000e+03 0.000000000000000000e+00 1.000000000000000000e+00 2.756299972534179688e+00
2.539999961853027344e+01 2.603639960289001465e-01 0.000000000000000000e+00 1.582248114573303610e-05 2.599982023239135742e-01 0.000000000000000000e+00 8.000000000000000000e+00 8.191000000000000000e+03 0.000000000000000000e+00 1.000000000000000000e+00 2.756299972534179688e+00
2.560000038146972656e+01 2.703955769538879395e-01 0.000000000000000000e+00 1.580442767590284348e-05 2.699952423572540283e-01 0.000000000000000000e+00 8.000000000000000000e+00 8.191000000000000000e+03 0.000000000000000000e+00 1.000000000000000000e+00 2.756299972534179688e+00
2.580000114440917969e+01 2.803134024143218994e-01 0.000000000000000000e+00 1.546842213429044932e-05 2.800047695636749268e-01 0.000000000000000000e+00 8.000000000000000000e+00 8.191000000000000000e+03 0.000000000000000000e+00 1.000000000000000000e+00 2.756299972534179688e+00
2.600000000000000000e+01 2.902990281581878662e-01 0.000000000000000000e+00 1.496884578955359757e-05 2.900017797946929932e-01 0.000000000000000000e+00 8.000000000000000000e+00 8.191000000000000000e+03 0.000000000000000000e+00 1.000000000000000000e+00 2.756299972534179688e+00
2.620000076293945312e+01 3.003312051296234131e-01 0.000000000000000000e+00 1.439785319234943017e-05 2.999988198280334473e-01 0.000000000000000000e+00 8.000000000000000000e+00 8.191000000000000000e+03 0.000000000000000000e+00 1.000000000000000000e+00 2.756299972534179688e+00
2.639999961853027344e+01 2.902958095073699951e-01 0.000000000000000000e+00 1.204523869091644883e-05 2.900017797946929932e-01 0.000000000000000000e+00 8.000000000000000000e+00 8.191000000000000000e+03 0.000000000000000000e+00 1.000000000000000000e+00 2.756299972534179688e+00
2.660000038146972656e+01 2.803427875041961670e-01 0.000000000000000000e+00 1.015433008433319628e-05 2.800047695636749268e-01 0.000000000000000000e+00 8.000000000000000000e+00 8.191000000000000000e+03 0.000000000000000000e+00 1.000000000000000000e+00 2.756299972534179688e+00
2.680000114440917969e+01 2.702800631523132324e-01 0.000000000000000000e+00 8.370003342861309648e-06 2.699952423572540283e-01 0.000000000000000000e+00 8.000000000000000000e+00 8.191000000000000000e+03 0.000000000000000000e+00 1.000000000000000000e+00 2.756099939346313477e+00
2.700000000000000000e+01 2.603499889373779297e-01 0.000000000000000000e+00 6.541287348227342591e-06 2.599982023239135742e-01 0.000000000000000000e+00 8.000000000000000000e+00 8.191000000000000000e+03 0.000000000000000000e+00 1.000000000000000000e+00 2.756099939346313477e+00
2.720000076293945312e+01 2.503181397914886475e-01 0.000000000000000000e+00 4.498359430726850405e-06 2.500011622905731201e-01 0.000000000000000000e+00 7.000000000000000000e+00 8.191000000000000000e+03 0.000000000000000000e+00 1.000000000000000000e+00 2.756099939346313477e+00
2.739999961853027344e+01 2.403891235589981079e-01 0.000000000000000000e+00 2.377539431108743884e-06 2.400041371583938599e-01 0.000000000000000000e+00 7.000000000000000000e+00 8.191000000000000000e+03 0.000000000000000000e+00 1.000000000000000000e+00 2.756099939346313477e+00
2.760000038146972656e+01 2.302846014499664307e-01 0.000000000000000000e+00 1.760908929782090127e-07 2.299945950508117676e-01 0.000000000000000000e+00 7.000000000000000000e+00 8.191000000000000000e+03 0.000000000000000000e+00 1.000000000000000000e+00 2.756099939346313477e+00
2.780000114440917969e+01 2.202740311622619629e-01 0.000000000000000000e+00 -1.093766627491277177e-06 2.199975699186325073e-01 0.000000000000000000e+00 6.000000000000000000e+00 7.164000000000000000e+03 0.000000000000000000e+00 1.000000000000000000e+00 2.756099939346313477e+00
2.800000000000000000e+01 2.103714942932128906e-01 0.000000000000000000e+00 -3.950525751861277968e-06 2.100005298852920532e-01 0.000000000000000000e+00 7.000000000000000000e+00 8.191000000000000000e+03 0.000000000000000000e+00 1.000000000000000000e+00 2.756099939346313477e+00
2.820000076293945312e+01 2.003123313188552856e-01 0.000000000000000000e+00 -5.619784133159555495e-06 2.000034898519515991e-01 0.000000000000000000e+00 7.000000000000000000e+00 8.191000000000000000e+03 0.000000000000000000e+00 1.000000000000000000e+00 2.756099939346313477e+00
2.839999961853027344e+01 1.903219968080520630e-01 0.000000000000000000e+00 -6.838536592113086954e-06 1.899939626455307007e-01 0.000000000000000000e+00 7.000000000000000000e+00 8.191000000000000000e+03 0.000000000000000000e+00 1.000000000000000000e+00 2.756099939346313477e+00
2.860000038146972656e+01 1.803624778985977173e-01 0.000000000000000000e+00 -7.546695542259840295e-06 1.799969226121902466e-01 0.000000000000000000e+00 7.000000000000000000e+00 8.191000000000000000e+03 0.000000000000000000e+00 1.000000000000000000e+00 2.756099939346313477e+00
2.880000114440917969e+01 1.702770292758941650e-01 0.000000000000000000e+00 -7.788699804223142564e-06 1.699998974800109863e-01 0.000000000000000000e+00 7.000000000000000000e+00 8.191000000000000000e+03 0.000000000000000000e+00 1.000000000000000000e+00 2.756099939346313477e+00
2.900000000000000000e+01 1.602847278118133545e-01 0.000000000000000000e+00 -7.677985195186920464e-06 1.600028574466705322e-01 0.000000000000000000e+00 7.000000000000000000e+00 8.191000000000000000e+03 0.000000000000000000e+00 1.000000000000000000e+00 2.756099939346313477e+00
2.920000076293945312e+01 1.503727734088897705e-01 0.000000000000000000e+00 -7.327564162551425397e-06 1.500058174133300781e-01 0.000000000000000000e+00 7.000000000000000000e+00 8.191000000000000000e+03 0.000000000000000000e+00 1.000000000000000000e+00 2.756099939346313477e+00
2.939999961853027344e+01 1.402845531702041626e-01 0.000000000000000000e+00 -6.849440069345291704e-06 1.399962902069091797e-01 0.000000000000000000e+00 7.000000000000000000e+00 8.191000000000000000e+03 0.000000000000000000e+00 1.000000000000000000e+00 2.756099939346313477e+00
2.960000038146972656e+01 1.303193569183349609e-01 0.000000000000000000e+00 -6.330990800051949918e-06 1.299992501735687256e-01 0.000000000000000000e+00 7.000000000000000000e+00 8.191000000000000000e+03 0.000000000000000000e+00 1.000000000000000000e+00 2.756099939346313477e+00
2.980000114440917969e+01 1.203497424721717834e-01 0.000000000000000000e+00 -5.809028607473010197e-06 1.200022250413894653e-01 0.000000000000000000e+00 7.000000000000000000e+00 8.191000000000000000e+03 0.000000000000000000e+00 1.000000000000000000e+00 2.756199836730957031e+00
3.000000000000000000e+01 1.103542894124984741e-01 0.000000000000000000e+00 -5.328665793058462441e-06 1.100051850080490112e-01 0.000000000000000000e+00 7.000000000000000000e+00 8.191000000000000000e+03 0.000000000000000000e+00 1.000000000000000000e+00 2.756199836730957031e+00
3.020000076293945312e+01 1.003855243325233459e-01 0.000000000000000000e+00 -4.884533154836390167e-06 9.999565780162811279e-02 0.000000000000000000e+00 7.000000000000000000e+00 8.191000000000000000e+03 0.000000000000000000e+00 1.000000000000000000e+00 2.756199836730957031e+00
3.039999961853027344e+01 9.025859832763671875e-02 0.000000000000000000e+00 -4.501161583903012797e-06 8.999861776828765869e-02 0.000000000000000000e+00 7.000000000000000000e+00 8.191000000000000000e+03 0.000000000000000000e+00 1.000000000000000000e+00 2.756199836730957031e+00
3.060000038146972656e+01 8.032122254371643066e-02 0.000000000000000000e+00 -4.151688244746765122e-06 8.000158518552780151e-02 0.000000000000000000e+00 7.000000000000000000e+00 8.191000000000000000e+03 0.000000000000000000e+00 1.000000000000000000e+00 2.756199836730957031e+00
3.080000114440917969e+01 7.039545476436614990e-02 0.000000000000000000e+00 -3.855677732644835487e-06 7.000455260276794434e-02 0.000000000000000000e+00 7.000000000000000000e+00 8.191000000000000000e+03 0.000000000000000000e+00 1.000000000000000000e+00 2.756199836730957031e+00
3.100000000000000000e+01 6.037436798214912415e-02 0.000000000000000000e+00 -3.583366606108029373e-06 5.999501794576644897e-02 0.000000000000000000e+00 7.000000000000000000e+00 8.191000000000000000e+03 0.000000000000000000e+00 1.000000000000000000e+00 2.756199836730957031e+00
3.120000076293945312e+01 5.031621456146240234e-02 0.000000000000000000e+00 -3.356752813488128595e-06 4.999798536300659180e-02 0.000000000000000000e+00 7.000000000000000000e+00 8.191000000000000000e+03 0.000000000000000000e+00 1.000000000000000000e+00 2.756199836730957031e+00
3.139999961853027344e+01 4.032683745026588440e-02 0.000000000000000000e+00 -3.151921646349364892e-06 4.000094905495643616e-02 0.000000000000000000e+00 7.000000000000000000e+00 8.191000000000000000e+03 0.000000000000000000e+00 1.000000000000000000e+00 2.756199836730957031e+00
3.160000038146972656e+01 3.033847548067569733e-02 0.000000000000000000e+00 -2.977678150273277424e-06 3.000391460955142975e-02 0.000000000000000000e+00 7.000000000000000000e+00 8.191000000000000000e+03 0.000000000000000000e+00 1.000000000000000000e+00 2.756199836730957031e+00
3.180000114440917969e+01 2.036214433610439301e-02 0.000000000000000000e+00 -2.813492073983070441e-06 1.999438367784023285e-02 0.000000000000000000e+00 7.000000000000000000e+00 8.191000000000000000e+03 0.000000000000000000e+00 1.000000000000000000e+00 2.756199836730957031e+00
3.200000000000000000e+01 1.039914414286613464e-02 0.000000000000000000e+00 -2.676438953130855225e-06 9.997349232435226440e-03 0.000000000000000000e+00 7.000000000000000000e+00 8.191000000000000000e+03 0.000000000000000000e+00 1.000000000000000000e+00 2.756199836730957031e+00
3.220000076293945312e+01 3.571033303160220385e-04 0.000000000000000000e+00 -2.560750772317987867e-06 3.129243850708007812e-07 0.000000000000000000e+00 7.000000000000000000e+00 8.191000000000000000e+03 0.000000000000000000e+00 1.000000000000000000e+00 2.756199836730957031e+00
3.240000152587890625e+01 -9.722367860376834869e-03 0.000000000000000000e+00 -2.453936758683994412e-06 -9.996719658374786377e-03 0.000000000000000000e+00 7.000000000000000000e+00 8.191000000000000000e+03 0.000000000000000000e+00 1.000000000000000000e+00 2.756199836730957031e+00
3.260000228881835938e+01 -1.966335996985435486e-02 0.000000000000000000e+00 -2.370096126469434239e-06 -1.999375596642494202e-02 0.000000000000000000e+00 7.000000000000000000e+00 8.191000000000000000e+03 0.000000000000000000e+00 1.000000000000000000e+00 2.756199836730957031e+00
3.279999923706054688e+01 -2.952255494892597198e-02 0.000000000000000000e+00 -2.301789663761155680e-06 -3.000328317284584045e-02 0.000000000000000000e+00 7.000000000000000000e+00 6.143000000000000000e+03 0.000000000000000000e+00 1.000000000000000000e+00 2.756199836730957031e+00
3.300000000000000000e+01 -3.964009881019592285e-02 0.000000000000000000e+00 -2.252650801892741583e-06 -4.000032320618629456e-02 0.000000000000000000e+00 7.000000000000000000e+00 8.191000000000000000e+03 0.000000000000000000e+00 1.000000000000000000e+00 2.756199836730957031e+00
3.320000076293945312e+01 -4.972565919160842896e-02 0.000000000000000000e+00 -2.215703943875269033e-06 -4.999735578894615173e-02 0.000000000000000000e+00 7.000000000000000000e+00 8.191000000000000000e+03 0.000000000000000000e+00 1.000000000000000000e+00 2.756199836730957031e+00
3.340000152587890625e+01 -5.966785550117492676e-02 0.000000000000000000e+00 -2.202248651883564889e-06 -5.999438837170600891e-02 0.000000000000000000e+00 7.000000000000000000e+00 8.191000000000000000e+03 0.000000000000000000e+00 1.000000000000000000e+00 2.756199836730957031e+00
3.360000228881835938e+01 -6.971364468336105347e-02 0.000000000000000000e+00 -2.210161937910015695e-06 -7.000392675399780273e-02 0.000000000000000000e+00 7.000000000000000000e+00 8.191000000000000000e+03 0.000000000000000000e+00 1.000000000000000000e+00 2.756199836730957031e+00
3.379999923706054688e+01 -7.974083721637725830e-02 0.000000000000000000e+00 -2.251418891319190152e-06 -8.000095188617706299e-02 0.000000000000000000e+00 7.000000000000000000e+00 8.191000000000000000e+03 0.000000000000000000e+00 1.000000000000000000e+00 2.756399869918823242e+00
3.400000000000000000e+01 -8.971620351076126099e-02 0.000000000000000000e+00 -2.317485268577001989e-06 -8.999799191951751709e-02 0.000000000000000000e+00 7.000000000000000000e+00 8.191000000000000000e+03 0.000000000000000000e+00 1.000000000000000000e+00 2.756399869918823242e+00
3.420000076293945312e+01 -9.972607344388961792e-02 0.000000000000000000e+00 -2.414453547316952609e-06 -9.999501705169677734e-02 0.000000000000000000e+00 7.000000000000000000e+00 8.191000000000000000e+03 0.000000000000000000e+00 1.000000000000000000e+00 2.756399869918823242e+00
3.440000152587890625e+01 -1.097294688224792480e-01 0.000000000000000000e+00 -2.566417151683708653e-06 -1.100045591592788696e-01 0.000000000000000000e+00 7.000000000000000000e+00 8.191000000000000000e+03 0.000000000000000000e+00 1.000000000000000000e+00 2.756399869918823242e+00
3.460000228881835938e+01 -1.197354793548583984e-01 0.000000000000000000e+00 -2.743063305388204753e-06 -1.200015842914581299e-01 0.000000000000000000e+00 7.000000000000000000e+00 8.191000000000000000e+03 0.000000000000000000e+00 1.000000000000000000e+00 2.756399869918823242e+00
3.479999923706054688e+01 -1.296535283327102661e-01 0.000000000000000000e+00 -2.971035428345203400e-06 -1.299986243247985840e-01 0.000000000000000000e+00 7.000000000000000000e+00 8.191000000000000000e+03 0.000000000000000000e+00 1.000000000000000000e+00 2.756099939346313477e+00
3.500000000000000000e+01 -1.397145837545394897e-01 0.000000000000000000e+00 -3.238277713535353541e-06 -1.399956643581390381e-01 0.000000000000000000e+00 7.000000000000000000e+00 8.191000000000000000e+03 0.000000000000000000e+00 1.000000000000000000e+00 2.756099939346313477e+00
3.520000076293945312e+01 -1.497053503990173340e-01 0.000000000000000000e+00 -3.524505700625013560e-06 -1.500051915645599365e-01 0.000000000000000000e+00 7.000000000000000000e+00 8.191000000000000000e+03 0.000000000000000000e+00 1.000000000000000000e+00 2.756099939346313477e+00
3.540000152587890625e+01 -1.597199887037277222e-01 0.000000000000000000e+00 -3.821440714091295376e-06 -1.600022166967391968e-01 0.000000000000000000e+00 7.000000000000000000e+00 8.191000000000000000e+03 0.000000000000000000e+00 1.000000000000000000e+00 2.756099939346313477e+00
3.560000228881835938e+01 -1.696880310773849487e-01 0.000000000000000000e+00 -4.114035618840716779e-06 -1.699992567300796509e-01 0.000000000000000000e+00 7.000000000000000000e+00 8.191000000000000000e+03 0.000000000000000000e+00 1.000000000000000000e+00 2.756099939346313477e+00
3.579999923706054688e+01 -1.797216236591339111e-01 0.000000000000000000e+00 -4.387313310871832073e-06 -1.799962967634201050e-01 0.000000000000000000e+00 7.000000000000000000e+00 8.191000000000000000e+03 0.000000000000000000e+00 1.000000000000000000e+00 2.756099939346313477e+00
3.600000000000000000e+01 -1.896483600139617920e-01 0.000000000000000000e+00 -4.675244326790561900e-06 -1.900058239698410034e-01 0.000000000000000000e+00 7.000000000000000000e+00 8.191000000000000000e+03 0.000000000000000000e+00 1.000000000000000000e+00 2.756099939346313477e+00
3.620000076293945312e+01 -1.996990889310836792e-01 0.000000000000000000e+00 -4.983923190593486652e-06 -2.000028640031814575e-01 0.000000000000000000e+00 7.000000000000000000e+00 8.191000000000000000e+03 0.000000000000000000e+00 1.000000000000000000e+00 2.756099939346313477e+00
3.640000152587890625e+01 -1.897727698087692261e-01 0.000000000000000000e+00 -3.919222308468306437e-06 -1.900058239698410034e-01 0.000000000000000000e+00 7.000000000000000000e+00 8.191000000000000000e+03 0.000000000000000000e+00 2.000000000000000000e+00 2.756099939346313477e+00
3.660000228881835938e+01 -1.796538382768630981e-01 0.000000000000000000e+00 -3.219247446395456791e-06 -1.799962967634201050e-01 0.000000000000000000e+00 7.000000000000000000e+00 8.191000000000000000e+03 0.000000000000000000e+00 2.000000000000000000e+00 2.756099939346313477e+00
3.679999923706054688e+01 -1.696631163358688354e-01 0.000000000000000000e+00 -2.717401002882979810e-06 -1.699992567300796509e-01 0.000000000000000000e+00 7.000000000000000000e+00 8.191000000000000000e+03 0.000000000000000000e+00 2.000000000000000000e+00 2.756099939346313477e+00
3.700000000000000000e+01 -1.596821546554565430e-01 0.000000000000000000e+00 -2.340795617783442140e-06 -1.600022166967391968e-01 0.000000000000000000e+00 7.000000000000000000e+00 8.191000000000000000e+03 0.000000000000000000e+00 2.000000000000000000e+00 2.756099939346313477e+00
3.720000076293945312e+01 -1.497222334146499634e-01 0.000000000000000000e+00 -2.051527872026781552e-06 -1.500051915645599365e-01 0.000000000000000000e+00 7.000000000000000000e+00 8.191000000000000000e+03 0.000000000000000000e+00 2.000000000000000000e+00 2.756099939346313477e+00
3.740000152587890625e+01 -1.396993994712829590e-01 0.000000000000000000e+00 -1.825097797336638905e-06 -1.399956643581390381e-01 0.000000000000000000e+00 7.000000000000000000e+00 8.191000000000000000e+03 0.000000000000000000e+00 2.000000000000000000e+00 2.756099939346313477e+00
3.760000228881835938e+01 -1.297626346349716187e-01 0.000000000000000000e+00 -1.639432298361498397e-06 -1.299986243247985840e-01 0.000000000000000000e+00 7.000000000000000000e+00 8.191000000000000000e+03 0.000000000000000000e+00 2.000000000000000000e+00 2.756099939346313477e+00
3.779999923706054688e+01 -1.197365075349807739e-01 0.000000000000000000e+00 -1.482253196627425496e-06 -1.200015842914581299e-01 0.000000000000000000e+00 7.000000000000000000e+00 8.191000000000000000e+03 0.000000000000000000e+00 2.000000000000000000e+00 2.756099939346313477e+00
3.800000000000000000e+01 -1.096684485673904419e-01 0.000000000000000000e+00 -1.352904405393928755e-06 -1.100045591592788696e-01 0.000000000000000000e+00 7.000000000000000000e+00 8.191000000000000000e+03 0.000000000000000000e+00 2.000000000000000000e+00 2.756099939346313477e+00
3.820000076293945312e+01 -9.969100356101989746e-02 0.000000000000000000e+00 -1.240412416336766910e-06 -9.999501705169677734e-02 0.000000000000000000e+00 7.000000000000000000e+00 8.191000000000000000e+03 0.000000000000000000e+00 2.000000000000000000e+00 2.756099939346313477e+00
3.840000152587890625e+01 -8.973706513643264771e-02 0.000000000000000000e+00 -1.138710331360925920e-06 -8.999799191951751709e-02 0.000000000000000000e+00 7.000000000000000000e+00 8.191000000000000000e+03 0.000000000000000000e+00 2.000000000000000000e+00 2.756099939346313477e+00
3.860000228881835938e+01 -7.967054843902587891e-02 0.000000000000000000e+00 -1.054031031344493385e-06 -8.000095188617706299e-02 0.000000000000000000e+00 7.000000000000000000e+00 8.191000000000000000e+03 0.000000000000000000e+00 2.000000000000000000e+00 2.756099939346313477e+00
3.879999923706054688e+01 -6.968094408512115479e-02 0.000000000000000000e+00 -9.750227718541282229e-07 -7.000392675399780273e-02 0.000000000000000000e+00 7.000000000000000000e+00 8.191000000000000000e+03 0.000000000000000000e+00 2.000000000000000000e+00 2.756099939346313477e+00
3.900000000000000000e+01 -5.967255681753158569e-02 0.000000000000000000e+00 -9.047286084751249291e-07 -5.999438837170600891e-02 0.000000000000000000e+00 7.000000000000000000e+00 8.191000000000000000e+03 0.000000000000000000e+00 2.000000000000000000e+00 2.756099939346313477e+00
3.920000076293945312e+01 -4.975029081106185913e-02 0.000000000000000000e+00 -8.455081683678145055e-07 -4.999735578894615173e-02 0.000000000000000000e+00 7.000000000000000000e+00 8.191000000000000000e+03 0.000000000000000000e+00 2.000000000000000000e+00 2.756099939346313477e+00
3.940000152587890625e+01 -3.965910524129867554e-02 0.000000000000000000e+00 -7.966012276483525056e-07 -4.000032320618629456e-02 0.000000000000000000e+00 7.000000000000000000e+00 8.191000000000000000e+03 0.000000000000000000e+00 2.000000000000000000e+00 2.756099939346313477e+00
3.960000228881835938e+01 -2.974313311278820038e-02 0.000000000000000000e+00 -7.486498247999406885e-07 -3.000328317284584045e-02 0.000000000000000000e+00 6.000000000000000000e+00 8.191000000000000000e+03 0.000000000000000000e+00 2.000000000000000000e+00 2.756099939346313477e+00
3.979999923706054688e+01 -1.967331022024154663e-02 0.000000000000000000e+00 -7.073307415339513682e-07 -1.999375596642494202e-02 0.000000000000000000e+00 6.000000000000000000e+00 8.191000000000000000e+03 0.000000000000000000e+00 2.000000000000000000e+00 2.756099939346313477e+00
4.000000000000000000e+01 -9.684064425528049469e-03 0.000000000000000000e+00 -6.680580213469511364e-07 -9.996719658374786377e-03 0.000000000000000000e+00 6.000000000000000000e+00 8.191000000000000000e+03 0.000000000000000000e+00 2.000000000000000000e+00 2.756099939346313477e+00
4.020000076293945312e+01 2.996052789967507124e-04 0.000000000000000000e+00 -6.332962811939069070e-07 3.129243850708007812e-07 0.000000000000000000e+00 6.000000000000000000e+00 8.191000000000000000e+03 0.000000000000000000e+00 2.000000000000000000e+00 2.756099939346313477e+00
4.040000152587890625e+01 1.038182061165571213e-02 0.000000000000000000e+00 -5.996162144583649933e-07 9.997349232435226440e-03 0.000000000000000000e+00 6.000000000000000000e+00 8.191000000000000000e+03 0.000000000000000000e+00 2.000000000000000000e+00 2.756099939346313477e+00
4.060000228881835938e+01 2.039691433310508728e-02 0.000000000000000000e+00 -5.669873530678160023e-07 1.999438367784023285e-02 0.000000000000000000e+00 6.000000000000000000e+00 8.191000000000000000e+03 0.000000000000000000e+00 2.000000000000000000e+00 2.756099939346313477e+00
4.079999923706054688e+01 2.997265942394733429e-02 0.000000000000000000e+00 -5.353268761609797366e-07 3.000391460955142975e-02 0.000000000000000000e+00 6.000000000000000000e+00 6.143000000000000000e+03 0.000000000000000000e+00 2.000000000000000000e+00 2.756099939346313477e+00
4.100000000000000000e+01 4.035654664039611816e-02 0.000000000000000000e+00 -5.018487172492314130e-07 4.000094905495643616e-02 0.000000000000000000e+00 6.000000000000000000e+00 8.191000000000000000e+03 0.000000000000000000e+00 2.000000000000000000e+00 2.756099939346313477e+00
4.120000076293945312e+01 5.037737637758255005e-02 0.000000000000000000e+00 -4.661391415083926404e-07 4.999798536300659180e-02 0.000000000000000000e+00 6.000000000000000000e+00 8.191000000000000000e+03 0.000000000000000000e+00 2.000000000000000000e+00 2.756099939346313477e+00
4.140000152587890625e+01 6.030027940869331360e-02 0.000000000000000000e+00 -4.249129119671124499e-07 5.999501794576644897e-02 0.000000000000000000e+00 6.000000000000000000e+00 8.191000000000000000e+03 0.000000000000000000e+00 2.000000000000000000e+00 2.756099939346313477e+00
4.160000228881835938e+01 7.036171853542327881e-02 0.000000000000000000e+00 -3.766108989111671690e-07 7.000455260276794434e-02 0.000000000000000000e+00 6.000000000000000000e+00 8.191000000000000000e+03 0.000000000000000000e+00 2.000000000000000000e+00 2.756099939346313477e+00
4.179999923706054688e+01 8.032281696796417236e-02 0.000000000000000000e+00 -3.176584755237854552e-07 8.000158518552780151e-02 0.000000000000000000e+00 6.000000000000000000e+00 8.191000000000000000e+03 0.000000000000000000e+00 2.000000000000000000e+00 2.756299972534179688e+00
4.200000000000000000e+01 9.036339074373245239e-02 0.000000000000000000e+00 -2.402827874448121293e-07 8.999861776828765869e-02 0.000000000000000000e+00 6.000000000000000000e+00 8.191000000000000000e+03 0.000000000000000000e+00 2.000000000000000000e+00 2.756299972534179688e+00
4.220000076293945312e+01 1.004387810826301575e-01 0.000000000000000000e+00 -1.383246512887126300e-07 9.999565780162811279e-02 0.000000000000000000e+00 6.000000000000000000e+00 8.191000000000000000e+03 0.000000000000000000e+00 2.000000000000000000e+00 2.756299972534179688e+00
4.240000152587890625e+01 1.103616505861282349e-01 0.000000000000000000e+00 1.322298492922868718e-09 1.100051850080490112e-01 0.000000000000000000e+00 6.000000000000000000e+00 8.191000000000000000e+03 0.000000000000000000e+00 2.000000000000000000e+00 2.756299972534179688e+00
4.260000228881835938e+01 1.203203052282333374e-01 0.000000000000000000e+00 1.091851729029258422e-07 1.200022250413894653e-01 0.000000000000000000e+00 5.000000000000000000e+00 7.164000000000000000e+03 0.000000000000000000e+00 2.000000000000000000e+00 2.756299972534179688e+00
4.279999923706054688e+01 1.303116381168365479e-01 0.000000000000000000e+00 4.627916609933890868e-07 1.299992501735687256e-01 0.000000000000000000e+00 6.000000000000000000e+00 8.191000000000000000e+03 0.000000000000000000e+00 2.000000000000000000e+00 2.756099939346313477e+00
4.300000000000000000e+01 1.403040736913681030e-01 0.000000000000000000e+00 8.395406894123880193e-07 1.399962902069091797e-01 0.000000000000000000e+00 6.000000000000000000e+00 8.191000000000000000e+03 0.000000000000000000e+00 2.000000000000000000e+00 2.756099939346313477e+00
4.320000076293945312e+01 1.503675431013107300e-01 0.000000000000000000e+00 1.093102355298469774e-06 1.500058174133300781e-01 0.000000000000000000e+00 6.000000000000000000e+00 7.164000000000000000e+03 0.000000000000000000e+00 2.000000000000000000e+00 2.756099939346313477e+00
4.340000152587890625e+01 1.604132056236267090e-01 0.000000000000000000e+00 2.071272092507570051e-06 1.600028574466705322e-01 0.000000000000000000e+00 7.000000000000000000e+00 8.191000000000000000e+03 0.000000000000000000e+00 2.000000000000000000e+00 2.756099939346313477e+00
4.360000228881835938e+01 1.702857613563537598e-01 0.000000000000000000e+00 3.012355364262475632e-06 1.699998974800109863e-01 0.000000000000000000e+00 7.000000000000000000e+00 8.191000000000000000e+03 0.000000000000000000e+00 2.000000000000000000e+00 2.756099939346313477e+00
4.379999923706054688e+01 1.803761720657348633e-01 0.000000000000000000e+00 4.216493834974244237e-06 1.799969226121902466e-01 0.000000000000000000e+00 7.000000000000000000e+00 8.191000000000000000e+03 0.000000000000000000e+00 2.000000000000000000e+00 2.756099939346313477e+00
4.400000000000000000e+01 1.902825832366943359e-01 0.000000000000000000e+00 5.679780770151410252e-06 1.899939626455307007e-01 0.000000000000000000e+00 7.000000000000000000e+00 8.191000000000000000e+03 0.000000000000000000e+00 2.000000000000000000e+00 2.756099939346313477e+00
4.420000076293945312e+01 2.003338038921356201e-01 0.000000000000000000e+00 7.365528290392830968e-06 2.000034898519515991e-01 0.000000000000000000e+00 7.000000000000000000e+00 8.191000000000000000e+03 0.000000000000000000e+00 2.000000000000000000e+00 2.756099939346313477e+00
4.440000152587890625e+01 2.103897482156753540e-01 0.000000000000000000e+00 9.189495358441490680e-06 2.100005298852920532e-01 0.000000000000000000e+00 7.000000000000000000e+00 8.191000000000000000e+03 0.000000000000000000e+00 2.000000000000000000e+00 2.756099939346313477e+00
4.460000228881835938e+01 2.203369885683059692e-01 0.000000000000000000e+00 1.103348313336027786e-05 2.199975699186325073e-01 0.000000000000000000e+00 8.000000000000000000e+00 8.191000000000000000e+03 0.000000000000000000e+00 2.000000000000000000e+00 2.756099939346313477e+00
4.479999923706054688e+01 2.303750663995742798e-01 0.000000000000000000e+00 1.278013587580062449e-05 2.299945950508117676e-01 0.000000000000000000e+00 8.000000000000000000e+00 8.191000000000000000e+03 0.000000000000000000e+00 2.000000000000000000e+00 2.756099939346313477e+00
4.500000000000000000e+01 2.403818964958190918e-01 0.000000000000000000e+00 1.424170659447554499e-05 2.400041371583938599e-01 0.000000000000000000e+00 8.000000000000000000e+00 8.191000000000000000e+03 0.000000000000000000e+00 2.000000000000000000e+00 2.756099939346313477e+00
4.520000076293945312e+01 2.503340244293212891e-01 0.000000000000000000e+00 1.528958455310203135e-05 2.500011622905731201e-01 0.000000000000000000e+00 8.000000000000000000e+00 8.191000000000000000e+03 0.000000000000000000e+00 2.000000000000000000e+00 2.756099939346313477e+00
4.540000152587890625e+01 2.603557109832763672e-01 0.000000000000000000e+00 1.588686063769273460e-05 2.599982023239135742e-01 0.000000000000000000e+00 8.000000000000000000e+00 8.191000000000000000e+03 0.000000000000000000e+00 2.000000000000000000e+00 2.756099939346313477e+00
4.560000228881835938e+01 2.703500986099243164e-01 0.000000000000000000e+00 1.601705298526212573e-05 2.699952423572540283e-01 0.000000000000000000e+00 8.000000000000000000e+00 8.191000000000000000e+03 0.000000000000000000e+00 2.000000000000000000e+00 2.756099939346313477e+00
4.579999923706054688e+01 2.803480029106140137e-01 0.000000000000000000e+00 1.579920717631466687e-05 2.800047695636749268e-01 0.000000000000000000e+00 8.000000000000000000e+00 8.191000000000000000e+03 0.000000000000000000e+00 2.000000000000000000e+00 2.756099939346313477e+00
4.600000000000000000e+01 2.903260588645935059e-01 0.000000000000000000e+00 1.538281139801256359e-05 2.900017797946929932e-01 0.000000000000000000e+00 8.000000000000000000e+00 8.191000000000000000e+03 0.000000000000000000e+00 2.000000000000000000e+00 2.756099939346313477e+00
4.620000076293945312e+01 3.003322482109069824e-01 0.000000000000000000e+00 1.479865477449493483e-05 2.999988198280334473e-01 0.000000000000000000e+00 8.000000000000000000e+00 8.191000000000000000e+03 0.000000000000000000e+00 2.000000000000000000e+00 2.756099939346313477e+00
4.640000152587890625e+01 2.903854846954345703e-01 0.000000000000000000e+00 1.216644977830583230e-05 2.900017797946929932e-01 0.000000000000000000e+00 8.000000000000000000e+00 8.191000000000000000e+03 0.000000000000000000e+00 2.000000000000000000e+00 2.756099939346313477e+00
4.660000228881835938e+01 2.803535163402557373e-01 0.000000000000000000e+00 1.012039410852594301e-05 2.800047695636749268e-01 0.000000000000000000e+00 8.000000000000000000e+00 8.191000000000000000e+03 0.000000000000000000e+00 2.000000000000000000e+00 2.756099939346313477e+00
4.679999923706054688e+01 2.703410983085632324e-01 0.000000000000000000e+00 8.115302989608608186e-06 2.699952423572540283e-01 0.000000000000000000e+00 8.000000000000000000e+00 8.191000000000000000e+03 0.000000000000000000e+00 2.000000000000000000e+00 2.755899906158447266e+00
4.700000000000000000e+01 2.603416144847869873e-01 0.000000000000000000e+00 5.986986707284813747e-06 2.599982023239135742e-01 0.000000000000000000e+00 8.000000000000000000e+00 8.191000000000000000e+03 0.000000000000000000e+00 2.000000000000000000e+00 2.755899906158447266e+00
4.720000076293945312e+01 2.502132356166839600e-01 0.000000000000000000e+00 3.833089976978953928e-06 2.500011622905731201e-01 0.000000000000000000e+00 7.000000000000000000e+00 8.191000000000000000e+03 0.000000000000000000e+00 2.000000000000000000e+00 2.755899906158447266e+00
4.740000152587890625e+01 2.403058558702468872e-01 0.000000000000000000e+00 1.591553200341877528e-06 2.400041371583938599e-01 0.000000000000000000e+00 7.000000000000000000e+00 8.191000000000000000e+03 0.000000000000000000e+00 2.000000000000000000e+00 2.755899906158447266e+00
4.760000228881835938e+01 2.302730679512023926e-01 0.000000000000000000e+00 -6.480825049948180094e-07 2.299945950508117676e-01 0.000000000000000000e+00 7.000000000000000000e+00 8.191000000000000000e+03 0.000000000000000000e+00 2.000000000000000000e+00 2.755899906158447266e+00
4.779999923706054688e+01 2.203254848718643188e-01 0.000000000000000000e+00 -1.093766627491277177e-06 2.199975699186325073e-01 0.000000000000000000e+00 6.000000000000000000e+00 7.164000000000000000e+03 0.000000000000000000e+00 2.000000000000000000e+00 2.755899906158447266e+00
4.800000000000000000e+01 2.102679908275604248e-01 0.000000000000000000e+00 -4.639403869077796116e-06 2.100005298852920532e-01 0.000000000000000000e+00 7.000000000000000000e+00 8.191000000000000000e+03 0.000000000000000000e+00 2.000000000000000000e+00 2.755899906158447266e+00
4.820000076293945312e+01 2.003877460956573486e-01 0.000000000000000000e+00 -6.135775493021355942e-06 2.000034898519515991e-01 0.000000000000000000e+00 7.000000000000000000e+00 8.191000000000000000e+03 0.000000000000000000e+00 2.000000000000000000e+00 2.755899906158447266e+00
4.840000152587890625e+01 1.903346031904220581e-01 0.000000000000000000e+00 -7.147357791836839169e-06 1.899939626455307007e-01 0.000000000000000000e+00 7.000000000000000000e+00 8.191000000000000000e+03 0.000000000000000000e+00 2.000000000000000000e+00 2.755899906158447266e+00
4.860000228881835938e+01 1.803683340549468994e-01 0.000000000000000000e+00 -7.646445737918838859e-06 1.799969226121902466e-01 0.000000000000000000e+00 7.000000000000000000e+00 8.191000000000000000e+03 0.000000000000000000e+00 2.000000000000000000e+00 2.755899906158447266e+00
4.879999923706054688e+01 1.703400015830993652e-01 0.000000000000000000e+00 -7.724353054072707891e-06 1.699998974800109863e-01 0.000000000000000000e+00 7.000000000000000000e+00 8.191000000000000000e+03 0.000000000000000000e+00 2.000000000000000000e+00 2.755899906158447266e+00
4.900000000000000000e+01 1.603443771600723267e-01 0.000000000000000000e+00 -7.497830210922984406e-06 1.600028574466705322e-01 0.000000000000000000e+00 7.000000000000000000e+00 8.191000000000000000e+03 0.000000000000000000e+00 2.000000000000000000e+00 2.755899906158447266e+00
4.920000076293945312e+01 1.503387838602066040e-01 0.000000000000000000e+00 -7.090564395184628665e-06 1.500058174133300781e-01 0.000000000000000000e+00 7.000000000000000000e+00 8.191000000000000000e+03 0.000000000000000000e+00 2.000000000000000000e+00 2.755899906158447266e+00
4.940000152587890625e+01 1.403513550758361816e-01 0.000000000000000000e+00 -6.595987088076071814e-06 1.399962902069091797e-01 0.000000000000000000e+00 7.000000000000000000e+00 8.191000000000000000e+03 0.000000000000000000e+00 2.000000000000000000e+00 2.755899906158447266e+00
4.960000228881835938e+01 1.303326487541198730e-01 0.000000000000000000e+00 -6.074353677831823006e-06 1.299992501735687256e-01 0.000000000000000000e+00 7.000000000000000000e+00 8.191000000000000000e+03 0.000000000000000000e+00 2.000000000000000000e+00 2.755899906158447266e+00
4.979999923706054688e+01 1.203130036592483521e-01 0.000000000000000000e+00 -5.584149675996741280e-06 1.200022250413894653e-01 0.000000000000000000e+00 7.000000000000000000e+00 8.191000000000000000e+03 0.000000000000000000e+00 2.000000000000000000e+00 2.756099939346313477e+00
5.000000000000000000e+01 1.103230714797973633e-01 0.000000000000000000e+00 -5.119778506923466921e-06 1.100051850080490112e-01 0.000000000000000000e+00 7.000000000000000000e+00 8.191000000000000000e+03 0.000000000000000000e+00 2.000000000000000000e+00 2.756099939346313477e+00
5.020000076293945312e+01 1.003152355551719666e-01 0.000000000000000000e+00 -4.705808805738342926e-06 9.999565780162811279e-02 0.000000000000000000e+00 7.000000000000000000e+00 8.191000000000000000e+03 0.000000000000000000e+00 2.000000000000000000e+00 2.756099939346313477e+00
5.040000152587890625e+01 9.038939327001571655e-02 0.000000000000000000e+00 -4.345635261415736750e-06 8.999861776828765869e-02 0.000000000000000000e+00 7.000000000000000000e+00 8.191000000000000000e+03 0.000000000000000000e+00 2.000000000000000000e+00 2.756099939346313477e+00
5.060000228881835938e+01 8.029507100582122803e-02 0.000000000000000000e+00 -4.022615939902607352e-06 8.000158518552780151e-02 0.000000000000000000e+00 7.000000000000000000e+00 8.191000000000000000e+03 0.000000000000000000e+00 2.000000000000000000e+00 2.756099939346313477e+00
5.079999923706054688e+01 7.025260478258132935e-02 0.000000000000000000e+00 -3.741072532648104243e-06 7.000455260276794434e-02 0.000000000000000000e+00 7.000000000000000000e+00 8.191000000000000000e+03 0.000000000000000000e+00 2.000000000000000000e+00 2.756000041961669922e+00
5.100000000000000000e+01 6.035921722650527954e-02 0.000000000000000000e+00 -3.489853497740114108e-06 5.999501794576644897e-02 0.000000000000000000e+00 7.000000000000000000e+00 8.191000000000000000e+03 0.000000000000000000e+00 2.000000000000000000e+00 2.756000041961669922e+00
5.120000076293945312e+01 5.030920729041099548e-02 0.000000000000000000e+00 -3.272542699050973170e-06 4.999798536300659180e-02 0.000000000000000000e+00 7.000000000000000000e+00 8.191000000000000000e+03 0.000000000000000000e+00 2.000000000000000000e+00 2.756000041961669922e+00
5.140000152587890625e+01 4.038227722048759460e-02 0.000000000000000000e+00 -3.078491545238648541e-06 4.000094905495643616e-02 0.000000000000000000e+00 7.000000000000000000e+00 8.191000000000000000e+03 0.000000000000000000e+00 2.000000000000000000e+00 2.756000041961669922e+00
5.160000228881835938e+01 3.034696727991104126e-02 0.000000000000000000e+00 -2.917678784797317348e-06 3.000391460955142975e-02 0.000000000000000000e+00 7.000000000000000000e+00 8.191000000000000000e+03 0.000000000000000000e+00 2.000000000000000000e+00 2.756000041961669922e+00
5.179999923706054688e+01 2.027802914381027222e-02 0.000000000000000000e+00 -2.770578703348292038e-06 1.999438367784023285e-02 0.000000000000000000e+00 7.000000000000000000e+00 8.191000000000000000e+03 0.000000000000000000e+00 2.000000000000000000e+00 2.756000041961669922e+00
5.200000000000000000e+01 1.025932375341653824e-02 0.000000000000000000e+00 -2.640457296365639195e-06 9.997349232435226440e-03 0.000000000000000000e+00 7.000000000000000000e+00 8.191000000000000000e+03 0.000000000000000000e+00 2.000000000000000000e+00 2.756000041961669922e+00
5.220000076293945312e+01 2.851970784831792116e-04 0.000000000000000000e+00 -2.529486437197192572e-06 3.129243850708007812e-07 0.000000000000000000e+00 7.000000000000000000e+00 8.191000000000000000e+03 0.000000000000000000e+00 2.000000000000000000e+00 2.756000041961669922e+00
5.240000152587890625e+01 -9.675337933003902435e-03 0.000000000000000000e+00 -2.429860842312336899e-06 -9.996719658374786377e-03 0.000000000000000000e+00 7.000000000000000000e+00 8.191000000000000000e+03 0.000000000000000000e+00 2.000000000000000000e+00 2.756000041961669922e+00
5.260000228881835938e+01 -1.969749107956886292e-02 0.000000000000000000e+00 -2.349608621443621814e-06 -1.999375596642494202e-02 0.000000000000000000e+00 7.000000000000000000e+00 8.191000000000000000e+03 0.000000000000000000e+00 2.000000000000000000e+00 2.756000041961669922e+00
5.279999923706054688e+01 -2.949548698961734772e-02 0.000000000000000000e+00 -2.290671545779332519e-06 -3.000328317284584045e-02 0.000000000000000000e+00 7.000000000000000000e+00 6.143000000000000000e+03 0.000000000000000000e+00 2.000000000000000000e+00 2.756000041961669922e+00
5.300000000000000000e+01 -3.975973650813102722e-02 0.000000000000000000e+00 -2.241901711386162788e-06 -4.000032320618629456e-02 0.000000000000000000e+00 7.000000000000000000e+00 8.191000000000000000e+03 0.000000000000000000e+00 2.000000000000000000e+00 2.756000041961669922e+00
5.320000076293945312e+01 -4.978276044130325317e-02 0.000000000000000000e+00 -2.214354481111513451e-06 -4.999735578894615173e-02 0.000000000000000000e+00 7.000000000000000000e+00 8.191000000000000000e+03 0.000000000000000000e+00 2.000000000000000000e+00 2.756000041961669922e+00
5.340000152587890625e+01 -5.971168726682662964e-02 0.000000000000000000e+00 -2.209334752478753217e-06 -5.999438837170600891e-02 0.000000000000000000e+00 7.000000000000000000e+00 8.191000000000000000e+03 0.000000000000000000e+00 2.000000000000000000e+00 2.756000041961669922e+00
5.360000228881835938e+01 -6.969042867422103882e-02 0.000000000000000000e+00 -2.218393319708411582e-06 -7.000392675399780273e-02 0.000000000000000000e+00 7.000000000000000000e+00 8.191000000000000000e+03 0.000000000000000000e+00 2.000000000000000000e+00 2.756000041961669922e+00
5.379999923706054688e+01 -7.967022061347961426e-02 0.000000000000000000e+00 -2.260633664263878018e-06 -8.000095188617706299e-02 0.000000000000000000e+00 7.000000000000000000e+00 8.191000000000000000e+03 0.000000000000000000e+00 2.000000000000000000e+00 2.756199836730957031e+00
5.400000000000000000e+01 -8.970774710178375244e-02 0.000000000000000000e+00 -2.326735966562409885e-06 -8.999799191951751709e-02 0.000000000000000000e+00 7.000000000000000000e+00 8.191000000000000000e+03 0.000000000000000000e+00 2.000000000000000000e+00 2.756199836730957031e+00
5.420000076293945312e+01 -9.970902651548385620e-02 0.000000000000000000e+00 -2.428750349281472154e-06 -9.999501705169677734e-02 0.000000000000000000e+00 7.000000000000000000e+00 8.191000000000000000e+03 0.000000000000000000e+00 2.000000000000000000e+00 2.756199836730957031e+00
5.440000152587890625e+01 -1.097368523478507996e-01 0.000000000000000000e+00 -2.568247964518377557e-06 -1.100045591592788696e-01 0.000000000000000000e+00 7.000000000000000000e+00 8.191000000000000000e+03 0.000000000000000000e+00 2.000000000000000000e+00 2.756199836730957031e+00
5.460000228881835938e+01 -1.196944192051887512e-01 0.000000000000000000e+00 -2.736744363573961891e-06 -1.200015842914581299e-01 0.000000000000000000e+00 7.000000000000000000e+00 8.191000000000000000e+03 0.000000000000000000e+00 2.000000000000000000e+00 2.756199836730957031e+00
5.479999923706054688e+01 -1.297210156917572021e-01 0.000000000000000000e+00 -2.945149617517017759e-06 -1.299986243247985840e-01 0.000000000000000000e+00 7.000000000000000000e+00 8.191000000000000000e+03 0.000000000000000000e+00 2.000000000000000000e+00 2.756000041961669922e+00
5.500000000000000000e+01 -1.397054195404052734e-01 0.000000000000000000e+00 -3.179291070409817621e-06 -1.399956643581390381e-01 0.000000000000000000e+00 7.000000000000000000e+00 8.191000000000000000e+03 0.000000000000000000e+00 2.000000000000000000e+00 2.756000041961669922e+00
5.520000076293945312e+01 -1.496899276971817017e-01 0.000000000000000000e+00 -3.426556077101849951e-06 -1.500051915645599365e-01 0.000000000000000000e+00 7.000000000000000000e+00 8.191000000000000000e+03 0.000000000000000000e+00 2.000000000000000000e+00 2.756000041961669922e+00
5.540000152587890625e+01 -1.597421467304229736e-01 0.000000000000000000e+00 -3.681286671053385362e-06 -1.600022166967391968e-01 0.000000000000000000e+00 7.000000000000000000e+00 8.191000000000000000e+03 0.000000000000000000e+00 2.000000000000000000e+00 2.756000041961669922e+00
5.560000228881835938e+01 -1.697960048913955688e-01 0.000000000000000000e+00 -3.937018391297897324e-06 -1.699992567300796509e-01 0.000000000000000000e+00 7.000000000000000000e+00 8.191000000000000000e+03 0.000000000000000000e+00 2.000000000000000000e+00 2.756000041961669922e+00
5.579999923706054688e+01 -1.797597706317901611e-01 0.000000000000000000e+00 -4.198111582809360698e-06 -1.799962967634201050e-01 0.000000000000000000e+00 7.000000000000000000e+00 8.191000000000000000e+03 0.000000000000000000e+00 2.000000000000000000e+00 2.755899906158447266e+00
5.600000000000000000e+01 -1.897243559360504150e-01 0.000000000000000000e+00 -4.482171334529994056e-06 -1.900058239698410034e-01 0.000000000000000000e+00 7.000000000000000000e+00 8.191000000000000000e+03 0.000000000000000000e+00 2.000000000000000000e+00 2.755899906158447266e+00
5.620000076293945312e+01 -1.997360289096832275e-01 0.000000000000000000e+00 -4.812634415429783985e-06 -2.000028640031814575e-01 0.000000000000000000e+00 7.000000000000000000e+00 8.191000000000000000e+03 0.000000000000000000e+00 2.000000000000000000e+00 2.755899906158447266e+00
5.640000152587890625e+01 -1.896886825561523438e-01 0.000000000000000000e+00 -3.787474952332559042e-06 -1.900058239698410034e-01 0.000000000000000000e+00 7.000000000000000000e+00 8.191000000000000000e+03 0.000000000000000000e+00 3.000000000000000000e+00 2.755899906158447266e+00
5.660000228881835938e+01 -1.797281354665756226e-01 0.000000000000000000e+00 -3.115064373560016975e-06 -1.799962967634201050e-01 0.000000000000000000e+00 7.000000000000000000e+00 8.191000000000000000e+03 0.000000000000000000e+00 3.000000000000000000e+00 2.755899906158447266e+00
5.679999923706054688e+01 -1.696587055921554565e-01 0.000000000000000000e+00 -2.637860461618402041e-06 -1.699992567300796509e-01 0.000000000000000000e+00 7.000000000000000000e+00 8.191000000000000000e+03 0.000000000000000000e+00 3.000000000000000000e+00 2.756000041961669922e+00
5.700000000000000000e+01 -1.596877425909042358e-01 0.000000000000000000e+00 -2.279736236232565716e-06 -1.600022166967391968e-01 0.000000000000000000e+00 7.000000000000000000e+00 8.191000000000000000e+03 0.000000000000000000e+00 3.000000000000000000e+00 2.756000041961669922e+00
5.720000076293945312e+01 -1.497259885072708130e-01 0.000000000000000000e+00 -1.998460447794059291e-06 -1.500051915645599365e-01 0.000000000000000000e+00 7.000000000000000000e+00 8.191000000000000000e+03 0.000000000000000000e+00 3.000000000000000000e+00 2.756000041961669922e+00
5.740000152587890625e+01 -1.396650373935699463e-01 0.000000000000000000e+00 -1.778623072823393159e-06 -1.399956643581390381e-01 0.000000000000000000e+00 7.000000000000000000e+00 8.191000000000000000e+03 0.000000000000000000e+00 3.000000000000000000e+00 2.756000041961669922e+00
5.760000228881835938e+01 -1.297375112771987915e-01 0.000000000000000000e+00 -1.603401415195548907e-06 -1.299986243247985840e-01 0.000000000000000000e+00 7.000000000000000000e+00 8.191000000000000000e+03 0.000000000000000000e+00 3.000000000000000000e+00 2.756000041961669922e+00
5.779999923706054688e+01 -1.196575239300727844e-01 0.000000000000000000e+00 -1.459934310332755558e-06 -1.200015842914581299e-01 0.000000000000000000e+00 7.000000000000000000e+00 8.191000000000000000e+03 0.000000000000000000e+00 3.000000000000000000e+00 2.755899906158447266e+00
5.800000000000000000e+01 -1.097593158483505249e-01 0.000000000000000000e+00 -1.335711317551613320e-06 -1.100045591592788696e-01 0.000000000000000000e+00 7.000000000000000000e+00 8.191000000000000000e+03 0.000000000000000000e+00 3.000000000000000000e+00 2.755899906158447266e+00
5.820000076293945312e+01 -9.973158687353134155e-02 0.000000000000000000e+00 -1.231321334671520162e-06 -9.999501705169677734e-02 0.000000000000000000e+00 7.000000000000000000e+00 8.191000000000000000e+03 0.000000000000000000e+00 3.000000000000000000e+00 2.755899906158447266e+00
5.840000152587890625e+01 -8.974110335111618042e-02 0.000000000000000000e+00 -1.145435476246348117e-06 -8.999799191951751709e-02 0.000000000000000000e+00 7.000000000000000000e+00 8.191000000000000000e+03 0.000000000000000000e+00 3.000000000000000000e+00 2.755899906158447266e+00
5.860000228881835938e+01 -7.974226772785186768e-02 0.000000000000000000e+00 -1.063118133970419876e-06 -8.000095188617706299e-02 0.000000000000000000e+00 7.000000000000000000e+00 8.191000000000000000e+03 0.000000000000000000e+00 3.000000000000000000e+00 2.755899906158447266e+00
5.879999923706054688e+01 -6.973339617252349854e-02 0.000000000000000000e+00 -9.943996701622381806e-07 -7.000392675399780273e-02 0.000000000000000000e+00 7.000000000000000000e+00 8.191000000000000000e+03 0.000000000000000000e+00 3.000000000000000000e+00 2.755899906158447266e+00
5.900000000000000000e+01 -5.969271063804626465e-02 0.000000000000000000e+00 -9.271287808587658219e-07 -5.999438837170600891e-02 0.000000000000000000e+00 7.000000000000000000e+00 8.191000000000000000e+03 0.000000000000000000e+00 3.000000000000000000e+00 2.755899906158447266e+00
5.920000076293945312e+01 -4.970182478427886963e-02 0.000000000000000000e+00 -8.708958603165228851e-07 -4.999735578894615173e-02 0.000000000000000000e+00 7.000000000000000000e+00 8.191000000000000000e+03 0.000000000000000000e+00 3.000000000000000000e+00 2.755899906158447266e+00
5.940000152587890625e+01 -3.966052085161209106e-02 0.000000000000000000e+00 -8.199726835300680250e-07 -4.000032320618629456e-02 0.000000000000000000e+00 7.000000000000000000e+00 8.191000000000000000e+03 0.000000000000000000e+00 3.000000000000000000e+00 2.755899906158447266e+00
5.960000228881835938e+01 -2.966707386076450348e-02 0.000000000000000000e+00 -7.778577924000273924e-07 -3.000328317284584045e-02 0.000000000000000000e+00 7.000000000000000000e+00 8.191000000000000000e+03 0.000000000000000000e+00 3.000000000000000000e+00 2.755899906158447266e+00
5.979999923706054688e+01 -1.964065246284008026e-02 0.000000000000000000e+00 -7.458666004822589457e-07 -1.999375596642494202e-02 0.000000000000000000e+00 6.000000000000000000e+00 8.191000000000000000e+03 0.000000000000000000e+00 3.000000000000000000e+00 2.755899906158447266e+00
6.000000000000000000e+01 -9.721730835735797882e-03 0.000000000000000000e+00 -7.080656132529838942e-07 -9.996719658374786377e-03 0.000000000000000000e+00 6.000000000000000000e+00 8.191000000000000000e+03 0.000000000000000000e+00 3.000000000000000000e+00 2.755899906158447266e+00
6.020000076293945312e+01 3.404188610147684813e-04 0.000000000000000000e+00 -6.728887456119991839e-07 3.129243850708007812e-07 0.000000000000000000e+00 6.000000000000000000e+00 8.191000000000000000e+03 0.000000000000000000e+00 3.000000000000000000e+00 2.755899906158447266e+00
