5.000000000000000000e-01 -2.835736423730850220e-02 -2.835736423730850220e-02 0.000000000000000000e+00 0.000000000000000000e+00 8.191000000000000000e+03 0.000000000000000000e+00 2.757400035858154297e+00
1.000000000000000000e+00 -2.833923883736133575e-02 -2.740853838622570038e-02 0.000000000000000000e+00 0.000000000000000000e+00 8.191000000000000000e+03 0.000000000000000000e+00 2.757384777069091797e+00
1.500000000000000000e+00 -2.822826616466045380e-02 -2.652645856142044067e-02 0.000000000000000000e+00 0.000000000000000000e+00 8.191000000000000000e+03 0.000000000000000000e+00 2.756799936294555664e+00
2.000000000000000000e+00 -2.792361937463283539e-02 -2.610863558948040009e-02 0.000000000000000000e+00 0.000000000000000000e+00 8.191000000000000000e+03 0.000000000000000000e+00 2.756804943084716797e+00
2.500000000000000000e+00 -2.741366252303123474e-02 -2.556332573294639587e-02 0.000000000000000000e+00 0.000000000000000000e+00 8.191000000000000000e+03 0.000000000000000000e+00 2.756999969482421875e+00
3.000000000000000000e+00 -2.680476382374763489e-02 -2.527584135532379150e-02 0.000000000000000000e+00 0.000000000000000000e+00 8.191000000000000000e+03 0.000000000000000000e+00 2.756999969482421875e+00
3.500000000000000000e+00 -2.622054144740104675e-02 -2.493377216160297394e-02 0.000000000000000000e+00 0.000000000000000000e+00 8.191000000000000000e+03 0.000000000000000000e+00 2.756999969482421875e+00
4.000000000000000000e+00 -2.572488784790039062e-02 -2.470385469496250153e-02 0.000000000000000000e+00 0.000000000000000000e+00 8.191000000000000000e+03 0.000000000000000000e+00 2.757002353668212891e+00
4.500000000000000000e+00 -2.532503753900527954e-02 -2.446124888956546783e-02 0.000000000000000000e+00 0.000000000000000000e+00 8.191000000000000000e+03 0.000000000000000000e+00 2.757099866867065430e+00
5.000000000000000000e+00 -2.499133162200450897e-02 -2.372575365006923676e-02 0.000000000000000000e+00 0.000000000000000000e+00 6.143000000000000000e+03 0.000000000000000000e+00 2.757097482681274414e+00
5.500000000000000000e+00 -2.467624843120574951e-02 -2.397266216576099396e-02 0.000000000000000000e+00 0.000000000000000000e+00 8.191000000000000000e+03 0.000000000000000000e+00 2.756999969482421875e+00
6.000000000000000000e+00 -2.435821853578090668e-02 -2.334440499544143677e-02 0.000000000000000000e+00 0.000000000000000000e+00 6.143000000000000000e+03 0.000000000000000000e+00 2.756999969482421875e+00
6.500000000000000000e+00 -2.406032942235469818e-02 -2.367794886231422424e-02 0.000000000000000000e+00 0.000000000000000000e+00 8.191000000000000000e+03 0.000000000000000000e+00 2.756999969482421875e+00
7.000000000000000000e+00 -2.381063625216484070e-02 -2.304659783840179443e-02 0.000000000000000000e+00 0.000000000000000000e+00 6.143000000000000000e+03 0.000000000000000000e+00 2.756999969482421875e+00
7.500000000000000000e+00 -2.360901422798633575e-02 -2.326839230954647064e-02 0.000000000000000000e+00 0.000000000000000000e+00 8.191000000000000000e+03 0.000000000000000000e+00 2.756999969482421875e+00
8.000000000000000000e+00 -2.343556284904479980e-02 -2.282732725143432617e-02 0.000000000000000000e+00 0.000000000000000000e+00 6.143000000000000000e+03 0.000000000000000000e+00 2.756999969482421875e+00
8.500000000000000000e+00 -2.327463030815124512e-02 -2.293355762958526611e-02 0.000000000000000000e+00 0.000000000000000000e+00 8.191000000000000000e+03 0.000000000000000000e+00 2.756999969482421875e+00
9.000000000000000000e+00 -2.312140166759490967e-02 -2.257441729307174683e-02 0.000000000000000000e+00 0.000000000000000000e+00 6.143000000000000000e+03 0.000000000000000000e+00 2.756999969482421875e+00
9.500000000000000000e+00 -2.297496236860752106e-02 -2.268809266388416290e-02 0.000000000000000000e+00 0.000000000000000000e+00 8.191000000000000000e+03 0.000000000000000000e+00 2.756999969482421875e+00
1.000000000000000000e+01 -2.283553592860698700e-02 -2.229962684214115143e-02 0.000000000000000000e+00 0.000000000000000000e+00 6.143000000000000000e+03 0.000000000000000000e+00 2.757007598876953125e+00
1.050000000000000000e+01 -2.270182222127914429e-02 -2.243313007056713104e-02 0.000000000000000000e+00 0.000000000000000000e+00 8.191000000000000000e+03 0.000000000000000000e+00 2.757299900054931641e+00
1.100000000000000000e+01 -2.257222123444080353e-02 -2.211067825555801392e-02 0.000000000000000000e+00 0.000000000000000000e+00 6.143000000000000000e+03 0.000000000000000000e+00 2.757292270660400391e+00
1.150000000000000000e+01 -2.244956418871879578e-02 -2.226039953529834747e-02 0.000000000000000000e+00 0.000000000000000000e+00 8.191000000000000000e+03 0.000000000000000000e+00 2.756999969482421875e+00
1.200000000000000000e+01 -2.233765460550785065e-02 -2.189659886062145233e-02 0.000000000000000000e+00 0.000000000000000000e+00 6.143000000000000000e+03 0.000000000000000000e+00 2.757004976272583008e+00
1.250000000000000000e+01 -2.223559841513633728e-02 -2.210636250674724579e-02 0.000000000000000000e+00 0.000000000000000000e+00 8.191000000000000000e+03 0.000000000000000000e+00 2.757200002670288086e+00
1.300000000000000000e+01 -2.213978394865989685e-02 -2.169005200266838074e-02 0.000000000000000000e+00 0.000000000000000000e+00 6.143000000000000000e+03 0.000000000000000000e+00 2.757194757461547852e+00
1.350000000000000000e+01 -2.204579859972000122e-02 -2.186971344053745270e-02 0.000000000000000000e+00 0.000000000000000000e+00 8.191000000000000000e+03 0.000000000000000000e+00 2.756999969482421875e+00
1.400000000000000000e+01 -2.195030823349952698e-02 -2.158297225832939148e-02 0.000000000000000000e+00 0.000000000000000000e+00 6.143000000000000000e+03 0.000000000000000000e+00 2.756999969482421875e+00
1.450000000000000000e+01 -2.185579389333724976e-02 -2.167752943933010101e-02 0.000000000000000000e+00 0.000000000000000000e+00 8.191000000000000000e+03 0.000000000000000000e+00 2.756999969482421875e+00
1.500000000000000000e+01 -2.176638692617416382e-02 -2.143267169594764709e-02 0.000000000000000000e+00 0.000000000000000000e+00 6.143000000000000000e+03 0.000000000000000000e+00 2.756999969482421875e+00
