5.000000000000000000e-01 1.068755425512790680e-02 1.068755425512790680e-02 0.000000000000000000e+00 0.000000000000000000e+00 8.191000000000000000e+03 0.000000000000000000e+00 2.757599830627441406e+00
1.000000000000000000e+00 1.070041395723819733e-02 1.136078778654336929e-02 0.000000000000000000e+00 0.000000000000000000e+00 8.191000000000000000e+03 0.000000000000000000e+00 2.756900072097778320e+00
1.500000000000000000e+00 1.078045740723609924e-02 1.205482520163059235e-02 0.000000000000000000e+00 0.000000000000000000e+00 8.191000000000000000e+03 0.000000000000000000e+00 2.756799936294555664e+00
2.000000000000000000e+00 1.100630033761262894e-02 1.250409334897994995e-02 0.000000000000000000e+00 0.000000000000000000e+00 8.191000000000000000e+03 0.000000000000000000e+00 2.757149934768676758e+00
2.500000000000000000e+00 1.139854453504085541e-02 1.290274597704410553e-02 0.000000000000000000e+00 0.000000000000000000e+00 8.191000000000000000e+03 0.000000000000000000e+00 2.757200002670288086e+00
3.000000000000000000e+00 1.188840530812740326e-02 1.331774331629276276e-02 0.000000000000000000e+00 0.000000000000000000e+00 8.191000000000000000e+03 0.000000000000000000e+00 2.757462501525878906e+00
3.500000000000000000e+00 1.238694135099649429e-02 1.370641123503446579e-02 0.000000000000000000e+00 0.000000000000000000e+00 8.191000000000000000e+03 0.000000000000000000e+00 2.757499933242797852e+00
4.000000000000000000e+00 1.284750178456306458e-02 1.398195885121822357e-02 0.000000000000000000e+00 0.000000000000000000e+00 8.191000000000000000e+03 0.000000000000000000e+00 2.757499933242797852e+00
4.500000000000000000e+00 1.325803902000188828e-02 1.418725866824388504e-02 0.000000000000000000e+00 0.000000000000000000e+00 8.191000000000000000e+03 0.000000000000000000e+00 2.757499933242797852e+00
5.000000000000000000e+00 1.361514814198017120e-02 1.450032368302345276e-02 0.000000000000000000e+00 0.000000000000000000e+00 8.191000000000000000e+03 0.000000000000000000e+00 2.757499933242797852e+00
5.500000000000000000e+00 1.392225828021764755e-02 1.465230528265237808e-02 0.000000000000000000e+00 0.000000000000000000e+00 8.191000000000000000e+03 0.000000000000000000e+00 2.757499933242797852e+00
6.000000000000000000e+00 1.418832037597894669e-02 1.476152706891298294e-02 0.000000000000000000e+00 0.000000000000000000e+00 8.191000000000000000e+03 0.000000000000000000e+00 2.757499933242797852e+00
6.500000000000000000e+00 1.441413350403308868e-02 1.483080442994832993e-02 0.000000000000000000e+00 0.000000000000000000e+00 8.191000000000000000e+03 0.000000000000000000e+00 2.757499933242797852e+00
7.000000000000000000e+00 1.459475513547658920e-02 1.499862968921661377e-02 0.000000000000000000e+00 0.000000000000000000e+00 8.191000000000000000e+03 0.000000000000000000e+00 2.757499933242797852e+00
7.500000000000000000e+00 1.473808567970991135e-02 1.515937317162752151e-02 0.000000000000000000e+00 0.000000000000000000e+00 8.191000000000000000e+03 0.000000000000000000e+00 2.757499933242797852e+00
8.000000000000000000e+00 1.486484147608280182e-02 1.520030945539474487e-02 0.000000000000000000e+00 0.000000000000000000e+00 8.191000000000000000e+03 0.000000000000000000e+00 2.757499933242797852e+00
8.500000000000000000e+00 1.498645916581153870e-02 1.527166925370693207e-02 0.000000000000000000e+00 0.000000000000000000e+00 8.191000000000000000e+03 0.000000000000000000e+00 2.757499933242797852e+00
9.000000000000000000e+00 1.509957574307918549e-02 1.547325402498245239e-02 0.000000000000000000e+00 0.000000000000000000e+00 8.191000000000000000e+03 0.000000000000000000e+00 2.757499933242797852e+00
9.500000000000000000e+00 1.520441565662622452e-02 1.549000851809978485e-02 0.000000000000000000e+00 0.000000000000000000e+00 8.191000000000000000e+03 0.000000000000000000e+00 2.757499933242797852e+00
1.000000000000000000e+01 1.530598197132349014e-02 1.554582081735134125e-02 0.000000000000000000e+00 0.000000000000000000e+00 8.191000000000000000e+03 0.000000000000000000e+00 2.757499933242797852e+00
1.050000000000000000e+01 1.540029700845479965e-02 1.561765186488628387e-02 0.000000000000000000e+00 0.000000000000000000e+00 8.191000000000000000e+03 0.000000000000000000e+00 2.757499933242797852e+00
1.100000000000000000e+01 1.548115722835063934e-02 1.570364646613597870e-02 0.000000000000000000e+00 0.000000000000000000e+00 8.191000000000000000e+03 0.000000000000000000e+00 2.757499933242797852e+00
1.150000000000000000e+01 1.555261667817831039e-02 1.578623242676258087e-02 0.000000000000000000e+00 0.000000000000000000e+00 8.191000000000000000e+03 0.000000000000000000e+00 2.757499933242797852e+00
1.200000000000000000e+01 1.561988424509763718e-02 1.566456817090511322e-02 0.000000000000000000e+00 0.000000000000000000e+00 8.191000000000000000e+03 0.000000000000000000e+00 2.757412433624267578e+00
1.250000000000000000e+01 1.567704416811466217e-02 1.583560928702354431e-02 0.000000000000000000e+00 0.000000000000000000e+00 8.191000000000000000e+03 0.000000000000000000e+00 2.757400035858154297e+00
1.300000000000000000e+01 1.572076417505741119e-02 1.591660827398300171e-02 0.000000000000000000e+00 0.000000000000000000e+00 8.191000000000000000e+03 0.000000000000000000e+00 2.757400035858154297e+00
1.350000000000000000e+01 1.576251722872257233e-02 1.584018953144550323e-02 0.000000000000000000e+00 0.000000000000000000e+00 8.191000000000000000e+03 0.000000000000000000e+00 2.757400035858154297e+00
1.400000000000000000e+01 1.580766960978507996e-02 1.589688286185264587e-02 0.000000000000000000e+00 0.000000000000000000e+00 8.191000000000000000e+03 0.000000000000000000e+00 2.757400035858154297e+00
1.450000000000000000e+01 1.584581658244132996e-02 1.590020582079887390e-02 0.000000000000000000e+00 0.000000000000000000e+00 8.191000000000000000e+03 0.000000000000000000e+00 2.757400035858154297e+00
1.500000000000000000e+01 1.587122492492198944e-02 1.592775806784629822e-02 0.000000000000000000e+00 0.000000000000000000e+00 8.191000000000000000e+03 0.000000000000000000e+00 2.757400035858154297e+00
