2.000000029802322388e-01 1.198815007228404284e-04 0.000000000000000000e+00 6.616763243982859422e-07 3.129243850708007812e-07 0.000000000000000000e+00 8.000000000000000000e+00 8.191000000000000000e+03 0.000000000000000000e+00 0.000000000000000000e+00 2.757299900054931641e+00
4.000000059604644775e-01 1.006201002746820450e-02 0.000000000000000000e+00 2.027914433710975572e-06 9.997349232435226440e-03 0.000000000000000000e+00 7.000000000000000000e+00 8.191000000000000000e+03 0.000000000000000000e+00 0.000000000000000000e+00 2.757299900054931641e+00
6.000000238418579102e-01 2.009375579655170441e-02 0.000000000000000000e+00 3.687732942125876434e-06 1.999438367784023285e-02 0.000000000000000000e+00 7.000000000000000000e+00 8.191000000000000000e+03 0.000000000000000000e+00 0.000000000000000000e+00 2.757299900054931641e+00
8.000000119209289551e-01 2.941893972456455231e-02 0.000000000000000000e+00 5.795657216367544606e-06 3.000391460955142975e-02 0.000000000000000000e+00 7.000000000000000000e+00 6.143000000000000000e+03 0.000000000000000000e+00 0.000000000000000000e+00 2.757299900054931641e+00
1.000000000000000000e+00 4.017157480120658875e-02 0.000000000000000000e+00 8.535731467418372631e-06 4.000094905495643616e-02 0.000000000000000000e+00 7.000000000000000000e+00 8.191000000000000000e+03 0.000000000000000000e+00 0.000000000000000000e+00 2.757299900054931641e+00
1.200000047683715820e+00 5.011258646845817566e-02 0.000000000000000000e+00 1.093002811103360727e-05 4.999798536300659180e-02 0.000000000000000000e+00 7.000000000000000000e+00 7.164000000000000000e+03 0.000000000000000000e+00 0.000000000000000000e+00 2.757299900054931641e+00
1.399999976158142090e+00 6.013279408216476440e-02 0.000000000000000000e+00 1.622524359845556319e-05 5.999501794576644897e-02 0.000000000000000000e+00 8.000000000000000000e+00 8.191000000000000000e+03 0.000000000000000000e+00 0.000000000000000000e+00 2.757299900054931641e+00
1.600000023841857910e+00 7.011938095092773438e-02 0.000000000000000000e+00 2.105040039168670774e-05 7.000455260276794434e-02 0.000000000000000000e+00 8.000000000000000000e+00 8.191000000000000000e+03 0.000000000000000000e+00 0.000000000000000000e+00 2.757214069366455078e+00
1.800000071525573730e+00 8.013992011547088623e-02 0.000000000000000000e+00 2.637426223373040557e-05 8.000158518552780151e-02 0.000000000000000000e+00 8.000000000000000000e+00 8.191000000000000000e+03 0.000000000000000000e+00 0.000000000000000000e+00 2.756199836730957031e+00
2.000000000000000000e+00 9.018101543188095093e-02 0.000000000000000000e+00 3.190859206370078027e-05 8.999861776828765869e-02 0.000000000000000000e+00 8.000000000000000000e+00 8.191000000000000000e+03 0.000000000000000000e+00 0.000000000000000000e+00 2.756199836730957031e+00
2.200000047683715820e+00 1.000844091176986694e-01 0.000000000000000000e+00 3.726816066773608327e-05 9.999565780162811279e-02 0.000000000000000000e+00 8.000000000000000000e+00 8.191000000000000000e+03 0.000000000000000000e+00 0.000000000000000000e+00 2.756199836730957031e+00
2.400000095367431641e+00 1.100936830043792725e-01 0.000000000000000000e+00 4.225705561111681163e-05 1.100051850080490112e-01 0.000000000000000000e+00 8.000000000000000000e+00 8.191000000000000000e+03 0.000000000000000000e+00 0.000000000000000000e+00 2.756199836730957031e+00
2.600000143051147461e+00 1.201857998967170715e-01 0.000000000000000000e+00 4.633329808712005615e-05 1.200022250413894653e-01 0.000000000000000000e+00 8.000000000000000000e+00 8.191000000000000000e+03 0.000000000000000000e+00 0.000000000000000000e+00 2.756184339523315430e+00
2.799999952316284180e+00 1.301817744970321655e-01 0.000000000000000000e+00 4.930816430714912713e-05 1.299992501735687256e-01 0.000000000000000000e+00 8.000000000000000000e+00 8.191000000000000000e+03 0.000000000000000000e+00 0.000000000000000000e+00 2.756000041961669922e+00
3.000000000000000000e+00 1.401065587997436523e-01 0.000000000000000000e+00 5.075116860098205507e-05 1.399962902069091797e-01 0.000000000000000000e+00 8.000000000000000000e+00 8.191000000000000000e+03 0.000000000000000000e+00 0.000000000000000000e+00 2.756000041961669922e+00
3.200000047683715820e+00 1.501622945070266724e-01 0.000000000000000000e+00 5.085815064376220107e-05 1.500058174133300781e-01 0.000000000000000000e+00 8.000000000000000000e+00 8.191000000000000000e+03 0.000000000000000000e+00 0.000000000000000000e+00 2.756000041961669922e+00
3.400000095367431641e+00 1.601262539625167847e-01 0.000000000000000000e+00 4.996336429030634463e-05 1.600028574466705322e-01 0.000000000000000000e+00 8.000000000000000000e+00 8.191000000000000000e+03 0.000000000000000000e+00 0.000000000000000000e+00 2.756000041961669922e+00
3.600000143051147461e+00 1.701662540435791016e-01 0.000000000000000000e+00 4.848432217841036618e-05 1.699998974800109863e-01 0.000000000000000000e+00 8.000000000000000000e+00 8.191000000000000000e+03 0.000000000000000000e+00 0.000000000000000000e+00 2.756007671356201172e+00
3.799999952316284180e+00 1.802252233028411865e-01 0.000000000000000000e+00 4.670308408094570041e-05 1.799969226121902466e-01 0.000000000000000000e+00 8.000000000000000000e+00 8.191000000000000000e+03 0.000000000000000000e+00 0.000000000000000000e+00 2.756099939346313477e+00
4.000000000000000000e+00 1.901614069938659668e-01 0.000000000000000000e+00 4.486933539737947285e-05 1.899939626455307007e-01 0.000000000000000000e+00 8.000000000000000000e+00 8.191000000000000000e+03 0.000000000000000000e+00 0.000000000000000000e+00 2.756099939346313477e+00
4.200000286102294922e+00 2.002008408308029175e-01 0.000000000000000000e+00 4.295640246709808707e-05 2.000034898519515991e-01 0.000000000000000000e+00 8.000000000000000000e+00 8.191000000000000000e+03 0.000000000000000000e+00 0.000000000000000000e+00 2.756099939346313477e+00
4.400000095367431641e+00 2.101112902164459229e-01 0.000000000000000000e+00 4.134810296818614006e-05 2.100005298852920532e-01 0.000000000000000000e+00 8.000000000000000000e+00 8.191000000000000000e+03 0.000000000000000000e+00 0.000000000000000000e+00 2.756099939346313477e+00
4.599999904632568359e+00 2.202179133892059326e-01 0.000000000000000000e+00 3.982528141932561994e-05 2.199975699186325073e-01 0.000000000000000000e+00 8.000000000000000000e+00 8.191000000000000000e+03 0.000000000000000000e+00 0.000000000000000000e+00 2.756099939346313477e+00
4.800000190734863281e+00 2.301386743783950806e-01 0.000000000000000000e+00 3.843743252218700945e-05 2.299945950508117676e-01 0.000000000000000000e+00 8.000000000000000000e+00 8.191000000000000000e+03 0.000000000000000000e+00 0.000000000000000000e+00 2.756099939346313477e+00
5.000000000000000000e+00 2.401426136493682861e-01 0.000000000000000000e+00 3.715633647516369820e-05 2.400041371583938599e-01 0.000000000000000000e+00 8.000000000000000000e+00 8.191000000000000000e+03 0.000000000000000000e+00 0.000000000000000000e+00 2.756099939346313477e+00
5.200000286102294922e+00 2.501366138458251953e-01 0.000000000000000000e+00 3.609601117204874754e-05 2.500011622905731201e-01 0.000000000000000000e+00 8.000000000000000000e+00 8.191000000000000000e+03 0.000000000000000000e+00 0.000000000000000000e+00 2.756099939346313477e+00
5.400000095367431641e+00 2.601638138294219971e-01 0.000000000000000000e+00 3.507845030981115997e-05 2.599982023239135742e-01 0.000000000000000000e+00 8.000000000000000000e+00 8.191000000000000000e+03 0.000000000000000000e+00 0.000000000000000000e+00 2.756099939346313477e+00
5.599999904632568359e+00 2.701658904552459717e-01 0.000000000000000000e+00 3.417365587665699422e-05 2.699952423572540283e-01 0.000000000000000000e+00 8.000000000000000000e+00 8.191000000000000000e+03 0.000000000000000000e+00 0.000000000000000000e+00 2.756107807159423828e+00
5.800000190734863281e+00 2.802051305770874023e-01 0.000000000000000000e+00 3.329498213133774698e-05 2.800047695636749268e-01 0.000000000000000000e+00 8.000000000000000000e+00 8.191000000000000000e+03 0.000000000000000000e+00 0.000000000000000000e+00 2.756199836730957031e+00
6.000000000000000000e+00 2.901051938533782959e-01 0.000000000000000000e+00 3.250999361625872552e-05 2.900017797946929932e-01 0.000000000000000000e+00 8.000000000000000000e+00 8.191000000000000000e+03 0.000000000000000000e+00 0.000000000000000000e+00 2.756199836730957031e+00
6.200000286102294922e+00 3.001776635646820068e-01 0.000000000000000000e+00 3.188500704709440470e-05 2.999988198280334473e-01 0.000000000000000000e+00 8.000000000000000000e+00 8.191000000000000000e+03 0.000000000000000000e+00 0.000000000000000000e+00 2.756199836730957031e+00
6.400000095367431641e+00 2.902618348598480225e-01 0.000000000000000000e+00 2.993008638441096991e-05 2.900017797946929932e-01 0.000000000000000000e+00 8.000000000000000000e+00 8.191000000000000000e+03 0.000000000000000000e+00 0.000000000000000000e+00 2.756199836730957031e+00
6.599999904632568359e+00 2.802345156669616699e-01 0.000000000000000000e+00 2.851682074833661318e-05 2.800047695636749268e-01 0.000000000000000000e+00 8.000000000000000000e+00 8.191000000000000000e+03 0.000000000000000000e+00 0.000000000000000000e+00 2.756176471710205078e+00
6.800000190734863281e+00 2.701531648635864258e-01 0.000000000000000000e+00 2.725898775679524988e-05 2.699952423572540283e-01 0.000000000000000000e+00 8.000000000000000000e+00 8.191000000000000000e+03 0.000000000000000000e+00 0.000000000000000000e+00 2.755899906158447266e+00
7.000000000000000000e+00 2.602107822895050049e-01 0.000000000000000000e+00 2.622178726596757770e-05 2.599982023239135742e-01 0.000000000000000000e+00 8.000000000000000000e+00 8.191000000000000000e+03 0.000000000000000000e+00 0.000000000000000000e+00 2.755899906158447266e+00
7.200000286102294922e+00 2.500569522380828857e-01 0.000000000000000000e+00 2.523950934119056910e-05 2.500011622905731201e-01 0.000000000000000000e+00 8.000000000000000000e+00 8.191000000000000000e+03 0.000000000000000000e+00 0.000000000000000000e+00 2.755899906158447266e+00
7.400000095367431641e+00 2.400598078966140747e-01 0.000000000000000000e+00 2.433232839393895119e-05 2.400041371583938599e-01 0.000000000000000000e+00 8.000000000000000000e+00 8.191000000000000000e+03 0.000000000000000000e+00 0.000000000000000000e+00 2.755899906158447266e+00
7.599999904632568359e+00 2.301345467567443848e-01 0.000000000000000000e+00 2.345623761357273906e-05 2.299945950508117676e-01 0.000000000000000000e+00 8.000000000000000000e+00 8.191000000000000000e+03 0.000000000000000000e+00 0.000000000000000000e+00 2.755892038345336914e+00
7.800000190734863281e+00 2.201893329620361328e-01 0.000000000000000000e+00 2.251227488159202039e-05 2.199975699186325073e-01 0.000000000000000000e+00 8.000000000000000000e+00 8.191000000000000000e+03 0.000000000000000000e+00 0.000000000000000000e+00 2.755800008773803711e+00
8.000000000000000000e+00 2.102091163396835327e-01 0.000000000000000000e+00 2.147675149899441749e-05 2.100005298852920532e-01 0.000000000000000000e+00 8.000000000000000000e+00 8.191000000000000000e+03 0.000000000000000000e+00 0.000000000000000000e+00 2.755800008773803711e+00
8.199999809265136719e+00 2.001422345638275146e-01 0.000000000000000000e+00 2.035006946243811399e-05 2.000034898519515991e-01 0.000000000000000000e+00 8.000000000000000000e+00 8.191000000000000000e+03 0.000000000000000000e+00 0.000000000000000000e+00 2.755800008773803711e+00
8.400000572204589844e+00 1.900677829980850220e-01 0.000000000000000000e+00 1.901379982882644981e-05 1.899939626455307007e-01 0.000000000000000000e+00 8.000000000000000000e+00 8.191000000000000000e+03 0.000000000000000000e+00 0.000000000000000000e+00 2.755800008773803711e+00
8.600000381469726562e+00 1.802122592926025391e-01 0.000000000000000000e+00 1.744910150591749698e-05 1.799969226121902466e-01 0.000000000000000000e+00 8.000000000000000000e+00 8.191000000000000000e+03 0.000000000000000000e+00 0.000000000000000000e+00 2.755815505981445312e+00
8.800000190734863281e+00 1.702163964509963989e-01 0.000000000000000000e+00 1.545184022688772529e-05 1.699998974800109863e-01 0.000000000000000000e+00 8.000000000000000000e+00 8.191000000000000000e+03 0.000000000000000000e+00 0.000000000000000000e+00 2.756000041961669922e+00
9.000000000000000000e+00 1.601671278476715088e-01 0.000000000000000000e+00 1.296917434956412762e-05 1.600028574466705322e-01 0.000000000000000000e+00 8.000000000000000000e+00 8.191000000000000000e+03 0.000000000000000000e+00 0.000000000000000000e+00 2.756000041961669922e+00
9.199999809265136719e+00 1.500801891088485718e-01 0.000000000000000000e+00 9.895067705656401813e-06 1.500058174133300781e-01 0.000000000000000000e+00 8.000000000000000000e+00 8.191000000000000000e+03 0.000000000000000000e+00 0.000000000000000000e+00 2.756000041961669922e+00
9.400000572204589844e+00 1.402025073766708374e-01 0.000000000000000000e+00 6.140463938208995387e-06 1.399962902069091797e-01 0.000000000000000000e+00 8.000000000000000000e+00 8.191000000000000000e+03 0.000000000000000000e+00 0.000000000000000000e+00 2.756000041961669922e+00
9.600000381469726562e+00 1.301569342613220215e-01 0.000000000000000000e+00 1.659311010371311568e-06 1.299992501735687256e-01 0.000000000000000000e+00 7.000000000000000000e+00 8.191000000000000000e+03 0.000000000000000000e+00 0.000000000000000000e+00 2.756000041961669922e+00
9.800000190734863281e+00 1.201971471309661865e-01 0.000000000000000000e+00 -3.436812448853743263e-06 1.200022250413894653e-01 0.000000000000000000e+00 7.000000000000000000e+00 8.191000000000000000e+03 0.000000000000000000e+00 0.000000000000000000e+00 2.756000041961669922e+00
1.000000000000000000e+01 1.101494655013084412e-01 0.000000000000000000e+00 -8.944335604610387236e-06 1.100051850080490112e-01 0.000000000000000000e+00 7.000000000000000000e+00 8.191000000000000000e+03 0.000000000000000000e+00 0.000000000000000000e+00 2.756000041961669922e+00
1.019999980926513672e+01 1.001929119229316711e-01 0.000000000000000000e+00 -1.446831447537988424e-05 9.999565780162811279e-02 0.000000000000000000e+00 8.000000000000000000e+00 8.191000000000000000e+03 0.000000000000000000e+00 0.000000000000000000e+00 2.756000041961669922e+00
1.040000057220458984e+01 9.013307094573974609e-02 0.000000000000000000e+00 -2.001928078243508935e-05 8.999861776828765869e-02 0.000000000000000000e+00 8.000000000000000000e+00 8.191000000000000000e+03 0.000000000000000000e+00 0.000000000000000000e+00 2.756000041961669922e+00
1.060000038146972656e+01 8.014142513275146484e-02 0.000000000000000000e+00 -2.495776425348594785e-05 8.000158518552780151e-02 0.000000000000000000e+00 8.000000000000000000e+00 8.191000000000000000e+03 0.000000000000000000e+00 0.000000000000000000e+00 2.756007671356201172e+00
1.080000019073486328e+01 7.007993012666702271e-02 0.000000000000000000e+00 -2.910971670644357800e-05 7.000455260276794434e-02 0.000000000000000000e+00 8.000000000000000000e+00 8.191000000000000000e+03 0.000000000000000000e+00 0.000000000000000000e+00 2.756099939346313477e+00
1.100000000000000000e+01 6.019750237464904785e-02 0.000000000000000000e+00 -3.204739914508536458e-05 5.999501794576644897e-02 0.000000000000000000e+00 8.000000000000000000e+00 8.191000000000000000e+03 0.000000000000000000e+00 0.000000000000000000e+00 2.756099939346313477e+00
1.119999980926513672e+01 5.012830346822738647e-02 0.000000000000000000e+00 -3.348929021740332246e-05 4.999798536300659180e-02 0.000000000000000000e+00 8.000000000000000000e+00 8.191000000000000000e+03 0.000000000000000000e+00 0.000000000000000000e+00 2.756099939346313477e+00
1.140000057220458984e+01 4.016195237636566162e-02 0.000000000000000000e+00 -3.358807589393109083e-05 4.000094905495643616e-02 0.000000000000000000e+00 8.000000000000000000e+00 8.191000000000000000e+03 0.000000000000000000e+00 0.000000000000000000e+00 2.756099939346313477e+00
1.160000038146972656e+01 3.016472235321998596e-02 0.000000000000000000e+00 -3.266512067057192326e-05 3.000391460955142975e-02 0.000000000000000000e+00 8.000000000000000000e+00 8.191000000000000000e+03 0.000000000000000000e+00 0.000000000000000000e+00 2.756084203720092773e+00
1.180000019073486328e+01 2.020330540835857391e-02 0.000000000000000000e+00 -3.092346378252841532e-05 1.999438367784023285e-02 0.000000000000000000e+00 8.000000000000000000e+00 8.191000000000000000e+03 0.000000000000000000e+00 0.000000000000000000e+00 2.755899906158447266e+00
1.200000000000000000e+01 1.015100348740816116e-02 0.000000000000000000e+00 -2.894436875067185611e-05 9.997349232435226440e-03 0.000000000000000000e+00 8.000000000000000000e+00 8.191000000000000000e+03 0.000000000000000000e+00 0.000000000000000000e+00 2.755899906158447266e+00
1.219999980926513672e+01 1.465226814616471529e-04 0.000000000000000000e+00 -2.678752207430079579e-05 3.129243850708007812e-07 0.000000000000000000e+00 8.000000000000000000e+00 8.191000000000000000e+03 0.000000000000000000e+00 0.000000000000000000e+00 2.755899906158447266e+00
1.240000057220458984e+01 -9.863145649433135986e-03 0.000000000000000000e+00 -2.481449701008386910e-05 -9.996719658374786377e-03 0.000000000000000000e+00 8.000000000000000000e+00 8.191000000000000000e+03 0.000000000000000000e+00 0.000000000000000000e+00 2.755899906158447266e+00
1.260000038146972656e+01 -1.983737014234066010e-02 0.000000000000000000e+00 -2.294152727699838579e-05 -1.999375596642494202e-02 0.000000000000000000e+00 8.000000000000000000e+00 8.191000000000000000e+03 0.000000000000000000e+00 0.000000000000000000e+00 2.755899906158447266e+00
1.280000019073486328e+01 -2.950777299702167511e-02 0.000000000000000000e+00 -2.128173400706145912e-05 -3.000328317284584045e-02 0.000000000000000000e+00 8.000000000000000000e+00 6.143000000000000000e+03 0.000000000000000000e+00 0.000000000000000000e+00 2.755899906158447266e+00
1.300000000000000000e+01 -3.989640250802040100e-02 0.000000000000000000e+00 -1.980322849703952670e-05 -4.000032320618629456e-02 0.000000000000000000e+00 8.000000000000000000e+00 8.191000000000000000e+03 0.000000000000000000e+00 0.000000000000000000e+00 2.755899906158447266e+00
1.319999980926513672e+01 -4.999452456831932068e-02 0.000000000000000000e+00 -1.848942702054046094e-05 -4.999735578894615173e-02 0.000000000000000000e+00 8.000000000000000000e+00 8.191000000000000000e+03 0.000000000000000000e+00 0.000000000000000000e+00 2.755899906158447266e+00
1.340000057220458984e+01 -5.991236120462417603e-02 0.000000000000000000e+00 -1.729515679471660405e-05 -5.999438837170600891e-02 0.000000000000000000e+00 8.000000000000000000e+00 8.191000000000000000e+03 0.000000000000000000e+00 0.000000000000000000e+00 2.755899906158447266e+00
1.360000038146972656e+01 -6.988403201103210449e-02 0.000000000000000000e+00 -1.629016514925751835e-05 -7.000392675399780273e-02 0.000000000000000000e+00 8.000000000000000000e+00 8.191000000000000000e+03 0.000000000000000000e+00 0.000000000000000000e+00 2.755907773971557617e+00
1.380000019073486328e+01 -7.985073328018188477e-02 0.000000000000000000e+00 -1.538903779874090105e-05 -8.000095188617706299e-02 0.000000000000000000e+00 8.000000000000000000e+00 8.191000000000000000e+03 0.000000000000000000e+00 0.000000000000000000e+00 2.756000041961669922e+00
1.400000000000000000e+01 -8.991272747516632080e-02 0.000000000000000000e+00 -1.459791656088782474e-05 -8.999799191951751709e-02 0.000000000000000000e+00 8.000000000000000000e+00 8.191000000000000000e+03 0.000000000000000000e+00 0.000000000000000000e+00 2.756000041961669922e+00
1.419999980926513672e+01 -9.990975260734558105e-02 0.000000000000000000e+00 -1.386029634886654094e-05 -9.999501705169677734e-02 0.000000000000000000e+00 8.000000000000000000e+00 8.191000000000000000e+03 0.000000000000000000e+00 0.000000000000000000e+00 2.756000041961669922e+00
1.440000057220458984e+01 -1.098430454730987549e-01 0.000000000000000000e+00 -1.321511081187054515e-05 -1.100045591592788696e-01 0.000000000000000000e+00 8.000000000000000000e+00 8.191000000000000000e+03 0.000000000000000000e+00 0.000000000000000000e+00 2.756000041961669922e+00
1.460000038146972656e+01 -1.198526248335838318e-01 0.000000000000000000e+00 -1.272510780836455524e-05 -1.200015842914581299e-01 0.000000000000000000e+00 8.000000000000000000e+00 8.191000000000000000e+03 0.000000000000000000e+00 0.000000000000000000e+00 2.755992174148559570e+00
1.480000019073486328e+01 -1.298832893371582031e-01 0.000000000000000000e+00 -1.218201759911607951e-05 -1.299986243247985840e-01 0.000000000000000000e+00 8.000000000000000000e+00 8.191000000000000000e+03 0.000000000000000000e+00 0.000000000000000000e+00 2.755899906158447266e+00
1.500000000000000000e+01 -1.398374885320663452e-01 0.000000000000000000e+00 -1.170736322819720954e-05 -1.399956643581390381e-01 0.000000000000000000e+00 8.000000000000000000e+00 8.191000000000000000e+03 0.000000000000000000e+00 0.000000000000000000e+00 2.755899906158447266e+00
1.519999980926513672e+01 -1.498495340347290039e-01 0.000000000000000000e+00 -1.129149131884332746e-05 -1.500051915645599365e-01 0.000000000000000000e+00 8.000000000000000000e+00 8.191000000000000000e+03 0.000000000000000000e+00 0.000000000000000000e+00 2.755899906158447266e+00
1.540000057220458984e+01 -1.599396318197250366e-01 0.000000000000000000e+00 -1.093344144464936107e-05 -1.600022166967391968e-01 0.000000000000000000e+00 8.000000000000000000e+00 8.191000000000000000e+03 0.000000000000000000e+00 0.000000000000000000e+00 2.755899906158447266e+00
1.560000038146972656e+01 -1.699160933494567871e-01 0.000000000000000000e+00 -1.056025121215498075e-05 -1.699992567300796509e-01 0.000000000000000000e+00 8.000000000000000000e+00 8.191000000000000000e+03 0.000000000000000000e+00 0.000000000000000000e+00 2.755892038345336914e+00
1.580000019073486328e+01 -1.799448728561401367e-01 0.000000000000000000e+00 -1.027015059662517160e-05 -1.799962967634201050e-01 0.000000000000000000e+00 8.000000000000000000e+00 8.191000000000000000e+03 0.000000000000000000e+00 0.000000000000000000e+00 2.755800008773803711e+00
1.600000000000000000e+01 -1.898973435163497925e-01 0.000000000000000000e+00 -1.001239888864802197e-05 -1.900058239698410034e-01 0.000000000000000000e+00 8.000000000000000000e+00 8.191000000000000000e+03 0.000000000000000000e+00 0.000000000000000000e+00 2.755800008773803711e+00
1.620000076293945312e+01 -1.999141275882720947e-01 0.000000000000000000e+00 -9.774283171282149851e-06 -2.000028640031814575e-01 0.000000000000000000e+00 8.000000000000000000e+00 8.191000000000000000e+03 0.000000000000000000e+00 0.000000000000000000e+00 2.755800008773803711e+00
1.639999961853027344e+01 -1.899767965078353882e-01 0.000000000000000000e+00 -9.174182196147739887e-06 -1.900058239698410034e-01 0.000000000000000000e+00 8.000000000000000000e+00 8.191000000000000000e+03 0.000000000000000000e+00 1.000000000000000000e+00 2.755800008773803711e+00
1.660000038146972656e+01 -1.799117475748062134e-01 0.000000000000000000e+00 -8.589626304456032813e-06 -1.799962967634201050e-01 0.000000000000000000e+00 8.000000000000000000e+00 8.191000000000000000e+03 0.000000000000000000e+00 1.000000000000000000e+00 2.755800008773803711e+00
1.680000114440917969e+01 -1.698654741048812866e-01 0.000000000000000000e+00 -8.181646990124136209e-06 -1.699992567300796509e-01 0.000000000000000000e+00 8.000000000000000000e+00 8.191000000000000000e+03 0.000000000000000000e+00 1.000000000000000000e+00 2.755800008773803711e+00
1.700000000000000000e+01 -1.599501073360443115e-01 0.000000000000000000e+00 -7.795707460900302976e-06 -1.600022166967391968e-01 0.000000000000000000e+00 8.000000000000000000e+00 8.191000000000000000e+03 0.000000000000000000e+00 1.000000000000000000e+00 2.755800008773803711e+00
1.720000076293945312e+01 -1.498569846153259277e-01 0.000000000000000000e+00 -7.521582119807135314e-06 -1.500051915645599365e-01 0.000000000000000000e+00 7.000000000000000000e+00 8.191000000000000000e+03 0.000000000000000000e+00 1.000000000000000000e+00 2.755800008773803711e+00
1.739999961853027344e+01 -1.399312317371368408e-01 0.000000000000000000e+00 -7.216116046038223431e-06 -1.399956643581390381e-01 0.000000000000000000e+00 7.000000000000000000e+00 8.191000000000000000e+03 0.000000000000000000e+00 1.000000000000000000e+00 2.755800008773803711e+00
1.760000038146972656e+01 -1.298852413892745972e-01 0.000000000000000000e+00 -6.931706593604758382e-06 -1.299986243247985840e-01 0.000000000000000000e+00 7.000000000000000000e+00 8.191000000000000000e+03 0.000000000000000000e+00 1.000000000000000000e+00 2.755800008773803711e+00
1.780000114440917969e+01 -1.198528036475181580e-01 0.000000000000000000e+00 -6.658372512902133167e-06 -1.200015842914581299e-01 0.000000000000000000e+00 7.000000000000000000e+00 8.191000000000000000e+03 0.000000000000000000e+00 1.000000000000000000e+00 2.755800008773803711e+00
1.800000000000000000e+01 -1.099170595407485962e-01 0.000000000000000000e+00 -6.402087819878943264e-06 -1.100045591592788696e-01 0.000000000000000000e+00 7.000000000000000000e+00 8.191000000000000000e+03 0.000000000000000000e+00 1.000000000000000000e+00 2.755800008773803711e+00
1.820000076293945312e+01 -9.986460953950881958e-02 0.000000000000000000e+00 -6.152919468149775639e-06 -9.999501705169677734e-02 0.000000000000000000e+00 7.000000000000000000e+00 8.191000000000000000e+03 0.000000000000000000e+00 1.000000000000000000e+00 2.755800008773803711e+00
1.839999961853027344e+01 -8.981820195913314819e-02 0.000000000000000000e+00 -5.910378149565076455e-06 -8.999799191951751709e-02 0.000000000000000000e+00 7.000000000000000000e+00 8.191000000000000000e+03 0.000000000000000000e+00 1.000000000000000000e+00 2.755800008773803711e+00
1.860000038146972656e+01 -7.986412197351455688e-02 0.000000000000000000e+00 -5.665859134751372039e-06 -8.000095188617706299e-02 0.000000000000000000e+00 7.000000000000000000e+00 8.191000000000000000e+03 0.000000000000000000e+00 1.000000000000000000e+00 2.755800008773803711e+00
1.880000114440917969e+01 -6.984669715166091919e-02 0.000000000000000000e+00 -5.411960501078283414e-06 -7.000392675399780273e-02 0.000000000000000000e+00 7.000000000000000000e+00 8.191000000000000000e+03 0.000000000000000000e+00 1.000000000000000000e+00 2.755800008773803711e+00
1.900000000000000000e+01 -5.981527268886566162e-02 0.000000000000000000e+00 -5.135734227224020287e-06 -5.999438837170600891e-02 0.000000000000000000e+00 7.000000000000000000e+00 8.191000000000000000e+03 0.000000000000000000e+00 1.000000000000000000e+00 2.755800008773803711e+00
1.920000076293945312e+01 -4.987972602248191833e-02 0.000000000000000000e+00 -4.847389845963334665e-06 -4.999735578894615173e-02 0.000000000000000000e+00 7.000000000000000000e+00 8.191000000000000000e+03 0.000000000000000000e+00 1.000000000000000000e+00 2.755800008773803711e+00
1.939999961853027344e+01 -3.991859406232833862e-02 0.000000000000000000e+00 -4.504328444454586133e-06 -4.000032320618629456e-02 0.000000000000000000e+00 7.000000000000000000e+00 8.191000000000000000e+03 0.000000000000000000e+00 1.000000000000000000e+00 2.755800008773803711e+00
1.960000038146972656e+01 -2.992001734673976898e-02 0.000000000000000000e+00 -4.094834366696886718e-06 -3.000328317284584045e-02 0.000000000000000000e+00 7.000000000000000000e+00 8.191000000000000000e+03 0.000000000000000000e+00 1.000000000000000000e+00 2.755807638168334961e+00
1.980000114440917969e+01 -1.987620443105697632e-02 0.000000000000000000e+00 -3.578361884137848392e-06 -1.999375596642494202e-02 0.000000000000000000e+00 7.000000000000000000e+00 8.191000000000000000e+03 0.000000000000000000e+00 1.000000000000000000e+00 2.755899906158447266e+00
2.000000000000000000e+01 -9.871323592960834503e-03 0.000000000000000000e+00 -2.909619524871231988e-06 -9.996719658374786377e-03 0.000000000000000000e+00 7.000000000000000000e+00 8.191000000000000000e+03 0.000000000000000000e+00 1.000000000000000000e+00 2.755899906158447266e+00
2.020000076293945312e+01 1.394479477312415838e-04 0.000000000000000000e+00 -2.022181661232025363e-06 3.129243850708007812e-07 0.000000000000000000e+00 7.000000000000000000e+00 8.191000000000000000e+03 0.000000000000000000e+00 1.000000000000000000e+00 2.755899906158447266e+00
2.039999961853027344e+01 1.017906516790390015e-02 0.000000000000000000e+00 -8.361766390407865401e-07 9.997349232435226440e-03 0.000000000000000000e+00 7.000000000000000000e+00 8.191000000000000000e+03 0.000000000000000000e+00 1.000000000000000000e+00 2.755899906158447266e+00
2.060000038146972656e+01 2.011647820472717285e-02 0.000000000000000000e+00 7.620760698046069592e-07 1.999438367784023285e-02 0.000000000000000000e+00 7.000000000000000000e+00 8.191000000000000000e+03 0.000000000000000000e+00 1.000000000000000000e+00 2.755884408950805664e+00
2.080000114440917969e+01 2.953621186316013336e-02 0.000000000000000000e+00 1.093102355298469774e-06 3.000391460955142975e-02 0.000000000000000000e+00 6.000000000000000000e+00 5.116000000000000000e+03 0.000000000000000000e+00 1.000000000000000000e+00 2.755699872970581055e+00
2.100000000000000000e+01 4.015168175101280212e-02 0.000000000000000000e+00 5.684199550159974024e-06 4.000094905495643616e-02 0.000000000000000000e+00 7.000000000000000000e+00 8.191000000000000000e+03 0.000000000000000000e+00 1.000000000000000000e+00 2.755699872970581055e+00
2.120000076293945312e+01 5.015427246689796448e-02 0.000000000000000000e+00 9.206993127008900046e-06 4.999798536300659180e-02 0.000000000000000000e+00 7.000000000000000000e+00 8.191000000000000000e+03 0.000000000000000000e+00 1.000000000000000000e+00 2.755699872970581055e+00
2.139999961853027344e+01 6.013191491365432739e-02 0.000000000000000000e+00 1.350823276879964396e-05 5.999501794576644897e-02 0.000000000000000000e+00 8.000000000000000000e+00 8.191000000000000000e+03 0.000000000000000000e+00 1.000000000000000000e+00 2.755699872970581055e+00
2.160000038146972656e+01 7.018115371465682983e-02 0.000000000000000000e+00 1.845531733124516904e-05 7.000455260276794434e-02 0.000000000000000000e+00 8.000000000000000000e+00 8.191000000000000000e+03 0.000000000000000000e+00 1.000000000000000000e+00 2.755715608596801758e+00
2.180000114440917969e+01 8.005227148532867432e-02 0.000000000000000000e+00 2.388279244769364595e-05 8.000158518552780151e-02 0.000000000000000000e+00 8.000000000000000000e+00 8.191000000000000000e+03 0.000000000000000000e+00 1.000000000000000000e+00 2.755899906158447266e+00
2.200000000000000000e+01 9.020932763814926147e-02 0.000000000000000000e+00 2.943949766631703824e-05 8.999861776828765869e-02 0.000000000000000000e+00 8.000000000000000000e+00 8.191000000000000000e+03 0.000000000000000000e+00 1.000000000000000000e+00 2.755899906158447266e+00
2.220000076293945312e+01 1.000685840845108032e-01 0.000000000000000000e+00 3.489664231892675161e-05 9.999565780162811279e-02 0.000000000000000000e+00 8.000000000000000000e+00 8.191000000000000000e+03 0.000000000000000000e+00 1.000000000000000000e+00 2.755899906158447266e+00
2.239999961853027344e+01 1.100827082991600037e-01 0.000000000000000000e+00 3.976599327870644629e-05 1.100051850080490112e-01 0.000000000000000000e+00 8.000000000000000000e+00 8.191000000000000000e+03 0.000000000000000000e+00 1.000000000000000000e+00 2.755899906158447266e+00
2.260000038146972656e+01 1.202573627233505249e-01 0.000000000000000000e+00 4.397289740154519677e-05 1.200022250413894653e-01 0.000000000000000000e+00 8.000000000000000000e+00 8.191000000000000000e+03 0.000000000000000000e+00 1.000000000000000000e+00 2.755884408950805664e+00
2.280000114440917969e+01 1.301735043525695801e-01 0.000000000000000000e+00 4.691138019552454352e-05 1.299992501735687256e-01 0.000000000000000000e+00 8.000000000000000000e+00 8.191000000000000000e+03 0.000000000000000000e+00 1.000000000000000000e+00 2.755699872970581055e+00
2.300000000000000000e+01 1.401129961013793945e-01 0.000000000000000000e+00 4.836127482121810317e-05 1.399962902069091797e-01 0.000000000000000000e+00 8.000000000000000000e+00 8.191000000000000000e+03 0.000000000000000000e+00 1.000000000000000000e+00 2.755699872970581055e+00
2.320000076293945312e+01 1.501483768224716187e-01 0.000000000000000000e+00 4.853445716435089707e-05 1.500058174133300781e-01 0.000000000000000000e+00 8.000000000000000000e+00 8.191000000000000000e+03 0.000000000000000000e+00 1.000000000000000000e+00 2.755699872970581055e+00
2.339999961853027344e+01 1.601136028766632080e-01 0.000000000000000000e+00 4.764816549140959978e-05 1.600028574466705322e-01 0.000000000000000000e+00 8.000000000000000000e+00 8.191000000000000000e+03 0.000000000000000000e+00 1.000000000000000000e+00 2.755699872970581055e+00
2.360000038146972656e+01 1.701827198266983032e-01 0.000000000000000000e+00 4.618107777787372470e-05 1.699998974800109863e-01 0.000000000000000000e+00 8.000000000000000000e+00 8.191000000000000000e+03 0.000000000000000000e+00 1.000000000000000000e+00 2.755723476409912109e+00
2.380000114440917969e+01 1.801108866930007935e-01 0.000000000000000000e+00 4.435215305420570076e-05 1.799969226121902466e-01 0.000000000000000000e+00 8.000000000000000000e+00 8.191000000000000000e+03 0.000000000000000000e+00 1.000000000000000000e+00 2.756000041961669922e+00
2.400000000000000000e+01 1.901703476905822754e-01 0.000000000000000000e+00 4.247838660376146436e-05 1.899939626455307007e-01 0.000000000000000000e+00 8.000000000000000000e+00 8.191000000000000000e+03 0.000000000000000000e+00 1.000000000000000000e+00 2.756000041961669922e+00
2.420000076293945312e+01 2.002019733190536499e-01 0.000000000000000000e+00 4.067405461682938039e-05 2.000034898519515991e-01 0.000000000000000000e+00 8.000000000000000000e+00 8.191000000000000000e+03 0.000000000000000000e+00 1.000000000000000000e+00 2.756000041961669922e+00
2.439999961853027344e+01 2.101083844900131226e-01 0.000000000000000000e+00 3.893427492585033178e-05 2.100005298852920532e-01 0.000000000000000000e+00 8.000000000000000000e+00 8.191000000000000000e+03 0.000000000000000000e+00 1.000000000000000000e+00 2.756000041961669922e+00
2.460000038146972656e+01 2.201019823551177979e-01 0.000000000000000000e+00 3.741684122360311449e-05 2.199975699186325073e-01 0.000000000000000000e+00 8.000000000000000000e+00 8.191000000000000000e+03 0.000000000000000000e+00 1.000000000000000000e+00 2.755984306335449219e+00
2.480000114440917969e+01 2.301972508430480957e-01 0.000000000000000000e+00 3.607886537793092430e-05 2.299945950508117676e-01 0.000000000000000000e+00 8.000000000000000000e+00 8.191000000000000000e+03 0.000000000000000000e+00 1.000000000000000000e+00 2.755800008773803711e+00
2.500000000000000000e+01 2.400817424058914185e-01 0.000000000000000000e+00 3.483343243715353310e-05 2.400041371583938599e-01 0.000000000000000000e+00 8.000000000000000000e+00 8.191000000000000000e+03 0.000000000000000000e+00 1.000000000000000000e+00 2.755800008773803711e+00
2.520000076293945312e+01 2.501706480979919434e-01 0.000000000000000000e+00 3.368620673427358270e-05 2.500011622905731201e-01 0.000000000000000000e+00 8.000000000000000000e+00 8.191000000000000000e+03 0.000000000000000000e+00 1.000000000000000000e+00 2.755800008773803711e+00
2.539999961853027344e+01 2.601759135723114014e-01 0.000000000000000000e+00 3.275319249951280653e-05 2.599982023239135742e-01 0.000000000000000000e+00 8.000000000000000000e+00 8.191000000000000000e+03 0.000000000000000000e+00 1.000000000000000000e+00 2.755800008773803711e+00
2.560000038146972656e+01 2.701261639595031738e-01 0.000000000000000000e+00 3.179803024977445602e-05 2.699952423572540283e-01 0.000000000000000000e+00 8.000000000000000000e+00 8.191000000000000000e+03 0.000000000000000000e+00 1.000000000000000000e+00 2.755800008773803711e+00
2.580000114440917969e+01 2.801562845706939697e-01 0.000000000000000000e+00 3.098172237514518201e-05 2.800047695636749268e-01 0.000000000000000000e+00 8.000000000000000000e+00 8.191000000000000000e+03 0.000000000000000000e+00 1.000000000000000000e+00 2.755800008773803711e+00
2.600000000000000000e+01 2.900551557540893555e-01 0.000000000000000000e+00 3.024480975000187755e-05 2.900017797946929932e-01 0.000000000000000000e+00 8.000000000000000000e+00 8.191000000000000000e+03 0.000000000000000000e+00 1.000000000000000000e+00 2.755800008773803711e+00
2.620000076293945312e+01 3.001368939876556396e-01 0.000000000000000000e+00 2.959567609650548548e-05 2.999988198280334473e-01 0.000000000000000000e+00 8.000000000000000000e+00 8.191000000000000000e+03 0.000000000000000000e+00 1.000000000000000000e+00 2.755800008773803711e+00
2.639999961853027344e+01 2.900663912296295166e-01 0.000000000000000000e+00 2.772078369162045419e-05 2.900017797946929932e-01 0.000000000000000000e+00 8.000000000000000000e+00 8.191000000000000000e+03 0.000000000000000000e+00 1.000000000000000000e+00 2.755800008773803711e+00
2.660000038146972656e+01 2.801573276519775391e-01 0.000000000000000000e+00 2.637506622704677284e-05 2.800047695636749268e-01 0.000000000000000000e+00 8.000000000000000000e+00 8.191000000000000000e+03 0.000000000000000000e+00 1.000000000000000000e+00 2.755784273147583008e+00
2.680000114440917969e+01 2.701276242733001709e-01 0.000000000000000000e+00 2.520020279916934669e-05 2.699952423572540283e-01 0.000000000000000000e+00 8.000000000000000000e+00 8.191000000000000000e+03 0.000000000000000000e+00 1.000000000000000000e+00 2.755599975585937500e+00
2.700000000000000000e+01 2.600903213024139404e-01 0.000000000000000000e+00 2.416900133539456874e-05 2.599982023239135742e-01 0.000000000000000000e+00 8.000000000000000000e+00 8.191000000000000000e+03 0.000000000000000000e+00 1.000000000000000000e+00 2.755599975585937500e+00
2.720000076293945312e+01 2.501790821552276611e-01 0.000000000000000000e+00 2.332486110390163958e-05 2.500011622905731201e-01 0.000000000000000000e+00 8.000000000000000000e+00 8.191000000000000000e+03 0.000000000000000000e+00 1.000000000000000000e+00 2.755599975585937500e+00
2.739999961853027344e+01 2.401981204748153687e-01 0.000000000000000000e+00 2.239872810605447739e-05 2.400041371583938599e-01 0.000000000000000000e+00 8.000000000000000000e+00 8.191000000000000000e+03 0.000000000000000000e+00 1.000000000000000000e+00 2.755599975585937500e+00
2.760000038146972656e+01 2.301398962736129761e-01 0.000000000000000000e+00 2.154136200260836631e-05 2.299945950508117676e-01 0.000000000000000000e+00 8.000000000000000000e+00 8.191000000000000000e+03 0.000000000000000000e+00 1.000000000000000000e+00 2.755592107772827148e+00
2.780000114440917969e+01 2.201487421989440918e-01 0.000000000000000000e+00 2.059631333395373076e-05 2.199975699186325073e-01 0.000000000000000000e+00 8.000000000000000000e+00 8.191000000000000000e+03 0.000000000000000000e+00 1.000000000000000000e+00 2.755499839782714844e+00
2.800000000000000000e+01 2.101414054632186890e-01 0.000000000000000000e+00 1.963872091437224299e-05 2.100005298852920532e-01 0.000000000000000000e+00 8.000000000000000000e+00 8.191000000000000000e+03 0.000000000000000000e+00 1.000000000000000000e+00 2.755499839782714844e+00
2.820000076293945312e+01 2.001696527004241943e-01 0.000000000000000000e+00 1.850343687692657113e-05 2.000034898519515991e-01 0.000000000000000000e+00 8.000000000000000000e+00 8.191000000000000000e+03 0.000000000000000000e+00 1.000000000000000000e+00 2.755499839782714844e+00
2.839999961853027344e+01 1.901038140058517456e-01 0.000000000000000000e+00 1.719826286716852337e-05 1.899939626455307007e-01 0.000000000000000000e+00 8.000000000000000000e+00 8.191000000000000000e+03 0.000000000000000000e+00 1.000000000000000000e+00 2.755499839782714844e+00
2.860000038146972656e+01 1.801224946975708008e-01 0.000000000000000000e+00 1.563974910823162645e-05 1.799969226121902466e-01 0.000000000000000000e+00 8.000000000000000000e+00 8.191000000000000000e+03 0.000000000000000000e+00 1.000000000000000000e+00 2.755523443222045898e+00
2.880000114440917969e+01 1.701300889253616333e-01 0.000000000000000000e+00 1.366634933219756931e-05 1.699998974800109863e-01 0.000000000000000000e+00 8.000000000000000000e+00 8.191000000000000000e+03 0.000000000000000000e+00 1.000000000000000000e+00 2.755800008773803711e+00
2.900000000000000000e+01 1.600795537233352661e-01 0.000000000000000000e+00 1.119422086048871279e-05 1.600028574466705322e-01 0.000000000000000000e+00 8.000000000000000000e+00 8.191000000000000000e+03 0.000000000000000000e+00 1.000000000000000000e+00 2.755800008773803711e+00
2.920000076293945312e+01 1.501771062612533569e-01 0.000000000000000000e+00 8.149285349645651877e-06 1.500058174133300781e-01 0.000000000000000000e+00 8.000000000000000000e+00 8.191000000000000000e+03 0.000000000000000000e+00 1.000000000000000000e+00 2.755800008773803711e+00
2.939999961853027344e+01 1.401929408311843872e-01 0.000000000000000000e+00 4.438348696567118168e-06 1.399962902069091797e-01 0.000000000000000000e+00 8.000000000000000000e+00 8.191000000000000000e+03 0.000000000000000000e+00 1.000000000000000000e+00 2.755800008773803711e+00
2.960000038146972656e+01 1.301483511924743652e-01 0.000000000000000000e+00 -5.037062322799101821e-08 1.299992501735687256e-01 0.000000000000000000e+00 7.000000000000000000e+00 8.191000000000000000e+03 0.000000000000000000e+00 1.000000000000000000e+00 2.755792140960693359e+00
2.980000114440917969e+01 1.200152486562728882e-01 0.000000000000000000e+00 -1.093766627491277177e-06 1.200022250413894653e-01 0.000000000000000000e+00 6.000000000000000000e+00 7.164000000000000000e+03 0.000000000000000000e+00 1.000000000000000000e+00 2.755699872970581055e+00
3.000000000000000000e+01 1.100828871130943298e-01 0.000000000000000000e+00 -1.049292677635094151e-05 1.100051850080490112e-01 0.000000000000000000e+00 7.000000000000000000e+00 7.164000000000000000e+03 0.000000000000000000e+00 1.000000000000000000e+00 2.755699872970581055e+00
3.020000076293945312e+01 1.001077964901924133e-01 0.000000000000000000e+00 -1.619144859432708472e-05 9.999565780162811279e-02 0.000000000000000000e+00 8.000000000000000000e+00 8.191000000000000000e+03 0.000000000000000000e+00 1.000000000000000000e+00 2.755699872970581055e+00
3.039999961853027344e+01 9.011030197143554688e-02 0.000000000000000000e+00 -2.176758061978034675e-05 8.999861776828765869e-02 0.000000000000000000e+00 8.000000000000000000e+00 8.191000000000000000e+03 0.000000000000000000e+00 1.000000000000000000e+00 2.755699872970581055e+00
3.060000038146972656e+01 8.008170127868652344e-02 0.000000000000000000e+00 -2.679405224625952542e-05 8.000158518552780151e-02 0.000000000000000000e+00 8.000000000000000000e+00 8.191000000000000000e+03 0.000000000000000000e+00 1.000000000000000000e+00 2.755699872970581055e+00
3.080000114440917969e+01 7.006504386663436890e-02 0.000000000000000000e+00 -3.102302798652090132e-05 7.000455260276794434e-02 0.000000000000000000e+00 8.000000000000000000e+00 8.191000000000000000e+03 0.000000000000000000e+00 1.000000000000000000e+00 2.755699872970581055e+00
3.100000000000000000e+01 6.018000841140747070e-02 0.000000000000000000e+00 -3.397494219825603068e-05 5.999501794576644897e-02 0.000000000000000000e+00 8.000000000000000000e+00 8.191000000000000000e+03 0.000000000000000000e+00 1.000000000000000000e+00 2.755699872970581055e+00
3.120000076293945312e+01 5.018828436732292175e-02 0.000000000000000000e+00 -3.552817361196503043e-05 4.999798536300659180e-02 0.000000000000000000e+00 8.000000000000000000e+00 8.191000000000000000e+03 0.000000000000000000e+00 1.000000000000000000e+00 2.755699872970581055e+00
3.139999961853027344e+01 4.012703523039817810e-02 0.000000000000000000e+00 -3.567968815332278609e-05 4.000094905495643616e-02 0.000000000000000000e+00 8.000000000000000000e+00 8.191000000000000000e+03 0.000000000000000000e+00 1.000000000000000000e+00 2.755699872970581055e+00
3.160000038146972656e+01 3.009654022753238678e-02 0.000000000000000000e+00 -3.466621637926436961e-05 3.000391460955142975e-02 0.000000000000000000e+00 8.000000000000000000e+00 8.191000000000000000e+03 0.000000000000000000e+00 1.000000000000000000e+00 2.755699872970581055e+00
3.180000114440917969e+01 2.010462805628776550e-02 0.000000000000000000e+00 -3.295750502729788423e-05 1.999438367784023285e-02 0.000000000000000000e+00 8.000000000000000000e+00 8.191000000000000000e+03 0.000000000000000000e+00 1.000000000000000000e+00 2.755699872970581055e+00
3.200000000000000000e+01 1.008423417806625366e-02 0.000000000000000000e+00 -3.092637780355289578e-05 9.997349232435226440e-03 0.000000000000000000e+00 8.000000000000000000e+00 8.191000000000000000e+03 0.000000000000000000e+00 1.000000000000000000e+00 2.755699872970581055e+00
3.220000076293945312e+01 8.891150355339050293e-05 0.000000000000000000e+00 -2.879041858250275254e-05 3.129243850708007812e-07 0.000000000000000000e+00 8.000000000000000000e+00 8.191000000000000000e+03 0.000000000000000000e+00 1.000000000000000000e+00 2.755699872970581055e+00
3.240000152587890625e+01 -9.866977110505104065e-03 0.000000000000000000e+00 -2.672691880434285849e-05 -9.996719658374786377e-03 0.000000000000000000e+00 8.000000000000000000e+00 8.191000000000000000e+03 0.000000000000000000e+00 1.000000000000000000e+00 2.755699872970581055e+00
3.260000228881835938e+01 -1.989815384149551392e-02 0.000000000000000000e+00 -2.481869705661665648e-05 -1.999375596642494202e-02 0.000000000000000000e+00 8.000000000000000000e+00 8.191000000000000000e+03 0.000000000000000000e+00 1.000000000000000000e+00 2.755692005157470703e+00
3.279999923706054688e+01 -2.951674908399581909e-02 0.000000000000000000e+00 -2.312464675924275070e-05 -3.000328317284584045e-02 0.000000000000000000e+00 8.000000000000000000e+00 6.143000000000000000e+03 0.000000000000000000e+00 1.000000000000000000e+00 2.755599975585937500e+00
3.300000000000000000e+01 -3.985175117850303650e-02 0.000000000000000000e+00 -2.155669244530145079e-05 -4.000032320618629456e-02 0.000000000000000000e+00 8.000000000000000000e+00 8.191000000000000000e+03 0.000000000000000000e+00 1.000000000000000000e+00 2.755599975585937500e+00
3.320000076293945312e+01 -4.990549758076667786e-02 0.000000000000000000e+00 -2.024881905526854098e-05 -4.999735578894615173e-02 0.000000000000000000e+00 8.000000000000000000e+00 8.191000000000000000e+03 0.000000000000000000e+00 1.000000000000000000e+00 2.755599975585937500e+00
3.340000152587890625e+01 -5.984453484416007996e-02 0.000000000000000000e+00 -1.900951428979169577e-05 -5.999438837170600891e-02 0.000000000000000000e+00 8.000000000000000000e+00 8.191000000000000000e+03 0.000000000000000000e+00 1.000000000000000000e+00 2.755599975585937500e+00
3.360000228881835938e+01 -6.992657482624053955e-02 0.000000000000000000e+00 -1.796215474314521998e-05 -7.000392675399780273e-02 0.000000000000000000e+00 8.000000000000000000e+00 8.191000000000000000e+03 0.000000000000000000e+00 1.000000000000000000e+00 2.755615472793579102e+00
3.379999923706054688e+01 -7.984589785337448120e-02 0.000000000000000000e+00 -1.702079316601157188e-05 -8.000095188617706299e-02 0.000000000000000000e+00 8.000000000000000000e+00 8.191000000000000000e+03 0.000000000000000000e+00 1.000000000000000000e+00 2.755800008773803711e+00
3.400000000000000000e+01 -8.986240625381469727e-02 0.000000000000000000e+00 -1.619443355593830347e-05 -8.999799191951751709e-02 0.000000000000000000e+00 8.000000000000000000e+00 8.191000000000000000e+03 0.000000000000000000e+00 1.000000000000000000e+00 2.755800008773803711e+00
3.420000076293945312e+01 -9.994135051965713501e-02 0.000000000000000000e+00 -1.551815330458339304e-05 -9.999501705169677734e-02 0.000000000000000000e+00 8.000000000000000000e+00 8.191000000000000000e+03 0.000000000000000000e+00 1.000000000000000000e+00 2.755800008773803711e+00
3.440000152587890625e+01 -1.098060309886932373e-01 0.000000000000000000e+00 -1.477328351029427722e-05 -1.100045591592788696e-01 0.000000000000000000e+00 8.000000000000000000e+00 8.191000000000000000e+03 0.000000000000000000e+00 1.000000000000000000e+00 2.755800008773803711e+00
3.460000228881835938e+01 -1.198387742042541504e-01 0.000000000000000000e+00 -1.419598083884920925e-05 -1.200015842914581299e-01 0.000000000000000000e+00 8.000000000000000000e+00 8.191000000000000000e+03 0.000000000000000000e+00 1.000000000000000000e+00 2.755800008773803711e+00
3.479999923706054688e+01 -1.299945861101150513e-01 0.000000000000000000e+00 -1.370203517581103370e-05 -1.299986243247985840e-01 0.000000000000000000e+00 8.000000000000000000e+00 8.191000000000000000e+03 0.000000000000000000e+00 1.000000000000000000e+00 2.755800008773803711e+00
3.500000000000000000e+01 -1.399039924144744873e-01 0.000000000000000000e+00 -1.322544994764029980e-05 -1.399956643581390381e-01 0.000000000000000000e+00 8.000000000000000000e+00 8.191000000000000000e+03 0.000000000000000000e+00 1.000000000000000000e+00 2.755800008773803711e+00
3.520000076293945312e+01 -1.499563157558441162e-01 0.000000000000000000e+00 -1.276661623705876991e-05 -1.500051915645599365e-01 0.000000000000000000e+00 8.000000000000000000e+00 8.191000000000000000e+03 0.000000000000000000e+00 1.000000000000000000e+00 2.755800008773803711e+00
3.540000152587890625e+01 -1.598308980464935303e-01 0.000000000000000000e+00 -1.237085143657168373e-05 -1.600022166967391968e-01 0.000000000000000000e+00 8.000000000000000000e+00 8.191000000000000000e+03 0.000000000000000000e+00 1.000000000000000000e+00 2.755800008773803711e+00
3.560000228881835938e+01 -1.698757857084274292e-01 0.000000000000000000e+00 -1.198261270474176854e-05 -1.699992567300796509e-01 0.000000000000000000e+00 8.000000000000000000e+00 8.191000000000000000e+03 0.000000000000000000e+00 1.000000000000000000e+00 2.755784273147583008e+00
3.579999923706054688e+01 -1.798245906829833984e-01 0.000000000000000000e+00 -1.164851255452958867e-05 -1.799962967634201050e-01 0.000000000000000000e+00 8.000000000000000000e+00 8.191000000000000000e+03 0.000000000000000000e+00 1.000000000000000000e+00 2.755599975585937500e+00
3.600000000000000000e+01 -1.898906230926513672e-01 0.000000000000000000e+00 -1.135372167482273653e-05 -1.900058239698410034e-01 0.000000000000000000e+00 8.000000000000000000e+00 8.191000000000000000e+03 0.000000000000000000e+00 1.000000000000000000e+00 2.755599975585937500e+00
3.620000076293945312e+01 -1.999182105064392090e-01 0.000000000000000000e+00 -1.112179052142892033e-05 -2.000028640031814575e-01 0.000000000000000000e+00 8.000000000000000000e+00 8.191000000000000000e+03 0.000000000000000000e+00 1.000000000000000000e+00 2.755599975585937500e+00
3.640000152587890625e+01 -1.898747682571411133e-01 0.000000000000000000e+00 -1.046112629410345107e-05 -1.900058239698410034e-01 0.000000000000000000e+00 8.000000000000000000e+00 8.191000000000000000e+03 0.000000000000000000e+00 2.000000000000000000e+00 2.755599975585937500e+00
3.660000228881835938e+01 -1.799825131893157959e-01 0.000000000000000000e+00 -9.930025953508447856e-06 -1.799962967634201050e-01 0.000000000000000000e+00 8.000000000000000000e+00 8.191000000000000000e+03 0.000000000000000000e+00 2.000000000000000000e+00 2.755592107772827148e+00
3.679999923706054688e+01 -1.699706017971038818e-01 0.000000000000000000e+00 -9.530293027637526393e-06 -1.699992567300796509e-01 0.000000000000000000e+00 8.000000000000000000e+00 8.191000000000000000e+03 0.000000000000000000e+00 2.000000000000000000e+00 2.755499839782714844e+00
3.700000000000000000e+01 -1.599294990301132202e-01 0.000000000000000000e+00 -9.141365808318369091e-06 -1.600022166967391968e-01 0.000000000000000000e+00 8.000000000000000000e+00 8.191000000000000000e+03 0.000000000000000000e+00 2.000000000000000000e+00 2.755499839782714844e+00
3.720000076293945312e+01 -1.498847007751464844e-01 0.000000000000000000e+00 -8.742209502088371664e-06 -1.500051915645599365e-01 0.000000000000000000e+00 8.000000000000000000e+00 8.191000000000000000e+03 0.000000000000000000e+00 2.000000000000000000e+00 2.755499839782714844e+00
3.740000152587890625e+01 -1.399097293615341187e-01 0.000000000000000000e+00 -8.417673598160035908e-06 -1.399956643581390381e-01 0.000000000000000000e+00 8.000000000000000000e+00 8.191000000000000000e+03 0.000000000000000000e+00 2.000000000000000000e+00 2.755499839782714844e+00
3.760000228881835938e+01 -1.298603117465972900e-01 0.000000000000000000e+00 -8.178153620974626392e-06 -1.299986243247985840e-01 0.000000000000000000e+00 8.000000000000000000e+00 8.191000000000000000e+03 0.000000000000000000e+00 2.000000000000000000e+00 2.755531072616577148e+00
3.779999923706054688e+01 -1.198648512363433838e-01 0.000000000000000000e+00 -7.833832569303922355e-06 -1.200015842914581299e-01 0.000000000000000000e+00 8.000000000000000000e+00 8.191000000000000000e+03 0.000000000000000000e+00 2.000000000000000000e+00 2.755899906158447266e+00
3.800000000000000000e+01 -1.098992154002189636e-01 0.000000000000000000e+00 -7.608934993186267093e-06 -1.100045591592788696e-01 0.000000000000000000e+00 7.000000000000000000e+00 8.191000000000000000e+03 0.000000000000000000e+00 2.000000000000000000e+00 2.755899906158447266e+00
3.820000076293945312e+01 -9.983107447624206543e-02 0.000000000000000000e+00 -7.350148280238499865e-06 -9.999501705169677734e-02 0.000000000000000000e+00 7.000000000000000000e+00 8.191000000000000000e+03 0.000000000000000000e+00 2.000000000000000000e+00 2.755899906158447266e+00
3.840000152587890625e+01 -8.985315263271331787e-02 0.000000000000000000e+00 -7.092002761055482551e-06 -8.999799191951751709e-02 0.000000000000000000e+00 7.000000000000000000e+00 8.191000000000000000e+03 0.000000000000000000e+00 2.000000000000000000e+00 2.755899906158447266e+00
3.860000228881835938e+01 -7.981944829225540161e-02 0.000000000000000000e+00 -6.831934115325566381e-06 -8.000095188617706299e-02 0.000000000000000000e+00 7.000000000000000000e+00 8.191000000000000000e+03 0.000000000000000000e+00 2.000000000000000000e+00 2.755868673324584961e+00
3.879999923706054688e+01 -6.988788396120071411e-02 0.000000000000000000e+00 -6.563896931766066700e-06 -7.000392675399780273e-02 0.000000000000000000e+00 7.000000000000000000e+00 8.191000000000000000e+03 0.000000000000000000e+00 2.000000000000000000e+00 2.755499839782714844e+00
3.900000000000000000e+01 -5.991475284099578857e-02 0.000000000000000000e+00 -6.284146820689784363e-06 -5.999438837170600891e-02 0.000000000000000000e+00 7.000000000000000000e+00 8.191000000000000000e+03 0.000000000000000000e+00 2.000000000000000000e+00 2.755499839782714844e+00
3.920000076293945312e+01 -4.989390075206756592e-02 0.000000000000000000e+00 -5.971145583316683769e-06 -4.999735578894615173e-02 0.000000000000000000e+00 7.000000000000000000e+00 8.191000000000000000e+03 0.000000000000000000e+00 2.000000000000000000e+00 2.755499839782714844e+00
3.940000152587890625e+01 -3.987152874469757080e-02 0.000000000000000000e+00 -5.615827376459492370e-06 -4.000032320618629456e-02 0.000000000000000000e+00 7.000000000000000000e+00 8.191000000000000000e+03 0.000000000000000000e+00 2.000000000000000000e+00 2.755499839782714844e+00
3.960000228881835938e+01 -2.989250607788562775e-02 0.000000000000000000e+00 -5.181377218832494691e-06 -3.000328317284584045e-02 0.000000000000000000e+00 7.000000000000000000e+00 8.191000000000000000e+03 0.000000000000000000e+00 2.000000000000000000e+00 2.755499839782714844e+00
3.979999923706054688e+01 -1.992579735815525055e-02 0.000000000000000000e+00 -4.644779437512625009e-06 -1.999375596642494202e-02 0.000000000000000000e+00 7.000000000000000000e+00 8.191000000000000000e+03 0.000000000000000000e+00 2.000000000000000000e+00 2.755499839782714844e+00
4.000000000000000000e+01 -9.955543093383312225e-03 0.000000000000000000e+00 -3.951941835111938417e-06 -9.996719658374786377e-03 0.000000000000000000e+00 7.000000000000000000e+00 8.191000000000000000e+03 0.000000000000000000e+00 2.000000000000000000e+00 2.755499839782714844e+00
4.020000076293945312e+01 1.575039350427687168e-04 0.000000000000000000e+00 -3.035006329810130410e-06 3.129243850708007812e-07 0.000000000000000000e+00 7.000000000000000000e+00 8.191000000000000000e+03 0.000000000000000000e+00 2.000000000000000000e+00 2.755499839782714844e+00
4.040000152587890625e+01 1.008910685777664185e-02 0.000000000000000000e+00 -1.803498548724746797e-06 9.997349232435226440e-03 0.000000000000000000e+00 7.000000000000000000e+00 8.191000000000000000e+03 0.000000000000000000e+00 2.000000000000000000e+00 2.755499839782714844e+00
4.060000228881835938e+01 2.017594128847122192e-02 0.000000000000000000e+00 -1.644463196726064780e-07 1.999438367784023285e-02 0.000000000000000000e+00 7.000000000000000000e+00 8.191000000000000000e+03 0.000000000000000000e+00 2.000000000000000000e+00 2.755499839782714844e+00
4.079999923706054688e+01 2.954544126987457275e-02 0.000000000000000000e+00 1.093102355298469774e-06 3.000391460955142975e-02 0.000000000000000000e+00 6.000000000000000000e+00 5.116000000000000000e+03 0.000000000000000000e+00 2.000000000000000000e+00 2.755499839782714844e+00
4.100000000000000000e+01 4.019747301936149597e-02 0.000000000000000000e+00 4.859596629103180021e-06 4.000094905495643616e-02 0.000000000000000000e+00 7.000000000000000000e+00 8.191000000000000000e+03 0.000000000000000000e+00 2.000000000000000000e+00 2.755499839782714844e+00
4.120000076293945312e+01 5.005398392677307129e-02 0.000000000000000000e+00 8.439537850790657103e-06 4.999798536300659180e-02 0.000000000000000000e+00 7.000000000000000000e+00 8.191000000000000000e+03 0.000000000000000000e+00 2.000000000000000000e+00 2.755499839782714844e+00
4.140000152587890625e+01 6.013858318328857422e-02 0.000000000000000000e+00 1.093002811103360727e-05 5.999501794576644897e-02 0.000000000000000000e+00 7.000000000000000000e+00 7.164000000000000000e+03 0.000000000000000000e+00 2.000000000000000000e+00 2.755499839782714844e+00
4.160000228881835938e+01 7.011445611715316772e-02 0.000000000000000000e+00 1.780771344783715904e-05 7.000455260276794434e-02 0.000000000000000000e+00 8.000000000000000000e+00 8.191000000000000000e+03 0.000000000000000000e+00 2.000000000000000000e+00 2.755515575408935547e+00
4.179999923706054688e+01 8.011989295482635498e-02 0.000000000000000000e+00 2.323184708075132221e-05 8.000158518552780151e-02 0.000000000000000000e+00 8.000000000000000000e+00 8.191000000000000000e+03 0.000000000000000000e+00 2.000000000000000000e+00 2.755699872970581055e+00
4.200000000000000000e+01 9.012679010629653931e-02 0.000000000000000000e+00 2.884696914406958967e-05 8.999861776828765869e-02 0.000000000000000000e+00 8.000000000000000000e+00 8.191000000000000000e+03 0.000000000000000000e+00 2.000000000000000000e+00 2.755699872970581055e+00
4.220000076293945312e+01 1.001462936401367188e-01 0.000000000000000000e+00 3.426233524805866182e-05 9.999565780162811279e-02 0.000000000000000000e+00 8.000000000000000000e+00 8.191000000000000000e+03 0.000000000000000000e+00 2.000000000000000000e+00 2.755699872970581055e+00
4.240000152587890625e+01 1.102298721671104431e-01 0.000000000000000000e+00 3.920992821804247797e-05 1.100051850080490112e-01 0.000000000000000000e+00 8.000000000000000000e+00 8.191000000000000000e+03 0.000000000000000000e+00 2.000000000000000000e+00 2.755699872970581055e+00
4.260000228881835938e+01 1.202136576175689697e-01 0.000000000000000000e+00 4.330501542426645756e-05 1.200022250413894653e-01 0.000000000000000000e+00 8.000000000000000000e+00 8.191000000000000000e+03 0.000000000000000000e+00 2.000000000000000000e+00 2.755692005157470703e+00
4.279999923706054688e+01 1.301575899124145508e-01 0.000000000000000000e+00 4.624839857569895685e-05 1.299992501735687256e-01 0.000000000000000000e+00 8.000000000000000000e+00 8.191000000000000000e+03 0.000000000000000000e+00 2.000000000000000000e+00 2.755599975585937500e+00
4.300000000000000000e+01 1.401342302560806274e-01 0.000000000000000000e+00 4.776340210810303688e-05 1.399962902069091797e-01 0.000000000000000000e+00 8.000000000000000000e+00 8.191000000000000000e+03 0.000000000000000000e+00 2.000000000000000000e+00 2.755599975585937500e+00
4.320000076293945312e+01 1.501480191946029663e-01 0.000000000000000000e+00 4.798056033905595541e-05 1.500058174133300781e-01 0.000000000000000000e+00 8.000000000000000000e+00 8.191000000000000000e+03 0.000000000000000000e+00 2.000000000000000000e+00 2.755599975585937500e+00
4.340000152587890625e+01 1.601404547691345215e-01 0.000000000000000000e+00 4.710736538982018828e-05 1.600028574466705322e-01 0.000000000000000000e+00 8.000000000000000000e+00 8.191000000000000000e+03 0.000000000000000000e+00 2.000000000000000000e+00 2.755599975585937500e+00
4.360000228881835938e+01 1.701209992170333862e-01 0.000000000000000000e+00 4.557317879516631365e-05 1.699998974800109863e-01 0.000000000000000000e+00 8.000000000000000000e+00 8.191000000000000000e+03 0.000000000000000000e+00 2.000000000000000000e+00 2.755599975585937500e+00
4.379999923706054688e+01 1.802230924367904663e-01 0.000000000000000000e+00 4.375866410555317998e-05 1.799969226121902466e-01 0.000000000000000000e+00 8.000000000000000000e+00 8.191000000000000000e+03 0.000000000000000000e+00 2.000000000000000000e+00 2.755599975585937500e+00
4.400000000000000000e+01 1.902037262916564941e-01 0.000000000000000000e+00 4.182338670943863690e-05 1.899939626455307007e-01 0.000000000000000000e+00 8.000000000000000000e+00 8.191000000000000000e+03 0.000000000000000000e+00 2.000000000000000000e+00 2.755599975585937500e+00
4.420000076293945312e+01 2.001842707395553589e-01 0.000000000000000000e+00 4.002670175395905972e-05 2.000034898519515991e-01 0.000000000000000000e+00 8.000000000000000000e+00 8.191000000000000000e+03 0.000000000000000000e+00 2.000000000000000000e+00 2.755599975585937500e+00
4.440000152587890625e+01 2.101675271987915039e-01 0.000000000000000000e+00 3.826571264653466642e-05 2.100005298852920532e-01 0.000000000000000000e+00 8.000000000000000000e+00 8.191000000000000000e+03 0.000000000000000000e+00 2.000000000000000000e+00 2.755599975585937500e+00
4.460000228881835938e+01 2.201366275548934937e-01 0.000000000000000000e+00 3.669102807180024683e-05 2.199975699186325073e-01 0.000000000000000000e+00 8.000000000000000000e+00 8.191000000000000000e+03 0.000000000000000000e+00 2.000000000000000000e+00 2.755599975585937500e+00
4.479999923706054688e+01 2.301732003688812256e-01 0.000000000000000000e+00 3.535756331984885037e-05 2.299945950508117676e-01 0.000000000000000000e+00 8.000000000000000000e+00 8.191000000000000000e+03 0.000000000000000000e+00 2.000000000000000000e+00 2.755599975585937500e+00
4.500000000000000000e+01 2.402205318212509155e-01 0.000000000000000000e+00 3.410683711990714073e-05 2.400041371583938599e-01 0.000000000000000000e+00 8.000000000000000000e+00 8.191000000000000000e+03 0.000000000000000000e+00 2.000000000000000000e+00 2.755599975585937500e+00
4.520000076293945312e+01 2.501595020294189453e-01 0.000000000000000000e+00 3.301594551885500550e-05 2.500011622905731201e-01 0.000000000000000000e+00 8.000000000000000000e+00 8.191000000000000000e+03 0.000000000000000000e+00 2.000000000000000000e+00 2.755599975585937500e+00
4.540000152587890625e+01 2.601049244403839111e-01 0.000000000000000000e+00 3.195432873326353729e-05 2.599982023239135742e-01 0.000000000000000000e+00 8.000000000000000000e+00 8.191000000000000000e+03 0.000000000000000000e+00 2.000000000000000000e+00 2.755599975585937500e+00
4.560000228881835938e+01 2.701212465763092041e-01 0.000000000000000000e+00 3.104759525740519166e-05 2.699952423572540283e-01 0.000000000000000000e+00 8.000000000000000000e+00 8.191000000000000000e+03 0.000000000000000000e+00 2.000000000000000000e+00 2.755615472793579102e+00
4.579999923706054688e+01 2.800621092319488525e-01 0.000000000000000000e+00 3.022324563062284142e-05 2.800047695636749268e-01 0.000000000000000000e+00 8.000000000000000000e+00 8.191000000000000000e+03 0.000000000000000000e+00 2.000000000000000000e+00 2.755800008773803711e+00
4.600000000000000000e+01 2.901785373687744141e-01 0.000000000000000000e+00 2.954644332930911332e-05 2.900017797946929932e-01 0.000000000000000000e+00 8.000000000000000000e+00 8.191000000000000000e+03 0.000000000000000000e+00 2.000000000000000000e+00 2.755800008773803711e+00
4.620000076293945312e+01 3.001883327960968018e-01 0.000000000000000000e+00 2.885549474740400910e-05 2.999988198280334473e-01 0.000000000000000000e+00 8.000000000000000000e+00 8.191000000000000000e+03 0.000000000000000000e+00 2.000000000000000000e+00 2.755800008773803711e+00
4.640000152587890625e+01 2.900860309600830078e-01 0.000000000000000000e+00 2.696994306461419910e-05 2.900017797946929932e-01 0.000000000000000000e+00 8.000000000000000000e+00 8.191000000000000000e+03 0.000000000000000000e+00 2.000000000000000000e+00 2.755800008773803711e+00
4.660000228881835938e+01 2.801069617271423340e-01 0.000000000000000000e+00 2.559879794716835022e-05 2.800047695636749268e-01 0.000000000000000000e+00 8.000000000000000000e+00 8.191000000000000000e+03 0.000000000000000000e+00 2.000000000000000000e+00 2.755768775939941406e+00
4.679999923706054688e+01 2.701789438724517822e-01 0.000000000000000000e+00 2.446617145324125886e-05 2.699952423572540283e-01 0.000000000000000000e+00 8.000000000000000000e+00 8.191000000000000000e+03 0.000000000000000000e+00 2.000000000000000000e+00 2.755399942398071289e+00
4.700000000000000000e+01 2.601290345191955566e-01 0.000000000000000000e+00 2.347024201299063861e-05 2.599982023239135742e-01 0.000000000000000000e+00 8.000000000000000000e+00 8.191000000000000000e+03 0.000000000000000000e+00 2.000000000000000000e+00 2.755399942398071289e+00
4.720000076293945312e+01 2.502262294292449951e-01 0.000000000000000000e+00 2.258873246319126338e-05 2.500011622905731201e-01 0.000000000000000000e+00 8.000000000000000000e+00 8.191000000000000000e+03 0.000000000000000000e+00 2.000000000000000000e+00 2.755399942398071289e+00
4.740000152587890625e+01 2.401628792285919189e-01 0.000000000000000000e+00 2.174140354327391833e-05 2.400041371583938599e-01 0.000000000000000000e+00 8.000000000000000000e+00 8.191000000000000000e+03 0.000000000000000000e+00 2.000000000000000000e+00 2.755399942398071289e+00
4.760000228881835938e+01 2.302169501781463623e-01 0.000000000000000000e+00 2.088612382067367435e-05 2.299945950508117676e-01 0.000000000000000000e+00 8.000000000000000000e+00 8.191000000000000000e+03 0.000000000000000000e+00 2.000000000000000000e+00 2.755392074584960938e+00
4.779999923706054688e+01 2.201002687215805054e-01 0.000000000000000000e+00 1.998603329411707819e-05 2.199975699186325073e-01 0.000000000000000000e+00 8.000000000000000000e+00 8.191000000000000000e+03 0.000000000000000000e+00 2.000000000000000000e+00 2.755300045013427734e+00
4.800000000000000000e+01 2.101742327213287354e-01 0.000000000000000000e+00 1.902422445709817111e-05 2.100005298852920532e-01 0.000000000000000000e+00 8.000000000000000000e+00 8.191000000000000000e+03 0.000000000000000000e+00 2.000000000000000000e+00 2.755300045013427734e+00
4.820000076293945312e+01 2.001249939203262329e-01 0.000000000000000000e+00 1.788308509276248515e-05 2.000034898519515991e-01 0.000000000000000000e+00 8.000000000000000000e+00 8.191000000000000000e+03 0.000000000000000000e+00 2.000000000000000000e+00 2.755300045013427734e+00
4.840000152587890625e+01 1.901069432497024536e-01 0.000000000000000000e+00 1.655625601415522397e-05 1.899939626455307007e-01 0.000000000000000000e+00 8.000000000000000000e+00 8.191000000000000000e+03 0.000000000000000000e+00 2.000000000000000000e+00 2.755300045013427734e+00
4.860000228881835938e+01 1.802027523517608643e-01 0.000000000000000000e+00 1.501308997831074521e-05 1.799969226121902466e-01 0.000000000000000000e+00 8.000000000000000000e+00 8.191000000000000000e+03 0.000000000000000000e+00 2.000000000000000000e+00 2.755346536636352539e+00
4.879999923706054688e+01 1.701726317405700684e-01 0.000000000000000000e+00 1.310596871917368844e-05 1.699998974800109863e-01 0.000000000000000000e+00 8.000000000000000000e+00 8.191000000000000000e+03 0.000000000000000000e+00 2.000000000000000000e+00 2.755899906158447266e+00
4.900000000000000000e+01 1.600825339555740356e-01 0.000000000000000000e+00 1.058868474501650780e-05 1.600028574466705322e-01 0.000000000000000000e+00 8.000000000000000000e+00 8.191000000000000000e+03 0.000000000000000000e+00 2.000000000000000000e+00 2.755899906158447266e+00
4.920000076293945312e+01 1.501300781965255737e-01 0.000000000000000000e+00 7.556512173323426396e-06 1.500058174133300781e-01 0.000000000000000000e+00 8.000000000000000000e+00 8.191000000000000000e+03 0.000000000000000000e+00 2.000000000000000000e+00 2.755899906158447266e+00
4.940000152587890625e+01 1.400742679834365845e-01 0.000000000000000000e+00 3.777231313506490551e-06 1.399962902069091797e-01 0.000000000000000000e+00 7.000000000000000000e+00 8.191000000000000000e+03 0.000000000000000000e+00 2.000000000000000000e+00 2.755899906158447266e+00
4.960000228881835938e+01 1.300633251667022705e-01 0.000000000000000000e+00 -6.606840088352328166e-07 1.299992501735687256e-01 0.000000000000000000e+00 7.000000000000000000e+00 8.191000000000000000e+03 0.000000000000000000e+00 2.000000000000000000e+00 2.755868673324584961e+00
4.979999923706054688e+01 1.201567277312278748e-01 0.000000000000000000e+00 -1.093766627491277177e-06 1.200022250413894653e-01 0.000000000000000000e+00 6.000000000000000000e+00 7.164000000000000000e+03 0.000000000000000000e+00 2.000000000000000000e+00 2.755499839782714844e+00
5.000000000000000000e+01 1.101178750395774841e-01 0.000000000000000000e+00 -1.083008373825578019e-05 1.100051850080490112e-01 0.000000000000000000e+00 7.000000000000000000e+00 7.164000000000000000e+03 0.000000000000000000e+00 2.000000000000000000e+00 2.755499839782714844e+00
5.020000076293945312e+01 1.001146435737609863e-01 0.000000000000000000e+00 -1.685139068285934627e-05 9.999565780162811279e-02 0.000000000000000000e+00 8.000000000000000000e+00 8.191000000000000000e+03 0.000000000000000000e+00 2.000000000000000000e+00 2.755499839782714844e+00
5.040000152587890625e+01 9.020742028951644897e-02 0.000000000000000000e+00 -2.237814624095335603e-05 8.999861776828765869e-02 0.000000000000000000e+00 8.000000000000000000e+00 8.191000000000000000e+03 0.000000000000000000e+00 2.000000000000000000e+00 2.755499839782714844e+00
5.060000228881835938e+01 8.014439046382904053e-02 0.000000000000000000e+00 -2.755494278972037137e-05 8.000158518552780151e-02 0.000000000000000000e+00 8.000000000000000000e+00 8.191000000000000000e+03 0.000000000000000000e+00 2.000000000000000000e+00 2.755499839782714844e+00
5.079999923706054688e+01 7.024795562028884888e-02 0.000000000000000000e+00 -3.177641337970271707e-05 7.000455260276794434e-02 0.000000000000000000e+00 8.000000000000000000e+00 8.191000000000000000e+03 0.000000000000000000e+00 2.000000000000000000e+00 2.755499839782714844e+00
5.100000000000000000e+01 6.008947640657424927e-02 0.000000000000000000e+00 -3.484293483779765666e-05 5.999501794576644897e-02 0.000000000000000000e+00 8.000000000000000000e+00 8.191000000000000000e+03 0.000000000000000000e+00 2.000000000000000000e+00 2.755499839782714844e+00
5.120000076293945312e+01 5.012870952486991882e-02 0.000000000000000000e+00 -3.645483229774981737e-05 4.999798536300659180e-02 0.000000000000000000e+00 8.000000000000000000e+00 8.191000000000000000e+03 0.000000000000000000e+00 2.000000000000000000e+00 2.755499839782714844e+00
5.140000152587890625e+01 4.012396931648254395e-02 0.000000000000000000e+00 -3.662729795905761421e-05 4.000094905495643616e-02 0.000000000000000000e+00 8.000000000000000000e+00 8.191000000000000000e+03 0.000000000000000000e+00 2.000000000000000000e+00 2.755499839782714844e+00
5.160000228881835938e+01 3.005886450409889221e-02 0.000000000000000000e+00 -3.574091897462494671e-05 3.000391460955142975e-02 0.000000000000000000e+00 8.000000000000000000e+00 8.191000000000000000e+03 0.000000000000000000e+00 2.000000000000000000e+00 2.755492210388183594e+00
5.179999923706054688e+01 2.009776048362255096e-02 0.000000000000000000e+00 -3.397620821488089859e-05 1.999438367784023285e-02 0.000000000000000000e+00 8.000000000000000000e+00 8.191000000000000000e+03 0.000000000000000000e+00 2.000000000000000000e+00 2.755399942398071289e+00
5.200000000000000000e+01 1.017098221927881241e-02 0.000000000000000000e+00 -3.190704956068657339e-05 9.997349232435226440e-03 0.000000000000000000e+00 8.000000000000000000e+00 8.191000000000000000e+03 0.000000000000000000e+00 2.000000000000000000e+00 2.755399942398071289e+00
5.220000076293945312e+01 1.564037229400128126e-04 0.000000000000000000e+00 -2.970496825582813472e-05 3.129243850708007812e-07 0.000000000000000000e+00 8.000000000000000000e+00 8.191000000000000000e+03 0.000000000000000000e+00 2.000000000000000000e+00 2.755399942398071289e+00
5.240000152587890625e+01 -9.853753261268138885e-03 0.000000000000000000e+00 -2.762875737971626222e-05 -9.996719658374786377e-03 0.000000000000000000e+00 8.000000000000000000e+00 8.191000000000000000e+03 0.000000000000000000e+00 2.000000000000000000e+00 2.755399942398071289e+00
5.260000228881835938e+01 -1.985581591725349426e-02 0.000000000000000000e+00 -2.574962672952096909e-05 -1.999375596642494202e-02 0.000000000000000000e+00 8.000000000000000000e+00 8.191000000000000000e+03 0.000000000000000000e+00 2.000000000000000000e+00 2.755399942398071289e+00
5.279999923706054688e+01 -2.952109649777412415e-02 0.000000000000000000e+00 -2.402478457952383906e-05 -3.000328317284584045e-02 0.000000000000000000e+00 8.000000000000000000e+00 6.143000000000000000e+03 0.000000000000000000e+00 2.000000000000000000e+00 2.755399942398071289e+00
5.300000000000000000e+01 -3.987986221909523010e-02 0.000000000000000000e+00 -2.247825432277750224e-05 -4.000032320618629456e-02 0.000000000000000000e+00 8.000000000000000000e+00 8.191000000000000000e+03 0.000000000000000000e+00 2.000000000000000000e+00 2.755399942398071289e+00
5.320000076293945312e+01 -4.993889108300209045e-02 0.000000000000000000e+00 -2.110787136189173907e-05 -4.999735578894615173e-02 0.000000000000000000e+00 8.000000000000000000e+00 8.191000000000000000e+03 0.000000000000000000e+00 2.000000000000000000e+00 2.755399942398071289e+00
5.340000152587890625e+01 -5.987938866019248962e-02 0.000000000000000000e+00 -1.990130658668931574e-05 -5.999438837170600891e-02 0.000000000000000000e+00 8.000000000000000000e+00 8.191000000000000000e+03 0.000000000000000000e+00 2.000000000000000000e+00 2.755399942398071289e+00
5.360000228881835938e+01 -6.985615193843841553e-02 0.000000000000000000e+00 -1.874423833214677870e-05 -7.000392675399780273e-02 0.000000000000000000e+00 8.000000000000000000e+00 8.191000000000000000e+03 0.000000000000000000e+00 2.000000000000000000e+00 2.755415439605712891e+00
5.379999923706054688e+01 -7.990858703851699829e-02 0.000000000000000000e+00 -1.784311643859837204e-05 -8.000095188617706299e-02 0.000000000000000000e+00 8.000000000000000000e+00 8.191000000000000000e+03 0.000000000000000000e+00 2.000000000000000000e+00 2.755599975585937500e+00
5.400000000000000000e+01 -8.985016494989395142e-02 0.000000000000000000e+00 -1.701422115729656070e-05 -8.999799191951751709e-02 0.000000000000000000e+00 8.000000000000000000e+00 8.191000000000000000e+03 0.000000000000000000e+00 2.000000000000000000e+00 2.755599975585937500e+00
5.420000076293945312e+01 -9.998471289873123169e-02 0.000000000000000000e+00 -1.627595702302642167e-05 -9.999501705169677734e-02 0.000000000000000000e+00 8.000000000000000000e+00 8.191000000000000000e+03 0.000000000000000000e+00 2.000000000000000000e+00 2.755599975585937500e+00
5.440000152587890625e+01 -1.098086684942245483e-01 0.000000000000000000e+00 -1.554479604237712920e-05 -1.100045591592788696e-01 0.000000000000000000e+00 8.000000000000000000e+00 8.191000000000000000e+03 0.000000000000000000e+00 2.000000000000000000e+00 2.755599975585937500e+00
5.460000228881835938e+01 -1.198519691824913025e-01 0.000000000000000000e+00 -1.499808877269970253e-05 -1.200015842914581299e-01 0.000000000000000000e+00 8.000000000000000000e+00 8.191000000000000000e+03 0.000000000000000000e+00 2.000000000000000000e+00 2.755584239959716797e+00
5.479999923706054688e+01 -1.298677921295166016e-01 0.000000000000000000e+00 -1.447587055736221373e-05 -1.299986243247985840e-01 0.000000000000000000e+00 8.000000000000000000e+00 8.191000000000000000e+03 0.000000000000000000e+00 2.000000000000000000e+00 2.755399942398071289e+00
5.500000000000000000e+01 -1.398924589157104492e-01 0.000000000000000000e+00 -1.389598764944821596e-05 -1.399956643581390381e-01 0.000000000000000000e+00 8.000000000000000000e+00 8.191000000000000000e+03 0.000000000000000000e+00 2.000000000000000000e+00 2.755399942398071289e+00
5.520000076293945312e+01 -1.498613208532333374e-01 0.000000000000000000e+00 -1.344471093034371734e-05 -1.500051915645599365e-01 0.000000000000000000e+00 8.000000000000000000e+00 8.191000000000000000e+03 0.000000000000000000e+00 2.000000000000000000e+00 2.755399942398071289e+00
5.540000152587890625e+01 -1.599514186382293701e-01 0.000000000000000000e+00 -1.305233763559954241e-05 -1.600022166967391968e-01 0.000000000000000000e+00 8.000000000000000000e+00 8.191000000000000000e+03 0.000000000000000000e+00 2.000000000000000000e+00 2.755399942398071289e+00
5.560000228881835938e+01 -1.698911041021347046e-01 0.000000000000000000e+00 -1.270565917366184294e-05 -1.699992567300796509e-01 0.000000000000000000e+00 8.000000000000000000e+00 8.191000000000000000e+03 0.000000000000000000e+00 2.000000000000000000e+00 2.755399942398071289e+00
5.579999923706054688e+01 -1.799058020114898682e-01 0.000000000000000000e+00 -1.238260301761329174e-05 -1.799962967634201050e-01 0.000000000000000000e+00 8.000000000000000000e+00 8.191000000000000000e+03 0.000000000000000000e+00 2.000000000000000000e+00 2.755399942398071289e+00
5.600000000000000000e+01 -1.898538023233413696e-01 0.000000000000000000e+00 -1.200812039314769208e-05 -1.900058239698410034e-01 0.000000000000000000e+00 8.000000000000000000e+00 8.191000000000000000e+03 0.000000000000000000e+00 2.000000000000000000e+00 2.755399942398071289e+00
5.620000076293945312e+01 -1.998756527900695801e-01 0.000000000000000000e+00 -1.178700949822086841e-05 -2.000028640031814575e-01 0.000000000000000000e+00 8.000000000000000000e+00 8.191000000000000000e+03 0.000000000000000000e+00 2.000000000000000000e+00 2.755399942398071289e+00
5.640000152587890625e+01 -1.998367607593536377e-01 0.000000000000000000e+00 -1.136183254857314751e-05 -2.000028640031814575e-01 0.000000000000000000e+00 8.000000000000000000e+00 8.191000000000000000e+03 0.000000000000000000e+00 3.000000000000000000e+00 2.755399942398071289e+00
