2.000000029802322388e-01 3.050177183467894793e-04 0.000000000000000000e+00 -7.828874259985241224e-08 3.129243850708007812e-07 0.000000000000000000e+00 6.000000000000000000e+00 8.191000000000000000e+03 0.000000000000000000e+00 0.000000000000000000e+00 2.756199836730957031e+00
4.000000059604644775e-01 1.027575135231018066e-02 0.000000000000000000e+00 -2.294210510456196062e-08 9.997349232435226440e-03 0.000000000000000000e+00 5.000000000000000000e+00 8.191000000000000000e+03 0.000000000000000000e+00 0.000000000000000000e+00 2.756199836730957031e+00
6.000000238418579102e-01 2.026547305285930634e-02 0.000000000000000000e+00 4.660980046367058094e-09 1.999438367784023285e-02 0.000000000000000000e+00 5.000000000000000000e+00 8.191000000000000000e+03 0.000000000000000000e+00 0.000000000000000000e+00 2.756199836730957031e+00
8.000000119209289551e-01 3.008624538779258728e-02 0.000000000000000000e+00 1.093948842623149176e-08 3.000391460955142975e-02 0.000000000000000000e+00 4.000000000000000000e+00 4.860000000000000000e+03 0.000000000000000000e+00 0.000000000000000000e+00 2.756199836730957031e+00
1.000000000000000000e+00 3.260337561368942261e-02 0.000000000000000000e+00 1.093948842623149176e-08 4.000094905495643616e-02 0.000000000000000000e+00 4.000000000000000000e+00 4.860000000000000000e+03 0.000000000000000000e+00 0.000000000000000000e+00 2.755100011825561523e+00
1.200000047683715820e+00 3.260337561368942261e-02 0.000000000000000000e+00 1.093948842623149176e-08 4.999798536300659180e-02 0.000000000000000000e+00 4.000000000000000000e+00 5.116000000000000000e+03 0.000000000000000000e+00 0.000000000000000000e+00 2.755100011825561523e+00
1.399999976158142090e+00 6.028860807418823242e-02 0.000000000000000000e+00 9.879078533003848861e-08 5.999501794576644897e-02 0.000000000000000000e+00 5.000000000000000000e+00 8.190000000000000000e+03 0.000000000000000000e+00 0.000000000000000000e+00 2.755100011825561523e+00
1.600000023841857910e+00 7.025678455829620361e-02 0.000000000000000000e+00 1.336224073611447238e-07 7.000455260276794434e-02 0.000000000000000000e+00 6.000000000000000000e+00 8.191000000000000000e+03 0.000000000000000000e+00 0.000000000000000000e+00 2.755100011825561523e+00
1.800000071525573730e+00 8.032014966011047363e-02 0.000000000000000000e+00 1.809441556588353706e-07 8.000158518552780151e-02 0.000000000000000000e+00 6.000000000000000000e+00 8.191000000000000000e+03 0.000000000000000000e+00 0.000000000000000000e+00 2.755100011825561523e+00
2.000000000000000000e+00 9.029284119606018066e-02 0.000000000000000000e+00 2.464805675117531791e-07 8.999861776828765869e-02 0.000000000000000000e+00 6.000000000000000000e+00 8.191000000000000000e+03 0.000000000000000000e+00 0.000000000000000000e+00 2.755499839782714844e+00
2.200000047683715820e+00 1.003300324082374573e-01 0.000000000000000000e+00 3.361363951626117341e-07 9.999565780162811279e-02 0.000000000000000000e+00 6.000000000000000000e+00 8.191000000000000000e+03 0.000000000000000000e+00 0.000000000000000000e+00 2.755499839782714844e+00
2.400000095367431641e+00 1.103345751762390137e-01 0.000000000000000000e+00 4.613380326645710738e-07 1.100051850080490112e-01 0.000000000000000000e+00 6.000000000000000000e+00 8.191000000000000000e+03 0.000000000000000000e+00 0.000000000000000000e+00 2.755499839782714844e+00
2.600000143051147461e+00 1.203196123242378235e-01 0.000000000000000000e+00 6.341967377920809668e-07 1.200022250413894653e-01 0.000000000000000000e+00 6.000000000000000000e+00 8.191000000000000000e+03 0.000000000000000000e+00 0.000000000000000000e+00 2.755499839782714844e+00
2.799999952316284180e+00 1.303500682115554810e-01 0.000000000000000000e+00 8.741944270695967134e-07 1.299992501735687256e-01 0.000000000000000000e+00 6.000000000000000000e+00 8.191000000000000000e+03 0.000000000000000000e+00 0.000000000000000000e+00 2.755499839782714844e+00
3.000000000000000000e+00 1.403402388095855713e-01 0.000000000000000000e+00 1.093099967874877620e-06 1.399962902069091797e-01 0.000000000000000000e+00 6.000000000000000000e+00 7.164000000000000000e+03 0.000000000000000000e+00 0.000000000000000000e+00 2.755499839782714844e+00
3.200000047683715820e+00 1.502829194068908691e-01 0.000000000000000000e+00 1.651366687838162761e-06 1.500058174133300781e-01 0.000000000000000000e+00 7.000000000000000000e+00 8.191000000000000000e+03 0.000000000000000000e+00 0.000000000000000000e+00 2.755499839782714844e+00
3.400000095367431641e+00 1.602997928857803345e-01 0.000000000000000000e+00 2.229009851362206973e-06 1.600028574466705322e-01 0.000000000000000000e+00 7.000000000000000000e+00 8.191000000000000000e+03 0.000000000000000000e+00 0.000000000000000000e+00 2.755499839782714844e+00
3.600000143051147461e+00 1.702872812747955322e-01 0.000000000000000000e+00 2.937332510555279441e-06 1.699998974800109863e-01 0.000000000000000000e+00 7.000000000000000000e+00 8.191000000000000000e+03 0.000000000000000000e+00 0.000000000000000000e+00 2.755499839782714844e+00
3.799999952316284180e+00 1.802736520767211914e-01 0.000000000000000000e+00 3.781341320063802414e-06 1.799969226121902466e-01 0.000000000000000000e+00 7.000000000000000000e+00 8.191000000000000000e+03 0.000000000000000000e+00 0.000000000000000000e+00 2.755499839782714844e+00
4.000000000000000000e+00 1.902931779623031616e-01 0.000000000000000000e+00 4.720140623248880729e-06 1.899939626455307007e-01 0.000000000000000000e+00 7.000000000000000000e+00 8.191000000000000000e+03 0.000000000000000000e+00 0.000000000000000000e+00 2.755100011825561523e+00
4.200000286102294922e+00 2.002609819173812866e-01 0.000000000000000000e+00 5.672080533258849755e-06 2.000034898519515991e-01 0.000000000000000000e+00 7.000000000000000000e+00 8.191000000000000000e+03 0.000000000000000000e+00 0.000000000000000000e+00 2.755100011825561523e+00
4.400000095367431641e+00 2.103287875652313232e-01 0.000000000000000000e+00 6.559256235050270334e-06 2.100005298852920532e-01 0.000000000000000000e+00 7.000000000000000000e+00 8.191000000000000000e+03 0.000000000000000000e+00 0.000000000000000000e+00 2.755100011825561523e+00
4.599999904632568359e+00 2.202714085578918457e-01 0.000000000000000000e+00 7.295628620340721682e-06 2.199975699186325073e-01 0.000000000000000000e+00 7.000000000000000000e+00 8.191000000000000000e+03 0.000000000000000000e+00 0.000000000000000000e+00 2.755100011825561523e+00
4.800000190734863281e+00 2.303097844123840332e-01 0.000000000000000000e+00 7.823352461855392903e-06 2.299945950508117676e-01 0.000000000000000000e+00 7.000000000000000000e+00 8.191000000000000000e+03 0.000000000000000000e+00 0.000000000000000000e+00 2.755100011825561523e+00
5.000000000000000000e+00 2.402898669242858887e-01 0.000000000000000000e+00 8.123021871142555028e-06 2.400041371583938599e-01 0.000000000000000000e+00 7.000000000000000000e+00 8.191000000000000000e+03 0.000000000000000000e+00 0.000000000000000000e+00 2.755499839782714844e+00
5.200000286102294922e+00 2.502937018871307373e-01 0.000000000000000000e+00 8.214246918214485049e-06 2.500011622905731201e-01 0.000000000000000000e+00 7.000000000000000000e+00 8.191000000000000000e+03 0.000000000000000000e+00 0.000000000000000000e+00 2.755499839782714844e+00
5.400000095367431641e+00 2.603298425674438477e-01 0.000000000000000000e+00 8.151925612764898688e-06 2.599982023239135742e-01 0.000000000000000000e+00 7.000000000000000000e+00 8.191000000000000000e+03 0.000000000000000000e+00 0.000000000000000000e+00 2.755499839782714844e+00
5.599999904632568359e+00 2.702265381813049316e-01 0.000000000000000000e+00 7.991616257640998811e-06 2.699952423572540283e-01 0.000000000000000000e+00 7.000000000000000000e+00 8.191000000000000000e+03 0.000000000000000000e+00 0.000000000000000000e+00 2.755499839782714844e+00
5.800000190734863281e+00 2.802929878234863281e-01 0.000000000000000000e+00 7.777211976645048708e-06 2.800047695636749268e-01 0.000000000000000000e+00 7.000000000000000000e+00 8.191000000000000000e+03 0.000000000000000000e+00 0.000000000000000000e+00 2.755499839782714844e+00
6.000000000000000000e+00 2.902935743331909180e-01 0.000000000000000000e+00 7.543034826085204259e-06 2.900017797946929932e-01 0.000000000000000000e+00 7.000000000000000000e+00 8.191000000000000000e+03 0.000000000000000000e+00 0.000000000000000000e+00 2.755599975585937500e+00
6.200000286102294922e+00 3.003058731555938721e-01 0.000000000000000000e+00 7.325431852223118767e-06 2.999988198280334473e-01 0.000000000000000000e+00 7.000000000000000000e+00 8.191000000000000000e+03 0.000000000000000000e+00 0.000000000000000000e+00 2.755599975585937500e+00
6.400000095367431641e+00 2.903223633766174316e-01 0.000000000000000000e+00 6.232832674868404865e-06 2.900017797946929932e-01 0.000000000000000000e+00 7.000000000000000000e+00 8.191000000000000000e+03 0.000000000000000000e+00 0.000000000000000000e+00 2.755599975585937500e+00
6.599999904632568359e+00 2.802935540676116943e-01 0.000000000000000000e+00 5.420141860668081790e-06 2.800047695636749268e-01 0.000000000000000000e+00 7.000000000000000000e+00 8.191000000000000000e+03 0.000000000000000000e+00 0.000000000000000000e+00 2.755599975585937500e+00
6.800000190734863281e+00 2.703398764133453369e-01 0.000000000000000000e+00 4.658974830817896873e-06 2.699952423572540283e-01 0.000000000000000000e+00 7.000000000000000000e+00 8.191000000000000000e+03 0.000000000000000000e+00 0.000000000000000000e+00 2.755599975585937500e+00
7.000000000000000000e+00 2.603318095207214355e-01 0.000000000000000000e+00 3.878348707075929269e-06 2.599982023239135742e-01 0.000000000000000000e+00 7.000000000000000000e+00 8.191000000000000000e+03 0.000000000000000000e+00 0.000000000000000000e+00 2.755300045013427734e+00
7.200000286102294922e+00 2.503285706043243408e-01 0.000000000000000000e+00 3.028782884939573705e-06 2.500011622905731201e-01 0.000000000000000000e+00 7.000000000000000000e+00 8.191000000000000000e+03 0.000000000000000000e+00 0.000000000000000000e+00 2.755300045013427734e+00
7.400000095367431641e+00 2.402712553739547729e-01 0.000000000000000000e+00 2.069753918476635590e-06 2.400041371583938599e-01 0.000000000000000000e+00 7.000000000000000000e+00 8.191000000000000000e+03 0.000000000000000000e+00 0.000000000000000000e+00 2.755300045013427734e+00
7.599999904632568359e+00 2.303221076726913452e-01 0.000000000000000000e+00 1.013594669529993553e-06 2.299945950508117676e-01 0.000000000000000000e+00 7.000000000000000000e+00 8.191000000000000000e+03 0.000000000000000000e+00 0.000000000000000000e+00 2.755300045013427734e+00
7.800000190734863281e+00 2.203170955181121826e-01 0.000000000000000000e+00 -9.828038827208729344e-08 2.199975699186325073e-01 0.000000000000000000e+00 7.000000000000000000e+00 8.191000000000000000e+03 0.000000000000000000e+00 0.000000000000000000e+00 2.755300045013427734e+00
8.000000000000000000e+00 2.103345543146133423e-01 0.000000000000000000e+00 -1.090042474061192479e-06 2.100005298852920532e-01 0.000000000000000000e+00 6.000000000000000000e+00 7.164000000000000000e+03 0.000000000000000000e+00 0.000000000000000000e+00 2.755300045013427734e+00
8.199999809265136719e+00 2.003372609615325928e-01 0.000000000000000000e+00 -2.206460521847475320e-06 2.000034898519515991e-01 0.000000000000000000e+00 7.000000000000000000e+00 8.191000000000000000e+03 0.000000000000000000e+00 0.000000000000000000e+00 2.755300045013427734e+00
8.400000572204589844e+00 1.903012990951538086e-01 0.000000000000000000e+00 -3.043262722712825052e-06 1.899939626455307007e-01 0.000000000000000000e+00 7.000000000000000000e+00 8.191000000000000000e+03 0.000000000000000000e+00 0.000000000000000000e+00 2.755300045013427734e+00
8.600000381469726562e+00 1.802847385406494141e-01 0.000000000000000000e+00 -3.621647010731976479e-06 1.799969226121902466e-01 0.000000000000000000e+00 7.000000000000000000e+00 8.191000000000000000e+03 0.000000000000000000e+00 0.000000000000000000e+00 2.755300045013427734e+00
8.800000190734863281e+00 1.702987849712371826e-01 0.000000000000000000e+00 -3.938055670005269349e-06 1.699998974800109863e-01 0.000000000000000000e+00 7.000000000000000000e+00 8.191000000000000000e+03 0.000000000000000000e+00 0.000000000000000000e+00 2.755300045013427734e+00
9.000000000000000000e+00 1.603357642889022827e-01 0.000000000000000000e+00 -4.030161107948515564e-06 1.600028574466705322e-01 0.000000000000000000e+00 7.000000000000000000e+00 8.191000000000000000e+03 0.000000000000000000e+00 0.000000000000000000e+00 2.755199909210205078e+00
9.199999809265136719e+00 1.503300219774246216e-01 0.000000000000000000e+00 -3.941511295124655589e-06 1.500058174133300781e-01 0.000000000000000000e+00 7.000000000000000000e+00 8.191000000000000000e+03 0.000000000000000000e+00 0.000000000000000000e+00 2.755199909210205078e+00
9.400000572204589844e+00 1.403866559267044067e-01 0.000000000000000000e+00 -3.752693373826332390e-06 1.399962902069091797e-01 0.000000000000000000e+00 7.000000000000000000e+00 8.191000000000000000e+03 0.000000000000000000e+00 0.000000000000000000e+00 2.755199909210205078e+00
9.600000381469726562e+00 1.302794367074966431e-01 0.000000000000000000e+00 -3.499056674627354369e-06 1.299992501735687256e-01 0.000000000000000000e+00 7.000000000000000000e+00 8.191000000000000000e+03 0.000000000000000000e+00 0.000000000000000000e+00 2.755199909210205078e+00
9.800000190734863281e+00 1.203043758869171143e-01 0.000000000000000000e+00 -3.233645884392899461e-06 1.200022250413894653e-01 0.000000000000000000e+00 7.000000000000000000e+00 8.191000000000000000e+03 0.000000000000000000e+00 0.000000000000000000e+00 2.755199909210205078e+00
1.000000000000000000e+01 1.103001236915588379e-01 0.000000000000000000e+00 -2.966567762996419333e-06 1.100051850080490112e-01 0.000000000000000000e+00 7.000000000000000000e+00 8.191000000000000000e+03 0.000000000000000000e+00 0.000000000000000000e+00 2.755399942398071289e+00
1.019999980926513672e+01 1.002721264958381653e-01 0.000000000000000000e+00 -2.717128836593474261e-06 9.999565780162811279e-02 0.000000000000000000e+00 7.000000000000000000e+00 8.191000000000000000e+03 0.000000000000000000e+00 0.000000000000000000e+00 2.755399942398071289e+00
1.040000057220458984e+01 9.035112708806991577e-02 0.000000000000000000e+00 -2.499819856893736869e-06 8.999861776828765869e-02 0.000000000000000000e+00 7.000000000000000000e+00 8.191000000000000000e+03 0.000000000000000000e+00 0.000000000000000000e+00 2.755399942398071289e+00
1.060000038146972656e+01 8.032131940126419067e-02 0.000000000000000000e+00 -2.297539822393446229e-06 8.000158518552780151e-02 0.000000000000000000e+00 7.000000000000000000e+00 8.191000000000000000e+03 0.000000000000000000e+00 0.000000000000000000e+00 2.755399942398071289e+00
1.080000019073486328e+01 7.025465369224548340e-02 0.000000000000000000e+00 -2.124479351550689898e-06 7.000455260276794434e-02 0.000000000000000000e+00 7.000000000000000000e+00 8.191000000000000000e+03 0.000000000000000000e+00 0.000000000000000000e+00 2.755399942398071289e+00
1.100000000000000000e+01 6.032773107290267944e-02 0.000000000000000000e+00 -1.961112502613104880e-06 5.999501794576644897e-02 0.000000000000000000e+00 7.000000000000000000e+00 8.191000000000000000e+03 0.000000000000000000e+00 0.000000000000000000e+00 2.755399942398071289e+00
1.119999980926513672e+01 5.030913278460502625e-02 0.000000000000000000e+00 -1.826672360039083287e-06 4.999798536300659180e-02 0.000000000000000000e+00 7.000000000000000000e+00 8.191000000000000000e+03 0.000000000000000000e+00 0.000000000000000000e+00 2.755399942398071289e+00
1.140000057220458984e+01 4.033363237977027893e-02 0.000000000000000000e+00 -1.706200009721214883e-06 4.000094905495643616e-02 0.000000000000000000e+00 7.000000000000000000e+00 8.191000000000000000e+03 0.000000000000000000e+00 0.000000000000000000e+00 2.755399942398071289e+00
1.160000038146972656e+01 3.031808696687221527e-02 0.000000000000000000e+00 -1.600893710929085501e-06 3.000391460955142975e-02 0.000000000000000000e+00 7.000000000000000000e+00 8.191000000000000000e+03 0.000000000000000000e+00 0.000000000000000000e+00 2.755399942398071289e+00
1.180000019073486328e+01 2.029191330075263977e-02 0.000000000000000000e+00 -1.506035573584085796e-06 1.999438367784023285e-02 0.000000000000000000e+00 7.000000000000000000e+00 8.191000000000000000e+03 0.000000000000000000e+00 0.000000000000000000e+00 2.755399942398071289e+00
1.200000000000000000e+01 1.027833297848701477e-02 0.000000000000000000e+00 -1.422533159711747430e-06 9.997349232435226440e-03 0.000000000000000000e+00 7.000000000000000000e+00 8.191000000000000000e+03 0.000000000000000000e+00 0.000000000000000000e+00 2.755399942398071289e+00
1.219999980926513672e+01 2.766557445283979177e-04 0.000000000000000000e+00 -1.352559706901956815e-06 3.129243850708007812e-07 0.000000000000000000e+00 7.000000000000000000e+00 8.191000000000000000e+03 0.000000000000000000e+00 0.000000000000000000e+00 2.755399942398071289e+00
1.240000057220458984e+01 -9.683880023658275604e-03 0.000000000000000000e+00 -1.289247165914275683e-06 -9.996719658374786377e-03 0.000000000000000000e+00 7.000000000000000000e+00 8.191000000000000000e+03 0.000000000000000000e+00 0.000000000000000000e+00 2.755399942398071289e+00
1.260000038146972656e+01 -1.972520910203456879e-02 0.000000000000000000e+00 -1.229053850693162531e-06 -1.999375596642494202e-02 0.000000000000000000e+00 7.000000000000000000e+00 8.191000000000000000e+03 0.000000000000000000e+00 0.000000000000000000e+00 2.755399942398071289e+00
1.280000019073486328e+01 -2.968202531337738037e-02 0.000000000000000000e+00 -1.182784785669355188e-06 -3.000328317284584045e-02 0.000000000000000000e+00 7.000000000000000000e+00 6.143000000000000000e+03 0.000000000000000000e+00 0.000000000000000000e+00 2.755399942398071289e+00
1.300000000000000000e+01 -3.972837701439857483e-02 0.000000000000000000e+00 -1.136312675953377038e-06 -4.000032320618629456e-02 0.000000000000000000e+00 7.000000000000000000e+00 8.191000000000000000e+03 0.000000000000000000e+00 0.000000000000000000e+00 2.755499839782714844e+00
1.319999980926513672e+01 -4.971389472484588623e-02 0.000000000000000000e+00 -1.107049797610670794e-06 -4.999735578894615173e-02 0.000000000000000000e+00 7.000000000000000000e+00 8.191000000000000000e+03 0.000000000000000000e+00 0.000000000000000000e+00 2.755499839782714844e+00
1.340000057220458984e+01 -5.971298739314079285e-02 0.000000000000000000e+00 -1.078428454093227629e-06 -5.999438837170600891e-02 0.000000000000000000e+00 7.000000000000000000e+00 8.191000000000000000e+03 0.000000000000000000e+00 0.000000000000000000e+00 2.755499839782714844e+00
1.360000038146972656e+01 -6.974761933088302612e-02 0.000000000000000000e+00 -1.068293499884021003e-06 -7.000392675399780273e-02 0.000000000000000000e+00 7.000000000000000000e+00 8.191000000000000000e+03 0.000000000000000000e+00 0.000000000000000000e+00 2.755499839782714844e+00
1.380000019073486328e+01 -7.977335155010223389e-02 0.000000000000000000e+00 -1.064311504705983680e-06 -8.000095188617706299e-02 0.000000000000000000e+00 7.000000000000000000e+00 8.191000000000000000e+03 0.000000000000000000e+00 0.000000000000000000e+00 2.755499839782714844e+00
1.400000000000000000e+01 -8.968171477317810059e-02 0.000000000000000000e+00 -1.080714127965620719e-06 -8.999799191951751709e-02 0.000000000000000000e+00 7.000000000000000000e+00 8.191000000000000000e+03 0.000000000000000000e+00 0.000000000000000000e+00 2.755399942398071289e+00
1.419999980926513672e+01 -9.971702843904495239e-02 0.000000000000000000e+00 -1.087993950932286680e-06 -9.999501705169677734e-02 0.000000000000000000e+00 7.000000000000000000e+00 8.191000000000000000e+03 0.000000000000000000e+00 0.000000000000000000e+00 2.755399942398071289e+00
1.440000057220458984e+01 -1.096778362989425659e-01 0.000000000000000000e+00 -1.126976144405489322e-06 -1.100045591592788696e-01 0.000000000000000000e+00 7.000000000000000000e+00 8.191000000000000000e+03 0.000000000000000000e+00 0.000000000000000000e+00 2.755399942398071289e+00
1.460000038146972656e+01 -1.197431609034538269e-01 0.000000000000000000e+00 -1.170465907307516318e-06 -1.200015842914581299e-01 0.000000000000000000e+00 7.000000000000000000e+00 8.191000000000000000e+03 0.000000000000000000e+00 0.000000000000000000e+00 2.755399942398071289e+00
1.480000019073486328e+01 -1.297455728054046631e-01 0.000000000000000000e+00 -1.240235292243596632e-06 -1.299986243247985840e-01 0.000000000000000000e+00 7.000000000000000000e+00 8.191000000000000000e+03 0.000000000000000000e+00 0.000000000000000000e+00 2.755399942398071289e+00
1.500000000000000000e+01 -1.397819072008132935e-01 0.000000000000000000e+00 -1.315498934673087206e-06 -1.399956643581390381e-01 0.000000000000000000e+00 7.000000000000000000e+00 8.191000000000000000e+03 0.000000000000000000e+00 0.000000000000000000e+00 2.755300045013427734e+00
1.519999980926513672e+01 -1.497075408697128296e-01 0.000000000000000000e+00 -1.417026510353025515e-06 -1.500051915645599365e-01 0.000000000000000000e+00 7.000000000000000000e+00 8.191000000000000000e+03 0.000000000000000000e+00 0.000000000000000000e+00 2.755300045013427734e+00
1.540000057220458984e+01 -1.597682088613510132e-01 0.000000000000000000e+00 -1.542920244901324622e-06 -1.600022166967391968e-01 0.000000000000000000e+00 7.000000000000000000e+00 8.191000000000000000e+03 0.000000000000000000e+00 0.000000000000000000e+00 2.755300045013427734e+00
1.560000038146972656e+01 -1.696870774030685425e-01 0.000000000000000000e+00 -1.676387569204962347e-06 -1.699992567300796509e-01 0.000000000000000000e+00 7.000000000000000000e+00 8.191000000000000000e+03 0.000000000000000000e+00 0.000000000000000000e+00 2.755300045013427734e+00
1.580000019073486328e+01 -1.797100752592086792e-01 0.000000000000000000e+00 -1.824363494051794987e-06 -1.799962967634201050e-01 0.000000000000000000e+00 7.000000000000000000e+00 8.191000000000000000e+03 0.000000000000000000e+00 0.000000000000000000e+00 2.755300045013427734e+00
1.600000000000000000e+01 -1.897158920764923096e-01 0.000000000000000000e+00 -1.994145577555173077e-06 -1.900058239698410034e-01 0.000000000000000000e+00 7.000000000000000000e+00 8.191000000000000000e+03 0.000000000000000000e+00 0.000000000000000000e+00 2.755300045013427734e+00
1.620000076293945312e+01 -1.997293680906295776e-01 0.000000000000000000e+00 -2.156726395696750842e-06 -2.000028640031814575e-01 0.000000000000000000e+00 7.000000000000000000e+00 8.191000000000000000e+03 0.000000000000000000e+00 0.000000000000000000e+00 2.755300045013427734e+00
1.639999961853027344e+01 -1.897461265325546265e-01 0.000000000000000000e+00 -1.758187295308744069e-06 -1.900058239698410034e-01 0.000000000000000000e+00 7.000000000000000000e+00 8.191000000000000000e+03 0.000000000000000000e+00 1.000000000000000000e+00 2.755300045013427734e+00
1.660000038146972656e+01 -1.797446161508560181e-01 0.000000000000000000e+00 -1.476571469538612291e-06 -1.799962967634201050e-01 0.000000000000000000e+00 7.000000000000000000e+00 8.191000000000000000e+03 0.000000000000000000e+00 1.000000000000000000e+00 2.755300045013427734e+00
1.680000114440917969e+01 -1.697033941745758057e-01 0.000000000000000000e+00 -1.274509600079909433e-06 -1.699992567300796509e-01 0.000000000000000000e+00 7.000000000000000000e+00 8.191000000000000000e+03 0.000000000000000000e+00 1.000000000000000000e+00 2.755300045013427734e+00
1.700000000000000000e+01 -1.596883386373519897e-01 0.000000000000000000e+00 -1.098355824069585651e-06 -1.600022166967391968e-01 0.000000000000000000e+00 7.000000000000000000e+00 8.191000000000000000e+03 0.000000000000000000e+00 1.000000000000000000e+00 2.755300045013427734e+00
1.720000076293945312e+01 -1.497422307729721069e-01 0.000000000000000000e+00 -9.634109119360800833e-07 -1.500051915645599365e-01 0.000000000000000000e+00 7.000000000000000000e+00 8.191000000000000000e+03 0.000000000000000000e+00 1.000000000000000000e+00 2.755300045013427734e+00
1.739999961853027344e+01 -1.397398412227630615e-01 0.000000000000000000e+00 -8.473483603665954433e-07 -1.399956643581390381e-01 0.000000000000000000e+00 7.000000000000000000e+00 8.191000000000000000e+03 0.000000000000000000e+00 1.000000000000000000e+00 2.755300045013427734e+00
1.760000038146972656e+01 -1.297218948602676392e-01 0.000000000000000000e+00 -7.531378400926769245e-07 -1.299986243247985840e-01 0.000000000000000000e+00 7.000000000000000000e+00 8.191000000000000000e+03 0.000000000000000000e+00 1.000000000000000000e+00 2.755300045013427734e+00
1.780000114440917969e+01 -1.197124347090721130e-01 0.000000000000000000e+00 -6.788060886719904374e-07 -1.200015842914581299e-01 0.000000000000000000e+00 6.000000000000000000e+00 8.191000000000000000e+03 0.000000000000000000e+00 1.000000000000000000e+00 2.755300045013427734e+00
1.800000000000000000e+01 -1.097114682197570801e-01 0.000000000000000000e+00 -6.116039799053396564e-07 -1.100045591592788696e-01 0.000000000000000000e+00 6.000000000000000000e+00 8.191000000000000000e+03 0.000000000000000000e+00 1.000000000000000000e+00 2.755300045013427734e+00
1.820000076293945312e+01 -9.976639598608016968e-02 0.000000000000000000e+00 -5.550759851757902652e-07 -9.999501705169677734e-02 0.000000000000000000e+00 6.000000000000000000e+00 8.191000000000000000e+03 0.000000000000000000e+00 1.000000000000000000e+00 2.755300045013427734e+00
1.839999961853027344e+01 -8.970257639884948730e-02 0.000000000000000000e+00 -5.066896164862555452e-07 -8.999799191951751709e-02 0.000000000000000000e+00 6.000000000000000000e+00 8.191000000000000000e+03 0.000000000000000000e+00 1.000000000000000000e+00 2.755300045013427734e+00
1.860000038146972656e+01 -7.966487109661102295e-02 0.000000000000000000e+00 -4.645453941520827357e-07 -8.000095188617706299e-02 0.000000000000000000e+00 6.000000000000000000e+00 8.191000000000000000e+03 0.000000000000000000e+00 1.000000000000000000e+00 2.755300045013427734e+00
1.880000114440917969e+01 -6.975504010915756226e-02 0.000000000000000000e+00 -4.278221865661180345e-07 -7.000392675399780273e-02 0.000000000000000000e+00 6.000000000000000000e+00 8.191000000000000000e+03 0.000000000000000000e+00 1.000000000000000000e+00 2.755300045013427734e+00
1.900000000000000000e+01 -5.970412865281105042e-02 0.000000000000000000e+00 -3.962090602271928219e-07 -5.999438837170600891e-02 0.000000000000000000e+00 6.000000000000000000e+00 8.191000000000000000e+03 0.000000000000000000e+00 1.000000000000000000e+00 2.755300045013427734e+00
1.920000076293945312e+01 -4.971431940793991089e-02 0.000000000000000000e+00 -3.675457378449209500e-07 -4.999735578894615173e-02 0.000000000000000000e+00 6.000000000000000000e+00 8.191000000000000000e+03 0.000000000000000000e+00 1.000000000000000000e+00 2.755300045013427734e+00
1.939999961853027344e+01 -3.975836187601089478e-02 0.000000000000000000e+00 -3.417349034862127155e-07 -4.000032320618629456e-02 0.000000000000000000e+00 6.000000000000000000e+00 8.191000000000000000e+03 0.000000000000000000e+00 1.000000000000000000e+00 2.755300045013427734e+00
1.960000038146972656e+01 -2.972866781055927277e-02 0.000000000000000000e+00 -3.192838562426913995e-07 -3.000328317284584045e-02 0.000000000000000000e+00 6.000000000000000000e+00 8.191000000000000000e+03 0.000000000000000000e+00 1.000000000000000000e+00 2.755300045013427734e+00
1.980000114440917969e+01 -1.970484666526317596e-02 0.000000000000000000e+00 -2.980265492169564823e-07 -1.999375596642494202e-02 0.000000000000000000e+00 6.000000000000000000e+00 8.191000000000000000e+03 0.000000000000000000e+00 1.000000000000000000e+00 2.755300045013427734e+00
2.000000000000000000e+01 -9.701170027256011963e-03 0.000000000000000000e+00 -2.780005274871655274e-07 -9.996719658374786377e-03 0.000000000000000000e+00 6.000000000000000000e+00 8.191000000000000000e+03 0.000000000000000000e+00 1.000000000000000000e+00 2.755300045013427734e+00
2.020000076293945312e+01 3.163811925332993269e-04 0.000000000000000000e+00 -2.593191084088175558e-07 3.129243850708007812e-07 0.000000000000000000e+00 6.000000000000000000e+00 8.191000000000000000e+03 0.000000000000000000e+00 1.000000000000000000e+00 2.755300045013427734e+00
2.039999961853027344e+01 1.029263902455568314e-02 0.000000000000000000e+00 -2.403836276698712027e-07 9.997349232435226440e-03 0.000000000000000000e+00 6.000000000000000000e+00 8.191000000000000000e+03 0.000000000000000000e+00 1.000000000000000000e+00 2.755300045013427734e+00
2.060000038146972656e+01 2.030351571738719940e-02 0.000000000000000000e+00 -2.227851041425310541e-07 1.999438367784023285e-02 0.000000000000000000e+00 6.000000000000000000e+00 8.191000000000000000e+03 0.000000000000000000e+00 1.000000000000000000e+00 2.755300045013427734e+00
2.080000114440917969e+01 3.001492470502853394e-02 0.000000000000000000e+00 -2.035200310501750209e-07 3.000391460955142975e-02 0.000000000000000000e+00 6.000000000000000000e+00 6.143000000000000000e+03 0.000000000000000000e+00 1.000000000000000000e+00 2.755300045013427734e+00
2.100000000000000000e+01 4.033989459276199341e-02 0.000000000000000000e+00 -1.818754924443055643e-07 4.000094905495643616e-02 0.000000000000000000e+00 6.000000000000000000e+00 8.191000000000000000e+03 0.000000000000000000e+00 1.000000000000000000e+00 2.755499839782714844e+00
2.120000076293945312e+01 5.029229074716567993e-02 0.000000000000000000e+00 -1.591599101402607630e-07 4.999798536300659180e-02 0.000000000000000000e+00 6.000000000000000000e+00 8.191000000000000000e+03 0.000000000000000000e+00 1.000000000000000000e+00 2.755499839782714844e+00
2.139999961853027344e+01 6.028427556157112122e-02 0.000000000000000000e+00 -1.322093936551027582e-07 5.999501794576644897e-02 0.000000000000000000e+00 6.000000000000000000e+00 8.191000000000000000e+03 0.000000000000000000e+00 1.000000000000000000e+00 2.755499839782714844e+00
2.160000038146972656e+01 7.029879838228225708e-02 0.000000000000000000e+00 -9.937459566344841733e-08 7.000455260276794434e-02 0.000000000000000000e+00 6.000000000000000000e+00 8.191000000000000000e+03 0.000000000000000000e+00 1.000000000000000000e+00 2.755499839782714844e+00
2.180000114440917969e+01 8.032676577568054199e-02 0.000000000000000000e+00 -5.765825861203666136e-08 8.000158518552780151e-02 0.000000000000000000e+00 6.000000000000000000e+00 8.191000000000000000e+03 0.000000000000000000e+00 1.000000000000000000e+00 2.755499839782714844e+00
2.200000000000000000e+01 9.026461094617843628e-02 0.000000000000000000e+00 -8.579338128811286879e-09 8.999861776828765869e-02 0.000000000000000000e+00 5.000000000000000000e+00 8.191000000000000000e+03 0.000000000000000000e+00 1.000000000000000000e+00 2.755300045013427734e+00
2.220000076293945312e+01 1.003402322530746460e-01 0.000000000000000000e+00 6.531418250688147964e-08 9.999565780162811279e-02 0.000000000000000000e+00 5.000000000000000000e+00 8.191000000000000000e+03 0.000000000000000000e+00 1.000000000000000000e+00 2.755300045013427734e+00
2.239999961853027344e+01 1.103582903742790222e-01 0.000000000000000000e+00 1.091851729029258422e-07 1.100051850080490112e-01 0.000000000000000000e+00 5.000000000000000000e+00 7.164000000000000000e+03 0.000000000000000000e+00 1.000000000000000000e+00 2.755300045013427734e+00
2.260000038146972656e+01 1.202679425477981567e-01 0.000000000000000000e+00 3.000395736307837069e-07 1.200022250413894653e-01 0.000000000000000000e+00 6.000000000000000000e+00 8.191000000000000000e+03 0.000000000000000000e+00 1.000000000000000000e+00 2.755300045013427734e+00
2.280000114440917969e+01 1.302645504474639893e-01 0.000000000000000000e+00 4.889248543804569636e-07 1.299992501735687256e-01 0.000000000000000000e+00 6.000000000000000000e+00 8.191000000000000000e+03 0.000000000000000000e+00 1.000000000000000000e+00 2.755300045013427734e+00
2.300000000000000000e+01 1.402920782566070557e-01 0.000000000000000000e+00 7.475028382941673044e-07 1.399962902069091797e-01 0.000000000000000000e+00 6.000000000000000000e+00 8.191000000000000000e+03 0.000000000000000000e+00 1.000000000000000000e+00 2.755300045013427734e+00
2.320000076293945312e+01 1.503156274557113647e-01 0.000000000000000000e+00 1.081138066183484625e-06 1.500058174133300781e-01 0.000000000000000000e+00 6.000000000000000000e+00 7.164000000000000000e+03 0.000000000000000000e+00 1.000000000000000000e+00 2.755300045013427734e+00
2.339999961853027344e+01 1.603832393884658813e-01 0.000000000000000000e+00 1.573126496623444837e-06 1.600028574466705322e-01 0.000000000000000000e+00 7.000000000000000000e+00 8.191000000000000000e+03 0.000000000000000000e+00 1.000000000000000000e+00 2.755300045013427734e+00
2.360000038146972656e+01 1.703098416328430176e-01 0.000000000000000000e+00 2.196198238380020484e-06 1.699998974800109863e-01 0.000000000000000000e+00 7.000000000000000000e+00 8.191000000000000000e+03 0.000000000000000000e+00 1.000000000000000000e+00 2.755300045013427734e+00
2.380000114440917969e+01 1.802683323621749878e-01 0.000000000000000000e+00 2.936935516117955558e-06 1.799969226121902466e-01 0.000000000000000000e+00 7.000000000000000000e+00 8.191000000000000000e+03 0.000000000000000000e+00 1.000000000000000000e+00 2.755300045013427734e+00
2.400000000000000000e+01 1.903312802314758301e-01 0.000000000000000000e+00 3.824142822850262746e-06 1.899939626455307007e-01 0.000000000000000000e+00 7.000000000000000000e+00 8.191000000000000000e+03 0.000000000000000000e+00 1.000000000000000000e+00 2.755399942398071289e+00
2.420000076293945312e+01 2.003196477890014648e-01 0.000000000000000000e+00 4.798070676770294085e-06 2.000034898519515991e-01 0.000000000000000000e+00 7.000000000000000000e+00 8.191000000000000000e+03 0.000000000000000000e+00 1.000000000000000000e+00 2.755399942398071289e+00
2.439999961853027344e+01 2.103177607059478760e-01 0.000000000000000000e+00 5.752795914304442704e-06 2.100005298852920532e-01 0.000000000000000000e+00 7.000000000000000000e+00 8.191000000000000000e+03 0.000000000000000000e+00 1.000000000000000000e+00 2.755399942398071289e+00
2.460000038146972656e+01 2.202914953231811523e-01 0.000000000000000000e+00 6.636302259721560404e-06 2.199975699186325073e-01 0.000000000000000000e+00 7.000000000000000000e+00 8.191000000000000000e+03 0.000000000000000000e+00 1.000000000000000000e+00 2.755399942398071289e+00
2.480000114440917969e+01 2.302798032760620117e-01 0.000000000000000000e+00 7.329681011469801888e-06 2.299945950508117676e-01 0.000000000000000000e+00 7.000000000000000000e+00 8.191000000000000000e+03 0.000000000000000000e+00 1.000000000000000000e+00 2.755399942398071289e+00
2.500000000000000000e+01 2.402719557285308838e-01 0.000000000000000000e+00 7.820810424163937569e-06 2.400041371583938599e-01 0.000000000000000000e+00 7.000000000000000000e+00 8.191000000000000000e+03 0.000000000000000000e+00 1.000000000000000000e+00 2.755399942398071289e+00
2.520000076293945312e+01 2.503077387809753418e-01 0.000000000000000000e+00 8.073092431004624814e-06 2.500011622905731201e-01 0.000000000000000000e+00 7.000000000000000000e+00 8.191000000000000000e+03 0.000000000000000000e+00 1.000000000000000000e+00 2.755399942398071289e+00
2.539999961853027344e+01 2.602606713771820068e-01 0.000000000000000000e+00 8.115190212265588343e-06 2.599982023239135742e-01 0.000000000000000000e+00 7.000000000000000000e+00 8.191000000000000000e+03 0.000000000000000000e+00 1.000000000000000000e+00 2.755399942398071289e+00
2.560000038146972656e+01 2.703161835670471191e-01 0.000000000000000000e+00 8.000766683835536242e-06 2.699952423572540283e-01 0.000000000000000000e+00 7.000000000000000000e+00 8.191000000000000000e+03 0.000000000000000000e+00 1.000000000000000000e+00 2.755399942398071289e+00
2.580000114440917969e+01 2.803158462047576904e-01 0.000000000000000000e+00 7.820815881132148206e-06 2.800047695636749268e-01 0.000000000000000000e+00 7.000000000000000000e+00 8.191000000000000000e+03 0.000000000000000000e+00 1.000000000000000000e+00 2.755399942398071289e+00
2.600000000000000000e+01 2.903564274311065674e-01 0.000000000000000000e+00 7.587507752759847790e-06 2.900017797946929932e-01 0.000000000000000000e+00 7.000000000000000000e+00 8.191000000000000000e+03 0.000000000000000000e+00 1.000000000000000000e+00 2.755399942398071289e+00
2.620000076293945312e+01 3.003715276718139648e-01 0.000000000000000000e+00 7.347484370257006958e-06 2.999988198280334473e-01 0.000000000000000000e+00 7.000000000000000000e+00 8.191000000000000000e+03 0.000000000000000000e+00 1.000000000000000000e+00 2.755399942398071289e+00
2.639999961853027344e+01 2.903307974338531494e-01 0.000000000000000000e+00 6.152371952339308336e-06 2.900017797946929932e-01 0.000000000000000000e+00 7.000000000000000000e+00 8.191000000000000000e+03 0.000000000000000000e+00 1.000000000000000000e+00 2.755399942398071289e+00
2.660000038146972656e+01 2.802975475788116455e-01 0.000000000000000000e+00 5.254531515674898401e-06 2.800047695636749268e-01 0.000000000000000000e+00 7.000000000000000000e+00 8.191000000000000000e+03 0.000000000000000000e+00 1.000000000000000000e+00 2.755399942398071289e+00
2.680000114440917969e+01 2.703286111354827881e-01 0.000000000000000000e+00 4.390321464597946033e-06 2.699952423572540283e-01 0.000000000000000000e+00 7.000000000000000000e+00 8.191000000000000000e+03 0.000000000000000000e+00 1.000000000000000000e+00 2.755399942398071289e+00
2.700000000000000000e+01 2.602753937244415283e-01 0.000000000000000000e+00 3.518366156640695408e-06 2.599982023239135742e-01 0.000000000000000000e+00 7.000000000000000000e+00 8.191000000000000000e+03 0.000000000000000000e+00 1.000000000000000000e+00 2.755199909210205078e+00
2.720000076293945312e+01 2.502904534339904785e-01 0.000000000000000000e+00 2.554830871304147877e-06 2.500011622905731201e-01 0.000000000000000000e+00 7.000000000000000000e+00 8.191000000000000000e+03 0.000000000000000000e+00 1.000000000000000000e+00 2.755199909210205078e+00
2.739999961853027344e+01 2.403038293123245239e-01 0.000000000000000000e+00 1.506977469034609385e-06 2.400041371583938599e-01 0.000000000000000000e+00 7.000000000000000000e+00 8.191000000000000000e+03 0.000000000000000000e+00 1.000000000000000000e+00 2.755199909210205078e+00
2.760000038146972656e+01 2.302875965833663940e-01 0.000000000000000000e+00 3.831854087366082240e-07 2.299945950508117676e-01 0.000000000000000000e+00 7.000000000000000000e+00 8.191000000000000000e+03 0.000000000000000000e+00 1.000000000000000000e+00 2.755199909210205078e+00
2.780000114440917969e+01 2.202439904212951660e-01 0.000000000000000000e+00 -7.633022391928534489e-07 2.199975699186325073e-01 0.000000000000000000e+00 6.000000000000000000e+00 8.191000000000000000e+03 0.000000000000000000e+00 1.000000000000000000e+00 2.755199909210205078e+00
2.800000000000000000e+01 2.103186398744583130e-01 0.000000000000000000e+00 -1.093766627491277177e-06 2.100005298852920532e-01 0.000000000000000000e+00 6.000000000000000000e+00 7.164000000000000000e+03 0.000000000000000000e+00 1.000000000000000000e+00 2.755100011825561523e+00
2.820000076293945312e+01 2.003308683633804321e-01 0.000000000000000000e+00 -2.736530859692720696e-06 2.000034898519515991e-01 0.000000000000000000e+00 7.000000000000000000e+00 8.191000000000000000e+03 0.000000000000000000e+00 1.000000000000000000e+00 2.755100011825561523e+00
2.839999961853027344e+01 1.902707070112228394e-01 0.000000000000000000e+00 -3.433659230722696520e-06 1.899939626455307007e-01 0.000000000000000000e+00 7.000000000000000000e+00 8.191000000000000000e+03 0.000000000000000000e+00 1.000000000000000000e+00 2.755100011825561523e+00
2.860000038146972656e+01 1.802874505519866943e-01 0.000000000000000000e+00 -3.854185706586576998e-06 1.799969226121902466e-01 0.000000000000000000e+00 7.000000000000000000e+00 8.191000000000000000e+03 0.000000000000000000e+00 1.000000000000000000e+00 2.755100011825561523e+00
2.880000114440917969e+01 1.702875196933746338e-01 0.000000000000000000e+00 -4.028357125207548961e-06 1.699998974800109863e-01 0.000000000000000000e+00 7.000000000000000000e+00 8.191000000000000000e+03 0.000000000000000000e+00 1.000000000000000000e+00 2.755100011825561523e+00
2.900000000000000000e+01 1.602834910154342651e-01 0.000000000000000000e+00 -4.014957539766328409e-06 1.600028574466705322e-01 0.000000000000000000e+00 7.000000000000000000e+00 8.191000000000000000e+03 0.000000000000000000e+00 1.000000000000000000e+00 2.755100011825561523e+00
2.920000076293945312e+01 1.503240913152694702e-01 0.000000000000000000e+00 -3.860902324959170073e-06 1.500058174133300781e-01 0.000000000000000000e+00 7.000000000000000000e+00 8.191000000000000000e+03 0.000000000000000000e+00 1.000000000000000000e+00 2.755100011825561523e+00
2.939999961853027344e+01 1.402749717235565186e-01 0.000000000000000000e+00 -3.640780960267875344e-06 1.399962902069091797e-01 0.000000000000000000e+00 7.000000000000000000e+00 8.191000000000000000e+03 0.000000000000000000e+00 1.000000000000000000e+00 2.755100011825561523e+00
2.960000038146972656e+01 1.303015649318695068e-01 0.000000000000000000e+00 -3.382636805326910689e-06 1.299992501735687256e-01 0.000000000000000000e+00 7.000000000000000000e+00 8.191000000000000000e+03 0.000000000000000000e+00 1.000000000000000000e+00 2.755100011825561523e+00
2.980000114440917969e+01 1.202983409166336060e-01 0.000000000000000000e+00 -3.120495421171654016e-06 1.200022250413894653e-01 0.000000000000000000e+00 7.000000000000000000e+00 8.191000000000000000e+03 0.000000000000000000e+00 1.000000000000000000e+00 2.755100011825561523e+00
3.000000000000000000e+01 1.102991700172424316e-01 0.000000000000000000e+00 -2.875514837796799839e-06 1.100051850080490112e-01 0.000000000000000000e+00 7.000000000000000000e+00 8.191000000000000000e+03 0.000000000000000000e+00 1.000000000000000000e+00 2.755300045013427734e+00
3.020000076293945312e+01 1.002793908119201660e-01 0.000000000000000000e+00 -2.638833166201948188e-06 9.999565780162811279e-02 0.000000000000000000e+00 7.000000000000000000e+00 8.191000000000000000e+03 0.000000000000000000e+00 1.000000000000000000e+00 2.755300045013427734e+00
3.039999961853027344e+01 9.029190987348556519e-02 0.000000000000000000e+00 -2.439704303469625302e-06 8.999861776828765869e-02 0.000000000000000000e+00 7.000000000000000000e+00 8.191000000000000000e+03 0.000000000000000000e+00 1.000000000000000000e+00 2.755300045013427734e+00
3.060000038146972656e+01 8.025701344013214111e-02 0.000000000000000000e+00 -2.259274879179429263e-06 8.000158518552780151e-02 0.000000000000000000e+00 7.000000000000000000e+00 8.191000000000000000e+03 0.000000000000000000e+00 1.000000000000000000e+00 2.755300045013427734e+00
3.080000114440917969e+01 7.024606317281723022e-02 0.000000000000000000e+00 -2.088958808599272743e-06 7.000455260276794434e-02 0.000000000000000000e+00 7.000000000000000000e+00 8.191000000000000000e+03 0.000000000000000000e+00 1.000000000000000000e+00 2.755300045013427734e+00
3.100000000000000000e+01 6.026164814829826355e-02 0.000000000000000000e+00 -1.949385023181093857e-06 5.999501794576644897e-02 0.000000000000000000e+00 7.000000000000000000e+00 8.191000000000000000e+03 0.000000000000000000e+00 1.000000000000000000e+00 2.755300045013427734e+00
3.120000076293945312e+01 5.027774348855018616e-02 0.000000000000000000e+00 -1.825509571062866598e-06 4.999798536300659180e-02 0.000000000000000000e+00 7.000000000000000000e+00 8.191000000000000000e+03 0.000000000000000000e+00 1.000000000000000000e+00 2.755300045013427734e+00
3.139999961853027344e+01 4.030790552496910095e-02 0.000000000000000000e+00 -1.716960582598403562e-06 4.000094905495643616e-02 0.000000000000000000e+00 7.000000000000000000e+00 8.191000000000000000e+03 0.000000000000000000e+00 1.000000000000000000e+00 2.755300045013427734e+00
3.160000038146972656e+01 3.029866889119148254e-02 0.000000000000000000e+00 -1.614783059267210774e-06 3.000391460955142975e-02 0.000000000000000000e+00 7.000000000000000000e+00 8.191000000000000000e+03 0.000000000000000000e+00 1.000000000000000000e+00 2.755300045013427734e+00
3.180000114440917969e+01 2.030993252992630005e-02 0.000000000000000000e+00 -1.534362127131316811e-06 1.999438367784023285e-02 0.000000000000000000e+00 7.000000000000000000e+00 8.191000000000000000e+03 0.000000000000000000e+00 1.000000000000000000e+00 2.755300045013427734e+00
3.200000000000000000e+01 1.026606187224388123e-02 0.000000000000000000e+00 -1.452672449886449613e-06 9.997349232435226440e-03 0.000000000000000000e+00 7.000000000000000000e+00 8.191000000000000000e+03 0.000000000000000000e+00 1.000000000000000000e+00 2.755300045013427734e+00
3.220000076293945312e+01 3.126073570456355810e-04 0.000000000000000000e+00 -1.393643060509930365e-06 3.129243850708007812e-07 0.000000000000000000e+00 7.000000000000000000e+00 8.191000000000000000e+03 0.000000000000000000e+00 1.000000000000000000e+00 2.755300045013427734e+00
3.240000152587890625e+01 -9.709902107715606689e-03 0.000000000000000000e+00 -1.330662598775234073e-06 -9.996719658374786377e-03 0.000000000000000000e+00 7.000000000000000000e+00 8.191000000000000000e+03 0.000000000000000000e+00 1.000000000000000000e+00 2.755300045013427734e+00
3.260000228881835938e+01 -1.974213123321533203e-02 0.000000000000000000e+00 -1.279200546377978753e-06 -1.999375596642494202e-02 0.000000000000000000e+00 7.000000000000000000e+00 8.191000000000000000e+03 0.000000000000000000e+00 1.000000000000000000e+00 2.755300045013427734e+00
3.279999923706054688e+01 -2.965538576245307922e-02 0.000000000000000000e+00 -1.236637899637571536e-06 -3.000328317284584045e-02 0.000000000000000000e+00 7.000000000000000000e+00 6.143000000000000000e+03 0.000000000000000000e+00 1.000000000000000000e+00 2.755300045013427734e+00
3.300000000000000000e+01 -3.966744616627693176e-02 0.000000000000000000e+00 -1.207169020744913723e-06 -4.000032320618629456e-02 0.000000000000000000e+00 7.000000000000000000e+00 8.191000000000000000e+03 0.000000000000000000e+00 1.000000000000000000e+00 2.755499839782714844e+00
3.320000076293945312e+01 -4.975317418575286865e-02 0.000000000000000000e+00 -1.175576926470967010e-06 -4.999735578894615173e-02 0.000000000000000000e+00 7.000000000000000000e+00 8.191000000000000000e+03 0.000000000000000000e+00 1.000000000000000000e+00 2.755499839782714844e+00
3.340000152587890625e+01 -5.971955135464668274e-02 0.000000000000000000e+00 -1.158041754933947232e-06 -5.999438837170600891e-02 0.000000000000000000e+00 7.000000000000000000e+00 8.191000000000000000e+03 0.000000000000000000e+00 1.000000000000000000e+00 2.755499839782714844e+00
3.360000228881835938e+01 -6.972688436508178711e-02 0.000000000000000000e+00 -1.140309564107155893e-06 -7.000392675399780273e-02 0.000000000000000000e+00 7.000000000000000000e+00 8.191000000000000000e+03 0.000000000000000000e+00 1.000000000000000000e+00 2.755499839782714844e+00
3.379999923706054688e+01 -7.972913235425949097e-02 0.000000000000000000e+00 -1.145777787314727902e-06 -8.000095188617706299e-02 0.000000000000000000e+00 7.000000000000000000e+00 8.191000000000000000e+03 0.000000000000000000e+00 1.000000000000000000e+00 2.755499839782714844e+00
3.400000000000000000e+01 -8.972375094890594482e-02 0.000000000000000000e+00 -1.151768287854793016e-06 -8.999799191951751709e-02 0.000000000000000000e+00 7.000000000000000000e+00 8.191000000000000000e+03 0.000000000000000000e+00 1.000000000000000000e+00 2.755300045013427734e+00
3.420000076293945312e+01 -9.974005073308944702e-02 0.000000000000000000e+00 -1.175448119283828419e-06 -9.999501705169677734e-02 0.000000000000000000e+00 7.000000000000000000e+00 8.191000000000000000e+03 0.000000000000000000e+00 1.000000000000000000e+00 2.755300045013427734e+00
3.440000152587890625e+01 -1.097197085618972778e-01 0.000000000000000000e+00 -1.212214215229323599e-06 -1.100045591592788696e-01 0.000000000000000000e+00 7.000000000000000000e+00 8.191000000000000000e+03 0.000000000000000000e+00 1.000000000000000000e+00 2.755300045013427734e+00
3.460000228881835938e+01 -1.197810843586921692e-01 0.000000000000000000e+00 -1.264039269699424040e-06 -1.200015842914581299e-01 0.000000000000000000e+00 7.000000000000000000e+00 8.191000000000000000e+03 0.000000000000000000e+00 1.000000000000000000e+00 2.755300045013427734e+00
3.479999923706054688e+01 -1.297089457511901855e-01 0.000000000000000000e+00 -1.328324970018002205e-06 -1.299986243247985840e-01 0.000000000000000000e+00 7.000000000000000000e+00 8.191000000000000000e+03 0.000000000000000000e+00 1.000000000000000000e+00 2.755300045013427734e+00
3.500000000000000000e+01 -1.397344619035720825e-01 0.000000000000000000e+00 -1.412601591255224776e-06 -1.399956643581390381e-01 0.000000000000000000e+00 7.000000000000000000e+00 8.191000000000000000e+03 0.000000000000000000e+00 1.000000000000000000e+00 2.755300045013427734e+00
3.520000076293945312e+01 -1.497467011213302612e-01 0.000000000000000000e+00 -1.508615468992502429e-06 -1.500051915645599365e-01 0.000000000000000000e+00 7.000000000000000000e+00 8.191000000000000000e+03 0.000000000000000000e+00 1.000000000000000000e+00 2.755300045013427734e+00
3.540000152587890625e+01 -1.596896946430206299e-01 0.000000000000000000e+00 -1.629228904675983358e-06 -1.600022166967391968e-01 0.000000000000000000e+00 7.000000000000000000e+00 8.191000000000000000e+03 0.000000000000000000e+00 1.000000000000000000e+00 2.755300045013427734e+00
3.560000228881835938e+01 -1.697867363691329956e-01 0.000000000000000000e+00 -1.739249114507401828e-06 -1.699992567300796509e-01 0.000000000000000000e+00 7.000000000000000000e+00 8.191000000000000000e+03 0.000000000000000000e+00 1.000000000000000000e+00 2.755300045013427734e+00
3.579999923706054688e+01 -1.797255128622055054e-01 0.000000000000000000e+00 -1.888970473373774439e-06 -1.799962967634201050e-01 0.000000000000000000e+00 7.000000000000000000e+00 8.191000000000000000e+03 0.000000000000000000e+00 1.000000000000000000e+00 2.755300045013427734e+00
3.600000000000000000e+01 -1.896927058696746826e-01 0.000000000000000000e+00 -2.042234655164065771e-06 -1.900058239698410034e-01 0.000000000000000000e+00 7.000000000000000000e+00 8.191000000000000000e+03 0.000000000000000000e+00 1.000000000000000000e+00 2.755199909210205078e+00
3.620000076293945312e+01 -1.997453421354293823e-01 0.000000000000000000e+00 -2.192267174905282445e-06 -2.000028640031814575e-01 0.000000000000000000e+00 7.000000000000000000e+00 8.191000000000000000e+03 0.000000000000000000e+00 1.000000000000000000e+00 2.755199909210205078e+00
3.640000152587890625e+01 -1.896974146366119385e-01 0.000000000000000000e+00 -1.794777176655770745e-06 -1.900058239698410034e-01 0.000000000000000000e+00 7.000000000000000000e+00 8.191000000000000000e+03 0.000000000000000000e+00 2.000000000000000000e+00 2.755199909210205078e+00
3.660000228881835938e+01 -1.797314137220382690e-01 0.000000000000000000e+00 -1.519241664027504157e-06 -1.799962967634201050e-01 0.000000000000000000e+00 7.000000000000000000e+00 8.191000000000000000e+03 0.000000000000000000e+00 2.000000000000000000e+00 2.755199909210205078e+00
3.679999923706054688e+01 -1.697114855051040649e-01 0.000000000000000000e+00 -1.316160023634438403e-06 -1.699992567300796509e-01 0.000000000000000000e+00 7.000000000000000000e+00 8.191000000000000000e+03 0.000000000000000000e+00 2.000000000000000000e+00 2.755199909210205078e+00
3.700000000000000000e+01 -1.597158014774322510e-01 0.000000000000000000e+00 -1.152883783106517512e-06 -1.600022166967391968e-01 0.000000000000000000e+00 7.000000000000000000e+00 8.191000000000000000e+03 0.000000000000000000e+00 2.000000000000000000e+00 2.755199909210205078e+00
3.720000076293945312e+01 -1.497079879045486450e-01 0.000000000000000000e+00 -1.009858920042461250e-06 -1.500051915645599365e-01 0.000000000000000000e+00 7.000000000000000000e+00 8.191000000000000000e+03 0.000000000000000000e+00 2.000000000000000000e+00 2.755199909210205078e+00
3.740000152587890625e+01 -1.397197693586349487e-01 0.000000000000000000e+00 -9.103549700739677064e-07 -1.399956643581390381e-01 0.000000000000000000e+00 7.000000000000000000e+00 8.191000000000000000e+03 0.000000000000000000e+00 2.000000000000000000e+00 2.755199909210205078e+00
3.760000228881835938e+01 -1.296984404325485229e-01 0.000000000000000000e+00 -8.173743140105216298e-07 -1.299986243247985840e-01 0.000000000000000000e+00 7.000000000000000000e+00 8.191000000000000000e+03 0.000000000000000000e+00 2.000000000000000000e+00 2.755199909210205078e+00
3.779999923706054688e+01 -1.197753623127937317e-01 0.000000000000000000e+00 -7.364024554590287153e-07 -1.200015842914581299e-01 0.000000000000000000e+00 7.000000000000000000e+00 8.191000000000000000e+03 0.000000000000000000e+00 2.000000000000000000e+00 2.755199909210205078e+00
3.800000000000000000e+01 -1.097604855895042419e-01 0.000000000000000000e+00 -6.749702947672631126e-07 -1.100045591592788696e-01 0.000000000000000000e+00 6.000000000000000000e+00 8.191000000000000000e+03 0.000000000000000000e+00 2.000000000000000000e+00 2.755199909210205078e+00
3.820000076293945312e+01 -9.977468103170394897e-02 0.000000000000000000e+00 -6.181169851515733171e-07 -9.999501705169677734e-02 0.000000000000000000e+00 6.000000000000000000e+00 8.191000000000000000e+03 0.000000000000000000e+00 2.000000000000000000e+00 2.755199909210205078e+00
3.840000152587890625e+01 -8.979775011539459229e-02 0.000000000000000000e+00 -5.685179758074809797e-07 -8.999799191951751709e-02 0.000000000000000000e+00 6.000000000000000000e+00 8.191000000000000000e+03 0.000000000000000000e+00 2.000000000000000000e+00 2.755199909210205078e+00
3.860000228881835938e+01 -7.973057776689529419e-02 0.000000000000000000e+00 -5.264816991257248446e-07 -8.000095188617706299e-02 0.000000000000000000e+00 6.000000000000000000e+00 8.191000000000000000e+03 0.000000000000000000e+00 2.000000000000000000e+00 2.755199909210205078e+00
3.879999923706054688e+01 -6.973203271627426147e-02 0.000000000000000000e+00 -4.883404471911489964e-07 -7.000392675399780273e-02 0.000000000000000000e+00 6.000000000000000000e+00 8.191000000000000000e+03 0.000000000000000000e+00 2.000000000000000000e+00 2.755199909210205078e+00
3.900000000000000000e+01 -5.976074561476707458e-02 0.000000000000000000e+00 -4.555967620945011731e-07 -5.999438837170600891e-02 0.000000000000000000e+00 6.000000000000000000e+00 8.191000000000000000e+03 0.000000000000000000e+00 2.000000000000000000e+00 2.755300045013427734e+00
3.920000076293945312e+01 -4.971477389335632324e-02 0.000000000000000000e+00 -4.278689686998404795e-07 -4.999735578894615173e-02 0.000000000000000000e+00 6.000000000000000000e+00 8.191000000000000000e+03 0.000000000000000000e+00 2.000000000000000000e+00 2.755300045013427734e+00
3.940000152587890625e+01 -3.968144208192825317e-02 0.000000000000000000e+00 -4.012672434328123927e-07 -4.000032320618629456e-02 0.000000000000000000e+00 6.000000000000000000e+00 8.191000000000000000e+03 0.000000000000000000e+00 2.000000000000000000e+00 2.755300045013427734e+00
3.960000228881835938e+01 -2.971466630697250366e-02 0.000000000000000000e+00 -3.768635963297128910e-07 -3.000328317284584045e-02 0.000000000000000000e+00 6.000000000000000000e+00 8.191000000000000000e+03 0.000000000000000000e+00 2.000000000000000000e+00 2.755300045013427734e+00
3.979999923706054688e+01 -1.975488103926181793e-02 0.000000000000000000e+00 -3.550709664068563143e-07 -1.999375596642494202e-02 0.000000000000000000e+00 6.000000000000000000e+00 8.191000000000000000e+03 0.000000000000000000e+00 2.000000000000000000e+00 2.755300045013427734e+00
4.000000000000000000e+01 -9.704595431685447693e-03 0.000000000000000000e+00 -3.342811680795421125e-07 -9.996719658374786377e-03 0.000000000000000000e+00 6.000000000000000000e+00 8.191000000000000000e+03 0.000000000000000000e+00 2.000000000000000000e+00 2.755199909210205078e+00
4.020000076293945312e+01 2.684745704755187035e-04 0.000000000000000000e+00 -3.154079308842483442e-07 3.129243850708007812e-07 0.000000000000000000e+00 6.000000000000000000e+00 8.191000000000000000e+03 0.000000000000000000e+00 2.000000000000000000e+00 2.755199909210205078e+00
4.040000152587890625e+01 1.031055301427841187e-02 0.000000000000000000e+00 -2.963435292713256786e-07 9.997349232435226440e-03 0.000000000000000000e+00 6.000000000000000000e+00 8.191000000000000000e+03 0.000000000000000000e+00 2.000000000000000000e+00 2.755199909210205078e+00
4.060000228881835938e+01 2.029527537524700165e-02 0.000000000000000000e+00 -2.776500593881792156e-07 1.999438367784023285e-02 0.000000000000000000e+00 6.000000000000000000e+00 8.191000000000000000e+03 0.000000000000000000e+00 2.000000000000000000e+00 2.755199909210205078e+00
4.079999923706054688e+01 3.005887940526008606e-02 0.000000000000000000e+00 -2.572999449057533639e-07 3.000391460955142975e-02 0.000000000000000000e+00 6.000000000000000000e+00 6.143000000000000000e+03 0.000000000000000000e+00 2.000000000000000000e+00 2.755199909210205078e+00
4.100000000000000000e+01 4.027812182903289795e-02 0.000000000000000000e+00 -2.365207905086208484e-07 4.000094905495643616e-02 0.000000000000000000e+00 6.000000000000000000e+00 8.191000000000000000e+03 0.000000000000000000e+00 2.000000000000000000e+00 2.755399942398071289e+00
4.120000076293945312e+01 5.033630505204200745e-02 0.000000000000000000e+00 -2.141220392104514758e-07 4.999798536300659180e-02 0.000000000000000000e+00 6.000000000000000000e+00 8.191000000000000000e+03 0.000000000000000000e+00 2.000000000000000000e+00 2.755399942398071289e+00
4.140000152587890625e+01 6.029719486832618713e-02 0.000000000000000000e+00 -1.877344004697079072e-07 5.999501794576644897e-02 0.000000000000000000e+00 6.000000000000000000e+00 8.191000000000000000e+03 0.000000000000000000e+00 2.000000000000000000e+00 2.755399942398071289e+00
4.160000228881835938e+01 7.030133903026580811e-02 0.000000000000000000e+00 -1.565755525234635570e-07 7.000455260276794434e-02 0.000000000000000000e+00 6.000000000000000000e+00 8.191000000000000000e+03 0.000000000000000000e+00 2.000000000000000000e+00 2.755399942398071289e+00
4.179999923706054688e+01 8.028875291347503662e-02 0.000000000000000000e+00 -1.176219868170846894e-07 8.000158518552780151e-02 0.000000000000000000e+00 6.000000000000000000e+00 8.191000000000000000e+03 0.000000000000000000e+00 2.000000000000000000e+00 2.755399942398071289e+00
4.200000000000000000e+01 9.032712876796722412e-02 0.000000000000000000e+00 -6.737226954101060983e-08 8.999861776828765869e-02 0.000000000000000000e+00 6.000000000000000000e+00 8.191000000000000000e+03 0.000000000000000000e+00 2.000000000000000000e+00 2.755199909210205078e+00
4.220000076293945312e+01 1.003102511167526245e-01 0.000000000000000000e+00 -5.661542346047099272e-09 9.999565780162811279e-02 0.000000000000000000e+00 5.000000000000000000e+00 8.191000000000000000e+03 0.000000000000000000e+00 2.000000000000000000e+00 2.755199909210205078e+00
4.240000152587890625e+01 1.103268042206764221e-01 0.000000000000000000e+00 1.093948842623149176e-08 1.100051850080490112e-01 0.000000000000000000e+00 4.000000000000000000e+00 6.908000000000000000e+03 0.000000000000000000e+00 2.000000000000000000e+00 2.755199909210205078e+00
4.260000228881835938e+01 1.202721446752548218e-01 0.000000000000000000e+00 1.093948842623149176e-08 1.200022250413894653e-01 0.000000000000000000e+00 4.000000000000000000e+00 6.908000000000000000e+03 0.000000000000000000e+00 2.000000000000000000e+00 2.755199909210205078e+00
4.279999923706054688e+01 1.302804797887802124e-01 0.000000000000000000e+00 1.093948842623149176e-08 1.299992501735687256e-01 0.000000000000000000e+00 4.000000000000000000e+00 7.164000000000000000e+03 0.000000000000000000e+00 2.000000000000000000e+00 2.755199909210205078e+00
4.300000000000000000e+01 1.402817368507385254e-01 0.000000000000000000e+00 1.091851729029258422e-07 1.399962902069091797e-01 0.000000000000000000e+00 5.000000000000000000e+00 7.164000000000000000e+03 0.000000000000000000e+00 2.000000000000000000e+00 2.755199909210205078e+00
4.320000076293945312e+01 1.503018438816070557e-01 0.000000000000000000e+00 9.414134183316491544e-07 1.500058174133300781e-01 0.000000000000000000e+00 6.000000000000000000e+00 8.191000000000000000e+03 0.000000000000000000e+00 2.000000000000000000e+00 2.755199909210205078e+00
4.340000152587890625e+01 1.602423638105392456e-01 0.000000000000000000e+00 1.386529561386851128e-06 1.600028574466705322e-01 0.000000000000000000e+00 7.000000000000000000e+00 8.191000000000000000e+03 0.000000000000000000e+00 2.000000000000000000e+00 2.755199909210205078e+00
4.360000228881835938e+01 1.702719777822494507e-01 0.000000000000000000e+00 1.960233703357516788e-06 1.699998974800109863e-01 0.000000000000000000e+00 7.000000000000000000e+00 8.191000000000000000e+03 0.000000000000000000e+00 2.000000000000000000e+00 2.755199909210205078e+00
4.379999923706054688e+01 1.802982389926910400e-01 0.000000000000000000e+00 2.677040129128727131e-06 1.799969226121902466e-01 0.000000000000000000e+00 7.000000000000000000e+00 8.191000000000000000e+03 0.000000000000000000e+00 2.000000000000000000e+00 2.755199909210205078e+00
4.400000000000000000e+01 1.902959644794464111e-01 0.000000000000000000e+00 3.528848310452303849e-06 1.899939626455307007e-01 0.000000000000000000e+00 7.000000000000000000e+00 8.191000000000000000e+03 0.000000000000000000e+00 2.000000000000000000e+00 2.754999876022338867e+00
4.420000076293945312e+01 2.003249675035476685e-01 0.000000000000000000e+00 4.481496944208629429e-06 2.000034898519515991e-01 0.000000000000000000e+00 7.000000000000000000e+00 8.191000000000000000e+03 0.000000000000000000e+00 2.000000000000000000e+00 2.754999876022338867e+00
4.440000152587890625e+01 2.102562040090560913e-01 0.000000000000000000e+00 5.456431154016172513e-06 2.100005298852920532e-01 0.000000000000000000e+00 7.000000000000000000e+00 8.191000000000000000e+03 0.000000000000000000e+00 2.000000000000000000e+00 2.754999876022338867e+00
4.460000228881835938e+01 2.202656269073486328e-01 0.000000000000000000e+00 6.376264082064153627e-06 2.199975699186325073e-01 0.000000000000000000e+00 7.000000000000000000e+00 8.191000000000000000e+03 0.000000000000000000e+00 2.000000000000000000e+00 2.754999876022338867e+00
4.479999923706054688e+01 2.302930653095245361e-01 0.000000000000000000e+00 7.146728421503212303e-06 2.299945950508117676e-01 0.000000000000000000e+00 7.000000000000000000e+00 8.191000000000000000e+03 0.000000000000000000e+00 2.000000000000000000e+00 2.754999876022338867e+00
4.500000000000000000e+01 2.403477728366851807e-01 0.000000000000000000e+00 7.698988156334962696e-06 2.400041371583938599e-01 0.000000000000000000e+00 7.000000000000000000e+00 8.191000000000000000e+03 0.000000000000000000e+00 2.000000000000000000e+00 2.755300045013427734e+00
4.520000076293945312e+01 2.503227889537811279e-01 0.000000000000000000e+00 8.012667422008235008e-06 2.500011622905731201e-01 0.000000000000000000e+00 7.000000000000000000e+00 8.191000000000000000e+03 0.000000000000000000e+00 2.000000000000000000e+00 2.755300045013427734e+00
4.540000152587890625e+01 2.603189945220947266e-01 0.000000000000000000e+00 8.107252142508514225e-06 2.599982023239135742e-01 0.000000000000000000e+00 7.000000000000000000e+00 8.191000000000000000e+03 0.000000000000000000e+00 2.000000000000000000e+00 2.755300045013427734e+00
4.560000228881835938e+01 2.703188061714172363e-01 0.000000000000000000e+00 8.043939487833995372e-06 2.699952423572540283e-01 0.000000000000000000e+00 7.000000000000000000e+00 8.191000000000000000e+03 0.000000000000000000e+00 2.000000000000000000e+00 2.755300045013427734e+00
4.579999923706054688e+01 2.803279757499694824e-01 0.000000000000000000e+00 7.873064532759599388e-06 2.800047695636749268e-01 0.000000000000000000e+00 7.000000000000000000e+00 8.191000000000000000e+03 0.000000000000000000e+00 2.000000000000000000e+00 2.755300045013427734e+00
4.600000000000000000e+01 2.903033196926116943e-01 0.000000000000000000e+00 7.647981874470133334e-06 2.900017797946929932e-01 0.000000000000000000e+00 7.000000000000000000e+00 8.191000000000000000e+03 0.000000000000000000e+00 2.000000000000000000e+00 2.755399942398071289e+00
4.620000076293945312e+01 3.003204166889190674e-01 0.000000000000000000e+00 7.401418315566843376e-06 2.999988198280334473e-01 0.000000000000000000e+00 7.000000000000000000e+00 8.191000000000000000e+03 0.000000000000000000e+00 2.000000000000000000e+00 2.755399942398071289e+00
4.640000152587890625e+01 2.903423607349395752e-01 0.000000000000000000e+00 6.141490757727297023e-06 2.900017797946929932e-01 0.000000000000000000e+00 7.000000000000000000e+00 8.191000000000000000e+03 0.000000000000000000e+00 2.000000000000000000e+00 2.755399942398071289e+00
4.660000228881835938e+01 2.803066074848175049e-01 0.000000000000000000e+00 5.189850526221562177e-06 2.800047695636749268e-01 0.000000000000000000e+00 7.000000000000000000e+00 8.191000000000000000e+03 0.000000000000000000e+00 2.000000000000000000e+00 2.755399942398071289e+00
4.679999923706054688e+01 2.703153192996978760e-01 0.000000000000000000e+00 4.298007297620642930e-06 2.699952423572540283e-01 0.000000000000000000e+00 7.000000000000000000e+00 8.191000000000000000e+03 0.000000000000000000e+00 2.000000000000000000e+00 2.755399942398071289e+00
4.700000000000000000e+01 2.602955400943756104e-01 0.000000000000000000e+00 3.359320089657558128e-06 2.599982023239135742e-01 0.000000000000000000e+00 7.000000000000000000e+00 8.191000000000000000e+03 0.000000000000000000e+00 2.000000000000000000e+00 2.755100011825561523e+00
4.720000076293945312e+01 2.502875030040740967e-01 0.000000000000000000e+00 2.355618562432937324e-06 2.500011622905731201e-01 0.000000000000000000e+00 7.000000000000000000e+00 8.191000000000000000e+03 0.000000000000000000e+00 2.000000000000000000e+00 2.755100011825561523e+00
4.740000152587890625e+01 2.402896285057067871e-01 0.000000000000000000e+00 1.264872594219923485e-06 2.400041371583938599e-01 0.000000000000000000e+00 7.000000000000000000e+00 8.191000000000000000e+03 0.000000000000000000e+00 2.000000000000000000e+00 2.755100011825561523e+00
4.760000228881835938e+01 2.303040623664855957e-01 0.000000000000000000e+00 1.138863794380995387e-07 2.299945950508117676e-01 0.000000000000000000e+00 7.000000000000000000e+00 8.191000000000000000e+03 0.000000000000000000e+00 2.000000000000000000e+00 2.755100011825561523e+00
4.779999923706054688e+01 2.202266752719879150e-01 0.000000000000000000e+00 -1.014432086776650976e-06 2.199975699186325073e-01 0.000000000000000000e+00 6.000000000000000000e+00 7.164000000000000000e+03 0.000000000000000000e+00 2.000000000000000000e+00 2.755100011825561523e+00
4.800000000000000000e+01 2.103000432252883911e-01 0.000000000000000000e+00 -2.075543079627095722e-06 2.100005298852920532e-01 0.000000000000000000e+00 7.000000000000000000e+00 8.191000000000000000e+03 0.000000000000000000e+00 2.000000000000000000e+00 2.754999876022338867e+00
4.820000076293945312e+01 2.002889513969421387e-01 0.000000000000000000e+00 -2.938333636848255992e-06 2.000034898519515991e-01 0.000000000000000000e+00 7.000000000000000000e+00 8.191000000000000000e+03 0.000000000000000000e+00 2.000000000000000000e+00 2.754999876022338867e+00
4.840000152587890625e+01 1.903005540370941162e-01 0.000000000000000000e+00 -3.568443389667663723e-06 1.899939626455307007e-01 0.000000000000000000e+00 7.000000000000000000e+00 8.191000000000000000e+03 0.000000000000000000e+00 2.000000000000000000e+00 2.754999876022338867e+00
4.860000228881835938e+01 1.803091764450073242e-01 0.000000000000000000e+00 -3.926779754692688584e-06 1.799969226121902466e-01 0.000000000000000000e+00 7.000000000000000000e+00 8.191000000000000000e+03 0.000000000000000000e+00 2.000000000000000000e+00 2.754999876022338867e+00
4.879999923706054688e+01 1.702626943588256836e-01 0.000000000000000000e+00 -4.047231868753442541e-06 1.699998974800109863e-01 0.000000000000000000e+00 7.000000000000000000e+00 8.191000000000000000e+03 0.000000000000000000e+00 2.000000000000000000e+00 2.754999876022338867e+00
4.900000000000000000e+01 1.603107601404190063e-01 0.000000000000000000e+00 -3.999805358034791425e-06 1.600028574466705322e-01 0.000000000000000000e+00 7.000000000000000000e+00 8.191000000000000000e+03 0.000000000000000000e+00 2.000000000000000000e+00 2.755300045013427734e+00
4.920000076293945312e+01 1.503075659275054932e-01 0.000000000000000000e+00 -3.830795776593731716e-06 1.500058174133300781e-01 0.000000000000000000e+00 7.000000000000000000e+00 8.191000000000000000e+03 0.000000000000000000e+00 2.000000000000000000e+00 2.755300045013427734e+00
4.940000152587890625e+01 1.403044164180755615e-01 0.000000000000000000e+00 -3.594826466724043712e-06 1.399962902069091797e-01 0.000000000000000000e+00 7.000000000000000000e+00 8.191000000000000000e+03 0.000000000000000000e+00 2.000000000000000000e+00 2.755300045013427734e+00
4.960000228881835938e+01 1.302827447652816772e-01 0.000000000000000000e+00 -3.336497911732294597e-06 1.299992501735687256e-01 0.000000000000000000e+00 7.000000000000000000e+00 8.191000000000000000e+03 0.000000000000000000e+00 2.000000000000000000e+00 2.755300045013427734e+00
4.979999923706054688e+01 1.202995926141738892e-01 0.000000000000000000e+00 -3.083140427406760864e-06 1.200022250413894653e-01 0.000000000000000000e+00 7.000000000000000000e+00 8.191000000000000000e+03 0.000000000000000000e+00 2.000000000000000000e+00 2.755300045013427734e+00
5.000000000000000000e+01 1.103445962071418762e-01 0.000000000000000000e+00 -2.833354528775089420e-06 1.100051850080490112e-01 0.000000000000000000e+00 7.000000000000000000e+00 8.191000000000000000e+03 0.000000000000000000e+00 2.000000000000000000e+00 2.755199909210205078e+00
5.020000076293945312e+01 1.003342047333717346e-01 0.000000000000000000e+00 -2.614509185150382109e-06 9.999565780162811279e-02 0.000000000000000000e+00 7.000000000000000000e+00 8.191000000000000000e+03 0.000000000000000000e+00 2.000000000000000000e+00 2.755199909210205078e+00
5.040000152587890625e+01 9.031183272600173950e-02 0.000000000000000000e+00 -2.422182888039969839e-06 8.999861776828765869e-02 0.000000000000000000e+00 7.000000000000000000e+00 8.191000000000000000e+03 0.000000000000000000e+00 2.000000000000000000e+00 2.755199909210205078e+00
5.060000228881835938e+01 8.033060282468795776e-02 0.000000000000000000e+00 -2.245157020297483541e-06 8.000158518552780151e-02 0.000000000000000000e+00 7.000000000000000000e+00 8.191000000000000000e+03 0.000000000000000000e+00 2.000000000000000000e+00 2.755199909210205078e+00
5.079999923706054688e+01 7.029382139444351196e-02 0.000000000000000000e+00 -2.083797426166711375e-06 7.000455260276794434e-02 0.000000000000000000e+00 7.000000000000000000e+00 8.191000000000000000e+03 0.000000000000000000e+00 2.000000000000000000e+00 2.755199909210205078e+00
5.100000000000000000e+01 6.028231605887413025e-02 0.000000000000000000e+00 -1.947925284184748307e-06 5.999501794576644897e-02 0.000000000000000000e+00 7.000000000000000000e+00 8.191000000000000000e+03 0.000000000000000000e+00 2.000000000000000000e+00 2.755199909210205078e+00
5.120000076293945312e+01 5.024971440434455872e-02 0.000000000000000000e+00 -1.818336954784172121e-06 4.999798536300659180e-02 0.000000000000000000e+00 7.000000000000000000e+00 8.191000000000000000e+03 0.000000000000000000e+00 2.000000000000000000e+00 2.755199909210205078e+00
5.140000152587890625e+01 4.033344238996505737e-02 0.000000000000000000e+00 -1.714201175673224498e-06 4.000094905495643616e-02 0.000000000000000000e+00 7.000000000000000000e+00 8.191000000000000000e+03 0.000000000000000000e+00 2.000000000000000000e+00 2.755199909210205078e+00
5.160000228881835938e+01 3.033202327787876129e-02 0.000000000000000000e+00 -1.623724074306664988e-06 3.000391460955142975e-02 0.000000000000000000e+00 7.000000000000000000e+00 8.191000000000000000e+03 0.000000000000000000e+00 2.000000000000000000e+00 2.755199909210205078e+00
5.179999923706054688e+01 2.023781836032867432e-02 0.000000000000000000e+00 -1.536704871796246152e-06 1.999438367784023285e-02 0.000000000000000000e+00 7.000000000000000000e+00 8.191000000000000000e+03 0.000000000000000000e+00 2.000000000000000000e+00 2.755199909210205078e+00
5.200000000000000000e+01 1.029739715158939362e-02 0.000000000000000000e+00 -1.459220470678701531e-06 9.997349232435226440e-03 0.000000000000000000e+00 7.000000000000000000e+00 8.191000000000000000e+03 0.000000000000000000e+00 2.000000000000000000e+00 2.755199909210205078e+00
5.220000076293945312e+01 3.025731130037456751e-04 0.000000000000000000e+00 -1.405015382260899059e-06 3.129243850708007812e-07 0.000000000000000000e+00 7.000000000000000000e+00 8.191000000000000000e+03 0.000000000000000000e+00 2.000000000000000000e+00 2.755199909210205078e+00
5.240000152587890625e+01 -9.764689020812511444e-03 0.000000000000000000e+00 -1.346366275356558617e-06 -9.996719658374786377e-03 0.000000000000000000e+00 7.000000000000000000e+00 8.191000000000000000e+03 0.000000000000000000e+00 2.000000000000000000e+00 2.755199909210205078e+00
5.260000228881835938e+01 -1.974533125758171082e-02 0.000000000000000000e+00 -1.294490743930509780e-06 -1.999375596642494202e-02 0.000000000000000000e+00 7.000000000000000000e+00 8.191000000000000000e+03 0.000000000000000000e+00 2.000000000000000000e+00 2.755199909210205078e+00
5.279999923706054688e+01 -2.967038750648498535e-02 0.000000000000000000e+00 -1.257388817066384945e-06 -3.000328317284584045e-02 0.000000000000000000e+00 7.000000000000000000e+00 6.143000000000000000e+03 0.000000000000000000e+00 2.000000000000000000e+00 2.755199909210205078e+00
5.300000000000000000e+01 -3.971911966800689697e-02 0.000000000000000000e+00 -1.224878133143647574e-06 -4.000032320618629456e-02 0.000000000000000000e+00 7.000000000000000000e+00 8.191000000000000000e+03 0.000000000000000000e+00 2.000000000000000000e+00 2.755399942398071289e+00
5.320000076293945312e+01 -4.975081980228424072e-02 0.000000000000000000e+00 -1.187384555123571772e-06 -4.999735578894615173e-02 0.000000000000000000e+00 7.000000000000000000e+00 8.191000000000000000e+03 0.000000000000000000e+00 2.000000000000000000e+00 2.755399942398071289e+00
5.340000152587890625e+01 -5.972275510430335999e-02 0.000000000000000000e+00 -1.182404275823500939e-06 -5.999438837170600891e-02 0.000000000000000000e+00 7.000000000000000000e+00 8.191000000000000000e+03 0.000000000000000000e+00 2.000000000000000000e+00 2.755399942398071289e+00
5.360000228881835938e+01 -6.971733272075653076e-02 0.000000000000000000e+00 -1.169980237136769574e-06 -7.000392675399780273e-02 0.000000000000000000e+00 7.000000000000000000e+00 8.191000000000000000e+03 0.000000000000000000e+00 2.000000000000000000e+00 2.755399942398071289e+00
5.379999923706054688e+01 -7.973763346672058105e-02 0.000000000000000000e+00 -1.172222027889802121e-06 -8.000095188617706299e-02 0.000000000000000000e+00 7.000000000000000000e+00 8.191000000000000000e+03 0.000000000000000000e+00 2.000000000000000000e+00 2.755399942398071289e+00
5.400000000000000000e+01 -8.975296467542648315e-02 0.000000000000000000e+00 -1.186956751553225331e-06 -8.999799191951751709e-02 0.000000000000000000e+00 7.000000000000000000e+00 8.191000000000000000e+03 0.000000000000000000e+00 2.000000000000000000e+00 2.755199909210205078e+00
5.420000076293945312e+01 -9.975947439670562744e-02 0.000000000000000000e+00 -1.205623902933439240e-06 -9.999501705169677734e-02 0.000000000000000000e+00 7.000000000000000000e+00 8.191000000000000000e+03 0.000000000000000000e+00 2.000000000000000000e+00 2.755199909210205078e+00
5.440000152587890625e+01 -1.097193881869316101e-01 0.000000000000000000e+00 -1.246809802069037687e-06 -1.100045591592788696e-01 0.000000000000000000e+00 7.000000000000000000e+00 8.191000000000000000e+03 0.000000000000000000e+00 2.000000000000000000e+00 2.755199909210205078e+00
5.460000228881835938e+01 -1.197858229279518127e-01 0.000000000000000000e+00 -1.290924615204858128e-06 -1.200015842914581299e-01 0.000000000000000000e+00 7.000000000000000000e+00 8.191000000000000000e+03 0.000000000000000000e+00 2.000000000000000000e+00 2.755199909210205078e+00
5.479999923706054688e+01 -1.297316253185272217e-01 0.000000000000000000e+00 -1.357468477181100752e-06 -1.299986243247985840e-01 0.000000000000000000e+00 7.000000000000000000e+00 8.191000000000000000e+03 0.000000000000000000e+00 2.000000000000000000e+00 2.755199909210205078e+00
5.500000000000000000e+01 -1.396760344505310059e-01 0.000000000000000000e+00 -1.439366656086349394e-06 -1.399956643581390381e-01 0.000000000000000000e+00 7.000000000000000000e+00 8.191000000000000000e+03 0.000000000000000000e+00 2.000000000000000000e+00 2.755199909210205078e+00
5.520000076293945312e+01 -1.497923880815505981e-01 0.000000000000000000e+00 -1.526298774479073472e-06 -1.500051915645599365e-01 0.000000000000000000e+00 7.000000000000000000e+00 8.191000000000000000e+03 0.000000000000000000e+00 2.000000000000000000e+00 2.755199909210205078e+00
5.540000152587890625e+01 -1.597274541854858398e-01 0.000000000000000000e+00 -1.641030735299864318e-06 -1.600022166967391968e-01 0.000000000000000000e+00 7.000000000000000000e+00 8.191000000000000000e+03 0.000000000000000000e+00 2.000000000000000000e+00 2.755199909210205078e+00
5.560000228881835938e+01 -1.697100251913070679e-01 0.000000000000000000e+00 -1.762395299920171965e-06 -1.699992567300796509e-01 0.000000000000000000e+00 7.000000000000000000e+00 8.191000000000000000e+03 0.000000000000000000e+00 2.000000000000000000e+00 2.755199909210205078e+00
5.579999923706054688e+01 -1.797398179769515991e-01 0.000000000000000000e+00 -1.895798391160496976e-06 -1.799962967634201050e-01 0.000000000000000000e+00 7.000000000000000000e+00 8.191000000000000000e+03 0.000000000000000000e+00 2.000000000000000000e+00 2.755199909210205078e+00
5.600000000000000000e+01 -1.897536963224411011e-01 0.000000000000000000e+00 -2.032419160968856886e-06 -1.900058239698410034e-01 0.000000000000000000e+00 7.000000000000000000e+00 8.191000000000000000e+03 0.000000000000000000e+00 2.000000000000000000e+00 2.755199909210205078e+00
5.620000076293945312e+01 -1.997292637825012207e-01 0.000000000000000000e+00 -2.170259449485456571e-06 -2.000028640031814575e-01 0.000000000000000000e+00 7.000000000000000000e+00 8.191000000000000000e+03 0.000000000000000000e+00 2.000000000000000000e+00 2.755199909210205078e+00
5.640000152587890625e+01 -1.897382587194442749e-01 0.000000000000000000e+00 -1.783014340617228299e-06 -1.900058239698410034e-01 0.000000000000000000e+00 7.000000000000000000e+00 8.191000000000000000e+03 0.000000000000000000e+00 3.000000000000000000e+00 2.755199909210205078e+00
5.660000228881835938e+01 -1.797304004430770874e-01 0.000000000000000000e+00 -1.514746827524504624e-06 -1.799962967634201050e-01 0.000000000000000000e+00 7.000000000000000000e+00 8.191000000000000000e+03 0.000000000000000000e+00 3.000000000000000000e+00 2.755199909210205078e+00
5.679999923706054688e+01 -1.697291880846023560e-01 0.000000000000000000e+00 -1.309537879023991991e-06 -1.699992567300796509e-01 0.000000000000000000e+00 7.000000000000000000e+00 8.191000000000000000e+03 0.000000000000000000e+00 3.000000000000000000e+00 2.755199909210205078e+00
5.700000000000000000e+01 -1.597371548414230347e-01 0.000000000000000000e+00 -1.152992467723379377e-06 -1.600022166967391968e-01 0.000000000000000000e+00 7.000000000000000000e+00 8.191000000000000000e+03 0.000000000000000000e+00 3.000000000000000000e+00 2.755199909210205078e+00
5.720000076293945312e+01 -1.497147083282470703e-01 0.000000000000000000e+00 -1.030816974889603443e-06 -1.500051915645599365e-01 0.000000000000000000e+00 7.000000000000000000e+00 8.191000000000000000e+03 0.000000000000000000e+00 3.000000000000000000e+00 2.755199909210205078e+00
5.740000152587890625e+01 -1.397840678691864014e-01 0.000000000000000000e+00 -9.179670428238750901e-07 -1.399956643581390381e-01 0.000000000000000000e+00 7.000000000000000000e+00 8.191000000000000000e+03 0.000000000000000000e+00 3.000000000000000000e+00 2.755199909210205078e+00
5.760000228881835938e+01 -1.297734528779983521e-01 0.000000000000000000e+00 -8.367365467165654991e-07 -1.299986243247985840e-01 0.000000000000000000e+00 7.000000000000000000e+00 8.191000000000000000e+03 0.000000000000000000e+00 3.000000000000000000e+00 2.755199909210205078e+00
5.779999923706054688e+01 -1.196737214922904968e-01 0.000000000000000000e+00 -7.649213671356847044e-07 -1.200015842914581299e-01 0.000000000000000000e+00 7.000000000000000000e+00 8.191000000000000000e+03 0.000000000000000000e+00 3.000000000000000000e+00 2.755199909210205078e+00
5.800000000000000000e+01 -1.097452864050865173e-01 0.000000000000000000e+00 -6.962937959542614408e-07 -1.100045591592788696e-01 0.000000000000000000e+00 6.000000000000000000e+00 8.191000000000000000e+03 0.000000000000000000e+00 3.000000000000000000e+00 2.755199909210205078e+00
5.820000076293945312e+01 -9.968837350606918335e-02 0.000000000000000000e+00 -6.420085583158652298e-07 -9.999501705169677734e-02 0.000000000000000000e+00 6.000000000000000000e+00 8.191000000000000000e+03 0.000000000000000000e+00 3.000000000000000000e+00 2.755199909210205078e+00
5.840000152587890625e+01 -8.975605666637420654e-02 0.000000000000000000e+00 -5.929983899477520026e-07 -8.999799191951751709e-02 0.000000000000000000e+00 6.000000000000000000e+00 8.191000000000000000e+03 0.000000000000000000e+00 3.000000000000000000e+00 2.755199909210205078e+00
5.860000228881835938e+01 -7.968242466449737549e-02 0.000000000000000000e+00 -5.512484904102166183e-07 -8.000095188617706299e-02 0.000000000000000000e+00 6.000000000000000000e+00 8.191000000000000000e+03 0.000000000000000000e+00 3.000000000000000000e+00 2.755199909210205078e+00
5.879999923706054688e+01 -6.975124776363372803e-02 0.000000000000000000e+00 -5.151684376869525295e-07 -7.000392675399780273e-02 0.000000000000000000e+00 6.000000000000000000e+00 8.191000000000000000e+03 0.000000000000000000e+00 3.000000000000000000e+00 2.755199909210205078e+00
5.900000000000000000e+01 -5.970411747694015503e-02 0.000000000000000000e+00 -4.822661594516830519e-07 -5.999438837170600891e-02 0.000000000000000000e+00 6.000000000000000000e+00 8.191000000000000000e+03 0.000000000000000000e+00 3.000000000000000000e+00 2.755199909210205078e+00
5.920000076293945312e+01 -4.975558072328567505e-02 0.000000000000000000e+00 -4.527560122369322926e-07 -4.999735578894615173e-02 0.000000000000000000e+00 6.000000000000000000e+00 8.191000000000000000e+03 0.000000000000000000e+00 3.000000000000000000e+00 2.755199909210205078e+00
5.940000152587890625e+01 -3.972129523754119873e-02 0.000000000000000000e+00 -4.277474090486066416e-07 -4.000032320618629456e-02 0.000000000000000000e+00 6.000000000000000000e+00 8.191000000000000000e+03 0.000000000000000000e+00 3.000000000000000000e+00 2.755199909210205078e+00
5.960000228881835938e+01 -2.970852516591548920e-02 0.000000000000000000e+00 -4.032264655506878626e-07 -3.000328317284584045e-02 0.000000000000000000e+00 6.000000000000000000e+00 8.191000000000000000e+03 0.000000000000000000e+00 3.000000000000000000e+00 2.755199909210205078e+00
5.979999923706054688e+01 -1.967886462807655334e-02 0.000000000000000000e+00 -3.812484692389261909e-07 -1.999375596642494202e-02 0.000000000000000000e+00 6.000000000000000000e+00 8.191000000000000000e+03 0.000000000000000000e+00 3.000000000000000000e+00 2.755199909210205078e+00
6.000000000000000000e+01 -9.757593274116516113e-03 0.000000000000000000e+00 -3.604629057463171193e-07 -9.996719658374786377e-03 0.000000000000000000e+00 6.000000000000000000e+00 8.191000000000000000e+03 0.000000000000000000e+00 3.000000000000000000e+00 2.755199909210205078e+00
6.020000076293945312e+01 3.058431611862033606e-04 0.000000000000000000e+00 -3.405803852274402743e-07 3.129243850708007812e-07 0.000000000000000000e+00 6.000000000000000000e+00 8.191000000000000000e+03 0.000000000000000000e+00 3.000000000000000000e+00 2.755199909210205078e+00
