5.000000000000000000e-01 2.835301682353019714e-02 2.835301682353019714e-02 0.000000000000000000e+00 0.000000000000000000e+00 8.191000000000000000e+03 0.000000000000000000e+00 2.757400035858154297e+00
1.000000000000000000e+00 2.837780117988586426e-02 2.965032495558261871e-02 0.000000000000000000e+00 0.000000000000000000e+00 8.191000000000000000e+03 0.000000000000000000e+00 2.757400035858154297e+00
1.500000000000000000e+00 2.852866426110267639e-02 3.081079386174678802e-02 0.000000000000000000e+00 0.000000000000000000e+00 8.191000000000000000e+03 0.000000000000000000e+00 2.757400035858154297e+00
2.000000000000000000e+00 2.894779853522777557e-02 3.175451606512069702e-02 0.000000000000000000e+00 0.000000000000000000e+00 8.191000000000000000e+03 0.000000000000000000e+00 2.757299900054931641e+00
2.500000000000000000e+00 2.967401221394538879e-02 3.260810673236846924e-02 0.000000000000000000e+00 0.000000000000000000e+00 8.191000000000000000e+03 0.000000000000000000e+00 2.757299900054931641e+00
3.000000000000000000e+00 3.058962896466255188e-02 3.315459191799163818e-02 0.000000000000000000e+00 0.000000000000000000e+00 8.191000000000000000e+03 0.000000000000000000e+00 2.757499933242797852e+00
3.500000000000000000e+00 3.152267262339591980e-02 3.372314199805259705e-02 0.000000000000000000e+00 0.000000000000000000e+00 8.191000000000000000e+03 0.000000000000000000e+00 2.757499933242797852e+00
4.000000000000000000e+00 3.235355019569396973e-02 3.412374109029769897e-02 0.000000000000000000e+00 0.000000000000000000e+00 8.191000000000000000e+03 0.000000000000000000e+00 2.757499933242797852e+00
4.500000000000000000e+00 3.304055333137512207e-02 3.442005440592765808e-02 0.000000000000000000e+00 0.000000000000000000e+00 8.191000000000000000e+03 0.000000000000000000e+00 2.757499933242797852e+00
5.000000000000000000e+00 3.358972817659378052e-02 3.468804806470870972e-02 0.000000000000000000e+00 0.000000000000000000e+00 8.191000000000000000e+03 0.000000000000000000e+00 2.757499933242797852e+00
5.500000000000000000e+00 3.402243182063102722e-02 3.489932790398597717e-02 0.000000000000000000e+00 0.000000000000000000e+00 8.191000000000000000e+03 0.000000000000000000e+00 2.757499933242797852e+00
6.000000000000000000e+00 3.436388447880744934e-02 3.509013354778289795e-02 0.000000000000000000e+00 0.000000000000000000e+00 8.191000000000000000e+03 0.000000000000000000e+00 2.757499933242797852e+00
6.500000000000000000e+00 3.463700413703918457e-02 3.516890853643417358e-02 0.000000000000000000e+00 0.000000000000000000e+00 8.191000000000000000e+03 0.000000000000000000e+00 2.757499933242797852e+00
7.000000000000000000e+00 3.485430032014846802e-02 3.521847352385520935e-02 0.000000000000000000e+00 0.000000000000000000e+00 8.191000000000000000e+03 0.000000000000000000e+00 2.757499933242797852e+00
7.500000000000000000e+00 3.501933068037033081e-02 3.531963378190994263e-02 0.000000000000000000e+00 0.000000000000000000e+00 8.191000000000000000e+03 0.000000000000000000e+00 2.757499933242797852e+00
8.000000000000000000e+00 3.513836860656738281e-02 3.533260896801948547e-02 0.000000000000000000e+00 0.000000000000000000e+00 8.191000000000000000e+03 0.000000000000000000e+00 2.757499933242797852e+00
8.500000000000000000e+00 3.522304072976112366e-02 3.534140810370445251e-02 0.000000000000000000e+00 0.000000000000000000e+00 8.191000000000000000e+03 0.000000000000000000e+00 2.757499933242797852e+00
9.000000000000000000e+00 3.528112173080444336e-02 3.531944006681442261e-02 0.000000000000000000e+00 0.000000000000000000e+00 8.191000000000000000e+03 0.000000000000000000e+00 2.757400035858154297e+00
9.500000000000000000e+00 3.531496971845626831e-02 3.532961755990982056e-02 0.000000000000000000e+00 0.000000000000000000e+00 8.191000000000000000e+03 0.000000000000000000e+00 2.757400035858154297e+00
1.000000000000000000e+01 3.532930836081504822e-02 3.534850850701332092e-02 0.000000000000000000e+00 0.000000000000000000e+00 8.191000000000000000e+03 0.000000000000000000e+00 2.757499933242797852e+00
1.050000000000000000e+01 3.533215820789337158e-02 3.526126220822334290e-02 0.000000000000000000e+00 0.000000000000000000e+00 8.191000000000000000e+03 0.000000000000000000e+00 2.757499933242797852e+00
1.100000000000000000e+01 3.532584756612777710e-02 3.521332144737243652e-02 0.000000000000000000e+00 0.000000000000000000e+00 8.191000000000000000e+03 0.000000000000000000e+00 2.757400035858154297e+00
1.150000000000000000e+01 3.530462831258773804e-02 3.512945398688316345e-02 0.000000000000000000e+00 0.000000000000000000e+00 8.191000000000000000e+03 0.000000000000000000e+00 2.757400035858154297e+00
1.200000000000000000e+01 3.526449948549270630e-02 3.508105501532554626e-02 0.000000000000000000e+00 0.000000000000000000e+00 8.191000000000000000e+03 0.000000000000000000e+00 2.757400035858154297e+00
1.250000000000000000e+01 3.520897775888442993e-02 3.499156609177589417e-02 0.000000000000000000e+00 0.000000000000000000e+00 8.191000000000000000e+03 0.000000000000000000e+00 2.757400035858154297e+00
1.300000000000000000e+01 3.514524921774864197e-02 3.497013449668884277e-02 0.000000000000000000e+00 0.000000000000000000e+00 8.191000000000000000e+03 0.000000000000000000e+00 2.757400035858154297e+00
1.350000000000000000e+01 3.508033230900764465e-02 3.489904850721359253e-02 0.000000000000000000e+00 0.000000000000000000e+00 8.191000000000000000e+03 0.000000000000000000e+00 2.757400035858154297e+00
1.400000000000000000e+01 3.501700609922409058e-02 3.474497050046920776e-02 0.000000000000000000e+00 0.000000000000000000e+00 8.191000000000000000e+03 0.000000000000000000e+00 2.757400035858154297e+00
1.450000000000000000e+01 3.495029732584953308e-02 3.473084419965744019e-02 0.000000000000000000e+00 0.000000000000000000e+00 8.191000000000000000e+03 0.000000000000000000e+00 2.757400035858154297e+00
1.500000000000000000e+01 3.487575054168701172e-02 3.464275598526000977e-02 0.000000000000000000e+00 0.000000000000000000e+00 8.191000000000000000e+03 0.000000000000000000e+00 2.757400035858154297e+00
