2.000000029802322388e-01 2.688243985176086426e-04 0.000000000000000000e+00 -9.081180905923247337e-05 3.129243850708007812e-07 0.000000000000000000e+00 1.200000000000000000e+01 8.191000000000000000e+03 0.000000000000000000e+00 0.000000000000000000e+00 2.757200002670288086e+00
4.000000059604644775e-01 1.015416067093610764e-02 0.000000000000000000e+00 -3.911576641257852316e-06 9.997349232435226440e-03 0.000000000000000000e+00 1.100000000000000000e+01 8.191000000000000000e+03 0.000000000000000000e+00 0.000000000000000000e+00 2.757200002670288086e+00
6.000000238418579102e-01 2.011329680681228638e-02 0.000000000000000000e+00 1.238833647221326828e-05 1.999438367784023285e-02 0.000000000000000000e+00 1.000000000000000000e+01 8.191000000000000000e+03 0.000000000000000000e+00 0.000000000000000000e+00 2.757200002670288086e+00
8.000000119209289551e-01 2.929736673831939697e-02 0.000000000000000000e+00 1.511061054770834744e-05 3.000391460955142975e-02 0.000000000000000000e+00 9.000000000000000000e+00 6.143000000000000000e+03 0.000000000000000000e+00 0.000000000000000000e+00 2.757200002670288086e+00
1.000000000000000000e+00 4.017084464430809021e-02 0.000000000000000000e+00 1.922139199450612068e-05 4.000094905495643616e-02 0.000000000000000000e+00 8.000000000000000000e+00 8.191000000000000000e+03 0.000000000000000000e+00 0.000000000000000000e+00 2.757200002670288086e+00
1.200000047683715820e+00 5.012805759906768799e-02 0.000000000000000000e+00 2.357449011469725519e-05 4.999798536300659180e-02 0.000000000000000000e+00 8.000000000000000000e+00 8.191000000000000000e+03 0.000000000000000000e+00 0.000000000000000000e+00 2.757200002670288086e+00
1.399999976158142090e+00 6.011466681957244873e-02 0.000000000000000000e+00 2.776210203592199832e-05 5.999501794576644897e-02 0.000000000000000000e+00 8.000000000000000000e+00 8.191000000000000000e+03 0.000000000000000000e+00 0.000000000000000000e+00 2.757200002670288086e+00
1.600000023841857910e+00 7.015444338321685791e-02 0.000000000000000000e+00 3.157941318931989372e-05 7.000455260276794434e-02 0.000000000000000000e+00 8.000000000000000000e+00 8.191000000000000000e+03 0.000000000000000000e+00 0.000000000000000000e+00 2.756599903106689453e+00
1.800000071525573730e+00 8.018565177917480469e-02 0.000000000000000000e+00 3.473029937595129013e-05 8.000158518552780151e-02 0.000000000000000000e+00 8.000000000000000000e+00 8.191000000000000000e+03 0.000000000000000000e+00 0.000000000000000000e+00 2.756599903106689453e+00
2.000000000000000000e+00 9.019397199153900146e-02 0.000000000000000000e+00 3.689503500936552882e-05 8.999861776828765869e-02 0.000000000000000000e+00 8.000000000000000000e+00 8.191000000000000000e+03 0.000000000000000000e+00 0.000000000000000000e+00 2.756599903106689453e+00
2.200000047683715820e+00 1.001470685005187988e-01 0.000000000000000000e+00 3.807172470260411501e-05 9.999565780162811279e-02 0.000000000000000000e+00 8.000000000000000000e+00 8.191000000000000000e+03 0.000000000000000000e+00 0.000000000000000000e+00 2.756599903106689453e+00
2.400000095367431641e+00 1.101941019296646118e-01 0.000000000000000000e+00 3.819825724349357188e-05 1.100051850080490112e-01 0.000000000000000000e+00 8.000000000000000000e+00 8.191000000000000000e+03 0.000000000000000000e+00 0.000000000000000000e+00 2.756599903106689453e+00
2.600000143051147461e+00 1.201524809002876282e-01 0.000000000000000000e+00 3.740803367691114545e-05 1.200022250413894653e-01 0.000000000000000000e+00 8.000000000000000000e+00 8.191000000000000000e+03 0.000000000000000000e+00 0.000000000000000000e+00 2.756500005722045898e+00
2.799999952316284180e+00 1.301602870225906372e-01 0.000000000000000000e+00 3.609187479014508426e-05 1.299992501735687256e-01 0.000000000000000000e+00 8.000000000000000000e+00 8.191000000000000000e+03 0.000000000000000000e+00 0.000000000000000000e+00 2.756500005722045898e+00
3.000000000000000000e+00 1.402038484811782837e-01 0.000000000000000000e+00 3.445315815042704344e-05 1.399962902069091797e-01 0.000000000000000000e+00 8.000000000000000000e+00 8.191000000000000000e+03 0.000000000000000000e+00 0.000000000000000000e+00 2.756500005722045898e+00
3.200000047683715820e+00 1.501345336437225342e-01 0.000000000000000000e+00 3.274653499829582870e-05 1.500058174133300781e-01 0.000000000000000000e+00 8.000000000000000000e+00 8.191000000000000000e+03 0.000000000000000000e+00 0.000000000000000000e+00 2.756500005722045898e+00
3.400000095367431641e+00 1.600866168737411499e-01 0.000000000000000000e+00 3.112959893769584596e-05 1.600028574466705322e-01 0.000000000000000000e+00 8.000000000000000000e+00 8.191000000000000000e+03 0.000000000000000000e+00 0.000000000000000000e+00 2.756500005722045898e+00
3.600000143051147461e+00 1.701390296220779419e-01 0.000000000000000000e+00 2.964520899695344269e-05 1.699998974800109863e-01 0.000000000000000000e+00 8.000000000000000000e+00 8.191000000000000000e+03 0.000000000000000000e+00 0.000000000000000000e+00 2.756500005722045898e+00
3.799999952316284180e+00 1.802100539207458496e-01 0.000000000000000000e+00 2.831591882568318397e-05 1.799969226121902466e-01 0.000000000000000000e+00 8.000000000000000000e+00 8.191000000000000000e+03 0.000000000000000000e+00 0.000000000000000000e+00 2.756500005722045898e+00
4.000000000000000000e+00 1.901729255914688110e-01 0.000000000000000000e+00 2.713439607759937644e-05 1.899939626455307007e-01 0.000000000000000000e+00 8.000000000000000000e+00 8.191000000000000000e+03 0.000000000000000000e+00 0.000000000000000000e+00 2.756500005722045898e+00
4.200000286102294922e+00 2.002194523811340332e-01 0.000000000000000000e+00 2.612203206808771938e-05 2.000034898519515991e-01 0.000000000000000000e+00 8.000000000000000000e+00 8.191000000000000000e+03 0.000000000000000000e+00 0.000000000000000000e+00 2.756500005722045898e+00
4.400000095367431641e+00 2.101392596960067749e-01 0.000000000000000000e+00 2.520958514651283622e-05 2.100005298852920532e-01 0.000000000000000000e+00 8.000000000000000000e+00 8.191000000000000000e+03 0.000000000000000000e+00 0.000000000000000000e+00 2.756500005722045898e+00
4.599999904632568359e+00 2.201589643955230713e-01 0.000000000000000000e+00 2.445934660499915481e-05 2.199975699186325073e-01 0.000000000000000000e+00 8.000000000000000000e+00 8.191000000000000000e+03 0.000000000000000000e+00 0.000000000000000000e+00 2.756500005722045898e+00
4.800000190734863281e+00 2.301689535379409790e-01 0.000000000000000000e+00 2.374143696215469390e-05 2.299945950508117676e-01 0.000000000000000000e+00 8.000000000000000000e+00 8.191000000000000000e+03 0.000000000000000000e+00 0.000000000000000000e+00 2.756500005722045898e+00
5.000000000000000000e+00 2.402100116014480591e-01 0.000000000000000000e+00 2.312128890480380505e-05 2.400041371583938599e-01 0.000000000000000000e+00 8.000000000000000000e+00 8.191000000000000000e+03 0.000000000000000000e+00 0.000000000000000000e+00 2.756500005722045898e+00
5.200000286102294922e+00 2.502244114875793457e-01 0.000000000000000000e+00 2.266764749947469682e-05 2.500011622905731201e-01 0.000000000000000000e+00 8.000000000000000000e+00 8.191000000000000000e+03 0.000000000000000000e+00 0.000000000000000000e+00 2.756500005722045898e+00
5.400000095367431641e+00 2.601476907730102539e-01 0.000000000000000000e+00 2.219217276433482766e-05 2.599982023239135742e-01 0.000000000000000000e+00 8.000000000000000000e+00 8.191000000000000000e+03 0.000000000000000000e+00 0.000000000000000000e+00 2.756500005722045898e+00
5.599999904632568359e+00 2.702133059501647949e-01 0.000000000000000000e+00 2.178750219172798097e-05 2.699952423572540283e-01 0.000000000000000000e+00 8.000000000000000000e+00 8.191000000000000000e+03 0.000000000000000000e+00 0.000000000000000000e+00 2.756500005722045898e+00
5.800000190734863281e+00 2.801775336265563965e-01 0.000000000000000000e+00 2.145678627130109817e-05 2.800047695636749268e-01 0.000000000000000000e+00 8.000000000000000000e+00 8.191000000000000000e+03 0.000000000000000000e+00 0.000000000000000000e+00 2.756500005722045898e+00
6.000000000000000000e+00 2.901667058467864990e-01 0.000000000000000000e+00 2.108796979882754385e-05 2.900017797946929932e-01 0.000000000000000000e+00 8.000000000000000000e+00 8.191000000000000000e+03 0.000000000000000000e+00 0.000000000000000000e+00 2.756500005722045898e+00
6.200000286102294922e+00 3.002646565437316895e-01 0.000000000000000000e+00 2.082343053189106286e-05 2.999988198280334473e-01 0.000000000000000000e+00 8.000000000000000000e+00 8.191000000000000000e+03 0.000000000000000000e+00 0.000000000000000000e+00 2.756500005722045898e+00
6.400000095367431641e+00 2.901323437690734863e-01 0.000000000000000000e+00 1.938927380251698196e-05 2.900017797946929932e-01 0.000000000000000000e+00 8.000000000000000000e+00 8.191000000000000000e+03 0.000000000000000000e+00 0.000000000000000000e+00 2.756500005722045898e+00
6.599999904632568359e+00 2.801228165626525879e-01 0.000000000000000000e+00 1.845598853833507746e-05 2.800047695636749268e-01 0.000000000000000000e+00 8.000000000000000000e+00 8.191000000000000000e+03 0.000000000000000000e+00 0.000000000000000000e+00 2.756500005722045898e+00
6.800000190734863281e+00 2.701381146907806396e-01 0.000000000000000000e+00 1.778731166268698871e-05 2.699952423572540283e-01 0.000000000000000000e+00 8.000000000000000000e+00 8.191000000000000000e+03 0.000000000000000000e+00 0.000000000000000000e+00 2.756500005722045898e+00
7.000000000000000000e+00 2.601131200790405273e-01 0.000000000000000000e+00 1.719155079626943916e-05 2.599982023239135742e-01 0.000000000000000000e+00 8.000000000000000000e+00 8.191000000000000000e+03 0.000000000000000000e+00 0.000000000000000000e+00 2.756500005722045898e+00
7.200000286102294922e+00 2.501069009304046631e-01 0.000000000000000000e+00 1.666131356614641845e-05 2.500011622905731201e-01 0.000000000000000000e+00 8.000000000000000000e+00 8.191000000000000000e+03 0.000000000000000000e+00 0.000000000000000000e+00 2.756500005722045898e+00
7.400000095367431641e+00 2.401386201381683350e-01 0.000000000000000000e+00 1.620804505364503711e-05 2.400041371583938599e-01 0.000000000000000000e+00 8.000000000000000000e+00 8.191000000000000000e+03 0.000000000000000000e+00 0.000000000000000000e+00 2.756500005722045898e+00
7.599999904632568359e+00 2.300253659486770630e-01 0.000000000000000000e+00 1.578345654706936330e-05 2.299945950508117676e-01 0.000000000000000000e+00 8.000000000000000000e+00 8.191000000000000000e+03 0.000000000000000000e+00 0.000000000000000000e+00 2.756199836730957031e+00
7.800000190734863281e+00 2.201339751482009888e-01 0.000000000000000000e+00 1.532454916741698980e-05 2.199975699186325073e-01 0.000000000000000000e+00 8.000000000000000000e+00 8.191000000000000000e+03 0.000000000000000000e+00 0.000000000000000000e+00 2.756199836730957031e+00
8.000000000000000000e+00 2.101535648107528687e-01 0.000000000000000000e+00 1.495472861279267818e-05 2.100005298852920532e-01 0.000000000000000000e+00 8.000000000000000000e+00 8.191000000000000000e+03 0.000000000000000000e+00 0.000000000000000000e+00 2.756199836730957031e+00
8.199999809265136719e+00 2.002416104078292847e-01 0.000000000000000000e+00 1.453262029826873913e-05 2.000034898519515991e-01 0.000000000000000000e+00 8.000000000000000000e+00 8.191000000000000000e+03 0.000000000000000000e+00 0.000000000000000000e+00 2.756199836730957031e+00
8.400000572204589844e+00 1.900862753391265869e-01 0.000000000000000000e+00 1.409310880262637511e-05 1.899939626455307007e-01 0.000000000000000000e+00 8.000000000000000000e+00 8.191000000000000000e+03 0.000000000000000000e+00 0.000000000000000000e+00 2.756199836730957031e+00
8.600000381469726562e+00 1.801787018775939941e-01 0.000000000000000000e+00 1.365407388220774010e-05 1.799969226121902466e-01 0.000000000000000000e+00 8.000000000000000000e+00 8.191000000000000000e+03 0.000000000000000000e+00 0.000000000000000000e+00 2.756500005722045898e+00
8.800000190734863281e+00 1.701833009719848633e-01 0.000000000000000000e+00 1.313857592322165146e-05 1.699998974800109863e-01 0.000000000000000000e+00 8.000000000000000000e+00 8.191000000000000000e+03 0.000000000000000000e+00 0.000000000000000000e+00 2.756500005722045898e+00
9.000000000000000000e+00 1.601536720991134644e-01 0.000000000000000000e+00 1.249920933332759887e-05 1.600028574466705322e-01 0.000000000000000000e+00 8.000000000000000000e+00 8.191000000000000000e+03 0.000000000000000000e+00 0.000000000000000000e+00 2.756500005722045898e+00
9.199999809265136719e+00 1.501552015542984009e-01 0.000000000000000000e+00 1.175046782009303570e-05 1.500058174133300781e-01 0.000000000000000000e+00 8.000000000000000000e+00 8.191000000000000000e+03 0.000000000000000000e+00 0.000000000000000000e+00 2.756500005722045898e+00
9.400000572204589844e+00 1.401454806327819824e-01 0.000000000000000000e+00 1.070596681529423222e-05 1.399962902069091797e-01 0.000000000000000000e+00 8.000000000000000000e+00 8.191000000000000000e+03 0.000000000000000000e+00 0.000000000000000000e+00 2.756500005722045898e+00
9.600000381469726562e+00 1.302559077739715576e-01 0.000000000000000000e+00 9.493816833128221333e-06 1.299992501735687256e-01 0.000000000000000000e+00 8.000000000000000000e+00 8.191000000000000000e+03 0.000000000000000000e+00 0.000000000000000000e+00 2.756399869918823242e+00
9.800000190734863281e+00 1.201663315296173096e-01 0.000000000000000000e+00 7.822161023796070367e-06 1.200022250413894653e-01 0.000000000000000000e+00 8.000000000000000000e+00 8.191000000000000000e+03 0.000000000000000000e+00 0.000000000000000000e+00 2.756399869918823242e+00
1.000000000000000000e+01 1.100939437747001648e-01 0.000000000000000000e+00 5.691538262908579782e-06 1.100051850080490112e-01 0.000000000000000000e+00 7.000000000000000000e+00 8.191000000000000000e+03 0.000000000000000000e+00 0.000000000000000000e+00 2.756399869918823242e+00
1.019999980926513672e+01 1.001412272453308105e-01 0.000000000000000000e+00 3.073752168347709812e-06 9.999565780162811279e-02 0.000000000000000000e+00 7.000000000000000000e+00 8.191000000000000000e+03 0.000000000000000000e+00 0.000000000000000000e+00 2.756399869918823242e+00
1.040000057220458984e+01 9.016840904951095581e-02 0.000000000000000000e+00 -8.101032733520696638e-08 8.999861776828765869e-02 0.000000000000000000e+00 7.000000000000000000e+00 8.191000000000000000e+03 0.000000000000000000e+00 0.000000000000000000e+00 2.756399869918823242e+00
1.060000038146972656e+01 8.010463416576385498e-02 0.000000000000000000e+00 -1.093766627491277177e-06 8.000158518552780151e-02 0.000000000000000000e+00 6.000000000000000000e+00 7.164000000000000000e+03 0.000000000000000000e+00 0.000000000000000000e+00 2.756399869918823242e+00
1.080000019073486328e+01 7.013050466775894165e-02 0.000000000000000000e+00 -7.781368367432150990e-06 7.000455260276794434e-02 0.000000000000000000e+00 7.000000000000000000e+00 8.191000000000000000e+03 0.000000000000000000e+00 0.000000000000000000e+00 2.756399869918823242e+00
1.100000000000000000e+01 6.015149876475334167e-02 0.000000000000000000e+00 -1.093663468054728583e-05 5.999501794576644897e-02 0.000000000000000000e+00 7.000000000000000000e+00 7.164000000000000000e+03 0.000000000000000000e+00 0.000000000000000000e+00 2.756399869918823242e+00
1.119999980926513672e+01 5.009945109486579895e-02 0.000000000000000000e+00 -1.640331902308389544e-05 4.999798536300659180e-02 0.000000000000000000e+00 8.000000000000000000e+00 8.191000000000000000e+03 0.000000000000000000e+00 0.000000000000000000e+00 2.756399869918823242e+00
1.140000057220458984e+01 4.009351879358291626e-02 0.000000000000000000e+00 -2.049900467682164162e-05 4.000094905495643616e-02 0.000000000000000000e+00 8.000000000000000000e+00 8.191000000000000000e+03 0.000000000000000000e+00 0.000000000000000000e+00 2.756399869918823242e+00
1.160000038146972656e+01 3.016662783920764923e-02 0.000000000000000000e+00 -2.391982707194983959e-05 3.000391460955142975e-02 0.000000000000000000e+00 8.000000000000000000e+00 8.191000000000000000e+03 0.000000000000000000e+00 0.000000000000000000e+00 2.756199836730957031e+00
1.180000019073486328e+01 2.021084725856781006e-02 0.000000000000000000e+00 -2.649560883583035320e-05 1.999438367784023285e-02 0.000000000000000000e+00 8.000000000000000000e+00 8.191000000000000000e+03 0.000000000000000000e+00 0.000000000000000000e+00 2.756199836730957031e+00
1.200000000000000000e+01 1.011865492910146713e-02 0.000000000000000000e+00 -2.808349199767690152e-05 9.997349232435226440e-03 0.000000000000000000e+00 8.000000000000000000e+00 8.191000000000000000e+03 0.000000000000000000e+00 0.000000000000000000e+00 2.756199836730957031e+00
1.219999980926513672e+01 1.513920433353632689e-04 0.000000000000000000e+00 -2.861108987417537719e-05 3.129243850708007812e-07 0.000000000000000000e+00 8.000000000000000000e+00 8.191000000000000000e+03 0.000000000000000000e+00 0.000000000000000000e+00 2.756199836730957031e+00
1.240000057220458984e+01 -9.860523976385593414e-03 0.000000000000000000e+00 -2.814639083226211369e-05 -9.996719658374786377e-03 0.000000000000000000e+00 8.000000000000000000e+00 8.191000000000000000e+03 0.000000000000000000e+00 0.000000000000000000e+00 2.756199836730957031e+00
1.260000038146972656e+01 -1.990129053592681885e-02 0.000000000000000000e+00 -2.696429146453738213e-05 -1.999375596642494202e-02 0.000000000000000000e+00 8.000000000000000000e+00 6.143000000000000000e+03 0.000000000000000000e+00 0.000000000000000000e+00 2.756299972534179688e+00
1.280000019073486328e+01 -2.989921905100345612e-02 0.000000000000000000e+00 -2.534546729293651879e-05 -3.000328317284584045e-02 0.000000000000000000e+00 8.000000000000000000e+00 8.191000000000000000e+03 0.000000000000000000e+00 0.000000000000000000e+00 2.756299972534179688e+00
1.300000000000000000e+01 -3.991780430078506470e-02 0.000000000000000000e+00 -2.363506246183533221e-05 -4.000032320618629456e-02 0.000000000000000000e+00 8.000000000000000000e+00 8.191000000000000000e+03 0.000000000000000000e+00 0.000000000000000000e+00 2.756299972534179688e+00
1.319999980926513672e+01 -4.999148100614547729e-02 0.000000000000000000e+00 -2.192334795836359262e-05 -4.999735578894615173e-02 0.000000000000000000e+00 8.000000000000000000e+00 8.191000000000000000e+03 0.000000000000000000e+00 0.000000000000000000e+00 2.756299972534179688e+00
1.340000057220458984e+01 -5.998264253139495850e-02 0.000000000000000000e+00 -2.036685327766463161e-05 -5.999438837170600891e-02 0.000000000000000000e+00 8.000000000000000000e+00 8.191000000000000000e+03 0.000000000000000000e+00 0.000000000000000000e+00 2.756299972534179688e+00
1.360000038146972656e+01 -6.995225697755813599e-02 0.000000000000000000e+00 -1.895671266538556665e-05 -7.000392675399780273e-02 0.000000000000000000e+00 8.000000000000000000e+00 8.191000000000000000e+03 0.000000000000000000e+00 0.000000000000000000e+00 2.756500005722045898e+00
1.380000019073486328e+01 -7.992884516716003418e-02 0.000000000000000000e+00 -1.768961737980134785e-05 -8.000095188617706299e-02 0.000000000000000000e+00 8.000000000000000000e+00 8.191000000000000000e+03 0.000000000000000000e+00 0.000000000000000000e+00 2.756500005722045898e+00
1.400000000000000000e+01 -8.986005187034606934e-02 0.000000000000000000e+00 -1.650268495723139495e-05 -8.999799191951751709e-02 0.000000000000000000e+00 8.000000000000000000e+00 8.191000000000000000e+03 0.000000000000000000e+00 0.000000000000000000e+00 2.756500005722045898e+00
1.419999980926513672e+01 -9.984442591667175293e-02 0.000000000000000000e+00 -1.555696871946565807e-05 -9.999501705169677734e-02 0.000000000000000000e+00 8.000000000000000000e+00 8.191000000000000000e+03 0.000000000000000000e+00 0.000000000000000000e+00 2.756500005722045898e+00
1.440000057220458984e+01 -1.098414957523345947e-01 0.000000000000000000e+00 -1.469692688260693103e-05 -1.100045591592788696e-01 0.000000000000000000e+00 8.000000000000000000e+00 8.191000000000000000e+03 0.000000000000000000e+00 0.000000000000000000e+00 2.756500005722045898e+00
1.460000038146972656e+01 -1.198914051055908203e-01 0.000000000000000000e+00 -1.393235379509860650e-05 -1.200015842914581299e-01 0.000000000000000000e+00 8.000000000000000000e+00 8.191000000000000000e+03 0.000000000000000000e+00 0.000000000000000000e+00 2.756299972534179688e+00
1.480000019073486328e+01 -1.298874020576477051e-01 0.000000000000000000e+00 -1.330270697508240119e-05 -1.299986243247985840e-01 0.000000000000000000e+00 8.000000000000000000e+00 8.191000000000000000e+03 0.000000000000000000e+00 0.000000000000000000e+00 2.756299972534179688e+00
1.500000000000000000e+01 -1.399008333683013916e-01 0.000000000000000000e+00 -1.280328797292895615e-05 -1.399956643581390381e-01 0.000000000000000000e+00 8.000000000000000000e+00 8.191000000000000000e+03 0.000000000000000000e+00 0.000000000000000000e+00 2.756299972534179688e+00
1.519999980926513672e+01 -1.499342769384384155e-01 0.000000000000000000e+00 -1.227362099598394707e-05 -1.500051915645599365e-01 0.000000000000000000e+00 8.000000000000000000e+00 8.191000000000000000e+03 0.000000000000000000e+00 0.000000000000000000e+00 2.756299972534179688e+00
1.540000057220458984e+01 -1.597803533077239990e-01 0.000000000000000000e+00 -1.188974238175433129e-05 -1.600022166967391968e-01 0.000000000000000000e+00 8.000000000000000000e+00 8.191000000000000000e+03 0.000000000000000000e+00 0.000000000000000000e+00 2.756299972534179688e+00
1.560000038146972656e+01 -1.699509769678115845e-01 0.000000000000000000e+00 -1.165268713521072641e-05 -1.699992567300796509e-01 0.000000000000000000e+00 8.000000000000000000e+00 8.191000000000000000e+03 0.000000000000000000e+00 0.000000000000000000e+00 2.756299972534179688e+00
1.580000019073486328e+01 -1.798794269561767578e-01 0.000000000000000000e+00 -1.142327892011962831e-05 -1.799962967634201050e-01 0.000000000000000000e+00 8.000000000000000000e+00 8.191000000000000000e+03 0.000000000000000000e+00 0.000000000000000000e+00 2.756299972534179688e+00
1.600000000000000000e+01 -1.898463517427444458e-01 0.000000000000000000e+00 -1.129860993387410417e-05 -1.900058239698410034e-01 0.000000000000000000e+00 8.000000000000000000e+00 8.191000000000000000e+03 0.000000000000000000e+00 0.000000000000000000e+00 2.756299972534179688e+00
1.620000076293945312e+01 -1.999131441116333008e-01 0.000000000000000000e+00 -1.131418594013666734e-05 -2.000028640031814575e-01 0.000000000000000000e+00 8.000000000000000000e+00 8.191000000000000000e+03 0.000000000000000000e+00 0.000000000000000000e+00 2.756299972534179688e+00
1.639999961853027344e+01 -1.899425685405731201e-01 0.000000000000000000e+00 -1.041157429426675662e-05 -1.900058239698410034e-01 0.000000000000000000e+00 8.000000000000000000e+00 8.191000000000000000e+03 0.000000000000000000e+00 1.000000000000000000e+00 2.756299972534179688e+00
1.660000038146972656e+01 -1.798751354217529297e-01 0.000000000000000000e+00 -9.693637366581242532e-06 -1.799962967634201050e-01 0.000000000000000000e+00 8.000000000000000000e+00 8.191000000000000000e+03 0.000000000000000000e+00 1.000000000000000000e+00 2.756199836730957031e+00
1.680000114440917969e+01 -1.699518412351608276e-01 0.000000000000000000e+00 -9.132049854088108987e-06 -1.699992567300796509e-01 0.000000000000000000e+00 8.000000000000000000e+00 8.191000000000000000e+03 0.000000000000000000e+00 1.000000000000000000e+00 2.756199836730957031e+00
1.700000000000000000e+01 -1.598470956087112427e-01 0.000000000000000000e+00 -8.571404578106012195e-06 -1.600022166967391968e-01 0.000000000000000000e+00 8.000000000000000000e+00 8.191000000000000000e+03 0.000000000000000000e+00 1.000000000000000000e+00 2.756199836730957031e+00
1.720000076293945312e+01 -1.499148160219192505e-01 0.000000000000000000e+00 -8.113844160106964409e-06 -1.500051915645599365e-01 0.000000000000000000e+00 8.000000000000000000e+00 8.191000000000000000e+03 0.000000000000000000e+00 1.000000000000000000e+00 2.756199836730957031e+00
1.739999961853027344e+01 -1.399502009153366089e-01 0.000000000000000000e+00 -7.788062248437199742e-06 -1.399956643581390381e-01 0.000000000000000000e+00 7.000000000000000000e+00 8.191000000000000000e+03 0.000000000000000000e+00 1.000000000000000000e+00 2.756199836730957031e+00
1.760000038146972656e+01 -1.299531310796737671e-01 0.000000000000000000e+00 -7.425144303851993755e-06 -1.299986243247985840e-01 0.000000000000000000e+00 7.000000000000000000e+00 8.191000000000000000e+03 0.000000000000000000e+00 1.000000000000000000e+00 2.756199836730957031e+00
1.780000114440917969e+01 -1.199286654591560364e-01 0.000000000000000000e+00 -7.092994110280415043e-06 -1.200015842914581299e-01 0.000000000000000000e+00 7.000000000000000000e+00 8.191000000000000000e+03 0.000000000000000000e+00 1.000000000000000000e+00 2.756199836730957031e+00
1.800000000000000000e+01 -1.098222285509109497e-01 0.000000000000000000e+00 -6.772854248993098736e-06 -1.100045591592788696e-01 0.000000000000000000e+00 7.000000000000000000e+00 8.191000000000000000e+03 0.000000000000000000e+00 1.000000000000000000e+00 2.756199836730957031e+00
1.820000076293945312e+01 -9.987809509038925171e-02 0.000000000000000000e+00 -6.455783477576915175e-06 -9.999501705169677734e-02 0.000000000000000000e+00 7.000000000000000000e+00 8.191000000000000000e+03 0.000000000000000000e+00 1.000000000000000000e+00 2.756199836730957031e+00
1.839999961853027344e+01 -8.984737843275070190e-02 0.000000000000000000e+00 -6.126826974650612101e-06 -8.999799191951751709e-02 0.000000000000000000e+00 7.000000000000000000e+00 8.191000000000000000e+03 0.000000000000000000e+00 1.000000000000000000e+00 2.756199836730957031e+00
1.860000038146972656e+01 -7.982039451599121094e-02 0.000000000000000000e+00 -5.776963007519952953e-06 -8.000095188617706299e-02 0.000000000000000000e+00 7.000000000000000000e+00 8.191000000000000000e+03 0.000000000000000000e+00 1.000000000000000000e+00 2.756199836730957031e+00
1.880000114440917969e+01 -6.994981318712234497e-02 0.000000000000000000e+00 -5.366842287912731990e-06 -7.000392675399780273e-02 0.000000000000000000e+00 7.000000000000000000e+00 8.191000000000000000e+03 0.000000000000000000e+00 1.000000000000000000e+00 2.756199836730957031e+00
1.900000000000000000e+01 -5.988349020481109619e-02 0.000000000000000000e+00 -4.871720193477813154e-06 -5.999438837170600891e-02 0.000000000000000000e+00 7.000000000000000000e+00 8.191000000000000000e+03 0.000000000000000000e+00 1.000000000000000000e+00 2.756199836730957031e+00
1.920000076293945312e+01 -4.984433576464653015e-02 0.000000000000000000e+00 -4.253985935065429658e-06 -4.999735578894615173e-02 0.000000000000000000e+00 7.000000000000000000e+00 8.191000000000000000e+03 0.000000000000000000e+00 1.000000000000000000e+00 2.756199836730957031e+00
1.939999961853027344e+01 -3.988202661275863647e-02 0.000000000000000000e+00 -3.445609308982966468e-06 -4.000032320618629456e-02 0.000000000000000000e+00 7.000000000000000000e+00 8.191000000000000000e+03 0.000000000000000000e+00 1.000000000000000000e+00 2.756199836730957031e+00
1.960000038146972656e+01 -2.983923442661762238e-02 0.000000000000000000e+00 -2.380140358582139015e-06 -3.000328317284584045e-02 0.000000000000000000e+00 7.000000000000000000e+00 8.191000000000000000e+03 0.000000000000000000e+00 1.000000000000000000e+00 2.756199836730957031e+00
1.980000114440917969e+01 -1.987043209373950958e-02 0.000000000000000000e+00 -9.686367548056296073e-07 -1.999375596642494202e-02 0.000000000000000000e+00 7.000000000000000000e+00 8.191000000000000000e+03 0.000000000000000000e+00 1.000000000000000000e+00 2.756199836730957031e+00
2.000000000000000000e+01 -9.911124594509601593e-03 0.000000000000000000e+00 8.844873491398175247e-07 -9.996719658374786377e-03 0.000000000000000000e+00 7.000000000000000000e+00 8.191000000000000000e+03 0.000000000000000000e+00 1.000000000000000000e+00 2.756199836730957031e+00
2.020000076293945312e+01 1.008335093501955271e-04 0.000000000000000000e+00 3.264698534621857107e-06 3.129243850708007812e-07 0.000000000000000000e+00 7.000000000000000000e+00 8.191000000000000000e+03 0.000000000000000000e+00 1.000000000000000000e+00 2.756199836730957031e+00
2.039999961853027344e+01 1.016915030777454376e-02 0.000000000000000000e+00 6.193670742504764348e-06 9.997349232435226440e-03 0.000000000000000000e+00 7.000000000000000000e+00 8.191000000000000000e+03 0.000000000000000000e+00 1.000000000000000000e+00 2.756199836730957031e+00
2.060000038146972656e+01 2.013534307479858398e-02 0.000000000000000000e+00 9.652018889028113335e-06 1.999438367784023285e-02 0.000000000000000000e+00 7.000000000000000000e+00 6.142000000000000000e+03 0.000000000000000000e+00 1.000000000000000000e+00 2.756199836730957031e+00
2.080000114440917969e+01 3.010758943855762482e-02 0.000000000000000000e+00 1.361203339911298826e-05 3.000391460955142975e-02 0.000000000000000000e+00 8.000000000000000000e+00 8.191000000000000000e+03 0.000000000000000000e+00 1.000000000000000000e+00 2.756199836730957031e+00
2.100000000000000000e+01 4.013011604547500610e-02 0.000000000000000000e+00 1.780384627636522055e-05 4.000094905495643616e-02 0.000000000000000000e+00 8.000000000000000000e+00 8.191000000000000000e+03 0.000000000000000000e+00 1.000000000000000000e+00 2.756199836730957031e+00
2.120000076293945312e+01 5.013954639434814453e-02 0.000000000000000000e+00 2.210385355283506215e-05 4.999798536300659180e-02 0.000000000000000000e+00 8.000000000000000000e+00 8.191000000000000000e+03 0.000000000000000000e+00 1.000000000000000000e+00 2.756199836730957031e+00
2.139999961853027344e+01 6.008158624172210693e-02 0.000000000000000000e+00 2.614220829855185002e-05 5.999501794576644897e-02 0.000000000000000000e+00 8.000000000000000000e+00 8.191000000000000000e+03 0.000000000000000000e+00 1.000000000000000000e+00 2.756199836730957031e+00
2.160000038146972656e+01 7.017899304628372192e-02 0.000000000000000000e+00 2.970821697090286762e-05 7.000455260276794434e-02 0.000000000000000000e+00 8.000000000000000000e+00 8.191000000000000000e+03 0.000000000000000000e+00 1.000000000000000000e+00 2.756000041961669922e+00
2.180000114440917969e+01 8.021041005849838257e-02 0.000000000000000000e+00 3.257698699599131942e-05 8.000158518552780151e-02 0.000000000000000000e+00 8.000000000000000000e+00 8.191000000000000000e+03 0.000000000000000000e+00 1.000000000000000000e+00 2.756000041961669922e+00
2.200000000000000000e+01 9.013652056455612183e-02 0.000000000000000000e+00 3.454456600593402982e-05 8.999861776828765869e-02 0.000000000000000000e+00 8.000000000000000000e+00 8.191000000000000000e+03 0.000000000000000000e+00 1.000000000000000000e+00 2.756000041961669922e+00
2.220000076293945312e+01 1.002116948366165161e-01 0.000000000000000000e+00 3.548100721673108637e-05 9.999565780162811279e-02 0.000000000000000000e+00 8.000000000000000000e+00 8.191000000000000000e+03 0.000000000000000000e+00 1.000000000000000000e+00 2.756000041961669922e+00
2.239999961853027344e+01 1.101444214582443237e-01 0.000000000000000000e+00 3.540747275110334158e-05 1.100051850080490112e-01 0.000000000000000000e+00 8.000000000000000000e+00 8.191000000000000000e+03 0.000000000000000000e+00 1.000000000000000000e+00 2.756000041961669922e+00
2.260000038146972656e+01 1.201085671782493591e-01 0.000000000000000000e+00 3.452474993537180126e-05 1.200022250413894653e-01 0.000000000000000000e+00 8.000000000000000000e+00 8.191000000000000000e+03 0.000000000000000000e+00 1.000000000000000000e+00 2.756199836730957031e+00
2.280000114440917969e+01 1.301631033420562744e-01 0.000000000000000000e+00 3.312985427328385413e-05 1.299992501735687256e-01 0.000000000000000000e+00 8.000000000000000000e+00 8.191000000000000000e+03 0.000000000000000000e+00 1.000000000000000000e+00 2.756199836730957031e+00
2.300000000000000000e+01 1.401301473379135132e-01 0.000000000000000000e+00 3.153559009660966694e-05 1.399962902069091797e-01 0.000000000000000000e+00 8.000000000000000000e+00 8.191000000000000000e+03 0.000000000000000000e+00 1.000000000000000000e+00 2.756199836730957031e+00
2.320000076293945312e+01 1.501846164464950562e-01 0.000000000000000000e+00 2.987327206938061863e-05 1.500058174133300781e-01 0.000000000000000000e+00 8.000000000000000000e+00 8.191000000000000000e+03 0.000000000000000000e+00 1.000000000000000000e+00 2.756199836730957031e+00
2.339999961853027344e+01 1.601112782955169678e-01 0.000000000000000000e+00 2.832733844115864486e-05 1.600028574466705322e-01 0.000000000000000000e+00 8.000000000000000000e+00 8.191000000000000000e+03 0.000000000000000000e+00 1.000000000000000000e+00 2.756199836730957031e+00
2.360000038146972656e+01 1.701082289218902588e-01 0.000000000000000000e+00 2.685477556951809675e-05 1.699998974800109863e-01 0.000000000000000000e+00 8.000000000000000000e+00 8.191000000000000000e+03 0.000000000000000000e+00 1.000000000000000000e+00 2.756199836730957031e+00
2.380000114440917969e+01 1.801918596029281616e-01 0.000000000000000000e+00 2.563120142440311611e-05 1.799969226121902466e-01 0.000000000000000000e+00 8.000000000000000000e+00 8.191000000000000000e+03 0.000000000000000000e+00 1.000000000000000000e+00 2.756199836730957031e+00
2.400000000000000000e+01 1.901626884937286377e-01 0.000000000000000000e+00 2.453539855196140707e-05 1.899939626455307007e-01 0.000000000000000000e+00 8.000000000000000000e+00 8.191000000000000000e+03 0.000000000000000000e+00 1.000000000000000000e+00 2.756199836730957031e+00
2.420000076293945312e+01 2.000682353973388672e-01 0.000000000000000000e+00 2.351422153878957033e-05 2.000034898519515991e-01 0.000000000000000000e+00 8.000000000000000000e+00 8.191000000000000000e+03 0.000000000000000000e+00 1.000000000000000000e+00 2.756199836730957031e+00
2.439999961853027344e+01 2.101449072360992432e-01 0.000000000000000000e+00 2.267495619889814407e-05 2.100005298852920532e-01 0.000000000000000000e+00 8.000000000000000000e+00 8.191000000000000000e+03 0.000000000000000000e+00 1.000000000000000000e+00 2.756199836730957031e+00
2.460000038146972656e+01 2.201370745897293091e-01 0.000000000000000000e+00 2.198199581471271813e-05 2.199975699186325073e-01 0.000000000000000000e+00 8.000000000000000000e+00 8.191000000000000000e+03 0.000000000000000000e+00 1.000000000000000000e+00 2.756199836730957031e+00
2.480000114440917969e+01 2.301894724369049072e-01 0.000000000000000000e+00 2.127980769728310406e-05 2.299945950508117676e-01 0.000000000000000000e+00 8.000000000000000000e+00 8.191000000000000000e+03 0.000000000000000000e+00 1.000000000000000000e+00 2.756199836730957031e+00
2.500000000000000000e+01 2.401742041110992432e-01 0.000000000000000000e+00 2.074446820188313723e-05 2.400041371583938599e-01 0.000000000000000000e+00 8.000000000000000000e+00 8.191000000000000000e+03 0.000000000000000000e+00 1.000000000000000000e+00 2.756199836730957031e+00
2.520000076293945312e+01 2.502125501632690430e-01 0.000000000000000000e+00 2.024641435127705336e-05 2.500011622905731201e-01 0.000000000000000000e+00 8.000000000000000000e+00 8.191000000000000000e+03 0.000000000000000000e+00 1.000000000000000000e+00 2.756199836730957031e+00
2.539999961853027344e+01 2.601161003112792969e-01 0.000000000000000000e+00 1.981400419026613235e-05 2.599982023239135742e-01 0.000000000000000000e+00 8.000000000000000000e+00 8.191000000000000000e+03 0.000000000000000000e+00 1.000000000000000000e+00 2.756199836730957031e+00
2.560000038146972656e+01 2.701518535614013672e-01 0.000000000000000000e+00 1.942328708537388593e-05 2.699952423572540283e-01 0.000000000000000000e+00 8.000000000000000000e+00 8.191000000000000000e+03 0.000000000000000000e+00 1.000000000000000000e+00 2.756199836730957031e+00
2.580000114440917969e+01 2.801238596439361572e-01 0.000000000000000000e+00 1.910540231619961560e-05 2.800047695636749268e-01 0.000000000000000000e+00 8.000000000000000000e+00 8.191000000000000000e+03 0.000000000000000000e+00 1.000000000000000000e+00 2.756199836730957031e+00
2.600000000000000000e+01 2.901403009891510010e-01 0.000000000000000000e+00 1.882146170828491449e-05 2.900017797946929932e-01 0.000000000000000000e+00 8.000000000000000000e+00 8.191000000000000000e+03 0.000000000000000000e+00 1.000000000000000000e+00 2.756199836730957031e+00
2.620000076293945312e+01 3.001180589199066162e-01 0.000000000000000000e+00 1.856914605014026165e-05 2.999988198280334473e-01 0.000000000000000000e+00 8.000000000000000000e+00 8.191000000000000000e+03 0.000000000000000000e+00 1.000000000000000000e+00 2.756199836730957031e+00
2.639999961853027344e+01 2.900979518890380859e-01 0.000000000000000000e+00 1.721409353194758296e-05 2.900017797946929932e-01 0.000000000000000000e+00 8.000000000000000000e+00 8.191000000000000000e+03 0.000000000000000000e+00 1.000000000000000000e+00 2.756199836730957031e+00
2.660000038146972656e+01 2.801219522953033447e-01 0.000000000000000000e+00 1.638387584534939378e-05 2.800047695636749268e-01 0.000000000000000000e+00 8.000000000000000000e+00 8.191000000000000000e+03 0.000000000000000000e+00 1.000000000000000000e+00 2.756299972534179688e+00
2.680000114440917969e+01 2.701557576656341553e-01 0.000000000000000000e+00 1.573373447172343731e-05 2.699952423572540283e-01 0.000000000000000000e+00 8.000000000000000000e+00 8.191000000000000000e+03 0.000000000000000000e+00 1.000000000000000000e+00 2.756299972534179688e+00
2.700000000000000000e+01 2.601650059223175049e-01 0.000000000000000000e+00 1.523751780041493475e-05 2.599982023239135742e-01 0.000000000000000000e+00 8.000000000000000000e+00 8.191000000000000000e+03 0.000000000000000000e+00 1.000000000000000000e+00 2.756299972534179688e+00
2.720000076293945312e+01 2.501502931118011475e-01 0.000000000000000000e+00 1.473181873734574765e-05 2.500011622905731201e-01 0.000000000000000000e+00 8.000000000000000000e+00 8.191000000000000000e+03 0.000000000000000000e+00 1.000000000000000000e+00 2.756299972534179688e+00
2.739999961853027344e+01 2.400587797164916992e-01 0.000000000000000000e+00 1.431019973097136244e-05 2.400041371583938599e-01 0.000000000000000000e+00 8.000000000000000000e+00 8.191000000000000000e+03 0.000000000000000000e+00 1.000000000000000000e+00 2.756299972534179688e+00
2.760000038146972656e+01 2.301757782697677612e-01 0.000000000000000000e+00 1.393829370499588549e-05 2.299945950508117676e-01 0.000000000000000000e+00 8.000000000000000000e+00 8.191000000000000000e+03 0.000000000000000000e+00 1.000000000000000000e+00 2.756000041961669922e+00
2.780000114440917969e+01 2.201591283082962036e-01 0.000000000000000000e+00 1.358672216156264767e-05 2.199975699186325073e-01 0.000000000000000000e+00 8.000000000000000000e+00 8.191000000000000000e+03 0.000000000000000000e+00 1.000000000000000000e+00 2.756000041961669922e+00
2.800000000000000000e+01 2.101437598466873169e-01 0.000000000000000000e+00 1.321442505286540836e-05 2.100005298852920532e-01 0.000000000000000000e+00 8.000000000000000000e+00 8.191000000000000000e+03 0.000000000000000000e+00 1.000000000000000000e+00 2.756000041961669922e+00
2.820000076293945312e+01 2.000897973775863647e-01 0.000000000000000000e+00 1.283167512156069279e-05 2.000034898519515991e-01 0.000000000000000000e+00 8.000000000000000000e+00 8.191000000000000000e+03 0.000000000000000000e+00 1.000000000000000000e+00 2.756000041961669922e+00
2.839999961853027344e+01 1.901475042104721069e-01 0.000000000000000000e+00 1.246656211151275784e-05 1.899939626455307007e-01 0.000000000000000000e+00 8.000000000000000000e+00 8.191000000000000000e+03 0.000000000000000000e+00 1.000000000000000000e+00 2.756000041961669922e+00
2.860000038146972656e+01 1.801628917455673218e-01 0.000000000000000000e+00 1.199948201247025281e-05 1.799969226121902466e-01 0.000000000000000000e+00 8.000000000000000000e+00 8.191000000000000000e+03 0.000000000000000000e+00 1.000000000000000000e+00 2.756199836730957031e+00
2.880000114440917969e+01 1.701470911502838135e-01 0.000000000000000000e+00 1.151928518083877861e-05 1.699998974800109863e-01 0.000000000000000000e+00 8.000000000000000000e+00 8.191000000000000000e+03 0.000000000000000000e+00 1.000000000000000000e+00 2.756199836730957031e+00
2.900000000000000000e+01 1.601259261369705200e-01 0.000000000000000000e+00 1.097764106816612184e-05 1.600028574466705322e-01 0.000000000000000000e+00 8.000000000000000000e+00 8.191000000000000000e+03 0.000000000000000000e+00 1.000000000000000000e+00 2.756199836730957031e+00
2.920000076293945312e+01 1.501555591821670532e-01 0.000000000000000000e+00 1.031138890539295971e-05 1.500058174133300781e-01 0.000000000000000000e+00 8.000000000000000000e+00 8.191000000000000000e+03 0.000000000000000000e+00 1.000000000000000000e+00 2.756199836730957031e+00
2.939999961853027344e+01 1.401319056749343872e-01 0.000000000000000000e+00 9.384733857586979866e-06 1.399962902069091797e-01 0.000000000000000000e+00 8.000000000000000000e+00 8.191000000000000000e+03 0.000000000000000000e+00 1.000000000000000000e+00 2.756199836730957031e+00
2.960000038146972656e+01 1.301027089357376099e-01 0.000000000000000000e+00 8.220692507165949792e-06 1.299992501735687256e-01 0.000000000000000000e+00 8.000000000000000000e+00 8.191000000000000000e+03 0.000000000000000000e+00 1.000000000000000000e+00 2.756199836730957031e+00
2.980000114440917969e+01 1.201155930757522583e-01 0.000000000000000000e+00 6.709907665936043486e-06 1.200022250413894653e-01 0.000000000000000000e+00 8.000000000000000000e+00 8.191000000000000000e+03 0.000000000000000000e+00 1.000000000000000000e+00 2.756199836730957031e+00
3.000000000000000000e+01 1.101254895329475403e-01 0.000000000000000000e+00 4.734303274744888768e-06 1.100051850080490112e-01 0.000000000000000000e+00 7.000000000000000000e+00 8.191000000000000000e+03 0.000000000000000000e+00 1.000000000000000000e+00 2.756199836730957031e+00
3.020000076293945312e+01 1.000688597559928894e-01 0.000000000000000000e+00 2.279322416143259034e-06 9.999565780162811279e-02 0.000000000000000000e+00 7.000000000000000000e+00 8.191000000000000000e+03 0.000000000000000000e+00 1.000000000000000000e+00 2.756199836730957031e+00
3.039999961853027344e+01 9.016057103872299194e-02 0.000000000000000000e+00 -7.080408295223605819e-07 8.999861776828765869e-02 0.000000000000000000e+00 7.000000000000000000e+00 8.191000000000000000e+03 0.000000000000000000e+00 1.000000000000000000e+00 2.756199836730957031e+00
3.060000038146972656e+01 8.009126037359237671e-02 0.000000000000000000e+00 -1.093766627491277177e-06 8.000158518552780151e-02 0.000000000000000000e+00 6.000000000000000000e+00 7.164000000000000000e+03 0.000000000000000000e+00 1.000000000000000000e+00 2.756199836730957031e+00
3.080000114440917969e+01 7.018388062715530396e-02 0.000000000000000000e+00 -8.131662980304099619e-06 7.000455260276794434e-02 0.000000000000000000e+00 7.000000000000000000e+00 8.191000000000000000e+03 0.000000000000000000e+00 1.000000000000000000e+00 2.756199836730957031e+00
3.100000000000000000e+01 6.020600348711013794e-02 0.000000000000000000e+00 -1.093666924134595320e-05 5.999501794576644897e-02 0.000000000000000000e+00 7.000000000000000000e+00 7.164000000000000000e+03 0.000000000000000000e+00 1.000000000000000000e+00 2.756199836730957031e+00
3.120000076293945312e+01 5.013700574636459351e-02 0.000000000000000000e+00 -1.655460255278740078e-05 4.999798536300659180e-02 0.000000000000000000e+00 8.000000000000000000e+00 8.191000000000000000e+03 0.000000000000000000e+00 1.000000000000000000e+00 2.756199836730957031e+00
3.139999961853027344e+01 4.019100964069366455e-02 0.000000000000000000e+00 -2.062883322651032358e-05 4.000094905495643616e-02 0.000000000000000000e+00 8.000000000000000000e+00 8.191000000000000000e+03 0.000000000000000000e+00 1.000000000000000000e+00 2.756199836730957031e+00
3.160000038146972656e+01 3.010028973221778870e-02 0.000000000000000000e+00 -2.418968870188109577e-05 3.000391460955142975e-02 0.000000000000000000e+00 8.000000000000000000e+00 8.191000000000000000e+03 0.000000000000000000e+00 1.000000000000000000e+00 2.755899906158447266e+00
3.180000114440917969e+01 2.015009149909019470e-02 0.000000000000000000e+00 -2.689147913770284504e-05 1.999438367784023285e-02 0.000000000000000000e+00 8.000000000000000000e+00 8.191000000000000000e+03 0.000000000000000000e+00 1.000000000000000000e+00 2.755899906158447266e+00
3.200000000000000000e+01 1.013902854174375534e-02 0.000000000000000000e+00 -2.857616891560610384e-05 9.997349232435226440e-03 0.000000000000000000e+00 8.000000000000000000e+00 8.191000000000000000e+03 0.000000000000000000e+00 1.000000000000000000e+00 2.755899906158447266e+00
3.220000076293945312e+01 1.831479894462972879e-04 0.000000000000000000e+00 -2.928340290964115411e-05 3.129243850708007812e-07 0.000000000000000000e+00 8.000000000000000000e+00 8.191000000000000000e+03 0.000000000000000000e+00 1.000000000000000000e+00 2.755899906158447266e+00
3.240000152587890625e+01 -9.874691255390644073e-03 0.000000000000000000e+00 -2.901589687098748982e-05 -9.996719658374786377e-03 0.000000000000000000e+00 8.000000000000000000e+00 8.191000000000000000e+03 0.000000000000000000e+00 1.000000000000000000e+00 2.755899906158447266e+00
3.260000228881835938e+01 -1.992464810609817505e-02 0.000000000000000000e+00 -2.793521889543626457e-05 -1.999375596642494202e-02 0.000000000000000000e+00 8.000000000000000000e+00 6.143000000000000000e+03 0.000000000000000000e+00 1.000000000000000000e+00 2.756099939346313477e+00
3.279999923706054688e+01 -2.985514327883720398e-02 0.000000000000000000e+00 -2.643287007231265306e-05 -3.000328317284584045e-02 0.000000000000000000e+00 8.000000000000000000e+00 8.191000000000000000e+03 0.000000000000000000e+00 1.000000000000000000e+00 2.756099939346313477e+00
3.300000000000000000e+01 -3.995193913578987122e-02 0.000000000000000000e+00 -2.468873935868032277e-05 -4.000032320618629456e-02 0.000000000000000000e+00 8.000000000000000000e+00 8.191000000000000000e+03 0.000000000000000000e+00 1.000000000000000000e+00 2.756099939346313477e+00
3.320000076293945312e+01 -4.993158951401710510e-02 0.000000000000000000e+00 -2.301455606357194483e-05 -4.999735578894615173e-02 0.000000000000000000e+00 8.000000000000000000e+00 8.191000000000000000e+03 0.000000000000000000e+00 1.000000000000000000e+00 2.756099939346313477e+00
3.340000152587890625e+01 -5.987772345542907715e-02 0.000000000000000000e+00 -2.146706174244172871e-05 -5.999438837170600891e-02 0.000000000000000000e+00 8.000000000000000000e+00 8.191000000000000000e+03 0.000000000000000000e+00 1.000000000000000000e+00 2.756099939346313477e+00
3.360000228881835938e+01 -6.993021070957183838e-02 0.000000000000000000e+00 -2.005319402087479830e-05 -7.000392675399780273e-02 0.000000000000000000e+00 8.000000000000000000e+00 8.191000000000000000e+03 0.000000000000000000e+00 1.000000000000000000e+00 2.756199836730957031e+00
3.379999923706054688e+01 -7.998099178075790405e-02 0.000000000000000000e+00 -1.870911546575371176e-05 -8.000095188617706299e-02 0.000000000000000000e+00 8.000000000000000000e+00 8.191000000000000000e+03 0.000000000000000000e+00 1.000000000000000000e+00 2.756199836730957031e+00
3.400000000000000000e+01 -8.986815065145492554e-02 0.000000000000000000e+00 -1.752367643348407000e-05 -8.999799191951751709e-02 0.000000000000000000e+00 8.000000000000000000e+00 8.191000000000000000e+03 0.000000000000000000e+00 1.000000000000000000e+00 2.756199836730957031e+00
3.420000076293945312e+01 -9.989672899246215820e-02 0.000000000000000000e+00 -1.655427695368416607e-05 -9.999501705169677734e-02 0.000000000000000000e+00 8.000000000000000000e+00 8.191000000000000000e+03 0.000000000000000000e+00 1.000000000000000000e+00 2.756199836730957031e+00
3.440000152587890625e+01 -1.098675280809402466e-01 0.000000000000000000e+00 -1.568466177559457719e-05 -1.100045591592788696e-01 0.000000000000000000e+00 8.000000000000000000e+00 8.191000000000000000e+03 0.000000000000000000e+00 1.000000000000000000e+00 2.756199836730957031e+00
3.460000228881835938e+01 -1.199173331260681152e-01 0.000000000000000000e+00 -1.494149819336598739e-05 -1.200015842914581299e-01 0.000000000000000000e+00 8.000000000000000000e+00 8.191000000000000000e+03 0.000000000000000000e+00 1.000000000000000000e+00 2.756099939346313477e+00
3.479999923706054688e+01 -1.298882514238357544e-01 0.000000000000000000e+00 -1.425152095180237666e-05 -1.299986243247985840e-01 0.000000000000000000e+00 8.000000000000000000e+00 8.191000000000000000e+03 0.000000000000000000e+00 1.000000000000000000e+00 2.756099939346313477e+00
3.500000000000000000e+01 -1.398787647485733032e-01 0.000000000000000000e+00 -1.368382618238683790e-05 -1.399956643581390381e-01 0.000000000000000000e+00 8.000000000000000000e+00 8.191000000000000000e+03 0.000000000000000000e+00 1.000000000000000000e+00 2.756099939346313477e+00
3.520000076293945312e+01 -1.498296707868576050e-01 0.000000000000000000e+00 -1.315729605266824365e-05 -1.500051915645599365e-01 0.000000000000000000e+00 8.000000000000000000e+00 8.191000000000000000e+03 0.000000000000000000e+00 1.000000000000000000e+00 2.756099939346313477e+00
3.540000152587890625e+01 -1.599047631025314331e-01 0.000000000000000000e+00 -1.277088449569419026e-05 -1.600022166967391968e-01 0.000000000000000000e+00 8.000000000000000000e+00 8.191000000000000000e+03 0.000000000000000000e+00 1.000000000000000000e+00 2.756099939346313477e+00
3.560000228881835938e+01 -1.698844581842422485e-01 0.000000000000000000e+00 -1.247024192707613111e-05 -1.699992567300796509e-01 0.000000000000000000e+00 8.000000000000000000e+00 8.191000000000000000e+03 0.000000000000000000e+00 1.000000000000000000e+00 2.756000041961669922e+00
3.579999923706054688e+01 -1.798815280199050903e-01 0.000000000000000000e+00 -1.219152909470722079e-05 -1.799962967634201050e-01 0.000000000000000000e+00 8.000000000000000000e+00 8.191000000000000000e+03 0.000000000000000000e+00 1.000000000000000000e+00 2.756000041961669922e+00
3.600000000000000000e+01 -1.899703294038772583e-01 0.000000000000000000e+00 -1.206923934660153463e-05 -1.900058239698410034e-01 0.000000000000000000e+00 8.000000000000000000e+00 8.191000000000000000e+03 0.000000000000000000e+00 1.000000000000000000e+00 2.756000041961669922e+00
3.620000076293945312e+01 -1.999386250972747803e-01 0.000000000000000000e+00 -1.201112627313705161e-05 -2.000028640031814575e-01 0.000000000000000000e+00 8.000000000000000000e+00 8.191000000000000000e+03 0.000000000000000000e+00 1.000000000000000000e+00 2.756000041961669922e+00
3.640000152587890625e+01 -1.898957639932632446e-01 0.000000000000000000e+00 -1.116517614718759432e-05 -1.900058239698410034e-01 0.000000000000000000e+00 8.000000000000000000e+00 8.191000000000000000e+03 0.000000000000000000e+00 2.000000000000000000e+00 2.756000041961669922e+00
3.660000228881835938e+01 -1.798880100250244141e-01 0.000000000000000000e+00 -1.047008026944240555e-05 -1.799962967634201050e-01 0.000000000000000000e+00 8.000000000000000000e+00 8.191000000000000000e+03 0.000000000000000000e+00 2.000000000000000000e+00 2.756000041961669922e+00
3.679999923706054688e+01 -1.698634028434753418e-01 0.000000000000000000e+00 -9.881595360639039427e-06 -1.699992567300796509e-01 0.000000000000000000e+00 8.000000000000000000e+00 8.191000000000000000e+03 0.000000000000000000e+00 2.000000000000000000e+00 2.756000041961669922e+00
3.700000000000000000e+01 -1.598926335573196411e-01 0.000000000000000000e+00 -9.376250091008841991e-06 -1.600022166967391968e-01 0.000000000000000000e+00 8.000000000000000000e+00 8.191000000000000000e+03 0.000000000000000000e+00 2.000000000000000000e+00 2.756000041961669922e+00
3.720000076293945312e+01 -1.499490737915039062e-01 0.000000000000000000e+00 -8.954059921961743385e-06 -1.500051915645599365e-01 0.000000000000000000e+00 8.000000000000000000e+00 8.191000000000000000e+03 0.000000000000000000e+00 2.000000000000000000e+00 2.756000041961669922e+00
3.740000152587890625e+01 -1.398630887269973755e-01 0.000000000000000000e+00 -8.503537173965014517e-06 -1.399956643581390381e-01 0.000000000000000000e+00 8.000000000000000000e+00 8.191000000000000000e+03 0.000000000000000000e+00 2.000000000000000000e+00 2.756000041961669922e+00
3.760000228881835938e+01 -1.299131512641906738e-01 0.000000000000000000e+00 -8.174475624400656670e-06 -1.299986243247985840e-01 0.000000000000000000e+00 8.000000000000000000e+00 8.191000000000000000e+03 0.000000000000000000e+00 2.000000000000000000e+00 2.756000041961669922e+00
3.779999923706054688e+01 -1.198399662971496582e-01 0.000000000000000000e+00 -7.849575922591611743e-06 -1.200015842914581299e-01 0.000000000000000000e+00 8.000000000000000000e+00 8.191000000000000000e+03 0.000000000000000000e+00 2.000000000000000000e+00 2.756000041961669922e+00
3.800000000000000000e+01 -1.098216101527214050e-01 0.000000000000000000e+00 -7.550092959718313068e-06 -1.100045591592788696e-01 0.000000000000000000e+00 7.000000000000000000e+00 8.191000000000000000e+03 0.000000000000000000e+00 2.000000000000000000e+00 2.756000041961669922e+00
3.820000076293945312e+01 -9.990597516298294067e-02 0.000000000000000000e+00 -7.229051789181539789e-06 -9.999501705169677734e-02 0.000000000000000000e+00 7.000000000000000000e+00 8.191000000000000000e+03 0.000000000000000000e+00 2.000000000000000000e+00 2.756000041961669922e+00
3.840000152587890625e+01 -8.993127942085266113e-02 0.000000000000000000e+00 -6.891363227623514831e-06 -8.999799191951751709e-02 0.000000000000000000e+00 7.000000000000000000e+00 8.191000000000000000e+03 0.000000000000000000e+00 2.000000000000000000e+00 2.756000041961669922e+00
3.860000228881835938e+01 -7.985856384038925171e-02 0.000000000000000000e+00 -6.522795501950895414e-06 -8.000095188617706299e-02 0.000000000000000000e+00 7.000000000000000000e+00 8.191000000000000000e+03 0.000000000000000000e+00 2.000000000000000000e+00 2.756000041961669922e+00
3.879999923706054688e+01 -6.985526531934738159e-02 0.000000000000000000e+00 -6.093267984397243708e-06 -7.000392675399780273e-02 0.000000000000000000e+00 7.000000000000000000e+00 8.191000000000000000e+03 0.000000000000000000e+00 2.000000000000000000e+00 2.756000041961669922e+00
3.900000000000000000e+01 -5.987868458032608032e-02 0.000000000000000000e+00 -5.571583642449695617e-06 -5.999438837170600891e-02 0.000000000000000000e+00 7.000000000000000000e+00 8.191000000000000000e+03 0.000000000000000000e+00 2.000000000000000000e+00 2.756000041961669922e+00
3.920000076293945312e+01 -4.992938786745071411e-02 0.000000000000000000e+00 -4.918889317195862532e-06 -4.999735578894615173e-02 0.000000000000000000e+00 7.000000000000000000e+00 8.191000000000000000e+03 0.000000000000000000e+00 2.000000000000000000e+00 2.756000041961669922e+00
3.940000152587890625e+01 -3.988064080476760864e-02 0.000000000000000000e+00 -4.065134817210491747e-06 -4.000032320618629456e-02 0.000000000000000000e+00 7.000000000000000000e+00 8.191000000000000000e+03 0.000000000000000000e+00 2.000000000000000000e+00 2.756000041961669922e+00
3.960000228881835938e+01 -2.991866692900657654e-02 0.000000000000000000e+00 -2.942451601484208368e-06 -3.000328317284584045e-02 0.000000000000000000e+00 7.000000000000000000e+00 8.191000000000000000e+03 0.000000000000000000e+00 2.000000000000000000e+00 2.756000041961669922e+00
3.979999923706054688e+01 -1.988729834556579590e-02 0.000000000000000000e+00 -1.455101710234885104e-06 -1.999375596642494202e-02 0.000000000000000000e+00 7.000000000000000000e+00 8.191000000000000000e+03 0.000000000000000000e+00 2.000000000000000000e+00 2.756000041961669922e+00
4.000000000000000000e+01 -9.831255301833152771e-03 0.000000000000000000e+00 4.911589144285244402e-07 -9.996719658374786377e-03 0.000000000000000000e+00 7.000000000000000000e+00 8.191000000000000000e+03 0.000000000000000000e+00 2.000000000000000000e+00 2.756000041961669922e+00
4.020000076293945312e+01 1.003602228593081236e-04 0.000000000000000000e+00 1.093102355298469774e-06 3.129243850708007812e-07 0.000000000000000000e+00 6.000000000000000000e+00 7.164000000000000000e+03 0.000000000000000000e+00 2.000000000000000000e+00 2.756000041961669922e+00
4.040000152587890625e+01 1.017416175454854965e-02 0.000000000000000000e+00 5.981441972835455090e-06 9.997349232435226440e-03 0.000000000000000000e+00 7.000000000000000000e+00 8.191000000000000000e+03 0.000000000000000000e+00 2.000000000000000000e+00 2.756000041961669922e+00
4.060000228881835938e+01 2.007033862173557281e-02 0.000000000000000000e+00 9.536629477224778384e-06 1.999438367784023285e-02 0.000000000000000000e+00 7.000000000000000000e+00 6.143000000000000000e+03 0.000000000000000000e+00 2.000000000000000000e+00 2.756000041961669922e+00
4.079999923706054688e+01 3.008116595447063446e-02 0.000000000000000000e+00 1.354993128188652918e-05 3.000391460955142975e-02 0.000000000000000000e+00 8.000000000000000000e+00 8.191000000000000000e+03 0.000000000000000000e+00 2.000000000000000000e+00 2.756000041961669922e+00
4.100000000000000000e+01 4.017400369048118591e-02 0.000000000000000000e+00 1.777284342097118497e-05 4.000094905495643616e-02 0.000000000000000000e+00 8.000000000000000000e+00 8.191000000000000000e+03 0.000000000000000000e+00 2.000000000000000000e+00 2.756000041961669922e+00
4.120000076293945312e+01 5.012866854667663574e-02 0.000000000000000000e+00 2.201501592935528606e-05 4.999798536300659180e-02 0.000000000000000000e+00 8.000000000000000000e+00 8.191000000000000000e+03 0.000000000000000000e+00 2.000000000000000000e+00 2.756000041961669922e+00
4.140000152587890625e+01 6.009982153773307800e-02 0.000000000000000000e+00 2.598683749965857714e-05 5.999501794576644897e-02 0.000000000000000000e+00 8.000000000000000000e+00 8.191000000000000000e+03 0.000000000000000000e+00 2.000000000000000000e+00 2.756000041961669922e+00
4.160000228881835938e+01 7.016594707965850830e-02 0.000000000000000000e+00 2.939802288892678916e-05 7.000455260276794434e-02 0.000000000000000000e+00 8.000000000000000000e+00 8.191000000000000000e+03 0.000000000000000000e+00 2.000000000000000000e+00 2.755699872970581055e+00
4.179999923706054688e+01 8.012548089027404785e-02 0.000000000000000000e+00 3.209826536476612091e-05 8.000158518552780151e-02 0.000000000000000000e+00 8.000000000000000000e+00 8.191000000000000000e+03 0.000000000000000000e+00 2.000000000000000000e+00 2.755699872970581055e+00
4.200000000000000000e+01 9.010662138462066650e-02 0.000000000000000000e+00 3.383884177310392261e-05 8.999861776828765869e-02 0.000000000000000000e+00 8.000000000000000000e+00 8.191000000000000000e+03 0.000000000000000000e+00 2.000000000000000000e+00 2.755699872970581055e+00
4.220000076293945312e+01 1.001311838626861572e-01 0.000000000000000000e+00 3.454748002695851028e-05 9.999565780162811279e-02 0.000000000000000000e+00 8.000000000000000000e+00 8.191000000000000000e+03 0.000000000000000000e+00 2.000000000000000000e+00 2.755699872970581055e+00
4.240000152587890625e+01 1.101596802473068237e-01 0.000000000000000000e+00 3.428949275985360146e-05 1.100051850080490112e-01 0.000000000000000000e+00 8.000000000000000000e+00 8.191000000000000000e+03 0.000000000000000000e+00 2.000000000000000000e+00 2.755699872970581055e+00
4.260000228881835938e+01 1.202553138136863708e-01 0.000000000000000000e+00 3.331327025080099702e-05 1.200022250413894653e-01 0.000000000000000000e+00 8.000000000000000000e+00 8.191000000000000000e+03 0.000000000000000000e+00 2.000000000000000000e+00 2.756000041961669922e+00
4.279999923706054688e+01 1.301477849483489990e-01 0.000000000000000000e+00 3.187373658875003457e-05 1.299992501735687256e-01 0.000000000000000000e+00 8.000000000000000000e+00 8.191000000000000000e+03 0.000000000000000000e+00 2.000000000000000000e+00 2.756000041961669922e+00
4.300000000000000000e+01 1.401389688253402710e-01 0.000000000000000000e+00 3.026083504664711654e-05 1.399962902069091797e-01 0.000000000000000000e+00 8.000000000000000000e+00 8.191000000000000000e+03 0.000000000000000000e+00 2.000000000000000000e+00 2.756000041961669922e+00
4.320000076293945312e+01 1.502424031496047974e-01 0.000000000000000000e+00 2.866716204152908176e-05 1.500058174133300781e-01 0.000000000000000000e+00 8.000000000000000000e+00 8.191000000000000000e+03 0.000000000000000000e+00 2.000000000000000000e+00 2.756000041961669922e+00
4.340000152587890625e+01 1.601869910955429077e-01 0.000000000000000000e+00 2.713161484280135483e-05 1.600028574466705322e-01 0.000000000000000000e+00 8.000000000000000000e+00 8.191000000000000000e+03 0.000000000000000000e+00 2.000000000000000000e+00 2.756000041961669922e+00
4.360000228881835938e+01 1.701822876930236816e-01 0.000000000000000000e+00 2.575775579316541553e-05 1.699998974800109863e-01 0.000000000000000000e+00 8.000000000000000000e+00 8.191000000000000000e+03 0.000000000000000000e+00 2.000000000000000000e+00 2.756000041961669922e+00
4.379999923706054688e+01 1.801653355360031128e-01 0.000000000000000000e+00 2.453872730256989598e-05 1.799969226121902466e-01 0.000000000000000000e+00 8.000000000000000000e+00 8.191000000000000000e+03 0.000000000000000000e+00 2.000000000000000000e+00 2.756000041961669922e+00
4.400000000000000000e+01 1.901444792747497559e-01 0.000000000000000000e+00 2.348104681004770100e-05 1.899939626455307007e-01 0.000000000000000000e+00 8.000000000000000000e+00 8.191000000000000000e+03 0.000000000000000000e+00 2.000000000000000000e+00 2.756000041961669922e+00
4.420000076293945312e+01 2.000658661127090454e-01 0.000000000000000000e+00 2.250666329928208143e-05 2.000034898519515991e-01 0.000000000000000000e+00 8.000000000000000000e+00 8.191000000000000000e+03 0.000000000000000000e+00 2.000000000000000000e+00 2.756000041961669922e+00
4.440000152587890625e+01 2.101752758026123047e-01 0.000000000000000000e+00 2.173422035411931574e-05 2.100005298852920532e-01 0.000000000000000000e+00 8.000000000000000000e+00 8.191000000000000000e+03 0.000000000000000000e+00 2.000000000000000000e+00 2.756000041961669922e+00
4.460000228881835938e+01 2.201389223337173462e-01 0.000000000000000000e+00 2.096715252264402807e-05 2.199975699186325073e-01 0.000000000000000000e+00 8.000000000000000000e+00 8.191000000000000000e+03 0.000000000000000000e+00 2.000000000000000000e+00 2.756000041961669922e+00
4.479999923706054688e+01 2.301100045442581177e-01 0.000000000000000000e+00 2.036830301221925765e-05 2.299945950508117676e-01 0.000000000000000000e+00 8.000000000000000000e+00 8.191000000000000000e+03 0.000000000000000000e+00 2.000000000000000000e+00 2.756000041961669922e+00
4.500000000000000000e+01 2.401026487350463867e-01 0.000000000000000000e+00 1.981489913305267692e-05 2.400041371583938599e-01 0.000000000000000000e+00 8.000000000000000000e+00 8.191000000000000000e+03 0.000000000000000000e+00 2.000000000000000000e+00 2.756000041961669922e+00
4.520000076293945312e+01 2.501179277896881104e-01 0.000000000000000000e+00 1.933167368406429887e-05 2.500011622905731201e-01 0.000000000000000000e+00 8.000000000000000000e+00 8.191000000000000000e+03 0.000000000000000000e+00 2.000000000000000000e+00 2.756000041961669922e+00
4.540000152587890625e+01 2.601948082447052002e-01 0.000000000000000000e+00 1.893606713565532118e-05 2.599982023239135742e-01 0.000000000000000000e+00 8.000000000000000000e+00 8.191000000000000000e+03 0.000000000000000000e+00 2.000000000000000000e+00 2.756000041961669922e+00
4.560000228881835938e+01 2.702153921127319336e-01 0.000000000000000000e+00 1.858011819422245026e-05 2.699952423572540283e-01 0.000000000000000000e+00 8.000000000000000000e+00 8.191000000000000000e+03 0.000000000000000000e+00 2.000000000000000000e+00 2.756000041961669922e+00
4.579999923706054688e+01 2.801303565502166748e-01 0.000000000000000000e+00 1.827876076276879758e-05 2.800047695636749268e-01 0.000000000000000000e+00 8.000000000000000000e+00 8.191000000000000000e+03 0.000000000000000000e+00 2.000000000000000000e+00 2.756000041961669922e+00
4.600000000000000000e+01 2.902099490165710449e-01 0.000000000000000000e+00 1.799523306544870138e-05 2.900017797946929932e-01 0.000000000000000000e+00 8.000000000000000000e+00 8.191000000000000000e+03 0.000000000000000000e+00 2.000000000000000000e+00 2.756000041961669922e+00
4.620000076293945312e+01 3.001373708248138428e-01 0.000000000000000000e+00 1.771262577676679939e-05 2.999988198280334473e-01 0.000000000000000000e+00 8.000000000000000000e+00 8.191000000000000000e+03 0.000000000000000000e+00 2.000000000000000000e+00 2.756000041961669922e+00
4.640000152587890625e+01 2.901639044284820557e-01 0.000000000000000000e+00 1.642831557546742260e-05 2.900017797946929932e-01 0.000000000000000000e+00 8.000000000000000000e+00 8.191000000000000000e+03 0.000000000000000000e+00 2.000000000000000000e+00 2.756000041961669922e+00
4.660000228881835938e+01 2.801912724971771240e-01 0.000000000000000000e+00 1.560466989758424461e-05 2.800047695636749268e-01 0.000000000000000000e+00 8.000000000000000000e+00 8.191000000000000000e+03 0.000000000000000000e+00 2.000000000000000000e+00 2.756099939346313477e+00
4.679999923706054688e+01 2.700868546962738037e-01 0.000000000000000000e+00 1.498366236774018034e-05 2.699952423572540283e-01 0.000000000000000000e+00 8.000000000000000000e+00 8.191000000000000000e+03 0.000000000000000000e+00 2.000000000000000000e+00 2.756099939346313477e+00
4.700000000000000000e+01 2.600446045398712158e-01 0.000000000000000000e+00 1.441914537281263620e-05 2.599982023239135742e-01 0.000000000000000000e+00 8.000000000000000000e+00 8.191000000000000000e+03 0.000000000000000000e+00 2.000000000000000000e+00 2.756099939346313477e+00
4.720000076293945312e+01 2.501650750637054443e-01 0.000000000000000000e+00 1.404099748469889164e-05 2.500011622905731201e-01 0.000000000000000000e+00 8.000000000000000000e+00 8.191000000000000000e+03 0.000000000000000000e+00 2.000000000000000000e+00 2.756099939346313477e+00
4.740000152587890625e+01 2.401640117168426514e-01 0.000000000000000000e+00 1.358910958515480161e-05 2.400041371583938599e-01 0.000000000000000000e+00 8.000000000000000000e+00 8.191000000000000000e+03 0.000000000000000000e+00 2.000000000000000000e+00 2.756099939346313477e+00
4.760000228881835938e+01 2.301315665245056152e-01 0.000000000000000000e+00 1.327149402641225606e-05 2.299945950508117676e-01 0.000000000000000000e+00 8.000000000000000000e+00 8.191000000000000000e+03 0.000000000000000000e+00 2.000000000000000000e+00 2.755800008773803711e+00
4.779999923706054688e+01 2.202047258615493774e-01 0.000000000000000000e+00 1.293713194172596559e-05 2.199975699186325073e-01 0.000000000000000000e+00 8.000000000000000000e+00 8.191000000000000000e+03 0.000000000000000000e+00 2.000000000000000000e+00 2.755800008773803711e+00
4.800000000000000000e+01 2.101639211177825928e-01 0.000000000000000000e+00 1.255565348401432857e-05 2.100005298852920532e-01 0.000000000000000000e+00 8.000000000000000000e+00 8.191000000000000000e+03 0.000000000000000000e+00 2.000000000000000000e+00 2.755800008773803711e+00
4.820000076293945312e+01 2.001245319843292236e-01 0.000000000000000000e+00 1.218210400111274794e-05 2.000034898519515991e-01 0.000000000000000000e+00 8.000000000000000000e+00 8.191000000000000000e+03 0.000000000000000000e+00 2.000000000000000000e+00 2.755800008773803711e+00
4.840000152587890625e+01 1.900822669267654419e-01 0.000000000000000000e+00 1.183144104288658127e-05 1.899939626455307007e-01 0.000000000000000000e+00 8.000000000000000000e+00 8.191000000000000000e+03 0.000000000000000000e+00 2.000000000000000000e+00 2.755800008773803711e+00
4.860000228881835938e+01 1.801052689552307129e-01 0.000000000000000000e+00 1.139278083428507671e-05 1.799969226121902466e-01 0.000000000000000000e+00 8.000000000000000000e+00 8.191000000000000000e+03 0.000000000000000000e+00 2.000000000000000000e+00 2.756000041961669922e+00
4.879999923706054688e+01 1.702194213867187500e-01 0.000000000000000000e+00 1.093700939236441627e-05 1.699998974800109863e-01 0.000000000000000000e+00 8.000000000000000000e+00 8.191000000000000000e+03 0.000000000000000000e+00 2.000000000000000000e+00 2.756000041961669922e+00
4.900000000000000000e+01 1.601291447877883911e-01 0.000000000000000000e+00 1.042322128341766074e-05 1.600028574466705322e-01 0.000000000000000000e+00 8.000000000000000000e+00 8.191000000000000000e+03 0.000000000000000000e+00 2.000000000000000000e+00 2.756000041961669922e+00
4.920000076293945312e+01 1.501079946756362915e-01 0.000000000000000000e+00 9.719596164359245449e-06 1.500058174133300781e-01 0.000000000000000000e+00 8.000000000000000000e+00 8.191000000000000000e+03 0.000000000000000000e+00 2.000000000000000000e+00 2.756000041961669922e+00
4.940000152587890625e+01 1.401234716176986694e-01 0.000000000000000000e+00 8.859486115397885442e-06 1.399962902069091797e-01 0.000000000000000000e+00 8.000000000000000000e+00 8.191000000000000000e+03 0.000000000000000000e+00 2.000000000000000000e+00 2.756000041961669922e+00
4.960000228881835938e+01 1.302227377891540527e-01 0.000000000000000000e+00 7.767346687614917755e-06 1.299992501735687256e-01 0.000000000000000000e+00 8.000000000000000000e+00 8.191000000000000000e+03 0.000000000000000000e+00 2.000000000000000000e+00 2.756000041961669922e+00
4.979999923706054688e+01 1.201441511511802673e-01 0.000000000000000000e+00 6.267507615120848641e-06 1.200022250413894653e-01 0.000000000000000000e+00 7.000000000000000000e+00 8.191000000000000000e+03 0.000000000000000000e+00 2.000000000000000000e+00 2.756000041961669922e+00
5.000000000000000000e+01 1.101814582943916321e-01 0.000000000000000000e+00 4.392016307974699885e-06 1.100051850080490112e-01 0.000000000000000000e+00 7.000000000000000000e+00 8.191000000000000000e+03 0.000000000000000000e+00 2.000000000000000000e+00 2.756000041961669922e+00
5.020000076293945312e+01 1.000493466854095459e-01 0.000000000000000000e+00 2.003109557335847057e-06 9.999565780162811279e-02 0.000000000000000000e+00 7.000000000000000000e+00 8.191000000000000000e+03 0.000000000000000000e+00 2.000000000000000000e+00 2.756000041961669922e+00
5.040000152587890625e+01 9.008018672466278076e-02 0.000000000000000000e+00 -9.199061992148926947e-07 8.999861776828765869e-02 0.000000000000000000e+00 7.000000000000000000e+00 8.191000000000000000e+03 0.000000000000000000e+00 2.000000000000000000e+00 2.756000041961669922e+00
5.060000228881835938e+01 8.018669486045837402e-02 0.000000000000000000e+00 -4.368057034298544750e-06 8.000158518552780151e-02 0.000000000000000000e+00 7.000000000000000000e+00 8.191000000000000000e+03 0.000000000000000000e+00 2.000000000000000000e+00 2.755899906158447266e+00
5.079999923706054688e+01 7.021006196737289429e-02 0.000000000000000000e+00 -8.267717021226417273e-06 7.000455260276794434e-02 0.000000000000000000e+00 7.000000000000000000e+00 8.191000000000000000e+03 0.000000000000000000e+00 2.000000000000000000e+00 2.755899906158447266e+00
5.100000000000000000e+01 6.018619984388351440e-02 0.000000000000000000e+00 -1.093666924134595320e-05 5.999501794576644897e-02 0.000000000000000000e+00 7.000000000000000000e+00 7.164000000000000000e+03 0.000000000000000000e+00 2.000000000000000000e+00 2.755899906158447266e+00
5.120000076293945312e+01 5.013659968972206116e-02 0.000000000000000000e+00 -1.665201853029429913e-05 4.999798536300659180e-02 0.000000000000000000e+00 8.000000000000000000e+00 8.191000000000000000e+03 0.000000000000000000e+00 2.000000000000000000e+00 2.755899906158447266e+00
5.140000152587890625e+01 4.019749164581298828e-02 0.000000000000000000e+00 -2.073943505820352584e-05 4.000094905495643616e-02 0.000000000000000000e+00 8.000000000000000000e+00 8.191000000000000000e+03 0.000000000000000000e+00 2.000000000000000000e+00 2.755899906158447266e+00
5.160000228881835938e+01 3.006074577569961548e-02 0.000000000000000000e+00 -2.434787711536046118e-05 3.000391460955142975e-02 0.000000000000000000e+00 8.000000000000000000e+00 8.191000000000000000e+03 0.000000000000000000e+00 2.000000000000000000e+00 2.755899906158447266e+00
5.179999923706054688e+01 2.012681402266025543e-02 0.000000000000000000e+00 -2.715100708883255720e-05 1.999438367784023285e-02 0.000000000000000000e+00 8.000000000000000000e+00 8.191000000000000000e+03 0.000000000000000000e+00 2.000000000000000000e+00 2.755899906158447266e+00
5.200000000000000000e+01 1.016225945204496384e-02 0.000000000000000000e+00 -2.893534838221967220e-05 9.997349232435226440e-03 0.000000000000000000e+00 8.000000000000000000e+00 8.191000000000000000e+03 0.000000000000000000e+00 2.000000000000000000e+00 2.755899906158447266e+00
5.220000076293945312e+01 1.132867764681577682e-04 0.000000000000000000e+00 -2.976369614771101624e-05 3.129243850708007812e-07 0.000000000000000000e+00 8.000000000000000000e+00 8.191000000000000000e+03 0.000000000000000000e+00 2.000000000000000000e+00 2.755899906158447266e+00
5.240000152587890625e+01 -9.904186241328716278e-03 0.000000000000000000e+00 -2.951331225631292909e-05 -9.996719658374786377e-03 0.000000000000000000e+00 8.000000000000000000e+00 8.191000000000000000e+03 0.000000000000000000e+00 2.000000000000000000e+00 2.755899906158447266e+00
5.260000228881835938e+01 -1.983978226780891418e-02 0.000000000000000000e+00 -2.845792187144979835e-05 -1.999375596642494202e-02 0.000000000000000000e+00 8.000000000000000000e+00 8.191000000000000000e+03 0.000000000000000000e+00 2.000000000000000000e+00 2.755899906158447266e+00
5.279999923706054688e+01 -2.927263826131820679e-02 0.000000000000000000e+00 -2.699563083297107369e-05 -3.000328317284584045e-02 0.000000000000000000e+00 8.000000000000000000e+00 6.143000000000000000e+03 0.000000000000000000e+00 2.000000000000000000e+00 2.755899906158447266e+00
5.300000000000000000e+01 -3.990654647350311279e-02 0.000000000000000000e+00 -2.527643482608254999e-05 -4.000032320618629456e-02 0.000000000000000000e+00 8.000000000000000000e+00 8.191000000000000000e+03 0.000000000000000000e+00 2.000000000000000000e+00 2.755899906158447266e+00
5.320000076293945312e+01 -4.988088831305503845e-02 0.000000000000000000e+00 -2.358585334150120616e-05 -4.999735578894615173e-02 0.000000000000000000e+00 8.000000000000000000e+00 8.191000000000000000e+03 0.000000000000000000e+00 2.000000000000000000e+00 2.755899906158447266e+00
5.340000152587890625e+01 -5.990142002701759338e-02 0.000000000000000000e+00 -2.195705565100070089e-05 -5.999438837170600891e-02 0.000000000000000000e+00 8.000000000000000000e+00 8.191000000000000000e+03 0.000000000000000000e+00 2.000000000000000000e+00 2.755899906158447266e+00
5.360000228881835938e+01 -6.982779502868652344e-02 0.000000000000000000e+00 -2.050741022685542703e-05 -7.000392675399780273e-02 0.000000000000000000e+00 8.000000000000000000e+00 8.191000000000000000e+03 0.000000000000000000e+00 2.000000000000000000e+00 2.756099939346313477e+00
5.379999923706054688e+01 -7.980884611606597900e-02 0.000000000000000000e+00 -1.916614201036281884e-05 -8.000095188617706299e-02 0.000000000000000000e+00 8.000000000000000000e+00 8.191000000000000000e+03 0.000000000000000000e+00 2.000000000000000000e+00 2.756099939346313477e+00
5.400000000000000000e+01 -8.982346206903457642e-02 0.000000000000000000e+00 -1.805163083190564066e-05 -8.999799191951751709e-02 0.000000000000000000e+00 8.000000000000000000e+00 8.191000000000000000e+03 0.000000000000000000e+00 2.000000000000000000e+00 2.756099939346313477e+00
5.420000076293945312e+01 -9.985952824354171753e-02 0.000000000000000000e+00 -1.703551606624387205e-05 -9.999501705169677734e-02 0.000000000000000000e+00 8.000000000000000000e+00 8.191000000000000000e+03 0.000000000000000000e+00 2.000000000000000000e+00 2.756099939346313477e+00
5.440000152587890625e+01 -1.099084541201591492e-01 0.000000000000000000e+00 -1.617356974747963250e-05 -1.100045591592788696e-01 0.000000000000000000e+00 8.000000000000000000e+00 8.191000000000000000e+03 0.000000000000000000e+00 2.000000000000000000e+00 2.756099939346313477e+00
5.460000228881835938e+01 -1.198942959308624268e-01 0.000000000000000000e+00 -1.537935349915642291e-05 -1.200015842914581299e-01 0.000000000000000000e+00 8.000000000000000000e+00 8.191000000000000000e+03 0.000000000000000000e+00 2.000000000000000000e+00 2.755899906158447266e+00
5.479999923706054688e+01 -1.298946291208267212e-01 0.000000000000000000e+00 -1.468732989451382309e-05 -1.299986243247985840e-01 0.000000000000000000e+00 8.000000000000000000e+00 8.191000000000000000e+03 0.000000000000000000e+00 2.000000000000000000e+00 2.755899906158447266e+00
5.500000000000000000e+01 -1.399399340152740479e-01 0.000000000000000000e+00 -1.412233268638374284e-05 -1.399956643581390381e-01 0.000000000000000000e+00 8.000000000000000000e+00 8.191000000000000000e+03 0.000000000000000000e+00 2.000000000000000000e+00 2.755899906158447266e+00
5.520000076293945312e+01 -1.499025672674179077e-01 0.000000000000000000e+00 -1.361828981316648424e-05 -1.500051915645599365e-01 0.000000000000000000e+00 8.000000000000000000e+00 8.191000000000000000e+03 0.000000000000000000e+00 2.000000000000000000e+00 2.755899906158447266e+00
5.540000152587890625e+01 -1.598618179559707642e-01 0.000000000000000000e+00 -1.317070655204588547e-05 -1.600022166967391968e-01 0.000000000000000000e+00 8.000000000000000000e+00 8.191000000000000000e+03 0.000000000000000000e+00 2.000000000000000000e+00 2.755899906158447266e+00
5.560000228881835938e+01 -1.699358075857162476e-01 0.000000000000000000e+00 -1.287830218643648550e-05 -1.699992567300796509e-01 0.000000000000000000e+00 8.000000000000000000e+00 8.191000000000000000e+03 0.000000000000000000e+00 2.000000000000000000e+00 2.755899906158447266e+00
5.579999923706054688e+01 -1.798983067274093628e-01 0.000000000000000000e+00 -1.260487078980077058e-05 -1.799962967634201050e-01 0.000000000000000000e+00 8.000000000000000000e+00 8.191000000000000000e+03 0.000000000000000000e+00 2.000000000000000000e+00 2.755899906158447266e+00
5.600000000000000000e+01 -1.899800002574920654e-01 0.000000000000000000e+00 -1.244514896825421602e-05 -1.900058239698410034e-01 0.000000000000000000e+00 8.000000000000000000e+00 8.191000000000000000e+03 0.000000000000000000e+00 2.000000000000000000e+00 2.755899906158447266e+00
5.620000076293945312e+01 -1.998499333858489990e-01 0.000000000000000000e+00 -1.226971653522923589e-05 -2.000028640031814575e-01 0.000000000000000000e+00 8.000000000000000000e+00 8.191000000000000000e+03 0.000000000000000000e+00 2.000000000000000000e+00 2.755899906158447266e+00
5.640000152587890625e+01 -1.998858451843261719e-01 0.000000000000000000e+00 -1.186246754514286295e-05 -2.000028640031814575e-01 0.000000000000000000e+00 8.000000000000000000e+00 8.191000000000000000e+03 0.000000000000000000e+00 3.000000000000000000e+00 2.755899906158447266e+00
