2.000000029802322388e-01 6.667571142315864563e-05 0.000000000000000000e+00 1.023308982439630199e-06 3.129243850708007812e-07 0.000000000000000000e+00 8.000000000000000000e+00 8.191000000000000000e+03 0.000000000000000000e+00 0.000000000000000000e+00 2.757299900054931641e+00
4.000000059604644775e-01 1.008294243365526199e-02 0.000000000000000000e+00 2.176102043449645862e-06 9.997349232435226440e-03 0.000000000000000000e+00 7.000000000000000000e+00 8.191000000000000000e+03 0.000000000000000000e+00 0.000000000000000000e+00 2.757299900054931641e+00
6.000000238418579102e-01 2.017204090952873230e-02 0.000000000000000000e+00 3.632403831943520345e-06 1.999438367784023285e-02 0.000000000000000000e+00 7.000000000000000000e+00 8.191000000000000000e+03 0.000000000000000000e+00 0.000000000000000000e+00 2.757299900054931641e+00
8.000000119209289551e-01 2.954647131264209747e-02 0.000000000000000000e+00 5.507141395355574787e-06 3.000391460955142975e-02 0.000000000000000000e+00 7.000000000000000000e+00 6.143000000000000000e+03 0.000000000000000000e+00 0.000000000000000000e+00 2.757299900054931641e+00
1.000000000000000000e+00 4.019928723573684692e-02 0.000000000000000000e+00 7.940458999655675143e-06 4.000094905495643616e-02 0.000000000000000000e+00 7.000000000000000000e+00 8.191000000000000000e+03 0.000000000000000000e+00 0.000000000000000000e+00 2.757299900054931641e+00
1.200000047683715820e+00 5.010159313678741455e-02 0.000000000000000000e+00 1.083184088201960549e-05 4.999798536300659180e-02 0.000000000000000000e+00 7.000000000000000000e+00 7.164000000000000000e+03 0.000000000000000000e+00 0.000000000000000000e+00 2.757299900054931641e+00
1.399999976158142090e+00 6.020174548029899597e-02 0.000000000000000000e+00 1.474992768635274842e-05 5.999501794576644897e-02 0.000000000000000000e+00 8.000000000000000000e+00 8.191000000000000000e+03 0.000000000000000000e+00 0.000000000000000000e+00 2.756299972534179688e+00
1.600000023841857910e+00 7.018275558948516846e-02 0.000000000000000000e+00 1.894635715871118009e-05 7.000455260276794434e-02 0.000000000000000000e+00 8.000000000000000000e+00 8.191000000000000000e+03 0.000000000000000000e+00 0.000000000000000000e+00 2.756299972534179688e+00
1.800000071525573730e+00 8.019300550222396851e-02 0.000000000000000000e+00 2.351892726437654346e-05 8.000158518552780151e-02 0.000000000000000000e+00 8.000000000000000000e+00 8.191000000000000000e+03 0.000000000000000000e+00 0.000000000000000000e+00 2.756299972534179688e+00
2.000000000000000000e+00 9.011578559875488281e-02 0.000000000000000000e+00 2.820622466970235109e-05 8.999861776828765869e-02 0.000000000000000000e+00 8.000000000000000000e+00 8.191000000000000000e+03 0.000000000000000000e+00 0.000000000000000000e+00 2.756299972534179688e+00
2.200000047683715820e+00 1.001230180263519287e-01 0.000000000000000000e+00 3.271203604526817799e-05 9.999565780162811279e-02 0.000000000000000000e+00 8.000000000000000000e+00 8.191000000000000000e+03 0.000000000000000000e+00 0.000000000000000000e+00 2.756299972534179688e+00
2.400000095367431641e+00 1.100296452641487122e-01 0.000000000000000000e+00 3.670075602713041008e-05 1.100051850080490112e-01 0.000000000000000000e+00 8.000000000000000000e+00 8.191000000000000000e+03 0.000000000000000000e+00 0.000000000000000000e+00 2.756299972534179688e+00
2.600000143051147461e+00 1.200512871146202087e-01 0.000000000000000000e+00 3.987710078945383430e-05 1.200022250413894653e-01 0.000000000000000000e+00 8.000000000000000000e+00 8.191000000000000000e+03 0.000000000000000000e+00 0.000000000000000000e+00 2.756299972534179688e+00
2.799999952316284180e+00 1.301479041576385498e-01 0.000000000000000000e+00 4.198611350147984922e-05 1.299992501735687256e-01 0.000000000000000000e+00 8.000000000000000000e+00 8.191000000000000000e+03 0.000000000000000000e+00 0.000000000000000000e+00 2.756299972534179688e+00
3.000000000000000000e+00 1.401435136795043945e-01 0.000000000000000000e+00 4.298246858525089920e-05 1.399962902069091797e-01 0.000000000000000000e+00 8.000000000000000000e+00 8.191000000000000000e+03 0.000000000000000000e+00 0.000000000000000000e+00 2.756299972534179688e+00
3.200000047683715820e+00 1.501861214637756348e-01 0.000000000000000000e+00 4.302966772229410708e-05 1.500058174133300781e-01 0.000000000000000000e+00 8.000000000000000000e+00 8.191000000000000000e+03 0.000000000000000000e+00 0.000000000000000000e+00 2.756299972534179688e+00
3.400000095367431641e+00 1.600743085145950317e-01 0.000000000000000000e+00 4.214056752971373498e-05 1.600028574466705322e-01 0.000000000000000000e+00 8.000000000000000000e+00 8.191000000000000000e+03 0.000000000000000000e+00 0.000000000000000000e+00 2.756399869918823242e+00
3.600000143051147461e+00 1.701998710632324219e-01 0.000000000000000000e+00 4.093090319656766951e-05 1.699998974800109863e-01 0.000000000000000000e+00 8.000000000000000000e+00 8.191000000000000000e+03 0.000000000000000000e+00 0.000000000000000000e+00 2.756399869918823242e+00
3.799999952316284180e+00 1.801596432924270630e-01 0.000000000000000000e+00 3.942101466236636043e-05 1.799969226121902466e-01 0.000000000000000000e+00 8.000000000000000000e+00 8.191000000000000000e+03 0.000000000000000000e+00 0.000000000000000000e+00 2.756399869918823242e+00
4.000000000000000000e+00 1.901822537183761597e-01 0.000000000000000000e+00 3.787377863773144782e-05 1.899939626455307007e-01 0.000000000000000000e+00 8.000000000000000000e+00 8.191000000000000000e+03 0.000000000000000000e+00 0.000000000000000000e+00 2.756399869918823242e+00
4.200000286102294922e+00 2.001770734786987305e-01 0.000000000000000000e+00 3.638912312453612685e-05 2.000034898519515991e-01 0.000000000000000000e+00 8.000000000000000000e+00 8.191000000000000000e+03 0.000000000000000000e+00 0.000000000000000000e+00 2.756399869918823242e+00
4.400000095367431641e+00 2.101884037256240845e-01 0.000000000000000000e+00 3.498063961160369217e-05 2.100005298852920532e-01 0.000000000000000000e+00 8.000000000000000000e+00 8.191000000000000000e+03 0.000000000000000000e+00 0.000000000000000000e+00 2.756399869918823242e+00
4.599999904632568359e+00 2.201347947120666504e-01 0.000000000000000000e+00 3.375352389412000775e-05 2.199975699186325073e-01 0.000000000000000000e+00 8.000000000000000000e+00 8.191000000000000000e+03 0.000000000000000000e+00 0.000000000000000000e+00 2.756399869918823242e+00
4.800000190734863281e+00 2.301001697778701782e-01 0.000000000000000000e+00 3.253477552789263427e-05 2.299945950508117676e-01 0.000000000000000000e+00 8.000000000000000000e+00 8.191000000000000000e+03 0.000000000000000000e+00 0.000000000000000000e+00 2.756399869918823242e+00
5.000000000000000000e+00 2.401713579893112183e-01 0.000000000000000000e+00 3.151093551423400640e-05 2.400041371583938599e-01 0.000000000000000000e+00 8.000000000000000000e+00 8.191000000000000000e+03 0.000000000000000000e+00 0.000000000000000000e+00 2.756399869918823242e+00
5.200000286102294922e+00 2.502012550830841064e-01 0.000000000000000000e+00 3.058615766349248588e-05 2.500011622905731201e-01 0.000000000000000000e+00 8.000000000000000000e+00 8.191000000000000000e+03 0.000000000000000000e+00 0.000000000000000000e+00 2.756399869918823242e+00
5.400000095367431641e+00 2.602086961269378662e-01 0.000000000000000000e+00 2.973187838506419212e-05 2.599982023239135742e-01 0.000000000000000000e+00 8.000000000000000000e+00 8.191000000000000000e+03 0.000000000000000000e+00 0.000000000000000000e+00 2.756399869918823242e+00
5.599999904632568359e+00 2.702478766441345215e-01 0.000000000000000000e+00 2.903105632867664099e-05 2.699952423572540283e-01 0.000000000000000000e+00 8.000000000000000000e+00 8.191000000000000000e+03 0.000000000000000000e+00 0.000000000000000000e+00 2.756399869918823242e+00
5.800000190734863281e+00 2.802019417285919189e-01 0.000000000000000000e+00 2.821058842528145760e-05 2.800047695636749268e-01 0.000000000000000000e+00 8.000000000000000000e+00 8.191000000000000000e+03 0.000000000000000000e+00 0.000000000000000000e+00 2.756399869918823242e+00
6.000000000000000000e+00 2.901368737220764160e-01 0.000000000000000000e+00 2.763408156170044094e-05 2.900017797946929932e-01 0.000000000000000000e+00 8.000000000000000000e+00 8.191000000000000000e+03 0.000000000000000000e+00 0.000000000000000000e+00 2.756399869918823242e+00
6.200000286102294922e+00 3.001816272735595703e-01 0.000000000000000000e+00 2.698595744732301682e-05 2.999988198280334473e-01 0.000000000000000000e+00 8.000000000000000000e+00 8.191000000000000000e+03 0.000000000000000000e+00 0.000000000000000000e+00 2.756399869918823242e+00
6.400000095367431641e+00 2.900612354278564453e-01 0.000000000000000000e+00 2.526752905396278948e-05 2.900017797946929932e-01 0.000000000000000000e+00 8.000000000000000000e+00 8.191000000000000000e+03 0.000000000000000000e+00 0.000000000000000000e+00 2.756399869918823242e+00
6.599999904632568359e+00 2.801209986209869385e-01 0.000000000000000000e+00 2.399094591964967549e-05 2.800047695636749268e-01 0.000000000000000000e+00 8.000000000000000000e+00 8.191000000000000000e+03 0.000000000000000000e+00 0.000000000000000000e+00 2.756399869918823242e+00
6.800000190734863281e+00 2.701206803321838379e-01 0.000000000000000000e+00 2.294441037520300597e-05 2.699952423572540283e-01 0.000000000000000000e+00 8.000000000000000000e+00 8.191000000000000000e+03 0.000000000000000000e+00 0.000000000000000000e+00 2.756399869918823242e+00
7.000000000000000000e+00 2.600731551647186279e-01 0.000000000000000000e+00 2.196783134422730654e-05 2.599982023239135742e-01 0.000000000000000000e+00 8.000000000000000000e+00 8.191000000000000000e+03 0.000000000000000000e+00 0.000000000000000000e+00 2.756399869918823242e+00
7.200000286102294922e+00 2.501091063022613525e-01 0.000000000000000000e+00 2.112687798216938972e-05 2.500011622905731201e-01 0.000000000000000000e+00 8.000000000000000000e+00 8.191000000000000000e+03 0.000000000000000000e+00 0.000000000000000000e+00 2.756399869918823242e+00
7.400000095367431641e+00 2.401632517576217651e-01 0.000000000000000000e+00 2.034111457760445774e-05 2.400041371583938599e-01 0.000000000000000000e+00 8.000000000000000000e+00 8.191000000000000000e+03 0.000000000000000000e+00 0.000000000000000000e+00 2.756099939346313477e+00
7.599999904632568359e+00 2.302062660455703735e-01 0.000000000000000000e+00 1.960053850780241191e-05 2.299945950508117676e-01 0.000000000000000000e+00 8.000000000000000000e+00 8.191000000000000000e+03 0.000000000000000000e+00 0.000000000000000000e+00 2.756099939346313477e+00
7.800000190734863281e+00 2.201303988695144653e-01 0.000000000000000000e+00 1.876244277809746563e-05 2.199975699186325073e-01 0.000000000000000000e+00 8.000000000000000000e+00 8.191000000000000000e+03 0.000000000000000000e+00 0.000000000000000000e+00 2.756099939346313477e+00
8.000000000000000000e+00 2.101529538631439209e-01 0.000000000000000000e+00 1.788941699487622827e-05 2.100005298852920532e-01 0.000000000000000000e+00 8.000000000000000000e+00 8.191000000000000000e+03 0.000000000000000000e+00 0.000000000000000000e+00 2.756099939346313477e+00
8.199999809265136719e+00 2.002056986093521118e-01 0.000000000000000000e+00 1.699218591966200620e-05 2.000034898519515991e-01 0.000000000000000000e+00 8.000000000000000000e+00 8.191000000000000000e+03 0.000000000000000000e+00 0.000000000000000000e+00 2.756099939346313477e+00
8.400000572204589844e+00 1.902279257774353027e-01 0.000000000000000000e+00 1.593104752828367054e-05 1.899939626455307007e-01 0.000000000000000000e+00 8.000000000000000000e+00 8.191000000000000000e+03 0.000000000000000000e+00 0.000000000000000000e+00 2.756099939346313477e+00
8.600000381469726562e+00 1.801836639642715454e-01 0.000000000000000000e+00 1.458445331081748009e-05 1.799969226121902466e-01 0.000000000000000000e+00 8.000000000000000000e+00 8.191000000000000000e+03 0.000000000000000000e+00 0.000000000000000000e+00 2.756099939346313477e+00
8.800000190734863281e+00 1.702038198709487915e-01 0.000000000000000000e+00 1.295759830099996179e-05 1.699998974800109863e-01 0.000000000000000000e+00 8.000000000000000000e+00 8.191000000000000000e+03 0.000000000000000000e+00 0.000000000000000000e+00 2.756099939346313477e+00
9.000000000000000000e+00 1.601825207471847534e-01 0.000000000000000000e+00 1.088173576135886833e-05 1.600028574466705322e-01 0.000000000000000000e+00 8.000000000000000000e+00 8.191000000000000000e+03 0.000000000000000000e+00 0.000000000000000000e+00 2.756099939346313477e+00
9.199999809265136719e+00 1.501307040452957153e-01 0.000000000000000000e+00 8.386640729440841824e-06 1.500058174133300781e-01 0.000000000000000000e+00 8.000000000000000000e+00 8.191000000000000000e+03 0.000000000000000000e+00 0.000000000000000000e+00 2.756099939346313477e+00
9.400000572204589844e+00 1.401060372591018677e-01 0.000000000000000000e+00 5.308033451001392677e-06 1.399962902069091797e-01 0.000000000000000000e+00 8.000000000000000000e+00 8.191000000000000000e+03 0.000000000000000000e+00 0.000000000000000000e+00 2.756399869918823242e+00
9.600000381469726562e+00 1.300955116748809814e-01 0.000000000000000000e+00 1.567967274240800180e-06 1.299992501735687256e-01 0.000000000000000000e+00 7.000000000000000000e+00 8.191000000000000000e+03 0.000000000000000000e+00 0.000000000000000000e+00 2.756399869918823242e+00
9.800000190734863281e+00 1.201057806611061096e-01 0.000000000000000000e+00 -2.678135615497012623e-06 1.200022250413894653e-01 0.000000000000000000e+00 7.000000000000000000e+00 8.191000000000000000e+03 0.000000000000000000e+00 0.000000000000000000e+00 2.756399869918823242e+00
1.000000000000000000e+01 1.101901680231094360e-01 0.000000000000000000e+00 -7.304656719497870654e-06 1.100051850080490112e-01 0.000000000000000000e+00 7.000000000000000000e+00 8.191000000000000000e+03 0.000000000000000000e+00 0.000000000000000000e+00 2.756399869918823242e+00
1.019999980926513672e+01 1.000968739390373230e-01 0.000000000000000000e+00 -1.093666378437774256e-05 9.999565780162811279e-02 0.000000000000000000e+00 7.000000000000000000e+00 7.164000000000000000e+03 0.000000000000000000e+00 0.000000000000000000e+00 2.756399869918823242e+00
1.040000057220458984e+01 9.012717753648757935e-02 0.000000000000000000e+00 -1.678291482676286250e-05 8.999861776828765869e-02 0.000000000000000000e+00 8.000000000000000000e+00 8.191000000000000000e+03 0.000000000000000000e+00 0.000000000000000000e+00 2.756299972534179688e+00
1.060000038146972656e+01 8.018820732831954956e-02 0.000000000000000000e+00 -2.112607398885302246e-05 8.000158518552780151e-02 0.000000000000000000e+00 8.000000000000000000e+00 8.191000000000000000e+03 0.000000000000000000e+00 0.000000000000000000e+00 2.756299972534179688e+00
1.080000019073486328e+01 7.005067914724349976e-02 0.000000000000000000e+00 -2.482003947079647332e-05 7.000455260276794434e-02 0.000000000000000000e+00 8.000000000000000000e+00 8.191000000000000000e+03 0.000000000000000000e+00 0.000000000000000000e+00 2.756299972534179688e+00
1.100000000000000000e+01 6.007384508848190308e-02 0.000000000000000000e+00 -2.733751898631453514e-05 5.999501794576644897e-02 0.000000000000000000e+00 8.000000000000000000e+00 8.191000000000000000e+03 0.000000000000000000e+00 0.000000000000000000e+00 2.756299972534179688e+00
1.119999980926513672e+01 5.017427355051040649e-02 0.000000000000000000e+00 -2.873650009860284626e-05 4.999798536300659180e-02 0.000000000000000000e+00 8.000000000000000000e+00 8.191000000000000000e+03 0.000000000000000000e+00 0.000000000000000000e+00 2.756299972534179688e+00
1.140000057220458984e+01 4.004603996872901917e-02 0.000000000000000000e+00 -2.898938873840961605e-05 4.000094905495643616e-02 0.000000000000000000e+00 8.000000000000000000e+00 8.191000000000000000e+03 0.000000000000000000e+00 0.000000000000000000e+00 2.756199836730957031e+00
1.160000038146972656e+01 3.009589388966560364e-02 0.000000000000000000e+00 -2.824694638547953218e-05 3.000391460955142975e-02 0.000000000000000000e+00 8.000000000000000000e+00 8.191000000000000000e+03 0.000000000000000000e+00 0.000000000000000000e+00 2.756199836730957031e+00
1.180000019073486328e+01 2.014653570950031281e-02 0.000000000000000000e+00 -2.676590338523965329e-05 1.999438367784023285e-02 0.000000000000000000e+00 8.000000000000000000e+00 8.191000000000000000e+03 0.000000000000000000e+00 0.000000000000000000e+00 2.756199836730957031e+00
1.200000000000000000e+01 1.019961759448051453e-02 0.000000000000000000e+00 -2.501051858416758478e-05 9.997349232435226440e-03 0.000000000000000000e+00 8.000000000000000000e+00 8.191000000000000000e+03 0.000000000000000000e+00 0.000000000000000000e+00 2.756199836730957031e+00
1.219999980926513672e+01 9.857933036983013153e-05 0.000000000000000000e+00 -2.319899431313388050e-05 3.129243850708007812e-07 0.000000000000000000e+00 8.000000000000000000e+00 8.191000000000000000e+03 0.000000000000000000e+00 0.000000000000000000e+00 2.756199836730957031e+00
1.240000057220458984e+01 -9.737879969179630280e-03 0.000000000000000000e+00 -2.142488847312051803e-05 -9.996719658374786377e-03 0.000000000000000000e+00 8.000000000000000000e+00 8.191000000000000000e+03 0.000000000000000000e+00 0.000000000000000000e+00 2.756199836730957031e+00
1.260000038146972656e+01 -1.994870603084564209e-02 0.000000000000000000e+00 -1.977468309632968158e-05 -1.999375596642494202e-02 0.000000000000000000e+00 8.000000000000000000e+00 8.191000000000000000e+03 0.000000000000000000e+00 0.000000000000000000e+00 2.756199836730957031e+00
1.280000019073486328e+01 -2.955893054604530334e-02 0.000000000000000000e+00 -1.837530544435139745e-05 -3.000328317284584045e-02 0.000000000000000000e+00 8.000000000000000000e+00 6.143000000000000000e+03 0.000000000000000000e+00 0.000000000000000000e+00 2.756199836730957031e+00
1.300000000000000000e+01 -3.993658721446990967e-02 0.000000000000000000e+00 -1.706164039205759764e-05 -4.000032320618629456e-02 0.000000000000000000e+00 8.000000000000000000e+00 8.191000000000000000e+03 0.000000000000000000e+00 0.000000000000000000e+00 2.756199836730957031e+00
1.319999980926513672e+01 -4.988200590014457703e-02 0.000000000000000000e+00 -1.592173975950572640e-05 -4.999735578894615173e-02 0.000000000000000000e+00 8.000000000000000000e+00 8.191000000000000000e+03 0.000000000000000000e+00 0.000000000000000000e+00 2.756199836730957031e+00
1.340000057220458984e+01 -5.996637791395187378e-02 0.000000000000000000e+00 -1.490626345912460238e-05 -5.999438837170600891e-02 0.000000000000000000e+00 8.000000000000000000e+00 8.191000000000000000e+03 0.000000000000000000e+00 0.000000000000000000e+00 2.756399869918823242e+00
1.360000038146972656e+01 -6.987871229648590088e-02 0.000000000000000000e+00 -1.398496897309087217e-05 -7.000392675399780273e-02 0.000000000000000000e+00 8.000000000000000000e+00 8.191000000000000000e+03 0.000000000000000000e+00 0.000000000000000000e+00 2.756399869918823242e+00
1.380000019073486328e+01 -7.992985099554061890e-02 0.000000000000000000e+00 -1.315375084232073277e-05 -8.000095188617706299e-02 0.000000000000000000e+00 8.000000000000000000e+00 8.191000000000000000e+03 0.000000000000000000e+00 0.000000000000000000e+00 2.756399869918823242e+00
1.400000000000000000e+01 -8.982466161251068115e-02 0.000000000000000000e+00 -1.244892700924538076e-05 -8.999799191951751709e-02 0.000000000000000000e+00 8.000000000000000000e+00 8.191000000000000000e+03 0.000000000000000000e+00 0.000000000000000000e+00 2.756399869918823242e+00
1.419999980926513672e+01 -9.991292655467987061e-02 0.000000000000000000e+00 -1.181609241029946133e-05 -9.999501705169677734e-02 0.000000000000000000e+00 8.000000000000000000e+00 8.191000000000000000e+03 0.000000000000000000e+00 0.000000000000000000e+00 2.756399869918823242e+00
1.440000057220458984e+01 -1.098620519042015076e-01 0.000000000000000000e+00 -1.126065308199031278e-05 -1.100045591592788696e-01 0.000000000000000000e+00 8.000000000000000000e+00 8.191000000000000000e+03 0.000000000000000000e+00 0.000000000000000000e+00 2.756199836730957031e+00
1.460000038146972656e+01 -1.199449449777603149e-01 0.000000000000000000e+00 -1.074121246347203851e-05 -1.200015842914581299e-01 0.000000000000000000e+00 8.000000000000000000e+00 8.191000000000000000e+03 0.000000000000000000e+00 0.000000000000000000e+00 2.756199836730957031e+00
1.480000019073486328e+01 -1.299641430377960205e-01 0.000000000000000000e+00 -1.033601802191697061e-05 -1.299986243247985840e-01 0.000000000000000000e+00 8.000000000000000000e+00 8.191000000000000000e+03 0.000000000000000000e+00 0.000000000000000000e+00 2.756199836730957031e+00
1.500000000000000000e+01 -1.398907452821731567e-01 0.000000000000000000e+00 -9.902550118567887694e-06 -1.399956643581390381e-01 0.000000000000000000e+00 8.000000000000000000e+00 8.191000000000000000e+03 0.000000000000000000e+00 0.000000000000000000e+00 2.756199836730957031e+00
1.519999980926513672e+01 -1.498206108808517456e-01 0.000000000000000000e+00 -9.475597835262306035e-06 -1.500051915645599365e-01 0.000000000000000000e+00 8.000000000000000000e+00 8.191000000000000000e+03 0.000000000000000000e+00 0.000000000000000000e+00 2.756199836730957031e+00
1.540000057220458984e+01 -1.598790585994720459e-01 0.000000000000000000e+00 -9.194212907459586859e-06 -1.600022166967391968e-01 0.000000000000000000e+00 8.000000000000000000e+00 8.191000000000000000e+03 0.000000000000000000e+00 0.000000000000000000e+00 2.756199836730957031e+00
1.560000038146972656e+01 -1.699124127626419067e-01 0.000000000000000000e+00 -8.847276149026583880e-06 -1.699992567300796509e-01 0.000000000000000000e+00 8.000000000000000000e+00 8.191000000000000000e+03 0.000000000000000000e+00 0.000000000000000000e+00 2.756199836730957031e+00
1.580000019073486328e+01 -1.798664629459381104e-01 0.000000000000000000e+00 -8.625759619462769479e-06 -1.799962967634201050e-01 0.000000000000000000e+00 8.000000000000000000e+00 8.191000000000000000e+03 0.000000000000000000e+00 0.000000000000000000e+00 2.756199836730957031e+00
1.600000000000000000e+01 -1.898862421512603760e-01 0.000000000000000000e+00 -8.357158549188170582e-06 -1.900058239698410034e-01 0.000000000000000000e+00 8.000000000000000000e+00 8.191000000000000000e+03 0.000000000000000000e+00 0.000000000000000000e+00 2.756199836730957031e+00
1.620000076293945312e+01 -1.998794972896575928e-01 0.000000000000000000e+00 -8.136005817505065352e-06 -2.000028640031814575e-01 0.000000000000000000e+00 8.000000000000000000e+00 8.191000000000000000e+03 0.000000000000000000e+00 0.000000000000000000e+00 2.756199836730957031e+00
1.639999961853027344e+01 -1.898628324270248413e-01 0.000000000000000000e+00 -7.593170266773086041e-06 -1.900058239698410034e-01 0.000000000000000000e+00 7.000000000000000000e+00 8.191000000000000000e+03 0.000000000000000000e+00 1.000000000000000000e+00 2.756199836730957031e+00
1.660000038146972656e+01 -1.799353957176208496e-01 0.000000000000000000e+00 -7.175914561230456457e-06 -1.799962967634201050e-01 0.000000000000000000e+00 7.000000000000000000e+00 8.191000000000000000e+03 0.000000000000000000e+00 1.000000000000000000e+00 2.756199836730957031e+00
1.680000114440917969e+01 -1.698390841484069824e-01 0.000000000000000000e+00 -6.829998255852842703e-06 -1.699992567300796509e-01 0.000000000000000000e+00 7.000000000000000000e+00 8.191000000000000000e+03 0.000000000000000000e+00 1.000000000000000000e+00 2.756199836730957031e+00
1.700000000000000000e+01 -1.598301231861114502e-01 0.000000000000000000e+00 -6.526146535179577768e-06 -1.600022166967391968e-01 0.000000000000000000e+00 7.000000000000000000e+00 8.191000000000000000e+03 0.000000000000000000e+00 1.000000000000000000e+00 2.756199836730957031e+00
1.720000076293945312e+01 -1.499292105436325073e-01 0.000000000000000000e+00 -6.250590104173170403e-06 -1.500051915645599365e-01 0.000000000000000000e+00 7.000000000000000000e+00 8.191000000000000000e+03 0.000000000000000000e+00 1.000000000000000000e+00 2.756199836730957031e+00
1.739999961853027344e+01 -1.398712843656539917e-01 0.000000000000000000e+00 -6.001712790748570114e-06 -1.399956643581390381e-01 0.000000000000000000e+00 7.000000000000000000e+00 8.191000000000000000e+03 0.000000000000000000e+00 1.000000000000000000e+00 2.756199836730957031e+00
1.760000038146972656e+01 -1.299152225255966187e-01 0.000000000000000000e+00 -5.771201813331572339e-06 -1.299986243247985840e-01 0.000000000000000000e+00 7.000000000000000000e+00 8.191000000000000000e+03 0.000000000000000000e+00 1.000000000000000000e+00 2.756199836730957031e+00
1.780000114440917969e+01 -1.199264824390411377e-01 0.000000000000000000e+00 -5.554385552386520430e-06 -1.200015842914581299e-01 0.000000000000000000e+00 7.000000000000000000e+00 8.191000000000000000e+03 0.000000000000000000e+00 1.000000000000000000e+00 2.756199836730957031e+00
1.800000000000000000e+01 -1.099247559905052185e-01 0.000000000000000000e+00 -5.342336407920811325e-06 -1.100045591592788696e-01 0.000000000000000000e+00 7.000000000000000000e+00 8.191000000000000000e+03 0.000000000000000000e+00 1.000000000000000000e+00 2.756199836730957031e+00
1.820000076293945312e+01 -9.987995028495788574e-02 0.000000000000000000e+00 -5.138304913998581469e-06 -9.999501705169677734e-02 0.000000000000000000e+00 7.000000000000000000e+00 8.191000000000000000e+03 0.000000000000000000e+00 1.000000000000000000e+00 2.756199836730957031e+00
1.839999961853027344e+01 -8.979005366563796997e-02 0.000000000000000000e+00 -4.945619366480968893e-06 -8.999799191951751709e-02 0.000000000000000000e+00 7.000000000000000000e+00 8.191000000000000000e+03 0.000000000000000000e+00 1.000000000000000000e+00 2.756099939346313477e+00
1.860000038146972656e+01 -7.982853800058364868e-02 0.000000000000000000e+00 -4.743546469399007037e-06 -8.000095188617706299e-02 0.000000000000000000e+00 7.000000000000000000e+00 8.191000000000000000e+03 0.000000000000000000e+00 1.000000000000000000e+00 2.756099939346313477e+00
1.880000114440917969e+01 -6.992261856794357300e-02 0.000000000000000000e+00 -4.536566393653629348e-06 -7.000392675399780273e-02 0.000000000000000000e+00 7.000000000000000000e+00 8.191000000000000000e+03 0.000000000000000000e+00 1.000000000000000000e+00 2.756099939346313477e+00
1.900000000000000000e+01 -5.992603302001953125e-02 0.000000000000000000e+00 -4.309632458898704499e-06 -5.999438837170600891e-02 0.000000000000000000e+00 7.000000000000000000e+00 8.191000000000000000e+03 0.000000000000000000e+00 1.000000000000000000e+00 2.756099939346313477e+00
1.920000076293945312e+01 -4.993854835629463196e-02 0.000000000000000000e+00 -4.065756911586504430e-06 -4.999735578894615173e-02 0.000000000000000000e+00 7.000000000000000000e+00 8.191000000000000000e+03 0.000000000000000000e+00 1.000000000000000000e+00 2.756099939346313477e+00
1.939999961853027344e+01 -3.980539366602897644e-02 0.000000000000000000e+00 -3.777223810175200924e-06 -4.000032320618629456e-02 0.000000000000000000e+00 7.000000000000000000e+00 8.191000000000000000e+03 0.000000000000000000e+00 1.000000000000000000e+00 2.756199836730957031e+00
1.960000038146972656e+01 -2.988378144800662994e-02 0.000000000000000000e+00 -3.426837110964697786e-06 -3.000328317284584045e-02 0.000000000000000000e+00 7.000000000000000000e+00 8.191000000000000000e+03 0.000000000000000000e+00 1.000000000000000000e+00 2.756199836730957031e+00
1.980000114440917969e+01 -1.992710120975971222e-02 0.000000000000000000e+00 -2.979062628583051264e-06 -1.999375596642494202e-02 0.000000000000000000e+00 7.000000000000000000e+00 8.191000000000000000e+03 0.000000000000000000e+00 1.000000000000000000e+00 2.756199836730957031e+00
2.000000000000000000e+01 -9.896062314510345459e-03 0.000000000000000000e+00 -2.392612941548577510e-06 -9.996719658374786377e-03 0.000000000000000000e+00 7.000000000000000000e+00 8.191000000000000000e+03 0.000000000000000000e+00 1.000000000000000000e+00 2.756199836730957031e+00
2.020000076293945312e+01 1.570360327605158091e-04 0.000000000000000000e+00 -1.633756937735597603e-06 3.129243850708007812e-07 0.000000000000000000e+00 7.000000000000000000e+00 8.191000000000000000e+03 0.000000000000000000e+00 1.000000000000000000e+00 2.756199836730957031e+00
2.039999961853027344e+01 1.020959950983524323e-02 0.000000000000000000e+00 -5.791893613604770508e-07 9.997349232435226440e-03 0.000000000000000000e+00 7.000000000000000000e+00 8.191000000000000000e+03 0.000000000000000000e+00 1.000000000000000000e+00 2.756099939346313477e+00
2.060000038146972656e+01 2.014322578907012939e-02 0.000000000000000000e+00 8.207318273889541160e-07 1.999438367784023285e-02 0.000000000000000000e+00 6.000000000000000000e+00 8.190000000000000000e+03 0.000000000000000000e+00 1.000000000000000000e+00 2.756099939346313477e+00
2.080000114440917969e+01 2.963059954345226288e-02 0.000000000000000000e+00 1.093102355298469774e-06 3.000391460955142975e-02 0.000000000000000000e+00 6.000000000000000000e+00 5.116000000000000000e+03 0.000000000000000000e+00 1.000000000000000000e+00 2.756099939346313477e+00
2.100000000000000000e+01 4.005660489201545715e-02 0.000000000000000000e+00 5.150124707142822444e-06 4.000094905495643616e-02 0.000000000000000000e+00 7.000000000000000000e+00 8.191000000000000000e+03 0.000000000000000000e+00 1.000000000000000000e+00 2.756099939346313477e+00
2.120000076293945312e+01 5.018346011638641357e-02 0.000000000000000000e+00 8.232293112087063491e-06 4.999798536300659180e-02 0.000000000000000000e+00 7.000000000000000000e+00 8.191000000000000000e+03 0.000000000000000000e+00 1.000000000000000000e+00 2.756099939346313477e+00
2.139999961853027344e+01 6.022354587912559509e-02 0.000000000000000000e+00 1.092993443307932466e-05 5.999501794576644897e-02 0.000000000000000000e+00 7.000000000000000000e+00 7.164000000000000000e+03 0.000000000000000000e+00 1.000000000000000000e+00 2.756299972534179688e+00
2.160000038146972656e+01 7.017721235752105713e-02 0.000000000000000000e+00 1.620933107915334404e-05 7.000455260276794434e-02 0.000000000000000000e+00 8.000000000000000000e+00 8.191000000000000000e+03 0.000000000000000000e+00 1.000000000000000000e+00 2.756299972534179688e+00
2.180000114440917969e+01 8.016405999660491943e-02 0.000000000000000000e+00 2.086887434415984899e-05 8.000158518552780151e-02 0.000000000000000000e+00 8.000000000000000000e+00 8.191000000000000000e+03 0.000000000000000000e+00 1.000000000000000000e+00 2.756299972534179688e+00
2.200000000000000000e+01 9.007389098405838013e-02 0.000000000000000000e+00 2.563718953751958907e-05 8.999861776828765869e-02 0.000000000000000000e+00 8.000000000000000000e+00 8.191000000000000000e+03 0.000000000000000000e+00 1.000000000000000000e+00 2.756299972534179688e+00
2.220000076293945312e+01 1.002107486128807068e-01 0.000000000000000000e+00 3.028524042747449130e-05 9.999565780162811279e-02 0.000000000000000000e+00 8.000000000000000000e+00 8.191000000000000000e+03 0.000000000000000000e+00 1.000000000000000000e+00 2.756299972534179688e+00
2.239999961853027344e+01 1.100864782929420471e-01 0.000000000000000000e+00 3.437224222579970956e-05 1.100051850080490112e-01 0.000000000000000000e+00 8.000000000000000000e+00 8.191000000000000000e+03 0.000000000000000000e+00 1.000000000000000000e+00 2.755699872970581055e+00
2.260000038146972656e+01 1.200579926371574402e-01 0.000000000000000000e+00 3.769144313992001116e-05 1.200022250413894653e-01 0.000000000000000000e+00 8.000000000000000000e+00 8.191000000000000000e+03 0.000000000000000000e+00 1.000000000000000000e+00 2.755699872970581055e+00
2.280000114440917969e+01 1.301019042730331421e-01 0.000000000000000000e+00 4.003403228125534952e-05 1.299992501735687256e-01 0.000000000000000000e+00 8.000000000000000000e+00 8.191000000000000000e+03 0.000000000000000000e+00 1.000000000000000000e+00 2.755699872970581055e+00
2.300000000000000000e+01 1.401422470808029175e-01 0.000000000000000000e+00 4.122136306250467896e-05 1.399962902069091797e-01 0.000000000000000000e+00 8.000000000000000000e+00 8.191000000000000000e+03 0.000000000000000000e+00 1.000000000000000000e+00 2.755699872970581055e+00
2.320000076293945312e+01 1.502093970775604248e-01 0.000000000000000000e+00 4.124882980249822140e-05 1.500058174133300781e-01 0.000000000000000000e+00 8.000000000000000000e+00 8.191000000000000000e+03 0.000000000000000000e+00 1.000000000000000000e+00 2.755699872970581055e+00
2.339999961853027344e+01 1.601890176534652710e-01 0.000000000000000000e+00 4.037880353280343115e-05 1.600028574466705322e-01 0.000000000000000000e+00 8.000000000000000000e+00 8.191000000000000000e+03 0.000000000000000000e+00 1.000000000000000000e+00 2.756099939346313477e+00
2.360000038146972656e+01 1.701658964157104492e-01 0.000000000000000000e+00 3.908198777935467660e-05 1.699998974800109863e-01 0.000000000000000000e+00 8.000000000000000000e+00 8.191000000000000000e+03 0.000000000000000000e+00 1.000000000000000000e+00 2.756099939346313477e+00
2.380000114440917969e+01 1.801061630249023438e-01 0.000000000000000000e+00 3.754426506930030882e-05 1.799969226121902466e-01 0.000000000000000000e+00 8.000000000000000000e+00 8.191000000000000000e+03 0.000000000000000000e+00 1.000000000000000000e+00 2.756099939346313477e+00
2.400000000000000000e+01 1.901818960905075073e-01 0.000000000000000000e+00 3.598112016334198415e-05 1.899939626455307007e-01 0.000000000000000000e+00 8.000000000000000000e+00 8.191000000000000000e+03 0.000000000000000000e+00 1.000000000000000000e+00 2.756099939346313477e+00
2.420000076293945312e+01 2.001063823699951172e-01 0.000000000000000000e+00 3.444843241595663130e-05 2.000034898519515991e-01 0.000000000000000000e+00 8.000000000000000000e+00 8.191000000000000000e+03 0.000000000000000000e+00 1.000000000000000000e+00 2.756099939346313477e+00
2.439999961853027344e+01 2.102015912532806396e-01 0.000000000000000000e+00 3.303169432911090553e-05 2.100005298852920532e-01 0.000000000000000000e+00 8.000000000000000000e+00 8.191000000000000000e+03 0.000000000000000000e+00 1.000000000000000000e+00 2.756099939346313477e+00
2.460000038146972656e+01 2.202568203210830688e-01 0.000000000000000000e+00 3.173127333866432309e-05 2.199975699186325073e-01 0.000000000000000000e+00 8.000000000000000000e+00 8.191000000000000000e+03 0.000000000000000000e+00 1.000000000000000000e+00 2.756099939346313477e+00
2.480000114440917969e+01 2.301419973373413086e-01 0.000000000000000000e+00 3.047436439373996109e-05 2.299945950508117676e-01 0.000000000000000000e+00 8.000000000000000000e+00 8.191000000000000000e+03 0.000000000000000000e+00 1.000000000000000000e+00 2.756099939346313477e+00
2.500000000000000000e+01 2.402007281780242920e-01 0.000000000000000000e+00 2.941367529274430126e-05 2.400041371583938599e-01 0.000000000000000000e+00 8.000000000000000000e+00 8.191000000000000000e+03 0.000000000000000000e+00 1.000000000000000000e+00 2.756099939346313477e+00
2.520000076293945312e+01 2.500918805599212646e-01 0.000000000000000000e+00 2.851123281288892031e-05 2.500011622905731201e-01 0.000000000000000000e+00 8.000000000000000000e+00 8.191000000000000000e+03 0.000000000000000000e+00 1.000000000000000000e+00 2.756099939346313477e+00
2.539999961853027344e+01 2.601495385169982910e-01 0.000000000000000000e+00 2.771062099782284349e-05 2.599982023239135742e-01 0.000000000000000000e+00 8.000000000000000000e+00 8.191000000000000000e+03 0.000000000000000000e+00 1.000000000000000000e+00 2.756199836730957031e+00
2.560000038146972656e+01 2.701301276683807373e-01 0.000000000000000000e+00 2.694192153285257518e-05 2.699952423572540283e-01 0.000000000000000000e+00 8.000000000000000000e+00 8.191000000000000000e+03 0.000000000000000000e+00 1.000000000000000000e+00 2.756199836730957031e+00
2.580000114440917969e+01 2.801665365695953369e-01 0.000000000000000000e+00 2.625356319185812026e-05 2.800047695636749268e-01 0.000000000000000000e+00 8.000000000000000000e+00 8.191000000000000000e+03 0.000000000000000000e+00 1.000000000000000000e+00 2.756199836730957031e+00
2.600000000000000000e+01 2.900781631469726562e-01 0.000000000000000000e+00 2.556955587351694703e-05 2.900017797946929932e-01 0.000000000000000000e+00 8.000000000000000000e+00 8.191000000000000000e+03 0.000000000000000000e+00 1.000000000000000000e+00 2.756199836730957031e+00
2.620000076293945312e+01 3.000704944133758545e-01 0.000000000000000000e+00 2.496735942258965224e-05 2.999988198280334473e-01 0.000000000000000000e+00 8.000000000000000000e+00 8.191000000000000000e+03 0.000000000000000000e+00 1.000000000000000000e+00 2.756199836730957031e+00
2.639999961853027344e+01 2.901621460914611816e-01 0.000000000000000000e+00 2.332972144358791411e-05 2.900017797946929932e-01 0.000000000000000000e+00 8.000000000000000000e+00 8.191000000000000000e+03 0.000000000000000000e+00 1.000000000000000000e+00 2.756199836730957031e+00
2.660000038146972656e+01 2.801250517368316650e-01 0.000000000000000000e+00 2.210076854680664837e-05 2.800047695636749268e-01 0.000000000000000000e+00 8.000000000000000000e+00 8.191000000000000000e+03 0.000000000000000000e+00 1.000000000000000000e+00 2.756199836730957031e+00
2.680000114440917969e+01 2.701063156127929688e-01 0.000000000000000000e+00 2.107047657773364335e-05 2.699952423572540283e-01 0.000000000000000000e+00 8.000000000000000000e+00 8.191000000000000000e+03 0.000000000000000000e+00 1.000000000000000000e+00 2.756199836730957031e+00
2.700000000000000000e+01 2.602060139179229736e-01 0.000000000000000000e+00 2.023206070589367300e-05 2.599982023239135742e-01 0.000000000000000000e+00 8.000000000000000000e+00 8.191000000000000000e+03 0.000000000000000000e+00 1.000000000000000000e+00 2.756199836730957031e+00
2.720000076293945312e+01 2.501553595066070557e-01 0.000000000000000000e+00 1.938194691319949925e-05 2.500011622905731201e-01 0.000000000000000000e+00 8.000000000000000000e+00 8.191000000000000000e+03 0.000000000000000000e+00 1.000000000000000000e+00 2.756199836730957031e+00
2.739999961853027344e+01 2.400816231966018677e-01 0.000000000000000000e+00 1.862046519818250090e-05 2.400041371583938599e-01 0.000000000000000000e+00 8.000000000000000000e+00 8.191000000000000000e+03 0.000000000000000000e+00 1.000000000000000000e+00 2.755899906158447266e+00
2.760000038146972656e+01 2.301692813634872437e-01 0.000000000000000000e+00 1.791364229575265199e-05 2.299945950508117676e-01 0.000000000000000000e+00 8.000000000000000000e+00 8.191000000000000000e+03 0.000000000000000000e+00 1.000000000000000000e+00 2.755899906158447266e+00
2.780000114440917969e+01 2.201757729053497314e-01 0.000000000000000000e+00 1.715278085612226278e-05 2.199975699186325073e-01 0.000000000000000000e+00 8.000000000000000000e+00 8.191000000000000000e+03 0.000000000000000000e+00 1.000000000000000000e+00 2.755899906158447266e+00
2.800000000000000000e+01 2.101965397596359253e-01 0.000000000000000000e+00 1.635115586395841092e-05 2.100005298852920532e-01 0.000000000000000000e+00 8.000000000000000000e+00 8.191000000000000000e+03 0.000000000000000000e+00 1.000000000000000000e+00 2.755899906158447266e+00
2.820000076293945312e+01 2.002301365137100220e-01 0.000000000000000000e+00 1.540683115308638662e-05 2.000034898519515991e-01 0.000000000000000000e+00 8.000000000000000000e+00 8.191000000000000000e+03 0.000000000000000000e+00 1.000000000000000000e+00 2.755899906158447266e+00
2.839999961853027344e+01 1.901352405548095703e-01 0.000000000000000000e+00 1.431496457371395081e-05 1.899939626455307007e-01 0.000000000000000000e+00 8.000000000000000000e+00 8.191000000000000000e+03 0.000000000000000000e+00 1.000000000000000000e+00 2.755899906158447266e+00
2.860000038146972656e+01 1.802100539207458496e-01 0.000000000000000000e+00 1.307364891545148566e-05 1.799969226121902466e-01 0.000000000000000000e+00 8.000000000000000000e+00 8.191000000000000000e+03 0.000000000000000000e+00 1.000000000000000000e+00 2.755899906158447266e+00
2.880000114440917969e+01 1.701483726501464844e-01 0.000000000000000000e+00 1.139126834459602833e-05 1.699998974800109863e-01 0.000000000000000000e+00 8.000000000000000000e+00 8.191000000000000000e+03 0.000000000000000000e+00 1.000000000000000000e+00 2.755899906158447266e+00
2.900000000000000000e+01 1.601473391056060791e-01 0.000000000000000000e+00 9.423382834938820451e-06 1.600028574466705322e-01 0.000000000000000000e+00 8.000000000000000000e+00 8.191000000000000000e+03 0.000000000000000000e+00 1.000000000000000000e+00 2.755899906158447266e+00
2.920000076293945312e+01 1.500702053308486938e-01 0.000000000000000000e+00 6.911734999448526651e-06 1.500058174133300781e-01 0.000000000000000000e+00 8.000000000000000000e+00 8.191000000000000000e+03 0.000000000000000000e+00 1.000000000000000000e+00 2.755899906158447266e+00
2.939999961853027344e+01 1.401397585868835449e-01 0.000000000000000000e+00 3.807621396845206618e-06 1.399962902069091797e-01 0.000000000000000000e+00 7.000000000000000000e+00 8.191000000000000000e+03 0.000000000000000000e+00 1.000000000000000000e+00 2.756099939346313477e+00
2.960000038146972656e+01 1.301932483911514282e-01 0.000000000000000000e+00 1.292638671657186933e-07 1.299992501735687256e-01 0.000000000000000000e+00 7.000000000000000000e+00 8.191000000000000000e+03 0.000000000000000000e+00 1.000000000000000000e+00 2.756099939346313477e+00
2.980000114440917969e+01 1.200534477829933167e-01 0.000000000000000000e+00 -1.093766627491277177e-06 1.200022250413894653e-01 0.000000000000000000e+00 6.000000000000000000e+00 7.164000000000000000e+03 0.000000000000000000e+00 1.000000000000000000e+00 2.756099939346313477e+00
3.000000000000000000e+01 1.102333441376686096e-01 0.000000000000000000e+00 -8.679241545905824751e-06 1.100051850080490112e-01 0.000000000000000000e+00 7.000000000000000000e+00 8.191000000000000000e+03 0.000000000000000000e+00 1.000000000000000000e+00 2.756099939346313477e+00
3.020000076293945312e+01 1.001097336411476135e-01 0.000000000000000000e+00 -1.093666924134595320e-05 9.999565780162811279e-02 0.000000000000000000e+00 7.000000000000000000e+00 7.164000000000000000e+03 0.000000000000000000e+00 1.000000000000000000e+00 2.756099939346313477e+00
3.039999961853027344e+01 9.011735767126083374e-02 0.000000000000000000e+00 -1.825815343181602657e-05 8.999861776828765869e-02 0.000000000000000000e+00 8.000000000000000000e+00 8.191000000000000000e+03 0.000000000000000000e+00 1.000000000000000000e+00 2.756099939346313477e+00
3.060000038146972656e+01 8.024834096431732178e-02 0.000000000000000000e+00 -2.265098009957000613e-05 8.000158518552780151e-02 0.000000000000000000e+00 8.000000000000000000e+00 8.191000000000000000e+03 0.000000000000000000e+00 1.000000000000000000e+00 2.756099939346313477e+00
3.080000114440917969e+01 7.017524540424346924e-02 0.000000000000000000e+00 -2.632255018397700042e-05 7.000455260276794434e-02 0.000000000000000000e+00 8.000000000000000000e+00 8.191000000000000000e+03 0.000000000000000000e+00 1.000000000000000000e+00 2.756099939346313477e+00
3.100000000000000000e+01 6.013835221529006958e-02 0.000000000000000000e+00 -2.901894549722783267e-05 5.999501794576644897e-02 0.000000000000000000e+00 8.000000000000000000e+00 8.191000000000000000e+03 0.000000000000000000e+00 1.000000000000000000e+00 2.756099939346313477e+00
3.120000076293945312e+01 5.012019351124763489e-02 0.000000000000000000e+00 -3.051675957976840436e-05 4.999798536300659180e-02 0.000000000000000000e+00 8.000000000000000000e+00 8.191000000000000000e+03 0.000000000000000000e+00 1.000000000000000000e+00 2.756099939346313477e+00
3.139999961853027344e+01 4.006265848875045776e-02 0.000000000000000000e+00 -3.082116381847299635e-05 4.000094905495643616e-02 0.000000000000000000e+00 8.000000000000000000e+00 8.191000000000000000e+03 0.000000000000000000e+00 1.000000000000000000e+00 2.756000041961669922e+00
3.160000038146972656e+01 3.010763786733150482e-02 0.000000000000000000e+00 -3.003819983860012144e-05 3.000391460955142975e-02 0.000000000000000000e+00 8.000000000000000000e+00 8.191000000000000000e+03 0.000000000000000000e+00 1.000000000000000000e+00 2.756000041961669922e+00
3.180000114440917969e+01 2.009492553770542145e-02 0.000000000000000000e+00 -2.869186391762923449e-05 1.999438367784023285e-02 0.000000000000000000e+00 8.000000000000000000e+00 8.191000000000000000e+03 0.000000000000000000e+00 1.000000000000000000e+00 2.756000041961669922e+00
3.200000000000000000e+01 1.011369470506906509e-02 0.000000000000000000e+00 -2.686047628230880946e-05 9.997349232435226440e-03 0.000000000000000000e+00 8.000000000000000000e+00 8.191000000000000000e+03 0.000000000000000000e+00 1.000000000000000000e+00 2.756000041961669922e+00
3.220000076293945312e+01 8.149375207722187042e-05 0.000000000000000000e+00 -2.501149901945609599e-05 3.129243850708007812e-07 0.000000000000000000e+00 8.000000000000000000e+00 8.191000000000000000e+03 0.000000000000000000e+00 1.000000000000000000e+00 2.756000041961669922e+00
3.240000152587890625e+01 -9.940129704773426056e-03 0.000000000000000000e+00 -2.323081753274891526e-05 -9.996719658374786377e-03 0.000000000000000000e+00 8.000000000000000000e+00 8.191000000000000000e+03 0.000000000000000000e+00 1.000000000000000000e+00 2.756000041961669922e+00
3.260000228881835938e+01 -1.989680714905261993e-02 0.000000000000000000e+00 -2.150729051209054887e-05 -1.999375596642494202e-02 0.000000000000000000e+00 8.000000000000000000e+00 8.191000000000000000e+03 0.000000000000000000e+00 1.000000000000000000e+00 2.756000041961669922e+00
3.279999923706054688e+01 -2.954474836587905884e-02 0.000000000000000000e+00 -1.999517189688049257e-05 -3.000328317284584045e-02 0.000000000000000000e+00 8.000000000000000000e+00 6.143000000000000000e+03 0.000000000000000000e+00 1.000000000000000000e+00 2.756000041961669922e+00
3.300000000000000000e+01 -3.993814438581466675e-02 0.000000000000000000e+00 -1.871462700364645571e-05 -4.000032320618629456e-02 0.000000000000000000e+00 8.000000000000000000e+00 8.191000000000000000e+03 0.000000000000000000e+00 1.000000000000000000e+00 2.756000041961669922e+00
3.320000076293945312e+01 -4.983697831630706787e-02 0.000000000000000000e+00 -1.746109956002328545e-05 -4.999735578894615173e-02 0.000000000000000000e+00 8.000000000000000000e+00 8.191000000000000000e+03 0.000000000000000000e+00 1.000000000000000000e+00 2.756000041961669922e+00
3.340000152587890625e+01 -5.984984338283538818e-02 0.000000000000000000e+00 -1.637517016206402332e-05 -5.999438837170600891e-02 0.000000000000000000e+00 8.000000000000000000e+00 8.191000000000000000e+03 0.000000000000000000e+00 1.000000000000000000e+00 2.756199836730957031e+00
3.360000228881835938e+01 -6.988582760095596313e-02 0.000000000000000000e+00 -1.549376793263945729e-05 -7.000392675399780273e-02 0.000000000000000000e+00 8.000000000000000000e+00 8.191000000000000000e+03 0.000000000000000000e+00 1.000000000000000000e+00 2.756199836730957031e+00
3.379999923706054688e+01 -7.991938292980194092e-02 0.000000000000000000e+00 -1.465544755774317309e-05 -8.000095188617706299e-02 0.000000000000000000e+00 8.000000000000000000e+00 8.191000000000000000e+03 0.000000000000000000e+00 1.000000000000000000e+00 2.756199836730957031e+00
3.400000000000000000e+01 -8.987825363874435425e-02 0.000000000000000000e+00 -1.392354533891193569e-05 -8.999799191951751709e-02 0.000000000000000000e+00 8.000000000000000000e+00 8.191000000000000000e+03 0.000000000000000000e+00 1.000000000000000000e+00 2.756199836730957031e+00
3.420000076293945312e+01 -9.988755732774734497e-02 0.000000000000000000e+00 -1.324313507211627439e-05 -9.999501705169677734e-02 0.000000000000000000e+00 8.000000000000000000e+00 8.191000000000000000e+03 0.000000000000000000e+00 1.000000000000000000e+00 2.756199836730957031e+00
3.440000152587890625e+01 -1.098457202315330505e-01 0.000000000000000000e+00 -1.263565354747697711e-05 -1.100045591592788696e-01 0.000000000000000000e+00 8.000000000000000000e+00 8.191000000000000000e+03 0.000000000000000000e+00 1.000000000000000000e+00 2.756000041961669922e+00
3.460000228881835938e+01 -1.199039220809936523e-01 0.000000000000000000e+00 -1.213979885505978018e-05 -1.200015842914581299e-01 0.000000000000000000e+00 8.000000000000000000e+00 8.191000000000000000e+03 0.000000000000000000e+00 1.000000000000000000e+00 2.756000041961669922e+00
3.479999923706054688e+01 -1.298376619815826416e-01 0.000000000000000000e+00 -1.165375033451709896e-05 -1.299986243247985840e-01 0.000000000000000000e+00 8.000000000000000000e+00 8.191000000000000000e+03 0.000000000000000000e+00 1.000000000000000000e+00 2.756000041961669922e+00
3.500000000000000000e+01 -1.398886442184448242e-01 0.000000000000000000e+00 -1.124484333558939397e-05 -1.399956643581390381e-01 0.000000000000000000e+00 8.000000000000000000e+00 8.191000000000000000e+03 0.000000000000000000e+00 1.000000000000000000e+00 2.756000041961669922e+00
3.520000076293945312e+01 -1.498770713806152344e-01 0.000000000000000000e+00 -1.078904733731178567e-05 -1.500051915645599365e-01 0.000000000000000000e+00 8.000000000000000000e+00 8.191000000000000000e+03 0.000000000000000000e+00 1.000000000000000000e+00 2.756000041961669922e+00
3.540000152587890625e+01 -1.599199920892715454e-01 0.000000000000000000e+00 -1.046652869263198227e-05 -1.600022166967391968e-01 0.000000000000000000e+00 8.000000000000000000e+00 8.191000000000000000e+03 0.000000000000000000e+00 1.000000000000000000e+00 2.756000041961669922e+00
3.560000228881835938e+01 -1.697997599840164185e-01 0.000000000000000000e+00 -1.013860401144484058e-05 -1.699992567300796509e-01 0.000000000000000000e+00 8.000000000000000000e+00 8.191000000000000000e+03 0.000000000000000000e+00 1.000000000000000000e+00 2.756000041961669922e+00
3.579999923706054688e+01 -1.798323243856430054e-01 0.000000000000000000e+00 -9.836258868745062500e-06 -1.799962967634201050e-01 0.000000000000000000e+00 8.000000000000000000e+00 8.191000000000000000e+03 0.000000000000000000e+00 1.000000000000000000e+00 2.756000041961669922e+00
3.600000000000000000e+01 -1.898370832204818726e-01 0.000000000000000000e+00 -9.589639375917613506e-06 -1.900058239698410034e-01 0.000000000000000000e+00 8.000000000000000000e+00 8.191000000000000000e+03 0.000000000000000000e+00 1.000000000000000000e+00 2.756000041961669922e+00
3.620000076293945312e+01 -1.999037712812423706e-01 0.000000000000000000e+00 -9.368231985718011856e-06 -2.000028640031814575e-01 0.000000000000000000e+00 8.000000000000000000e+00 8.191000000000000000e+03 0.000000000000000000e+00 1.000000000000000000e+00 2.756000041961669922e+00
3.640000152587890625e+01 -1.899415105581283569e-01 0.000000000000000000e+00 -8.792818334768526256e-06 -1.900058239698410034e-01 0.000000000000000000e+00 8.000000000000000000e+00 8.191000000000000000e+03 0.000000000000000000e+00 2.000000000000000000e+00 2.755899906158447266e+00
3.660000228881835938e+01 -1.798683404922485352e-01 0.000000000000000000e+00 -8.312093086715321988e-06 -1.799962967634201050e-01 0.000000000000000000e+00 8.000000000000000000e+00 8.191000000000000000e+03 0.000000000000000000e+00 2.000000000000000000e+00 2.755899906158447266e+00
3.679999923706054688e+01 -1.699029356241226196e-01 0.000000000000000000e+00 -7.980554983078036457e-06 -1.699992567300796509e-01 0.000000000000000000e+00 8.000000000000000000e+00 8.191000000000000000e+03 0.000000000000000000e+00 2.000000000000000000e+00 2.755899906158447266e+00
3.700000000000000000e+01 -1.599157750606536865e-01 0.000000000000000000e+00 -7.673507752770092338e-06 -1.600022166967391968e-01 0.000000000000000000e+00 7.000000000000000000e+00 8.191000000000000000e+03 0.000000000000000000e+00 2.000000000000000000e+00 2.755899906158447266e+00
3.720000076293945312e+01 -1.498929560184478760e-01 0.000000000000000000e+00 -7.378906502708559856e-06 -1.500051915645599365e-01 0.000000000000000000e+00 7.000000000000000000e+00 8.191000000000000000e+03 0.000000000000000000e+00 2.000000000000000000e+00 2.755899906158447266e+00
3.740000152587890625e+01 -1.398493945598602295e-01 0.000000000000000000e+00 -7.117982022464275360e-06 -1.399956643581390381e-01 0.000000000000000000e+00 7.000000000000000000e+00 8.191000000000000000e+03 0.000000000000000000e+00 2.000000000000000000e+00 2.755899906158447266e+00
3.760000228881835938e+01 -1.298843175172805786e-01 0.000000000000000000e+00 -6.864509032311616465e-06 -1.299986243247985840e-01 0.000000000000000000e+00 7.000000000000000000e+00 8.191000000000000000e+03 0.000000000000000000e+00 2.000000000000000000e+00 2.755899906158447266e+00
3.779999923706054688e+01 -1.199557930231094360e-01 0.000000000000000000e+00 -6.634238161495886743e-06 -1.200015842914581299e-01 0.000000000000000000e+00 7.000000000000000000e+00 8.191000000000000000e+03 0.000000000000000000e+00 2.000000000000000000e+00 2.755899906158447266e+00
3.800000000000000000e+01 -1.099555268883705139e-01 0.000000000000000000e+00 -6.413515166059369221e-06 -1.100045591592788696e-01 0.000000000000000000e+00 7.000000000000000000e+00 8.191000000000000000e+03 0.000000000000000000e+00 2.000000000000000000e+00 2.755899906158447266e+00
3.820000076293945312e+01 -9.988941252231597900e-02 0.000000000000000000e+00 -6.192044565977994353e-06 -9.999501705169677734e-02 0.000000000000000000e+00 7.000000000000000000e+00 8.191000000000000000e+03 0.000000000000000000e+00 2.000000000000000000e+00 2.755899906158447266e+00
3.840000152587890625e+01 -8.987768739461898804e-02 0.000000000000000000e+00 -5.980711648589931428e-06 -8.999799191951751709e-02 0.000000000000000000e+00 7.000000000000000000e+00 8.191000000000000000e+03 0.000000000000000000e+00 2.000000000000000000e+00 2.755899906158447266e+00
3.860000228881835938e+01 -7.987850159406661987e-02 0.000000000000000000e+00 -5.766896720160730183e-06 -8.000095188617706299e-02 0.000000000000000000e+00 7.000000000000000000e+00 8.191000000000000000e+03 0.000000000000000000e+00 2.000000000000000000e+00 2.755899906158447266e+00
3.879999923706054688e+01 -6.989109516143798828e-02 0.000000000000000000e+00 -5.548249646381009370e-06 -7.000392675399780273e-02 0.000000000000000000e+00 7.000000000000000000e+00 8.191000000000000000e+03 0.000000000000000000e+00 2.000000000000000000e+00 2.755899906158447266e+00
3.900000000000000000e+01 -5.981782078742980957e-02 0.000000000000000000e+00 -5.316190708981594071e-06 -5.999438837170600891e-02 0.000000000000000000e+00 7.000000000000000000e+00 8.191000000000000000e+03 0.000000000000000000e+00 2.000000000000000000e+00 2.755899906158447266e+00
3.920000076293945312e+01 -4.981545358896255493e-02 0.000000000000000000e+00 -5.047629201726522297e-06 -4.999735578894615173e-02 0.000000000000000000e+00 7.000000000000000000e+00 8.191000000000000000e+03 0.000000000000000000e+00 2.000000000000000000e+00 2.755899906158447266e+00
3.940000152587890625e+01 -3.986774757504463196e-02 0.000000000000000000e+00 -4.758736395160667598e-06 -4.000032320618629456e-02 0.000000000000000000e+00 7.000000000000000000e+00 8.191000000000000000e+03 0.000000000000000000e+00 2.000000000000000000e+00 2.755899906158447266e+00
3.960000228881835938e+01 -2.993681654334068298e-02 0.000000000000000000e+00 -4.392114533402491361e-06 -3.000328317284584045e-02 0.000000000000000000e+00 7.000000000000000000e+00 8.191000000000000000e+03 0.000000000000000000e+00 2.000000000000000000e+00 2.755899906158447266e+00
3.979999923706054688e+01 -1.992432959377765656e-02 0.000000000000000000e+00 -3.936274424631847069e-06 -1.999375596642494202e-02 0.000000000000000000e+00 7.000000000000000000e+00 8.191000000000000000e+03 0.000000000000000000e+00 2.000000000000000000e+00 2.755899906158447266e+00
4.000000000000000000e+01 -9.919775649905204773e-03 0.000000000000000000e+00 -3.337089765409473330e-06 -9.996719658374786377e-03 0.000000000000000000e+00 7.000000000000000000e+00 8.191000000000000000e+03 0.000000000000000000e+00 2.000000000000000000e+00 2.755899906158447266e+00
4.020000076293945312e+01 1.498177880421280861e-04 0.000000000000000000e+00 -2.546956466176197864e-06 3.129243850708007812e-07 0.000000000000000000e+00 7.000000000000000000e+00 8.191000000000000000e+03 0.000000000000000000e+00 2.000000000000000000e+00 2.755899906158447266e+00
4.040000152587890625e+01 1.005002204328775406e-02 0.000000000000000000e+00 -1.482955440224031918e-06 9.997349232435226440e-03 0.000000000000000000e+00 7.000000000000000000e+00 8.191000000000000000e+03 0.000000000000000000e+00 2.000000000000000000e+00 2.755899906158447266e+00
4.060000228881835938e+01 2.008482255041599274e-02 0.000000000000000000e+00 -5.010911507952187094e-08 1.999438367784023285e-02 0.000000000000000000e+00 7.000000000000000000e+00 8.191000000000000000e+03 0.000000000000000000e+00 2.000000000000000000e+00 2.755899906158447266e+00
4.079999923706054688e+01 2.962484955787658691e-02 0.000000000000000000e+00 1.093102355298469774e-06 3.000391460955142975e-02 0.000000000000000000e+00 6.000000000000000000e+00 5.116000000000000000e+03 0.000000000000000000e+00 2.000000000000000000e+00 2.755899906158447266e+00
4.100000000000000000e+01 4.015572369098663330e-02 0.000000000000000000e+00 4.327102033130358905e-06 4.000094905495643616e-02 0.000000000000000000e+00 7.000000000000000000e+00 8.191000000000000000e+03 0.000000000000000000e+00 2.000000000000000000e+00 2.755899906158447266e+00
4.120000076293945312e+01 5.016387626528739929e-02 0.000000000000000000e+00 7.438352895405841991e-06 4.999798536300659180e-02 0.000000000000000000e+00 7.000000000000000000e+00 8.191000000000000000e+03 0.000000000000000000e+00 2.000000000000000000e+00 2.755899906158447266e+00
4.140000152587890625e+01 6.011933460831642151e-02 0.000000000000000000e+00 1.087528744392329827e-05 5.999501794576644897e-02 0.000000000000000000e+00 7.000000000000000000e+00 7.164000000000000000e+03 0.000000000000000000e+00 2.000000000000000000e+00 2.756099939346313477e+00
4.160000228881835938e+01 7.014930248260498047e-02 0.000000000000000000e+00 1.552526555315125734e-05 7.000455260276794434e-02 0.000000000000000000e+00 8.000000000000000000e+00 8.191000000000000000e+03 0.000000000000000000e+00 2.000000000000000000e+00 2.756099939346313477e+00
4.179999923706054688e+01 8.018050342798233032e-02 0.000000000000000000e+00 2.018859231611713767e-05 8.000158518552780151e-02 0.000000000000000000e+00 8.000000000000000000e+00 8.191000000000000000e+03 0.000000000000000000e+00 2.000000000000000000e+00 2.756099939346313477e+00
4.200000000000000000e+01 9.013438969850540161e-02 0.000000000000000000e+00 2.495750050002243370e-05 8.999861776828765869e-02 0.000000000000000000e+00 8.000000000000000000e+00 8.191000000000000000e+03 0.000000000000000000e+00 2.000000000000000000e+00 2.756099939346313477e+00
4.220000076293945312e+01 1.001582220196723938e-01 0.000000000000000000e+00 2.961484096886124462e-05 9.999565780162811279e-02 0.000000000000000000e+00 8.000000000000000000e+00 8.191000000000000000e+03 0.000000000000000000e+00 2.000000000000000000e+00 2.756099939346313477e+00
4.240000152587890625e+01 1.101455762982368469e-01 0.000000000000000000e+00 3.371065758983604610e-05 1.100051850080490112e-01 0.000000000000000000e+00 8.000000000000000000e+00 8.191000000000000000e+03 0.000000000000000000e+00 2.000000000000000000e+00 2.755499839782714844e+00
4.260000228881835938e+01 1.201710402965545654e-01 0.000000000000000000e+00 3.716505307238548994e-05 1.200022250413894653e-01 0.000000000000000000e+00 8.000000000000000000e+00 8.191000000000000000e+03 0.000000000000000000e+00 2.000000000000000000e+00 2.755499839782714844e+00
4.279999923706054688e+01 1.300948411226272583e-01 0.000000000000000000e+00 3.948016092181205750e-05 1.299992501735687256e-01 0.000000000000000000e+00 8.000000000000000000e+00 8.191000000000000000e+03 0.000000000000000000e+00 2.000000000000000000e+00 2.755499839782714844e+00
4.300000000000000000e+01 1.401192992925643921e-01 0.000000000000000000e+00 4.064624954480677843e-05 1.399962902069091797e-01 0.000000000000000000e+00 8.000000000000000000e+00 8.191000000000000000e+03 0.000000000000000000e+00 2.000000000000000000e+00 2.755499839782714844e+00
4.320000076293945312e+01 1.502488106489181519e-01 0.000000000000000000e+00 4.074142270837910473e-05 1.500058174133300781e-01 0.000000000000000000e+00 8.000000000000000000e+00 8.191000000000000000e+03 0.000000000000000000e+00 2.000000000000000000e+00 2.755499839782714844e+00
4.340000152587890625e+01 1.602029055356979370e-01 0.000000000000000000e+00 4.001082561444491148e-05 1.600028574466705322e-01 0.000000000000000000e+00 8.000000000000000000e+00 8.191000000000000000e+03 0.000000000000000000e+00 2.000000000000000000e+00 2.755899906158447266e+00
4.360000228881835938e+01 1.701329201459884644e-01 0.000000000000000000e+00 3.859339994960464537e-05 1.699998974800109863e-01 0.000000000000000000e+00 8.000000000000000000e+00 8.191000000000000000e+03 0.000000000000000000e+00 2.000000000000000000e+00 2.755899906158447266e+00
4.379999923706054688e+01 1.801854223012924194e-01 0.000000000000000000e+00 3.709805605467408895e-05 1.799969226121902466e-01 0.000000000000000000e+00 8.000000000000000000e+00 8.191000000000000000e+03 0.000000000000000000e+00 2.000000000000000000e+00 2.755899906158447266e+00
4.400000000000000000e+01 1.902142167091369629e-01 0.000000000000000000e+00 3.548739550751633942e-05 1.899939626455307007e-01 0.000000000000000000e+00 8.000000000000000000e+00 8.191000000000000000e+03 0.000000000000000000e+00 2.000000000000000000e+00 2.755899906158447266e+00
4.420000076293945312e+01 2.001878321170806885e-01 0.000000000000000000e+00 3.391531208762899041e-05 2.000034898519515991e-01 0.000000000000000000e+00 8.000000000000000000e+00 8.191000000000000000e+03 0.000000000000000000e+00 2.000000000000000000e+00 2.755899906158447266e+00
4.440000152587890625e+01 2.100919485092163086e-01 0.000000000000000000e+00 3.243487662984989583e-05 2.100005298852920532e-01 0.000000000000000000e+00 8.000000000000000000e+00 8.191000000000000000e+03 0.000000000000000000e+00 2.000000000000000000e+00 2.755899906158447266e+00
4.460000228881835938e+01 2.201923578977584839e-01 0.000000000000000000e+00 3.112181366304866970e-05 2.199975699186325073e-01 0.000000000000000000e+00 8.000000000000000000e+00 8.191000000000000000e+03 0.000000000000000000e+00 2.000000000000000000e+00 2.755899906158447266e+00
4.479999923706054688e+01 2.301985323429107666e-01 0.000000000000000000e+00 2.996332841576077044e-05 2.299945950508117676e-01 0.000000000000000000e+00 8.000000000000000000e+00 8.191000000000000000e+03 0.000000000000000000e+00 2.000000000000000000e+00 2.755899906158447266e+00
4.500000000000000000e+01 2.401283234357833862e-01 0.000000000000000000e+00 2.888996277761179954e-05 2.400041371583938599e-01 0.000000000000000000e+00 8.000000000000000000e+00 8.191000000000000000e+03 0.000000000000000000e+00 2.000000000000000000e+00 2.755899906158447266e+00
4.520000076293945312e+01 2.501236200332641602e-01 0.000000000000000000e+00 2.793380190269090235e-05 2.500011622905731201e-01 0.000000000000000000e+00 8.000000000000000000e+00 8.191000000000000000e+03 0.000000000000000000e+00 2.000000000000000000e+00 2.755899906158447266e+00
4.540000152587890625e+01 2.601723670959472656e-01 0.000000000000000000e+00 2.709623731789179146e-05 2.599982023239135742e-01 0.000000000000000000e+00 8.000000000000000000e+00 8.191000000000000000e+03 0.000000000000000000e+00 2.000000000000000000e+00 2.756000041961669922e+00
4.560000228881835938e+01 2.701120078563690186e-01 0.000000000000000000e+00 2.627156391099561006e-05 2.699952423572540283e-01 0.000000000000000000e+00 8.000000000000000000e+00 8.191000000000000000e+03 0.000000000000000000e+00 2.000000000000000000e+00 2.756000041961669922e+00
4.579999923706054688e+01 2.801281809806823730e-01 0.000000000000000000e+00 2.559665517765097320e-05 2.800047695636749268e-01 0.000000000000000000e+00 8.000000000000000000e+00 8.191000000000000000e+03 0.000000000000000000e+00 2.000000000000000000e+00 2.756000041961669922e+00
4.600000000000000000e+01 2.902298867702484131e-01 0.000000000000000000e+00 2.493877764209173620e-05 2.900017797946929932e-01 0.000000000000000000e+00 8.000000000000000000e+00 8.191000000000000000e+03 0.000000000000000000e+00 2.000000000000000000e+00 2.756000041961669922e+00
4.620000076293945312e+01 3.001201152801513672e-01 0.000000000000000000e+00 2.435304668324533850e-05 2.999988198280334473e-01 0.000000000000000000e+00 8.000000000000000000e+00 8.191000000000000000e+03 0.000000000000000000e+00 2.000000000000000000e+00 2.756000041961669922e+00
4.640000152587890625e+01 2.901954650878906250e-01 0.000000000000000000e+00 2.268693242513108999e-05 2.900017797946929932e-01 0.000000000000000000e+00 8.000000000000000000e+00 8.191000000000000000e+03 0.000000000000000000e+00 2.000000000000000000e+00 2.756000041961669922e+00
4.660000228881835938e+01 2.800688743591308594e-01 0.000000000000000000e+00 2.146442784578539431e-05 2.800047695636749268e-01 0.000000000000000000e+00 8.000000000000000000e+00 8.191000000000000000e+03 0.000000000000000000e+00 2.000000000000000000e+00 2.756000041961669922e+00
4.679999923706054688e+01 2.701234817504882812e-01 0.000000000000000000e+00 2.043176755250897259e-05 2.699952423572540283e-01 0.000000000000000000e+00 8.000000000000000000e+00 8.191000000000000000e+03 0.000000000000000000e+00 2.000000000000000000e+00 2.756000041961669922e+00
4.700000000000000000e+01 2.601854801177978516e-01 0.000000000000000000e+00 1.964205148397013545e-05 2.599982023239135742e-01 0.000000000000000000e+00 8.000000000000000000e+00 8.191000000000000000e+03 0.000000000000000000e+00 2.000000000000000000e+00 2.756000041961669922e+00
4.720000076293945312e+01 2.501582801342010498e-01 0.000000000000000000e+00 1.882825745269656181e-05 2.500011622905731201e-01 0.000000000000000000e+00 8.000000000000000000e+00 8.191000000000000000e+03 0.000000000000000000e+00 2.000000000000000000e+00 2.756000041961669922e+00
4.740000152587890625e+01 2.402091771364212036e-01 0.000000000000000000e+00 1.805132887966465205e-05 2.400041371583938599e-01 0.000000000000000000e+00 8.000000000000000000e+00 8.191000000000000000e+03 0.000000000000000000e+00 2.000000000000000000e+00 2.755699872970581055e+00
4.760000228881835938e+01 2.300453931093215942e-01 0.000000000000000000e+00 1.732600503601133823e-05 2.299945950508117676e-01 0.000000000000000000e+00 8.000000000000000000e+00 8.191000000000000000e+03 0.000000000000000000e+00 2.000000000000000000e+00 2.755699872970581055e+00
4.779999923706054688e+01 2.202271968126296997e-01 0.000000000000000000e+00 1.655450250837020576e-05 2.199975699186325073e-01 0.000000000000000000e+00 8.000000000000000000e+00 8.191000000000000000e+03 0.000000000000000000e+00 2.000000000000000000e+00 2.755699872970581055e+00
4.800000000000000000e+01 2.101023197174072266e-01 0.000000000000000000e+00 1.574293855810537934e-05 2.100005298852920532e-01 0.000000000000000000e+00 8.000000000000000000e+00 8.191000000000000000e+03 0.000000000000000000e+00 2.000000000000000000e+00 2.755699872970581055e+00
4.820000076293945312e+01 2.001652419567108154e-01 0.000000000000000000e+00 1.478462036175187677e-05 2.000034898519515991e-01 0.000000000000000000e+00 8.000000000000000000e+00 8.191000000000000000e+03 0.000000000000000000e+00 2.000000000000000000e+00 2.755699872970581055e+00
4.840000152587890625e+01 1.901772916316986084e-01 0.000000000000000000e+00 1.376484306092606857e-05 1.899939626455307007e-01 0.000000000000000000e+00 8.000000000000000000e+00 8.191000000000000000e+03 0.000000000000000000e+00 2.000000000000000000e+00 2.755699872970581055e+00
4.860000228881835938e+01 1.802078485488891602e-01 0.000000000000000000e+00 1.240990513906581327e-05 1.799969226121902466e-01 0.000000000000000000e+00 8.000000000000000000e+00 8.191000000000000000e+03 0.000000000000000000e+00 2.000000000000000000e+00 2.755699872970581055e+00
4.879999923706054688e+01 1.700723618268966675e-01 0.000000000000000000e+00 1.077190790965687484e-05 1.699998974800109863e-01 0.000000000000000000e+00 8.000000000000000000e+00 8.191000000000000000e+03 0.000000000000000000e+00 2.000000000000000000e+00 2.755699872970581055e+00
4.900000000000000000e+01 1.601663529872894287e-01 0.000000000000000000e+00 8.718328899703919888e-06 1.600028574466705322e-01 0.000000000000000000e+00 8.000000000000000000e+00 8.191000000000000000e+03 0.000000000000000000e+00 2.000000000000000000e+00 2.755699872970581055e+00
4.920000076293945312e+01 1.501983702182769775e-01 0.000000000000000000e+00 6.218092494236771017e-06 1.500058174133300781e-01 0.000000000000000000e+00 8.000000000000000000e+00 8.191000000000000000e+03 0.000000000000000000e+00 2.000000000000000000e+00 2.755699872970581055e+00
4.940000152587890625e+01 1.401512026786804199e-01 0.000000000000000000e+00 3.045422545255860314e-06 1.399962902069091797e-01 0.000000000000000000e+00 7.000000000000000000e+00 8.191000000000000000e+03 0.000000000000000000e+00 2.000000000000000000e+00 2.755899906158447266e+00
4.960000228881835938e+01 1.300875246524810791e-01 0.000000000000000000e+00 -6.862467216706136242e-07 1.299992501735687256e-01 0.000000000000000000e+00 7.000000000000000000e+00 8.191000000000000000e+03 0.000000000000000000e+00 2.000000000000000000e+00 2.755899906158447266e+00
4.979999923706054688e+01 1.201204955577850342e-01 0.000000000000000000e+00 -1.093766627491277177e-06 1.200022250413894653e-01 0.000000000000000000e+00 6.000000000000000000e+00 7.164000000000000000e+03 0.000000000000000000e+00 2.000000000000000000e+00 2.755899906158447266e+00
5.000000000000000000e+01 1.101814731955528259e-01 0.000000000000000000e+00 -9.563845196680631489e-06 1.100051850080490112e-01 0.000000000000000000e+00 7.000000000000000000e+00 8.190000000000000000e+03 0.000000000000000000e+00 2.000000000000000000e+00 2.755899906158447266e+00
5.020000076293945312e+01 1.000848859548568726e-01 0.000000000000000000e+00 -1.443758537789108232e-05 9.999565780162811279e-02 0.000000000000000000e+00 8.000000000000000000e+00 8.191000000000000000e+03 0.000000000000000000e+00 2.000000000000000000e+00 2.755899906158447266e+00
5.040000152587890625e+01 9.018934518098831177e-02 0.000000000000000000e+00 -1.921722650877200067e-05 8.999861776828765869e-02 0.000000000000000000e+00 8.000000000000000000e+00 8.191000000000000000e+03 0.000000000000000000e+00 2.000000000000000000e+00 2.755899906158447266e+00
5.060000228881835938e+01 8.016707748174667358e-02 0.000000000000000000e+00 -2.359630161663517356e-05 8.000158518552780151e-02 0.000000000000000000e+00 8.000000000000000000e+00 8.191000000000000000e+03 0.000000000000000000e+00 2.000000000000000000e+00 2.755899906158447266e+00
5.079999923706054688e+01 7.020612061023712158e-02 0.000000000000000000e+00 -2.729059815465006977e-05 7.000455260276794434e-02 0.000000000000000000e+00 8.000000000000000000e+00 8.191000000000000000e+03 0.000000000000000000e+00 2.000000000000000000e+00 2.755899906158447266e+00
5.100000000000000000e+01 6.013605371117591858e-02 0.000000000000000000e+00 -3.002130506501998752e-05 5.999501794576644897e-02 0.000000000000000000e+00 8.000000000000000000e+00 8.191000000000000000e+03 0.000000000000000000e+00 2.000000000000000000e+00 2.755899906158447266e+00
5.120000076293945312e+01 5.011761933565139771e-02 0.000000000000000000e+00 -3.141981505905278027e-05 4.999798536300659180e-02 0.000000000000000000e+00 8.000000000000000000e+00 8.191000000000000000e+03 0.000000000000000000e+00 2.000000000000000000e+00 2.755899906158447266e+00
5.140000152587890625e+01 4.016242548823356628e-02 0.000000000000000000e+00 -3.161747736157849431e-05 4.000094905495643616e-02 0.000000000000000000e+00 8.000000000000000000e+00 8.191000000000000000e+03 0.000000000000000000e+00 2.000000000000000000e+00 2.755800008773803711e+00
5.160000228881835938e+01 3.011770360171794891e-02 0.000000000000000000e+00 -3.089325036853551865e-05 3.000391460955142975e-02 0.000000000000000000e+00 8.000000000000000000e+00 8.191000000000000000e+03 0.000000000000000000e+00 2.000000000000000000e+00 2.755800008773803711e+00
5.179999923706054688e+01 2.019385993480682373e-02 0.000000000000000000e+00 -2.938478064606897533e-05 1.999438367784023285e-02 0.000000000000000000e+00 8.000000000000000000e+00 8.191000000000000000e+03 0.000000000000000000e+00 2.000000000000000000e+00 2.755800008773803711e+00
5.200000000000000000e+01 1.004732679575681686e-02 0.000000000000000000e+00 -2.763297561614308506e-05 9.997349232435226440e-03 0.000000000000000000e+00 8.000000000000000000e+00 8.191000000000000000e+03 0.000000000000000000e+00 2.000000000000000000e+00 2.755800008773803711e+00
5.220000076293945312e+01 1.421699998900294304e-04 0.000000000000000000e+00 -2.575108374003320932e-05 3.129243850708007812e-07 0.000000000000000000e+00 8.000000000000000000e+00 8.191000000000000000e+03 0.000000000000000000e+00 2.000000000000000000e+00 2.755800008773803711e+00
5.240000152587890625e+01 -9.829125367105007172e-03 0.000000000000000000e+00 -2.392112583038397133e-05 -9.996719658374786377e-03 0.000000000000000000e+00 8.000000000000000000e+00 8.191000000000000000e+03 0.000000000000000000e+00 2.000000000000000000e+00 2.755800008773803711e+00
5.260000228881835938e+01 -1.982523687183856964e-02 0.000000000000000000e+00 -2.221789327450096607e-05 -1.999375596642494202e-02 0.000000000000000000e+00 8.000000000000000000e+00 8.191000000000000000e+03 0.000000000000000000e+00 2.000000000000000000e+00 2.755800008773803711e+00
5.279999923706054688e+01 -2.963286265730857849e-02 0.000000000000000000e+00 -2.071091148536652327e-05 -3.000328317284584045e-02 0.000000000000000000e+00 8.000000000000000000e+00 6.143000000000000000e+03 0.000000000000000000e+00 2.000000000000000000e+00 2.755800008773803711e+00
5.300000000000000000e+01 -3.983993455767631531e-02 0.000000000000000000e+00 -1.935323962243273854e-05 -4.000032320618629456e-02 0.000000000000000000e+00 8.000000000000000000e+00 8.191000000000000000e+03 0.000000000000000000e+00 2.000000000000000000e+00 2.755800008773803711e+00
5.320000076293945312e+01 -4.989898204803466797e-02 0.000000000000000000e+00 -1.819969656935427338e-05 -4.999735578894615173e-02 0.000000000000000000e+00 8.000000000000000000e+00 8.191000000000000000e+03 0.000000000000000000e+00 2.000000000000000000e+00 2.755800008773803711e+00
5.340000152587890625e+01 -5.983226746320724487e-02 0.000000000000000000e+00 -1.705842078081332147e-05 -5.999438837170600891e-02 0.000000000000000000e+00 8.000000000000000000e+00 8.191000000000000000e+03 0.000000000000000000e+00 2.000000000000000000e+00 2.756000041961669922e+00
5.360000228881835938e+01 -6.990507245063781738e-02 0.000000000000000000e+00 -1.618144779058638960e-05 -7.000392675399780273e-02 0.000000000000000000e+00 8.000000000000000000e+00 8.191000000000000000e+03 0.000000000000000000e+00 2.000000000000000000e+00 2.756000041961669922e+00
5.379999923706054688e+01 -7.984568178653717041e-02 0.000000000000000000e+00 -1.529366454633418471e-05 -8.000095188617706299e-02 0.000000000000000000e+00 8.000000000000000000e+00 8.191000000000000000e+03 0.000000000000000000e+00 2.000000000000000000e+00 2.756000041961669922e+00
5.400000000000000000e+01 -8.989838510751724243e-02 0.000000000000000000e+00 -1.462500586058013141e-05 -8.999799191951751709e-02 0.000000000000000000e+00 8.000000000000000000e+00 8.191000000000000000e+03 0.000000000000000000e+00 2.000000000000000000e+00 2.756000041961669922e+00
5.420000076293945312e+01 -9.988441318273544312e-02 0.000000000000000000e+00 -1.386997791996691376e-05 -9.999501705169677734e-02 0.000000000000000000e+00 8.000000000000000000e+00 8.191000000000000000e+03 0.000000000000000000e+00 2.000000000000000000e+00 2.756000041961669922e+00
5.440000152587890625e+01 -1.098431795835494995e-01 0.000000000000000000e+00 -1.335347315034596249e-05 -1.100045591592788696e-01 0.000000000000000000e+00 8.000000000000000000e+00 8.191000000000000000e+03 0.000000000000000000e+00 2.000000000000000000e+00 2.755800008773803711e+00
5.460000228881835938e+01 -1.199085116386413574e-01 0.000000000000000000e+00 -1.275986051041400060e-05 -1.200015842914581299e-01 0.000000000000000000e+00 8.000000000000000000e+00 8.191000000000000000e+03 0.000000000000000000e+00 2.000000000000000000e+00 2.755800008773803711e+00
5.479999923706054688e+01 -1.298135519027709961e-01 0.000000000000000000e+00 -1.227735810971353203e-05 -1.299986243247985840e-01 0.000000000000000000e+00 8.000000000000000000e+00 8.191000000000000000e+03 0.000000000000000000e+00 2.000000000000000000e+00 2.755800008773803711e+00
5.500000000000000000e+01 -1.399418413639068604e-01 0.000000000000000000e+00 -1.185764176625525579e-05 -1.399956643581390381e-01 0.000000000000000000e+00 8.000000000000000000e+00 8.191000000000000000e+03 0.000000000000000000e+00 2.000000000000000000e+00 2.755800008773803711e+00
5.520000076293945312e+01 -1.498542875051498413e-01 0.000000000000000000e+00 -1.143311055784579366e-05 -1.500051915645599365e-01 0.000000000000000000e+00 8.000000000000000000e+00 8.191000000000000000e+03 0.000000000000000000e+00 2.000000000000000000e+00 2.755800008773803711e+00
5.540000152587890625e+01 -1.598773151636123657e-01 0.000000000000000000e+00 -1.109725599235389382e-05 -1.600022166967391968e-01 0.000000000000000000e+00 8.000000000000000000e+00 8.191000000000000000e+03 0.000000000000000000e+00 2.000000000000000000e+00 2.755800008773803711e+00
5.560000228881835938e+01 -1.699867099523544312e-01 0.000000000000000000e+00 -1.076622629625489935e-05 -1.699992567300796509e-01 0.000000000000000000e+00 8.000000000000000000e+00 8.191000000000000000e+03 0.000000000000000000e+00 2.000000000000000000e+00 2.755800008773803711e+00
5.579999923706054688e+01 -1.798853874206542969e-01 0.000000000000000000e+00 -1.040746883518295363e-05 -1.799962967634201050e-01 0.000000000000000000e+00 8.000000000000000000e+00 8.191000000000000000e+03 0.000000000000000000e+00 2.000000000000000000e+00 2.755800008773803711e+00
5.600000000000000000e+01 -1.899286955595016479e-01 0.000000000000000000e+00 -1.022345986712025478e-05 -1.900058239698410034e-01 0.000000000000000000e+00 8.000000000000000000e+00 8.191000000000000000e+03 0.000000000000000000e+00 2.000000000000000000e+00 2.755800008773803711e+00
5.620000076293945312e+01 -1.998355537652969360e-01 0.000000000000000000e+00 -9.887424312182702124e-06 -2.000028640031814575e-01 0.000000000000000000e+00 8.000000000000000000e+00 8.191000000000000000e+03 0.000000000000000000e+00 2.000000000000000000e+00 2.755800008773803711e+00
5.640000152587890625e+01 -1.999320685863494873e-01 0.000000000000000000e+00 -9.469198630540631711e-06 -2.000028640031814575e-01 0.000000000000000000e+00 8.000000000000000000e+00 8.191000000000000000e+03 0.000000000000000000e+00 3.000000000000000000e+00 2.755800008773803711e+00
