2.000000029802322388e-01 2.885055437218397856e-04 0.000000000000000000e+00 -8.713133183846366592e-07 3.129243850708007812e-07 0.000000000000000000e+00 7.000000000000000000e+00 8.191000000000000000e+03 0.000000000000000000e+00 0.000000000000000000e+00 2.755399942398071289e+00
4.000000059604644775e-01 1.012059487402439117e-02 0.000000000000000000e+00 -4.463514926555944839e-07 9.997349232435226440e-03 0.000000000000000000e+00 7.000000000000000000e+00 8.191000000000000000e+03 0.000000000000000000e+00 0.000000000000000000e+00 2.755399942398071289e+00
6.000000238418579102e-01 2.011164464056491852e-02 0.000000000000000000e+00 -2.167311947687267093e-07 1.999438367784023285e-02 0.000000000000000000e+00 6.000000000000000000e+00 8.191000000000000000e+03 0.000000000000000000e+00 0.000000000000000000e+00 2.755399942398071289e+00
8.000000119209289551e-01 2.930304966866970062e-02 0.000000000000000000e+00 -6.755634984756397898e-08 3.000391460955142975e-02 0.000000000000000000e+00 6.000000000000000000e+00 6.143000000000000000e+03 0.000000000000000000e+00 0.000000000000000000e+00 2.755399942398071289e+00
1.000000000000000000e+00 4.013566300272941589e-02 0.000000000000000000e+00 3.527586045493080746e-08 4.000094905495643616e-02 0.000000000000000000e+00 5.000000000000000000e+00 8.191000000000000000e+03 0.000000000000000000e+00 0.000000000000000000e+00 2.755399942398071289e+00
1.200000047683715820e+00 5.011631548404693604e-02 0.000000000000000000e+00 1.014436890045544715e-07 4.999798536300659180e-02 0.000000000000000000e+00 5.000000000000000000e+00 7.164000000000000000e+03 0.000000000000000000e+00 0.000000000000000000e+00 2.754600048065185547e+00
1.399999976158142090e+00 6.010787934064865112e-02 0.000000000000000000e+00 1.453650071425727219e-07 5.999501794576644897e-02 0.000000000000000000e+00 6.000000000000000000e+00 8.191000000000000000e+03 0.000000000000000000e+00 0.000000000000000000e+00 2.754600048065185547e+00
1.600000023841857910e+00 7.018227875232696533e-02 0.000000000000000000e+00 1.798967304011966917e-07 7.000455260276794434e-02 0.000000000000000000e+00 6.000000000000000000e+00 8.191000000000000000e+03 0.000000000000000000e+00 0.000000000000000000e+00 2.754600048065185547e+00
1.800000071525573730e+00 8.020807802677154541e-02 0.000000000000000000e+00 2.053866836604356649e-07 8.000158518552780151e-02 0.000000000000000000e+00 6.000000000000000000e+00 8.191000000000000000e+03 0.000000000000000000e+00 0.000000000000000000e+00 2.754600048065185547e+00
2.000000000000000000e+00 9.012935310602188110e-02 0.000000000000000000e+00 2.250971249395661289e-07 8.999861776828765869e-02 0.000000000000000000e+00 6.000000000000000000e+00 8.191000000000000000e+03 0.000000000000000000e+00 0.000000000000000000e+00 2.754600048065185547e+00
2.200000047683715820e+00 1.002280488610267639e-01 0.000000000000000000e+00 2.438624164824432228e-07 9.999565780162811279e-02 0.000000000000000000e+00 6.000000000000000000e+00 8.191000000000000000e+03 0.000000000000000000e+00 0.000000000000000000e+00 2.754400014877319336e+00
2.400000095367431641e+00 1.102244779467582703e-01 0.000000000000000000e+00 2.606030022889171960e-07 1.100051850080490112e-01 0.000000000000000000e+00 6.000000000000000000e+00 8.191000000000000000e+03 0.000000000000000000e+00 0.000000000000000000e+00 2.754400014877319336e+00
2.600000143051147461e+00 1.200604960322380066e-01 0.000000000000000000e+00 2.779625276616570773e-07 1.200022250413894653e-01 0.000000000000000000e+00 6.000000000000000000e+00 8.191000000000000000e+03 0.000000000000000000e+00 0.000000000000000000e+00 2.754400014877319336e+00
2.799999952316284180e+00 1.301095783710479736e-01 0.000000000000000000e+00 2.953683804207685171e-07 1.299992501735687256e-01 0.000000000000000000e+00 6.000000000000000000e+00 8.191000000000000000e+03 0.000000000000000000e+00 0.000000000000000000e+00 2.754400014877319336e+00
3.000000000000000000e+00 1.401664763689041138e-01 0.000000000000000000e+00 3.157591947910987074e-07 1.399962902069091797e-01 0.000000000000000000e+00 6.000000000000000000e+00 8.191000000000000000e+03 0.000000000000000000e+00 0.000000000000000000e+00 2.754400014877319336e+00
3.200000047683715820e+00 1.501623243093490601e-01 0.000000000000000000e+00 3.362143843332887627e-07 1.500058174133300781e-01 0.000000000000000000e+00 6.000000000000000000e+00 8.191000000000000000e+03 0.000000000000000000e+00 0.000000000000000000e+00 2.754699945449829102e+00
3.400000095367431641e+00 1.601608991622924805e-01 0.000000000000000000e+00 3.569205091480398551e-07 1.600028574466705322e-01 0.000000000000000000e+00 6.000000000000000000e+00 8.191000000000000000e+03 0.000000000000000000e+00 0.000000000000000000e+00 2.754699945449829102e+00
3.600000143051147461e+00 1.701654791831970215e-01 0.000000000000000000e+00 3.803729669016320258e-07 1.699998974800109863e-01 0.000000000000000000e+00 6.000000000000000000e+00 8.191000000000000000e+03 0.000000000000000000e+00 0.000000000000000000e+00 2.754699945449829102e+00
3.799999952316284180e+00 1.801521778106689453e-01 0.000000000000000000e+00 4.037698033698688960e-07 1.799969226121902466e-01 0.000000000000000000e+00 6.000000000000000000e+00 8.191000000000000000e+03 0.000000000000000000e+00 0.000000000000000000e+00 2.754699945449829102e+00
4.000000000000000000e+00 1.901240497827529907e-01 0.000000000000000000e+00 4.303271623484761221e-07 1.899939626455307007e-01 0.000000000000000000e+00 6.000000000000000000e+00 8.191000000000000000e+03 0.000000000000000000e+00 0.000000000000000000e+00 2.754699945449829102e+00
4.200000286102294922e+00 2.001534253358840942e-01 0.000000000000000000e+00 4.573120122586260550e-07 2.000034898519515991e-01 0.000000000000000000e+00 6.000000000000000000e+00 8.191000000000000000e+03 0.000000000000000000e+00 0.000000000000000000e+00 2.754699945449829102e+00
4.400000095367431641e+00 2.102051973342895508e-01 0.000000000000000000e+00 4.869574468102655374e-07 2.100005298852920532e-01 0.000000000000000000e+00 6.000000000000000000e+00 8.191000000000000000e+03 0.000000000000000000e+00 0.000000000000000000e+00 2.754699945449829102e+00
4.599999904632568359e+00 2.201399952173233032e-01 0.000000000000000000e+00 5.192894150241045281e-07 2.199975699186325073e-01 0.000000000000000000e+00 6.000000000000000000e+00 8.191000000000000000e+03 0.000000000000000000e+00 0.000000000000000000e+00 2.754699945449829102e+00
4.800000190734863281e+00 2.301513999700546265e-01 0.000000000000000000e+00 5.503463285094767343e-07 2.299945950508117676e-01 0.000000000000000000e+00 6.000000000000000000e+00 8.191000000000000000e+03 0.000000000000000000e+00 0.000000000000000000e+00 2.754699945449829102e+00
5.000000000000000000e+00 2.402006089687347412e-01 0.000000000000000000e+00 5.794196340502821840e-07 2.400041371583938599e-01 0.000000000000000000e+00 6.000000000000000000e+00 8.191000000000000000e+03 0.000000000000000000e+00 0.000000000000000000e+00 2.754699945449829102e+00
5.200000286102294922e+00 2.501972615718841553e-01 0.000000000000000000e+00 6.207599199115065858e-07 2.500011622905731201e-01 0.000000000000000000e+00 6.000000000000000000e+00 8.191000000000000000e+03 0.000000000000000000e+00 0.000000000000000000e+00 2.754699945449829102e+00
5.400000095367431641e+00 2.601529657840728760e-01 0.000000000000000000e+00 6.623131980632024352e-07 2.599982023239135742e-01 0.000000000000000000e+00 6.000000000000000000e+00 8.191000000000000000e+03 0.000000000000000000e+00 0.000000000000000000e+00 2.754699945449829102e+00
5.599999904632568359e+00 2.700840830802917480e-01 0.000000000000000000e+00 7.057862490000843536e-07 2.699952423572540283e-01 0.000000000000000000e+00 6.000000000000000000e+00 8.191000000000000000e+03 0.000000000000000000e+00 0.000000000000000000e+00 2.754699945449829102e+00
5.800000190734863281e+00 2.801708877086639404e-01 0.000000000000000000e+00 7.508272688028228004e-07 2.800047695636749268e-01 0.000000000000000000e+00 6.000000000000000000e+00 8.191000000000000000e+03 0.000000000000000000e+00 0.000000000000000000e+00 2.754699945449829102e+00
6.000000000000000000e+00 2.901822328567504883e-01 0.000000000000000000e+00 7.965846862134640105e-07 2.900017797946929932e-01 0.000000000000000000e+00 6.000000000000000000e+00 8.191000000000000000e+03 0.000000000000000000e+00 0.000000000000000000e+00 2.754699945449829102e+00
6.200000286102294922e+00 3.002363443374633789e-01 0.000000000000000000e+00 8.519207312929211184e-07 2.999988198280334473e-01 0.000000000000000000e+00 6.000000000000000000e+00 8.191000000000000000e+03 0.000000000000000000e+00 0.000000000000000000e+00 2.754799842834472656e+00
6.400000095367431641e+00 2.901943922042846680e-01 0.000000000000000000e+00 5.717594717680185568e-07 2.900017797946929932e-01 0.000000000000000000e+00 6.000000000000000000e+00 8.191000000000000000e+03 0.000000000000000000e+00 0.000000000000000000e+00 2.754799842834472656e+00
6.599999904632568359e+00 2.802495062351226807e-01 0.000000000000000000e+00 4.095159908956702566e-07 2.800047695636749268e-01 0.000000000000000000e+00 6.000000000000000000e+00 8.191000000000000000e+03 0.000000000000000000e+00 0.000000000000000000e+00 2.754799842834472656e+00
6.800000190734863281e+00 2.701979577541351318e-01 0.000000000000000000e+00 3.005856683557794895e-07 2.699952423572540283e-01 0.000000000000000000e+00 6.000000000000000000e+00 8.191000000000000000e+03 0.000000000000000000e+00 0.000000000000000000e+00 2.754799842834472656e+00
7.000000000000000000e+00 2.601540088653564453e-01 0.000000000000000000e+00 2.173433415464387508e-07 2.599982023239135742e-01 0.000000000000000000e+00 6.000000000000000000e+00 8.191000000000000000e+03 0.000000000000000000e+00 0.000000000000000000e+00 2.754799842834472656e+00
7.200000286102294922e+00 2.501856386661529541e-01 0.000000000000000000e+00 1.518065033678794862e-07 2.500011622905731201e-01 0.000000000000000000e+00 6.000000000000000000e+00 8.191000000000000000e+03 0.000000000000000000e+00 0.000000000000000000e+00 2.754600048065185547e+00
7.400000095367431641e+00 2.401827275753021240e-01 0.000000000000000000e+00 9.814988999323759344e-08 2.400041371583938599e-01 0.000000000000000000e+00 6.000000000000000000e+00 8.191000000000000000e+03 0.000000000000000000e+00 0.000000000000000000e+00 2.754600048065185547e+00
7.599999904632568359e+00 2.301706969738006592e-01 0.000000000000000000e+00 5.203785846674691129e-08 2.299945950508117676e-01 0.000000000000000000e+00 6.000000000000000000e+00 8.191000000000000000e+03 0.000000000000000000e+00 0.000000000000000000e+00 2.754600048065185547e+00
7.800000190734863281e+00 2.201910018920898438e-01 0.000000000000000000e+00 1.582192332705290028e-08 2.199975699186325073e-01 0.000000000000000000e+00 5.000000000000000000e+00 8.191000000000000000e+03 0.000000000000000000e+00 0.000000000000000000e+00 2.754600048065185547e+00
8.000000000000000000e+00 2.101129889488220215e-01 0.000000000000000000e+00 -1.528934845396179298e-08 2.100005298852920532e-01 0.000000000000000000e+00 5.000000000000000000e+00 8.191000000000000000e+03 0.000000000000000000e+00 0.000000000000000000e+00 2.754600048065185547e+00
8.199999809265136719e+00 2.001593261957168579e-01 0.000000000000000000e+00 -4.327995029029807483e-08 2.000034898519515991e-01 0.000000000000000000e+00 5.000000000000000000e+00 8.191000000000000000e+03 0.000000000000000000e+00 0.000000000000000000e+00 2.754499912261962891e+00
8.400000572204589844e+00 1.901238113641738892e-01 0.000000000000000000e+00 -6.847496081263670931e-08 1.899939626455307007e-01 0.000000000000000000e+00 5.000000000000000000e+00 8.191000000000000000e+03 0.000000000000000000e+00 0.000000000000000000e+00 2.754499912261962891e+00
8.600000381469726562e+00 1.802081167697906494e-01 0.000000000000000000e+00 -9.142401324879756430e-08 1.799969226121902466e-01 0.000000000000000000e+00 5.000000000000000000e+00 8.190000000000000000e+03 0.000000000000000000e+00 0.000000000000000000e+00 2.754499912261962891e+00
8.800000190734863281e+00 1.701643615961074829e-01 0.000000000000000000e+00 -1.130718345621062326e-07 1.699998974800109863e-01 0.000000000000000000e+00 6.000000000000000000e+00 8.191000000000000000e+03 0.000000000000000000e+00 0.000000000000000000e+00 2.754499912261962891e+00
9.000000000000000000e+00 1.602206826210021973e-01 0.000000000000000000e+00 -1.329629242263763444e-07 1.600028574466705322e-01 0.000000000000000000e+00 6.000000000000000000e+00 8.191000000000000000e+03 0.000000000000000000e+00 0.000000000000000000e+00 2.754499912261962891e+00
9.199999809265136719e+00 1.501380205154418945e-01 0.000000000000000000e+00 -1.509629043994209496e-07 1.500058174133300781e-01 0.000000000000000000e+00 6.000000000000000000e+00 8.191000000000000000e+03 0.000000000000000000e+00 0.000000000000000000e+00 2.754199981689453125e+00
9.400000572204589844e+00 1.401487588882446289e-01 0.000000000000000000e+00 -1.683401364971359726e-07 1.399962902069091797e-01 0.000000000000000000e+00 6.000000000000000000e+00 8.191000000000000000e+03 0.000000000000000000e+00 0.000000000000000000e+00 2.754199981689453125e+00
9.600000381469726562e+00 1.301829516887664795e-01 0.000000000000000000e+00 -1.862628522530940245e-07 1.299992501735687256e-01 0.000000000000000000e+00 6.000000000000000000e+00 8.191000000000000000e+03 0.000000000000000000e+00 0.000000000000000000e+00 2.754199981689453125e+00
9.800000190734863281e+00 1.201715692877769470e-01 0.000000000000000000e+00 -2.043058060507974005e-07 1.200022250413894653e-01 0.000000000000000000e+00 6.000000000000000000e+00 8.191000000000000000e+03 0.000000000000000000e+00 0.000000000000000000e+00 2.754199981689453125e+00
1.000000000000000000e+01 1.102081239223480225e-01 0.000000000000000000e+00 -2.218643118112595403e-07 1.100051850080490112e-01 0.000000000000000000e+00 6.000000000000000000e+00 8.191000000000000000e+03 0.000000000000000000e+00 0.000000000000000000e+00 2.754199981689453125e+00
1.019999980926513672e+01 1.000472083687782288e-01 0.000000000000000000e+00 -2.414774655790097313e-07 9.999565780162811279e-02 0.000000000000000000e+00 6.000000000000000000e+00 8.191000000000000000e+03 0.000000000000000000e+00 0.000000000000000000e+00 2.754600048065185547e+00
1.040000057220458984e+01 9.017807990312576294e-02 0.000000000000000000e+00 -2.634352824770758161e-07 8.999861776828765869e-02 0.000000000000000000e+00 6.000000000000000000e+00 8.191000000000000000e+03 0.000000000000000000e+00 0.000000000000000000e+00 2.754600048065185547e+00
1.060000038146972656e+01 8.017414808273315430e-02 0.000000000000000000e+00 -2.887292112063732930e-07 8.000158518552780151e-02 0.000000000000000000e+00 6.000000000000000000e+00 8.191000000000000000e+03 0.000000000000000000e+00 0.000000000000000000e+00 2.754600048065185547e+00
1.080000019073486328e+01 7.018688321113586426e-02 0.000000000000000000e+00 -3.187595325471193064e-07 7.000455260276794434e-02 0.000000000000000000e+00 6.000000000000000000e+00 8.191000000000000000e+03 0.000000000000000000e+00 0.000000000000000000e+00 2.754600048065185547e+00
1.100000000000000000e+01 6.020219624042510986e-02 0.000000000000000000e+00 -3.558052412699908018e-07 5.999501794576644897e-02 0.000000000000000000e+00 6.000000000000000000e+00 8.191000000000000000e+03 0.000000000000000000e+00 0.000000000000000000e+00 2.754600048065185547e+00
1.119999980926513672e+01 5.010278522968292236e-02 0.000000000000000000e+00 -4.027709508136467775e-07 4.999798536300659180e-02 0.000000000000000000e+00 6.000000000000000000e+00 8.191000000000000000e+03 0.000000000000000000e+00 0.000000000000000000e+00 2.754600048065185547e+00
1.140000057220458984e+01 4.018724709749221802e-02 0.000000000000000000e+00 -4.621298614893021295e-07 4.000094905495643616e-02 0.000000000000000000e+00 6.000000000000000000e+00 8.191000000000000000e+03 0.000000000000000000e+00 0.000000000000000000e+00 2.754600048065185547e+00
1.160000038146972656e+01 3.024106472730636597e-02 0.000000000000000000e+00 -5.374957936510327272e-07 3.000391460955142975e-02 0.000000000000000000e+00 6.000000000000000000e+00 8.191000000000000000e+03 0.000000000000000000e+00 0.000000000000000000e+00 2.754600048065185547e+00
1.180000019073486328e+01 2.006840147078037262e-02 0.000000000000000000e+00 -6.320017860161897261e-07 1.999438367784023285e-02 0.000000000000000000e+00 6.000000000000000000e+00 8.191000000000000000e+03 0.000000000000000000e+00 0.000000000000000000e+00 2.754600048065185547e+00
1.200000000000000000e+01 1.012010220438241959e-02 0.000000000000000000e+00 -7.479256964870728552e-07 9.997349232435226440e-03 0.000000000000000000e+00 6.000000000000000000e+00 8.191000000000000000e+03 0.000000000000000000e+00 0.000000000000000000e+00 2.754600048065185547e+00
1.219999980926513672e+01 1.139975793194025755e-04 0.000000000000000000e+00 -8.824313226796220988e-07 3.129243850708007812e-07 0.000000000000000000e+00 6.000000000000000000e+00 8.191000000000000000e+03 0.000000000000000000e+00 0.000000000000000000e+00 2.754600048065185547e+00
1.240000057220458984e+01 -9.892356581985950470e-03 0.000000000000000000e+00 -1.032597310768323950e-06 -9.996719658374786377e-03 0.000000000000000000e+00 6.000000000000000000e+00 7.164000000000000000e+03 0.000000000000000000e+00 0.000000000000000000e+00 2.754600048065185547e+00
1.260000038146972656e+01 -1.980760507285594940e-02 0.000000000000000000e+00 -1.183857307296420913e-06 -1.999375596642494202e-02 0.000000000000000000e+00 7.000000000000000000e+00 6.143000000000000000e+03 0.000000000000000000e+00 0.000000000000000000e+00 2.754600048065185547e+00
1.280000019073486328e+01 -2.981344982981681824e-02 0.000000000000000000e+00 -1.333824002358596772e-06 -3.000328317284584045e-02 0.000000000000000000e+00 7.000000000000000000e+00 8.191000000000000000e+03 0.000000000000000000e+00 0.000000000000000000e+00 2.754600048065185547e+00
1.300000000000000000e+01 -3.984727337956428528e-02 0.000000000000000000e+00 -1.469504127271648031e-06 -4.000032320618629456e-02 0.000000000000000000e+00 7.000000000000000000e+00 8.191000000000000000e+03 0.000000000000000000e+00 0.000000000000000000e+00 2.754600048065185547e+00
1.319999980926513672e+01 -4.985930770635604858e-02 0.000000000000000000e+00 -1.581454853294417262e-06 -4.999735578894615173e-02 0.000000000000000000e+00 7.000000000000000000e+00 8.191000000000000000e+03 0.000000000000000000e+00 0.000000000000000000e+00 2.754499912261962891e+00
1.340000057220458984e+01 -5.984122678637504578e-02 0.000000000000000000e+00 -1.677504656072414946e-06 -5.999438837170600891e-02 0.000000000000000000e+00 7.000000000000000000e+00 8.191000000000000000e+03 0.000000000000000000e+00 0.000000000000000000e+00 2.754499912261962891e+00
1.360000038146972656e+01 -6.985332071781158447e-02 0.000000000000000000e+00 -1.757021436787908897e-06 -7.000392675399780273e-02 0.000000000000000000e+00 7.000000000000000000e+00 8.191000000000000000e+03 0.000000000000000000e+00 0.000000000000000000e+00 2.754499912261962891e+00
1.380000019073486328e+01 -7.990640401840209961e-02 0.000000000000000000e+00 -1.825033450586488470e-06 -8.000095188617706299e-02 0.000000000000000000e+00 7.000000000000000000e+00 8.191000000000000000e+03 0.000000000000000000e+00 0.000000000000000000e+00 2.754499912261962891e+00
1.400000000000000000e+01 -8.987446129322052002e-02 0.000000000000000000e+00 -1.894420620374148712e-06 -8.999799191951751709e-02 0.000000000000000000e+00 7.000000000000000000e+00 8.191000000000000000e+03 0.000000000000000000e+00 0.000000000000000000e+00 2.754499912261962891e+00
1.419999980926513672e+01 -9.982620179653167725e-02 0.000000000000000000e+00 -1.970159928532666527e-06 -9.999501705169677734e-02 0.000000000000000000e+00 7.000000000000000000e+00 8.191000000000000000e+03 0.000000000000000000e+00 0.000000000000000000e+00 2.754600048065185547e+00
1.440000057220458984e+01 -1.098916605114936829e-01 0.000000000000000000e+00 -2.063927013296051882e-06 -1.100045591592788696e-01 0.000000000000000000e+00 7.000000000000000000e+00 8.191000000000000000e+03 0.000000000000000000e+00 0.000000000000000000e+00 2.754600048065185547e+00
1.460000038146972656e+01 -1.198006868362426758e-01 0.000000000000000000e+00 -2.175012241423246451e-06 -1.200015842914581299e-01 0.000000000000000000e+00 7.000000000000000000e+00 8.191000000000000000e+03 0.000000000000000000e+00 0.000000000000000000e+00 2.754600048065185547e+00
1.480000019073486328e+01 -1.298361569643020630e-01 0.000000000000000000e+00 -2.298665776834241115e-06 -1.299986243247985840e-01 0.000000000000000000e+00 7.000000000000000000e+00 8.191000000000000000e+03 0.000000000000000000e+00 0.000000000000000000e+00 2.754600048065185547e+00
1.500000000000000000e+01 -1.398279815912246704e-01 0.000000000000000000e+00 -2.445611471557640471e-06 -1.399956643581390381e-01 0.000000000000000000e+00 7.000000000000000000e+00 8.191000000000000000e+03 0.000000000000000000e+00 0.000000000000000000e+00 2.754600048065185547e+00
1.519999980926513672e+01 -1.498235911130905151e-01 0.000000000000000000e+00 -2.609045168355805799e-06 -1.500051915645599365e-01 0.000000000000000000e+00 7.000000000000000000e+00 8.191000000000000000e+03 0.000000000000000000e+00 0.000000000000000000e+00 2.754600048065185547e+00
1.540000057220458984e+01 -1.598285734653472900e-01 0.000000000000000000e+00 -2.795129375954275019e-06 -1.600022166967391968e-01 0.000000000000000000e+00 7.000000000000000000e+00 8.191000000000000000e+03 0.000000000000000000e+00 0.000000000000000000e+00 2.754600048065185547e+00
1.560000038146972656e+01 -1.697561591863632202e-01 0.000000000000000000e+00 -3.001259074153495021e-06 -1.699992567300796509e-01 0.000000000000000000e+00 7.000000000000000000e+00 8.191000000000000000e+03 0.000000000000000000e+00 0.000000000000000000e+00 2.754600048065185547e+00
1.580000019073486328e+01 -1.799423247575759888e-01 0.000000000000000000e+00 -3.238018280171672814e-06 -1.799962967634201050e-01 0.000000000000000000e+00 7.000000000000000000e+00 8.191000000000000000e+03 0.000000000000000000e+00 0.000000000000000000e+00 2.754600048065185547e+00
1.600000000000000000e+01 -1.899197548627853394e-01 0.000000000000000000e+00 -3.489367372822016478e-06 -1.900058239698410034e-01 0.000000000000000000e+00 7.000000000000000000e+00 8.191000000000000000e+03 0.000000000000000000e+00 0.000000000000000000e+00 2.754600048065185547e+00
1.620000076293945312e+01 -1.998068541288375854e-01 0.000000000000000000e+00 -3.759971832550945692e-06 -2.000028640031814575e-01 0.000000000000000000e+00 7.000000000000000000e+00 8.191000000000000000e+03 0.000000000000000000e+00 0.000000000000000000e+00 2.754600048065185547e+00
1.639999961853027344e+01 -1.899282336235046387e-01 0.000000000000000000e+00 -3.269855596954585053e-06 -1.900058239698410034e-01 0.000000000000000000e+00 7.000000000000000000e+00 8.191000000000000000e+03 0.000000000000000000e+00 1.000000000000000000e+00 2.754600048065185547e+00
1.660000038146972656e+01 -1.798524558544158936e-01 0.000000000000000000e+00 -2.867045850507565774e-06 -1.799962967634201050e-01 0.000000000000000000e+00 7.000000000000000000e+00 8.191000000000000000e+03 0.000000000000000000e+00 1.000000000000000000e+00 2.754600048065185547e+00
1.680000114440917969e+01 -1.698520183563232422e-01 0.000000000000000000e+00 -2.533448650865466334e-06 -1.699992567300796509e-01 0.000000000000000000e+00 7.000000000000000000e+00 8.191000000000000000e+03 0.000000000000000000e+00 1.000000000000000000e+00 2.754600048065185547e+00
1.700000000000000000e+01 -1.598903536796569824e-01 0.000000000000000000e+00 -2.241494030386093073e-06 -1.600022166967391968e-01 0.000000000000000000e+00 7.000000000000000000e+00 8.191000000000000000e+03 0.000000000000000000e+00 1.000000000000000000e+00 2.754600048065185547e+00
1.720000076293945312e+01 -1.498287618160247803e-01 0.000000000000000000e+00 -1.989676775338011794e-06 -1.500051915645599365e-01 0.000000000000000000e+00 7.000000000000000000e+00 8.191000000000000000e+03 0.000000000000000000e+00 1.000000000000000000e+00 2.754600048065185547e+00
1.739999961853027344e+01 -1.398126482963562012e-01 0.000000000000000000e+00 -1.764927446856745519e-06 -1.399956643581390381e-01 0.000000000000000000e+00 7.000000000000000000e+00 8.191000000000000000e+03 0.000000000000000000e+00 1.000000000000000000e+00 2.754600048065185547e+00
1.760000038146972656e+01 -1.298730075359344482e-01 0.000000000000000000e+00 -1.557961013531894423e-06 -1.299986243247985840e-01 0.000000000000000000e+00 7.000000000000000000e+00 8.191000000000000000e+03 0.000000000000000000e+00 1.000000000000000000e+00 2.754600048065185547e+00
1.780000114440917969e+01 -1.198240444064140320e-01 0.000000000000000000e+00 -1.373202962895447854e-06 -1.200015842914581299e-01 0.000000000000000000e+00 7.000000000000000000e+00 8.191000000000000000e+03 0.000000000000000000e+00 1.000000000000000000e+00 2.754600048065185547e+00
1.800000000000000000e+01 -1.099350973963737488e-01 0.000000000000000000e+00 -1.203878809974412434e-06 -1.100045591592788696e-01 0.000000000000000000e+00 7.000000000000000000e+00 8.191000000000000000e+03 0.000000000000000000e+00 1.000000000000000000e+00 2.754600048065185547e+00
1.820000076293945312e+01 -9.984434396028518677e-02 0.000000000000000000e+00 -1.039321091411693487e-06 -9.999501705169677734e-02 0.000000000000000000e+00 7.000000000000000000e+00 8.191000000000000000e+03 0.000000000000000000e+00 1.000000000000000000e+00 2.754600048065185547e+00
1.839999961853027344e+01 -8.985354751348495483e-02 0.000000000000000000e+00 -8.917434115573996678e-07 -8.999799191951751709e-02 0.000000000000000000e+00 7.000000000000000000e+00 8.191000000000000000e+03 0.000000000000000000e+00 1.000000000000000000e+00 2.754600048065185547e+00
1.860000038146972656e+01 -7.982245087623596191e-02 0.000000000000000000e+00 -7.396296268780133687e-07 -8.000095188617706299e-02 0.000000000000000000e+00 7.000000000000000000e+00 8.191000000000000000e+03 0.000000000000000000e+00 1.000000000000000000e+00 2.754600048065185547e+00
1.880000114440917969e+01 -6.987843662500381470e-02 0.000000000000000000e+00 -5.976240231575502548e-07 -7.000392675399780273e-02 0.000000000000000000e+00 6.000000000000000000e+00 8.191000000000000000e+03 0.000000000000000000e+00 1.000000000000000000e+00 2.754600048065185547e+00
1.900000000000000000e+01 -5.989771708846092224e-02 0.000000000000000000e+00 -4.462489471279695863e-07 -5.999438837170600891e-02 0.000000000000000000e+00 6.000000000000000000e+00 8.191000000000000000e+03 0.000000000000000000e+00 1.000000000000000000e+00 2.754600048065185547e+00
1.920000076293945312e+01 -4.980129748582839966e-02 0.000000000000000000e+00 -2.940955994290561648e-07 -4.999735578894615173e-02 0.000000000000000000e+00 6.000000000000000000e+00 8.191000000000000000e+03 0.000000000000000000e+00 1.000000000000000000e+00 2.754600048065185547e+00
1.939999961853027344e+01 -3.994263708591461182e-02 0.000000000000000000e+00 -1.396380184814915992e-07 -4.000032320618629456e-02 0.000000000000000000e+00 6.000000000000000000e+00 8.191000000000000000e+03 0.000000000000000000e+00 1.000000000000000000e+00 2.754600048065185547e+00
1.960000038146972656e+01 -2.979154698550701141e-02 0.000000000000000000e+00 1.358556733777049885e-08 -3.000328317284584045e-02 0.000000000000000000e+00 6.000000000000000000e+00 8.191000000000000000e+03 0.000000000000000000e+00 1.000000000000000000e+00 2.754600048065185547e+00
1.980000114440917969e+01 -1.983256824314594269e-02 0.000000000000000000e+00 1.091851729029258422e-07 -1.999375596642494202e-02 0.000000000000000000e+00 5.000000000000000000e+00 7.164000000000000000e+03 0.000000000000000000e+00 1.000000000000000000e+00 2.754600048065185547e+00
2.000000000000000000e+01 -9.913735091686248779e-03 0.000000000000000000e+00 2.902022231410228414e-07 -9.996719658374786377e-03 0.000000000000000000e+00 6.000000000000000000e+00 8.191000000000000000e+03 0.000000000000000000e+00 1.000000000000000000e+00 2.754600048065185547e+00
2.020000076293945312e+01 8.284099749289453030e-05 0.000000000000000000e+00 4.043299384193232981e-07 3.129243850708007812e-07 0.000000000000000000e+00 6.000000000000000000e+00 8.191000000000000000e+03 0.000000000000000000e+00 1.000000000000000000e+00 2.754600048065185547e+00
2.039999961853027344e+01 1.012424286454916000e-02 0.000000000000000000e+00 4.911655082651122939e-07 9.997349232435226440e-03 0.000000000000000000e+00 6.000000000000000000e+00 8.191000000000000000e+03 0.000000000000000000e+00 1.000000000000000000e+00 2.754600048065185547e+00
2.060000038146972656e+01 2.016714401543140411e-02 0.000000000000000000e+00 5.586325642070733011e-07 1.999438367784023285e-02 0.000000000000000000e+00 6.000000000000000000e+00 6.143000000000000000e+03 0.000000000000000000e+00 1.000000000000000000e+00 2.754600048065185547e+00
2.080000114440917969e+01 3.010715171694755554e-02 0.000000000000000000e+00 6.049007765795977321e-07 3.000391460955142975e-02 0.000000000000000000e+00 6.000000000000000000e+00 8.191000000000000000e+03 0.000000000000000000e+00 1.000000000000000000e+00 2.754600048065185547e+00
2.100000000000000000e+01 4.016078263521194458e-02 0.000000000000000000e+00 6.359331337080220692e-07 4.000094905495643616e-02 0.000000000000000000e+00 6.000000000000000000e+00 8.191000000000000000e+03 0.000000000000000000e+00 1.000000000000000000e+00 2.754600048065185547e+00
2.120000076293945312e+01 5.018362402915954590e-02 0.000000000000000000e+00 6.524324476231413428e-07 4.999798536300659180e-02 0.000000000000000000e+00 6.000000000000000000e+00 8.191000000000000000e+03 0.000000000000000000e+00 1.000000000000000000e+00 2.754799842834472656e+00
2.139999961853027344e+01 6.014745309948921204e-02 0.000000000000000000e+00 6.629431936744367704e-07 5.999501794576644897e-02 0.000000000000000000e+00 6.000000000000000000e+00 8.191000000000000000e+03 0.000000000000000000e+00 1.000000000000000000e+00 2.754799842834472656e+00
2.160000038146972656e+01 7.020688802003860474e-02 0.000000000000000000e+00 6.679026682832045481e-07 7.000455260276794434e-02 0.000000000000000000e+00 6.000000000000000000e+00 8.191000000000000000e+03 0.000000000000000000e+00 1.000000000000000000e+00 2.754799842834472656e+00
2.180000114440917969e+01 8.020246028900146484e-02 0.000000000000000000e+00 6.677363444396178238e-07 8.000158518552780151e-02 0.000000000000000000e+00 6.000000000000000000e+00 8.191000000000000000e+03 0.000000000000000000e+00 1.000000000000000000e+00 2.754799842834472656e+00
2.200000000000000000e+01 9.013333916664123535e-02 0.000000000000000000e+00 6.628730488955625333e-07 8.999861776828765869e-02 0.000000000000000000e+00 6.000000000000000000e+00 8.191000000000000000e+03 0.000000000000000000e+00 1.000000000000000000e+00 2.754799842834472656e+00
2.220000076293945312e+01 1.001750603318214417e-01 0.000000000000000000e+00 6.630647249039611779e-07 9.999565780162811279e-02 0.000000000000000000e+00 6.000000000000000000e+00 8.191000000000000000e+03 0.000000000000000000e+00 1.000000000000000000e+00 2.754699945449829102e+00
2.239999961853027344e+01 1.101341024041175842e-01 0.000000000000000000e+00 6.613998380089469720e-07 1.100051850080490112e-01 0.000000000000000000e+00 6.000000000000000000e+00 8.191000000000000000e+03 0.000000000000000000e+00 1.000000000000000000e+00 2.754699945449829102e+00
2.260000038146972656e+01 1.201677843928337097e-01 0.000000000000000000e+00 6.601958943974750582e-07 1.200022250413894653e-01 0.000000000000000000e+00 6.000000000000000000e+00 8.191000000000000000e+03 0.000000000000000000e+00 1.000000000000000000e+00 2.754699945449829102e+00
2.280000114440917969e+01 1.301565617322921753e-01 0.000000000000000000e+00 6.625170385632372927e-07 1.299992501735687256e-01 0.000000000000000000e+00 6.000000000000000000e+00 8.191000000000000000e+03 0.000000000000000000e+00 1.000000000000000000e+00 2.754699945449829102e+00
2.300000000000000000e+01 1.401355564594268799e-01 0.000000000000000000e+00 6.659785753981850576e-07 1.399962902069091797e-01 0.000000000000000000e+00 6.000000000000000000e+00 8.191000000000000000e+03 0.000000000000000000e+00 1.000000000000000000e+00 2.754699945449829102e+00
2.320000076293945312e+01 1.502214819192886353e-01 0.000000000000000000e+00 6.696385526083759032e-07 1.500058174133300781e-01 0.000000000000000000e+00 6.000000000000000000e+00 8.191000000000000000e+03 0.000000000000000000e+00 1.000000000000000000e+00 2.754699945449829102e+00
2.339999961853027344e+01 1.602105647325515747e-01 0.000000000000000000e+00 6.767791091988328844e-07 1.600028574466705322e-01 0.000000000000000000e+00 6.000000000000000000e+00 8.191000000000000000e+03 0.000000000000000000e+00 1.000000000000000000e+00 2.754699945449829102e+00
2.360000038146972656e+01 1.701740324497222900e-01 0.000000000000000000e+00 6.845942266409110744e-07 1.699998974800109863e-01 0.000000000000000000e+00 6.000000000000000000e+00 8.191000000000000000e+03 0.000000000000000000e+00 1.000000000000000000e+00 2.754699945449829102e+00
2.380000114440917969e+01 1.800637990236282349e-01 0.000000000000000000e+00 6.963148280192399397e-07 1.799969226121902466e-01 0.000000000000000000e+00 6.000000000000000000e+00 8.191000000000000000e+03 0.000000000000000000e+00 1.000000000000000000e+00 2.754699945449829102e+00
2.400000000000000000e+01 1.902139782905578613e-01 0.000000000000000000e+00 7.090433200573897921e-07 1.899939626455307007e-01 0.000000000000000000e+00 6.000000000000000000e+00 8.191000000000000000e+03 0.000000000000000000e+00 1.000000000000000000e+00 2.754699945449829102e+00
2.420000076293945312e+01 2.001445293426513672e-01 0.000000000000000000e+00 7.218450832624512259e-07 2.000034898519515991e-01 0.000000000000000000e+00 6.000000000000000000e+00 8.191000000000000000e+03 0.000000000000000000e+00 1.000000000000000000e+00 2.754699945449829102e+00
2.439999961853027344e+01 2.101673632860183716e-01 0.000000000000000000e+00 7.403201607303344645e-07 2.100005298852920532e-01 0.000000000000000000e+00 6.000000000000000000e+00 8.191000000000000000e+03 0.000000000000000000e+00 1.000000000000000000e+00 2.754699945449829102e+00
2.460000038146972656e+01 2.201577425003051758e-01 0.000000000000000000e+00 7.625200169059098698e-07 2.199975699186325073e-01 0.000000000000000000e+00 6.000000000000000000e+00 8.191000000000000000e+03 0.000000000000000000e+00 1.000000000000000000e+00 2.754699945449829102e+00
2.480000114440917969e+01 2.301819771528244019e-01 0.000000000000000000e+00 7.839029763090366032e-07 2.299945950508117676e-01 0.000000000000000000e+00 6.000000000000000000e+00 8.191000000000000000e+03 0.000000000000000000e+00 1.000000000000000000e+00 2.754699945449829102e+00
2.500000000000000000e+01 2.401983141899108887e-01 0.000000000000000000e+00 8.098990633698122110e-07 2.400041371583938599e-01 0.000000000000000000e+00 6.000000000000000000e+00 8.191000000000000000e+03 0.000000000000000000e+00 1.000000000000000000e+00 2.754699945449829102e+00
2.520000076293945312e+01 2.502598762512207031e-01 0.000000000000000000e+00 8.397346391575410962e-07 2.500011622905731201e-01 0.000000000000000000e+00 6.000000000000000000e+00 8.191000000000000000e+03 0.000000000000000000e+00 1.000000000000000000e+00 2.754699945449829102e+00
2.539999961853027344e+01 2.602035701274871826e-01 0.000000000000000000e+00 8.722714710529544391e-07 2.599982023239135742e-01 0.000000000000000000e+00 6.000000000000000000e+00 8.191000000000000000e+03 0.000000000000000000e+00 1.000000000000000000e+00 2.754699945449829102e+00
2.560000038146972656e+01 2.701673209667205811e-01 0.000000000000000000e+00 9.071463864529505372e-07 2.699952423572540283e-01 0.000000000000000000e+00 6.000000000000000000e+00 8.191000000000000000e+03 0.000000000000000000e+00 1.000000000000000000e+00 2.754699945449829102e+00
2.580000114440917969e+01 2.801909148693084717e-01 0.000000000000000000e+00 9.505426987743703648e-07 2.800047695636749268e-01 0.000000000000000000e+00 7.000000000000000000e+00 8.191000000000000000e+03 0.000000000000000000e+00 1.000000000000000000e+00 2.754699945449829102e+00
2.600000000000000000e+01 2.901897728443145752e-01 0.000000000000000000e+00 9.921432138071395457e-07 2.900017797946929932e-01 0.000000000000000000e+00 7.000000000000000000e+00 8.191000000000000000e+03 0.000000000000000000e+00 1.000000000000000000e+00 2.754699945449829102e+00
2.620000076293945312e+01 3.001452684402465820e-01 0.000000000000000000e+00 1.039630888044484891e-06 2.999988198280334473e-01 0.000000000000000000e+00 7.000000000000000000e+00 8.191000000000000000e+03 0.000000000000000000e+00 1.000000000000000000e+00 2.754799842834472656e+00
2.639999961853027344e+01 2.902460396289825439e-01 0.000000000000000000e+00 7.447578127539600246e-07 2.900017797946929932e-01 0.000000000000000000e+00 7.000000000000000000e+00 8.191000000000000000e+03 0.000000000000000000e+00 1.000000000000000000e+00 2.754799842834472656e+00
2.660000038146972656e+01 2.802046537399291992e-01 0.000000000000000000e+00 5.682215942215407267e-07 2.800047695636749268e-01 0.000000000000000000e+00 6.000000000000000000e+00 8.191000000000000000e+03 0.000000000000000000e+00 1.000000000000000000e+00 2.754799842834472656e+00
2.680000114440917969e+01 2.702822685241699219e-01 0.000000000000000000e+00 4.471316117360402131e-07 2.699952423572540283e-01 0.000000000000000000e+00 6.000000000000000000e+00 8.191000000000000000e+03 0.000000000000000000e+00 1.000000000000000000e+00 2.754799842834472656e+00
2.700000000000000000e+01 2.601864039897918701e-01 0.000000000000000000e+00 3.529563343818153953e-07 2.599982023239135742e-01 0.000000000000000000e+00 6.000000000000000000e+00 8.191000000000000000e+03 0.000000000000000000e+00 1.000000000000000000e+00 2.754799842834472656e+00
2.720000076293945312e+01 2.502360939979553223e-01 0.000000000000000000e+00 2.804194139116589213e-07 2.500011622905731201e-01 0.000000000000000000e+00 6.000000000000000000e+00 8.191000000000000000e+03 0.000000000000000000e+00 1.000000000000000000e+00 2.754499912261962891e+00
2.739999961853027344e+01 2.402089536190032959e-01 0.000000000000000000e+00 2.206594587050858536e-07 2.400041371583938599e-01 0.000000000000000000e+00 6.000000000000000000e+00 8.191000000000000000e+03 0.000000000000000000e+00 1.000000000000000000e+00 2.754499912261962891e+00
2.760000038146972656e+01 2.301572114229202271e-01 0.000000000000000000e+00 1.698672207339768647e-07 2.299945950508117676e-01 0.000000000000000000e+00 6.000000000000000000e+00 8.191000000000000000e+03 0.000000000000000000e+00 1.000000000000000000e+00 2.754499912261962891e+00
2.780000114440917969e+01 2.201832234859466553e-01 0.000000000000000000e+00 1.258576816098866402e-07 2.199975699186325073e-01 0.000000000000000000e+00 6.000000000000000000e+00 8.191000000000000000e+03 0.000000000000000000e+00 1.000000000000000000e+00 2.754499912261962891e+00
2.800000000000000000e+01 2.102700918912887573e-01 0.000000000000000000e+00 8.853830735233714222e-08 2.100005298852920532e-01 0.000000000000000000e+00 6.000000000000000000e+00 8.191000000000000000e+03 0.000000000000000000e+00 1.000000000000000000e+00 2.754499912261962891e+00
2.820000076293945312e+01 2.001391798257827759e-01 0.000000000000000000e+00 5.620833576358563732e-08 2.000034898519515991e-01 0.000000000000000000e+00 6.000000000000000000e+00 8.191000000000000000e+03 0.000000000000000000e+00 1.000000000000000000e+00 2.754400014877319336e+00
2.839999961853027344e+01 1.901852637529373169e-01 0.000000000000000000e+00 2.617233541002406128e-08 1.899939626455307007e-01 0.000000000000000000e+00 5.000000000000000000e+00 8.191000000000000000e+03 0.000000000000000000e+00 1.000000000000000000e+00 2.754400014877319336e+00
2.860000038146972656e+01 1.801242828369140625e-01 0.000000000000000000e+00 -1.093614865332881436e-09 1.799969226121902466e-01 0.000000000000000000e+00 5.000000000000000000e+00 8.191000000000000000e+03 0.000000000000000000e+00 1.000000000000000000e+00 2.754400014877319336e+00
2.880000114440917969e+01 1.700583100318908691e-01 0.000000000000000000e+00 -1.094613644170294720e-08 1.699998974800109863e-01 0.000000000000000000e+00 4.000000000000000000e+00 6.908000000000000000e+03 0.000000000000000000e+00 1.000000000000000000e+00 2.754400014877319336e+00
2.900000000000000000e+01 1.601555645465850830e-01 0.000000000000000000e+00 -1.094613644170294720e-08 1.600028574466705322e-01 0.000000000000000000e+00 4.000000000000000000e+00 6.908000000000000000e+03 0.000000000000000000e+00 1.000000000000000000e+00 2.754400014877319336e+00
2.920000076293945312e+01 1.501679420471191406e-01 0.000000000000000000e+00 -1.094613644170294720e-08 1.500058174133300781e-01 0.000000000000000000e+00 4.000000000000000000e+00 7.164000000000000000e+03 0.000000000000000000e+00 1.000000000000000000e+00 2.754699945449829102e+00
2.939999961853027344e+01 1.401954293251037598e-01 0.000000000000000000e+00 -9.498966591081625666e-08 1.399962902069091797e-01 0.000000000000000000e+00 5.000000000000000000e+00 7.164000000000000000e+03 0.000000000000000000e+00 1.000000000000000000e+00 2.754699945449829102e+00
2.960000038146972656e+01 1.302044242620468140e-01 0.000000000000000000e+00 -1.172394377135788091e-07 1.299992501735687256e-01 0.000000000000000000e+00 6.000000000000000000e+00 8.191000000000000000e+03 0.000000000000000000e+00 1.000000000000000000e+00 2.754699945449829102e+00
2.980000114440917969e+01 1.201539486646652222e-01 0.000000000000000000e+00 -1.396006013010264724e-07 1.200022250413894653e-01 0.000000000000000000e+00 6.000000000000000000e+00 8.191000000000000000e+03 0.000000000000000000e+00 1.000000000000000000e+00 2.754699945449829102e+00
3.000000000000000000e+01 1.102331355214118958e-01 0.000000000000000000e+00 -1.631399584312021034e-07 1.100051850080490112e-01 0.000000000000000000e+00 6.000000000000000000e+00 8.191000000000000000e+03 0.000000000000000000e+00 1.000000000000000000e+00 2.754699945449829102e+00
3.020000076293945312e+01 1.002118140459060669e-01 0.000000000000000000e+00 -1.880270588117127772e-07 9.999565780162811279e-02 0.000000000000000000e+00 6.000000000000000000e+00 8.191000000000000000e+03 0.000000000000000000e+00 1.000000000000000000e+00 2.754400014877319336e+00
3.039999961853027344e+01 9.016194194555282593e-02 0.000000000000000000e+00 -2.150536317913065432e-07 8.999861776828765869e-02 0.000000000000000000e+00 6.000000000000000000e+00 8.191000000000000000e+03 0.000000000000000000e+00 1.000000000000000000e+00 2.754400014877319336e+00
3.060000038146972656e+01 8.018415421247482300e-02 0.000000000000000000e+00 -2.466111084231670247e-07 8.000158518552780151e-02 0.000000000000000000e+00 6.000000000000000000e+00 8.191000000000000000e+03 0.000000000000000000e+00 1.000000000000000000e+00 2.754400014877319336e+00
3.080000114440917969e+01 7.017689198255538940e-02 0.000000000000000000e+00 -2.822280578129721107e-07 7.000455260276794434e-02 0.000000000000000000e+00 6.000000000000000000e+00 8.191000000000000000e+03 0.000000000000000000e+00 1.000000000000000000e+00 2.754400014877319336e+00
3.100000000000000000e+01 6.019303575158119202e-02 0.000000000000000000e+00 -3.245074822189053521e-07 5.999501794576644897e-02 0.000000000000000000e+00 6.000000000000000000e+00 8.191000000000000000e+03 0.000000000000000000e+00 1.000000000000000000e+00 2.754400014877319336e+00
3.120000076293945312e+01 5.014498531818389893e-02 0.000000000000000000e+00 -3.785743842854571994e-07 4.999798536300659180e-02 0.000000000000000000e+00 6.000000000000000000e+00 8.191000000000000000e+03 0.000000000000000000e+00 1.000000000000000000e+00 2.754600048065185547e+00
3.139999961853027344e+01 4.004168882966041565e-02 0.000000000000000000e+00 -4.447889807579485932e-07 4.000094905495643616e-02 0.000000000000000000e+00 6.000000000000000000e+00 8.191000000000000000e+03 0.000000000000000000e+00 1.000000000000000000e+00 2.754600048065185547e+00
3.160000038146972656e+01 3.013367578387260437e-02 0.000000000000000000e+00 -5.257465431895980146e-07 3.000391460955142975e-02 0.000000000000000000e+00 6.000000000000000000e+00 8.191000000000000000e+03 0.000000000000000000e+00 1.000000000000000000e+00 2.754600048065185547e+00
3.180000114440917969e+01 2.016687951982021332e-02 0.000000000000000000e+00 -6.241377263904723804e-07 1.999438367784023285e-02 0.000000000000000000e+00 6.000000000000000000e+00 8.191000000000000000e+03 0.000000000000000000e+00 1.000000000000000000e+00 2.754600048065185547e+00
3.200000000000000000e+01 1.009196974337100983e-02 0.000000000000000000e+00 -7.448142582688888069e-07 9.997349232435226440e-03 0.000000000000000000e+00 6.000000000000000000e+00 8.191000000000000000e+03 0.000000000000000000e+00 1.000000000000000000e+00 2.754600048065185547e+00
3.220000076293945312e+01 1.047817640937864780e-04 0.000000000000000000e+00 -8.785033855929214042e-07 3.129243850708007812e-07 0.000000000000000000e+00 6.000000000000000000e+00 8.191000000000000000e+03 0.000000000000000000e+00 1.000000000000000000e+00 2.754600048065185547e+00
3.240000152587890625e+01 -9.888002648949623108e-03 0.000000000000000000e+00 -1.023225649987580255e-06 -9.996719658374786377e-03 0.000000000000000000e+00 6.000000000000000000e+00 7.164000000000000000e+03 0.000000000000000000e+00 1.000000000000000000e+00 2.754600048065185547e+00
3.260000228881835938e+01 -1.982016675174236298e-02 0.000000000000000000e+00 -1.165834987659764010e-06 -1.999375596642494202e-02 0.000000000000000000e+00 7.000000000000000000e+00 6.143000000000000000e+03 0.000000000000000000e+00 1.000000000000000000e+00 2.754600048065185547e+00
3.279999923706054688e+01 -2.986452542245388031e-02 0.000000000000000000e+00 -1.306923877564258873e-06 -3.000328317284584045e-02 0.000000000000000000e+00 7.000000000000000000e+00 8.191000000000000000e+03 0.000000000000000000e+00 1.000000000000000000e+00 2.754600048065185547e+00
3.300000000000000000e+01 -3.992587700486183167e-02 0.000000000000000000e+00 -1.428826521987502929e-06 -4.000032320618629456e-02 0.000000000000000000e+00 7.000000000000000000e+00 8.191000000000000000e+03 0.000000000000000000e+00 1.000000000000000000e+00 2.754600048065185547e+00
3.320000076293945312e+01 -4.983355104923248291e-02 0.000000000000000000e+00 -1.529494170426914934e-06 -4.999735578894615173e-02 0.000000000000000000e+00 7.000000000000000000e+00 8.191000000000000000e+03 0.000000000000000000e+00 1.000000000000000000e+00 2.754600048065185547e+00
3.340000152587890625e+01 -5.985598266124725342e-02 0.000000000000000000e+00 -1.611894049347029068e-06 -5.999438837170600891e-02 0.000000000000000000e+00 7.000000000000000000e+00 8.191000000000000000e+03 0.000000000000000000e+00 1.000000000000000000e+00 2.754600048065185547e+00
3.360000228881835938e+01 -6.988076865673065186e-02 0.000000000000000000e+00 -1.681143203313695267e-06 -7.000392675399780273e-02 0.000000000000000000e+00 7.000000000000000000e+00 8.191000000000000000e+03 0.000000000000000000e+00 1.000000000000000000e+00 2.754600048065185547e+00
3.379999923706054688e+01 -7.993718981742858887e-02 0.000000000000000000e+00 -1.746006091707386076e-06 -8.000095188617706299e-02 0.000000000000000000e+00 7.000000000000000000e+00 8.191000000000000000e+03 0.000000000000000000e+00 1.000000000000000000e+00 2.754600048065185547e+00
3.400000000000000000e+01 -8.983352035284042358e-02 0.000000000000000000e+00 -1.808246565815352369e-06 -8.999799191951751709e-02 0.000000000000000000e+00 7.000000000000000000e+00 8.191000000000000000e+03 0.000000000000000000e+00 1.000000000000000000e+00 2.754600048065185547e+00
3.420000076293945312e+01 -9.983674436807632446e-02 0.000000000000000000e+00 -1.881163029793242458e-06 -9.999501705169677734e-02 0.000000000000000000e+00 7.000000000000000000e+00 8.191000000000000000e+03 0.000000000000000000e+00 1.000000000000000000e+00 2.754600048065185547e+00
3.440000152587890625e+01 -1.098554283380508423e-01 0.000000000000000000e+00 -1.959095015990897082e-06 -1.100045591592788696e-01 0.000000000000000000e+00 7.000000000000000000e+00 8.191000000000000000e+03 0.000000000000000000e+00 1.000000000000000000e+00 2.754600048065185547e+00
3.460000228881835938e+01 -1.199296265840530396e-01 0.000000000000000000e+00 -2.055830918834544718e-06 -1.200015842914581299e-01 0.000000000000000000e+00 7.000000000000000000e+00 8.191000000000000000e+03 0.000000000000000000e+00 1.000000000000000000e+00 2.754600048065185547e+00
3.479999923706054688e+01 -1.298379749059677124e-01 0.000000000000000000e+00 -2.160172243748093024e-06 -1.299986243247985840e-01 0.000000000000000000e+00 7.000000000000000000e+00 8.191000000000000000e+03 0.000000000000000000e+00 1.000000000000000000e+00 2.754600048065185547e+00
3.500000000000000000e+01 -1.398702859878540039e-01 0.000000000000000000e+00 -2.291476675964077003e-06 -1.399956643581390381e-01 0.000000000000000000e+00 7.000000000000000000e+00 8.191000000000000000e+03 0.000000000000000000e+00 1.000000000000000000e+00 2.754600048065185547e+00
3.520000076293945312e+01 -1.498351395130157471e-01 0.000000000000000000e+00 -2.433961299175280146e-06 -1.500051915645599365e-01 0.000000000000000000e+00 7.000000000000000000e+00 8.191000000000000000e+03 0.000000000000000000e+00 1.000000000000000000e+00 2.754600048065185547e+00
3.540000152587890625e+01 -1.599127799272537231e-01 0.000000000000000000e+00 -2.598017317723133601e-06 -1.600022166967391968e-01 0.000000000000000000e+00 7.000000000000000000e+00 8.191000000000000000e+03 0.000000000000000000e+00 1.000000000000000000e+00 2.754600048065185547e+00
3.560000228881835938e+01 -1.698117852210998535e-01 0.000000000000000000e+00 -2.784278194667422213e-06 -1.699992567300796509e-01 0.000000000000000000e+00 7.000000000000000000e+00 8.191000000000000000e+03 0.000000000000000000e+00 1.000000000000000000e+00 2.754600048065185547e+00
3.579999923706054688e+01 -1.798080354928970337e-01 0.000000000000000000e+00 -2.992189138240064494e-06 -1.799962967634201050e-01 0.000000000000000000e+00 7.000000000000000000e+00 8.191000000000000000e+03 0.000000000000000000e+00 1.000000000000000000e+00 2.754600048065185547e+00
3.600000000000000000e+01 -1.898713856935501099e-01 0.000000000000000000e+00 -3.221909992134897038e-06 -1.900058239698410034e-01 0.000000000000000000e+00 7.000000000000000000e+00 8.191000000000000000e+03 0.000000000000000000e+00 1.000000000000000000e+00 2.754600048065185547e+00
3.620000076293945312e+01 -1.998354494571685791e-01 0.000000000000000000e+00 -3.476205847618984990e-06 -2.000028640031814575e-01 0.000000000000000000e+00 7.000000000000000000e+00 8.191000000000000000e+03 0.000000000000000000e+00 1.000000000000000000e+00 2.754600048065185547e+00
3.640000152587890625e+01 -1.898221224546432495e-01 0.000000000000000000e+00 -3.012296019733184949e-06 -1.900058239698410034e-01 0.000000000000000000e+00 7.000000000000000000e+00 8.191000000000000000e+03 0.000000000000000000e+00 2.000000000000000000e+00 2.754600048065185547e+00
3.660000228881835938e+01 -1.799057871103286743e-01 0.000000000000000000e+00 -2.647862174853798933e-06 -1.799962967634201050e-01 0.000000000000000000e+00 7.000000000000000000e+00 8.191000000000000000e+03 0.000000000000000000e+00 2.000000000000000000e+00 2.754600048065185547e+00
3.679999923706054688e+01 -1.699091941118240356e-01 0.000000000000000000e+00 -2.338691956538241357e-06 -1.699992567300796509e-01 0.000000000000000000e+00 7.000000000000000000e+00 8.191000000000000000e+03 0.000000000000000000e+00 2.000000000000000000e+00 2.754600048065185547e+00
3.700000000000000000e+01 -1.598172187805175781e-01 0.000000000000000000e+00 -2.064671889456803910e-06 -1.600022166967391968e-01 0.000000000000000000e+00 7.000000000000000000e+00 8.191000000000000000e+03 0.000000000000000000e+00 2.000000000000000000e+00 2.754600048065185547e+00
3.720000076293945312e+01 -1.498896181583404541e-01 0.000000000000000000e+00 -1.831489385040185880e-06 -1.500051915645599365e-01 0.000000000000000000e+00 7.000000000000000000e+00 8.191000000000000000e+03 0.000000000000000000e+00 2.000000000000000000e+00 2.754600048065185547e+00
3.740000152587890625e+01 -1.398356407880783081e-01 0.000000000000000000e+00 -1.621698288545303512e-06 -1.399956643581390381e-01 0.000000000000000000e+00 7.000000000000000000e+00 8.191000000000000000e+03 0.000000000000000000e+00 2.000000000000000000e+00 2.754600048065185547e+00
3.760000228881835938e+01 -1.298826187849044800e-01 0.000000000000000000e+00 -1.430113684364187066e-06 -1.299986243247985840e-01 0.000000000000000000e+00 7.000000000000000000e+00 8.191000000000000000e+03 0.000000000000000000e+00 2.000000000000000000e+00 2.754600048065185547e+00
3.779999923706054688e+01 -1.198553815484046936e-01 0.000000000000000000e+00 -1.263722992916882504e-06 -1.200015842914581299e-01 0.000000000000000000e+00 7.000000000000000000e+00 8.191000000000000000e+03 0.000000000000000000e+00 2.000000000000000000e+00 2.754600048065185547e+00
3.800000000000000000e+01 -1.098538786172866821e-01 0.000000000000000000e+00 -1.108447804654133506e-06 -1.100045591592788696e-01 0.000000000000000000e+00 7.000000000000000000e+00 8.191000000000000000e+03 0.000000000000000000e+00 2.000000000000000000e+00 2.754600048065185547e+00
3.820000076293945312e+01 -9.989595413208007812e-02 0.000000000000000000e+00 -9.636327149564749561e-07 -9.999501705169677734e-02 0.000000000000000000e+00 7.000000000000000000e+00 8.191000000000000000e+03 0.000000000000000000e+00 2.000000000000000000e+00 2.754600048065185547e+00
3.840000152587890625e+01 -8.989573270082473755e-02 0.000000000000000000e+00 -8.210673740904894657e-07 -8.999799191951751709e-02 0.000000000000000000e+00 7.000000000000000000e+00 8.191000000000000000e+03 0.000000000000000000e+00 2.000000000000000000e+00 2.754600048065185547e+00
3.860000228881835938e+01 -7.983344048261642456e-02 0.000000000000000000e+00 -6.834804935351712629e-07 -8.000095188617706299e-02 0.000000000000000000e+00 7.000000000000000000e+00 8.191000000000000000e+03 0.000000000000000000e+00 2.000000000000000000e+00 2.754600048065185547e+00
3.879999923706054688e+01 -6.989701837301254272e-02 0.000000000000000000e+00 -5.540430834116705228e-07 -7.000392675399780273e-02 0.000000000000000000e+00 6.000000000000000000e+00 8.191000000000000000e+03 0.000000000000000000e+00 2.000000000000000000e+00 2.754600048065185547e+00
3.900000000000000000e+01 -5.986360087990760803e-02 0.000000000000000000e+00 -4.151288521825335920e-07 -5.999438837170600891e-02 0.000000000000000000e+00 6.000000000000000000e+00 8.191000000000000000e+03 0.000000000000000000e+00 2.000000000000000000e+00 2.754600048065185547e+00
3.920000076293945312e+01 -4.984278231859207153e-02 0.000000000000000000e+00 -2.740808326961996499e-07 -4.999735578894615173e-02 0.000000000000000000e+00 6.000000000000000000e+00 8.191000000000000000e+03 0.000000000000000000e+00 2.000000000000000000e+00 2.754600048065185547e+00
3.940000152587890625e+01 -3.989681974053382874e-02 0.000000000000000000e+00 -1.291184048568538856e-07 -4.000032320618629456e-02 0.000000000000000000e+00 6.000000000000000000e+00 8.191000000000000000e+03 0.000000000000000000e+00 2.000000000000000000e+00 2.754600048065185547e+00
3.960000228881835938e+01 -2.982132695615291595e-02 0.000000000000000000e+00 1.721121911657519377e-08 -3.000328317284584045e-02 0.000000000000000000e+00 6.000000000000000000e+00 8.191000000000000000e+03 0.000000000000000000e+00 2.000000000000000000e+00 2.754600048065185547e+00
3.979999923706054688e+01 -1.979543082416057587e-02 0.000000000000000000e+00 1.091851729029258422e-07 -1.999375596642494202e-02 0.000000000000000000e+00 5.000000000000000000e+00 7.164000000000000000e+03 0.000000000000000000e+00 2.000000000000000000e+00 2.754600048065185547e+00
4.000000000000000000e+01 -9.875476360321044922e-03 0.000000000000000000e+00 2.880657916648488026e-07 -9.996719658374786377e-03 0.000000000000000000e+00 6.000000000000000000e+00 8.191000000000000000e+03 0.000000000000000000e+00 2.000000000000000000e+00 2.754600048065185547e+00
4.020000076293945312e+01 1.284053723793476820e-04 0.000000000000000000e+00 4.016031880382797681e-07 3.129243850708007812e-07 0.000000000000000000e+00 6.000000000000000000e+00 8.191000000000000000e+03 0.000000000000000000e+00 2.000000000000000000e+00 2.754600048065185547e+00
4.040000152587890625e+01 1.015247404575347900e-02 0.000000000000000000e+00 4.972192186869506259e-07 9.997349232435226440e-03 0.000000000000000000e+00 6.000000000000000000e+00 8.191000000000000000e+03 0.000000000000000000e+00 2.000000000000000000e+00 2.754600048065185547e+00
4.060000228881835938e+01 2.018246985971927643e-02 0.000000000000000000e+00 5.694267883882275783e-07 1.999438367784023285e-02 0.000000000000000000e+00 6.000000000000000000e+00 6.143000000000000000e+03 0.000000000000000000e+00 2.000000000000000000e+00 2.754600048065185547e+00
4.079999923706054688e+01 3.010602109134197235e-02 0.000000000000000000e+00 6.213596748239069711e-07 3.000391460955142975e-02 0.000000000000000000e+00 6.000000000000000000e+00 8.191000000000000000e+03 0.000000000000000000e+00 2.000000000000000000e+00 2.754600048065185547e+00
4.100000000000000000e+01 4.019793868064880371e-02 0.000000000000000000e+00 6.574924213964550290e-07 4.000094905495643616e-02 0.000000000000000000e+00 6.000000000000000000e+00 8.191000000000000000e+03 0.000000000000000000e+00 2.000000000000000000e+00 2.754600048065185547e+00
4.120000076293945312e+01 5.014379322528839111e-02 0.000000000000000000e+00 6.797811806791287381e-07 4.999798536300659180e-02 0.000000000000000000e+00 6.000000000000000000e+00 8.191000000000000000e+03 0.000000000000000000e+00 2.000000000000000000e+00 2.754799842834472656e+00
4.140000152587890625e+01 6.021865829825401306e-02 0.000000000000000000e+00 6.916054644534597173e-07 5.999501794576644897e-02 0.000000000000000000e+00 6.000000000000000000e+00 8.191000000000000000e+03 0.000000000000000000e+00 2.000000000000000000e+00 2.754799842834472656e+00
4.160000228881835938e+01 7.013074308633804321e-02 0.000000000000000000e+00 7.000263622103375383e-07 7.000455260276794434e-02 0.000000000000000000e+00 6.000000000000000000e+00 8.191000000000000000e+03 0.000000000000000000e+00 2.000000000000000000e+00 2.754799842834472656e+00
4.179999923706054688e+01 8.017361909151077271e-02 0.000000000000000000e+00 7.011175284787896089e-07 8.000158518552780151e-02 0.000000000000000000e+00 6.000000000000000000e+00 8.191000000000000000e+03 0.000000000000000000e+00 2.000000000000000000e+00 2.754799842834472656e+00
4.200000000000000000e+01 9.010820090770721436e-02 0.000000000000000000e+00 7.009226692389347591e-07 8.999861776828765869e-02 0.000000000000000000e+00 6.000000000000000000e+00 8.191000000000000000e+03 0.000000000000000000e+00 2.000000000000000000e+00 2.754799842834472656e+00
4.220000076293945312e+01 1.001019179821014404e-01 0.000000000000000000e+00 7.039729439384245779e-07 9.999565780162811279e-02 0.000000000000000000e+00 6.000000000000000000e+00 8.191000000000000000e+03 0.000000000000000000e+00 2.000000000000000000e+00 2.754699945449829102e+00
4.240000152587890625e+01 1.101597845554351807e-01 0.000000000000000000e+00 7.022561590019904543e-07 1.100051850080490112e-01 0.000000000000000000e+00 6.000000000000000000e+00 8.191000000000000000e+03 0.000000000000000000e+00 2.000000000000000000e+00 2.754699945449829102e+00
4.260000228881835938e+01 1.201262846589088440e-01 0.000000000000000000e+00 7.042975198601197917e-07 1.200022250413894653e-01 0.000000000000000000e+00 6.000000000000000000e+00 8.191000000000000000e+03 0.000000000000000000e+00 2.000000000000000000e+00 2.754699945449829102e+00
4.279999923706054688e+01 1.301151514053344727e-01 0.000000000000000000e+00 7.060140774228784721e-07 1.299992501735687256e-01 0.000000000000000000e+00 6.000000000000000000e+00 8.191000000000000000e+03 0.000000000000000000e+00 2.000000000000000000e+00 2.754699945449829102e+00
4.300000000000000000e+01 1.401668936014175415e-01 0.000000000000000000e+00 7.107207125045533758e-07 1.399962902069091797e-01 0.000000000000000000e+00 6.000000000000000000e+00 8.191000000000000000e+03 0.000000000000000000e+00 2.000000000000000000e+00 2.754699945449829102e+00
4.320000076293945312e+01 1.501430124044418335e-01 0.000000000000000000e+00 7.197633067335118540e-07 1.500058174133300781e-01 0.000000000000000000e+00 6.000000000000000000e+00 8.191000000000000000e+03 0.000000000000000000e+00 2.000000000000000000e+00 2.754699945449829102e+00
4.340000152587890625e+01 1.601561903953552246e-01 0.000000000000000000e+00 7.246026143548078835e-07 1.600028574466705322e-01 0.000000000000000000e+00 6.000000000000000000e+00 8.191000000000000000e+03 0.000000000000000000e+00 2.000000000000000000e+00 2.754699945449829102e+00
4.360000228881835938e+01 1.701623648405075073e-01 0.000000000000000000e+00 7.320145414269063622e-07 1.699998974800109863e-01 0.000000000000000000e+00 6.000000000000000000e+00 8.191000000000000000e+03 0.000000000000000000e+00 2.000000000000000000e+00 2.754699945449829102e+00
4.379999923706054688e+01 1.801451742649078369e-01 0.000000000000000000e+00 7.447733878507278860e-07 1.799969226121902466e-01 0.000000000000000000e+00 6.000000000000000000e+00 8.191000000000000000e+03 0.000000000000000000e+00 2.000000000000000000e+00 2.754699945449829102e+00
4.400000000000000000e+01 1.900736242532730103e-01 0.000000000000000000e+00 7.549855922661663499e-07 1.899939626455307007e-01 0.000000000000000000e+00 6.000000000000000000e+00 8.191000000000000000e+03 0.000000000000000000e+00 2.000000000000000000e+00 2.754699945449829102e+00
4.420000076293945312e+01 2.001620829105377197e-01 0.000000000000000000e+00 7.677076609979849309e-07 2.000034898519515991e-01 0.000000000000000000e+00 6.000000000000000000e+00 8.191000000000000000e+03 0.000000000000000000e+00 2.000000000000000000e+00 2.754699945449829102e+00
4.440000152587890625e+01 2.101280391216278076e-01 0.000000000000000000e+00 7.852897283555648755e-07 2.100005298852920532e-01 0.000000000000000000e+00 6.000000000000000000e+00 8.191000000000000000e+03 0.000000000000000000e+00 2.000000000000000000e+00 2.754699945449829102e+00
4.460000228881835938e+01 2.201808393001556396e-01 0.000000000000000000e+00 8.044851824706711341e-07 2.199975699186325073e-01 0.000000000000000000e+00 6.000000000000000000e+00 8.191000000000000000e+03 0.000000000000000000e+00 2.000000000000000000e+00 2.754699945449829102e+00
4.479999923706054688e+01 2.301500141620635986e-01 0.000000000000000000e+00 8.289480888379330281e-07 2.299945950508117676e-01 0.000000000000000000e+00 6.000000000000000000e+00 8.191000000000000000e+03 0.000000000000000000e+00 2.000000000000000000e+00 2.754699945449829102e+00
4.500000000000000000e+01 2.400835305452346802e-01 0.000000000000000000e+00 8.507682309755182359e-07 2.400041371583938599e-01 0.000000000000000000e+00 6.000000000000000000e+00 8.191000000000000000e+03 0.000000000000000000e+00 2.000000000000000000e+00 2.754699945449829102e+00
4.520000076293945312e+01 2.501508891582489014e-01 0.000000000000000000e+00 8.757833143135940190e-07 2.500011622905731201e-01 0.000000000000000000e+00 6.000000000000000000e+00 8.191000000000000000e+03 0.000000000000000000e+00 2.000000000000000000e+00 2.754799842834472656e+00
4.540000152587890625e+01 2.601518630981445312e-01 0.000000000000000000e+00 9.034733352564217057e-07 2.599982023239135742e-01 0.000000000000000000e+00 6.000000000000000000e+00 8.191000000000000000e+03 0.000000000000000000e+00 2.000000000000000000e+00 2.754799842834472656e+00
4.560000228881835938e+01 2.700985670089721680e-01 0.000000000000000000e+00 9.392053925694199279e-07 2.699952423572540283e-01 0.000000000000000000e+00 7.000000000000000000e+00 8.191000000000000000e+03 0.000000000000000000e+00 2.000000000000000000e+00 2.754799842834472656e+00
4.579999923706054688e+01 2.802910804748535156e-01 0.000000000000000000e+00 9.794214292924152687e-07 2.800047695636749268e-01 0.000000000000000000e+00 7.000000000000000000e+00 8.191000000000000000e+03 0.000000000000000000e+00 2.000000000000000000e+00 2.754799842834472656e+00
4.600000000000000000e+01 2.901604473590850830e-01 0.000000000000000000e+00 1.024117636916344054e-06 2.900017797946929932e-01 0.000000000000000000e+00 7.000000000000000000e+00 8.191000000000000000e+03 0.000000000000000000e+00 2.000000000000000000e+00 2.754799842834472656e+00
4.620000076293945312e+01 3.002377152442932129e-01 0.000000000000000000e+00 1.072730469786620233e-06 2.999988198280334473e-01 0.000000000000000000e+00 7.000000000000000000e+00 8.191000000000000000e+03 0.000000000000000000e+00 2.000000000000000000e+00 2.754699945449829102e+00
4.640000152587890625e+01 2.901598811149597168e-01 0.000000000000000000e+00 7.781741260259877890e-07 2.900017797946929932e-01 0.000000000000000000e+00 7.000000000000000000e+00 8.191000000000000000e+03 0.000000000000000000e+00 2.000000000000000000e+00 2.754699945449829102e+00
4.660000228881835938e+01 2.801720201969146729e-01 0.000000000000000000e+00 6.033486101841845084e-07 2.800047695636749268e-01 0.000000000000000000e+00 6.000000000000000000e+00 8.191000000000000000e+03 0.000000000000000000e+00 2.000000000000000000e+00 2.754699945449829102e+00
4.679999923706054688e+01 2.702130377292633057e-01 0.000000000000000000e+00 4.816538421437144279e-07 2.699952423572540283e-01 0.000000000000000000e+00 6.000000000000000000e+00 8.191000000000000000e+03 0.000000000000000000e+00 2.000000000000000000e+00 2.754699945449829102e+00
4.700000000000000000e+01 2.601948380470275879e-01 0.000000000000000000e+00 3.871496403462515445e-07 2.599982023239135742e-01 0.000000000000000000e+00 6.000000000000000000e+00 8.191000000000000000e+03 0.000000000000000000e+00 2.000000000000000000e+00 2.754699945449829102e+00
4.720000076293945312e+01 2.501872181892395020e-01 0.000000000000000000e+00 3.141842626064317301e-07 2.500011622905731201e-01 0.000000000000000000e+00 6.000000000000000000e+00 8.191000000000000000e+03 0.000000000000000000e+00 2.000000000000000000e+00 2.754499912261962891e+00
4.740000152587890625e+01 2.401495873928070068e-01 0.000000000000000000e+00 2.540197385769715765e-07 2.400041371583938599e-01 0.000000000000000000e+00 6.000000000000000000e+00 8.191000000000000000e+03 0.000000000000000000e+00 2.000000000000000000e+00 2.754499912261962891e+00
4.760000228881835938e+01 2.301636040210723877e-01 0.000000000000000000e+00 2.048062412995932391e-07 2.299945950508117676e-01 0.000000000000000000e+00 6.000000000000000000e+00 8.191000000000000000e+03 0.000000000000000000e+00 2.000000000000000000e+00 2.754499912261962891e+00
4.779999923706054688e+01 2.201209068298339844e-01 0.000000000000000000e+00 1.577695769583442598e-07 2.199975699186325073e-01 0.000000000000000000e+00 6.000000000000000000e+00 8.191000000000000000e+03 0.000000000000000000e+00 2.000000000000000000e+00 2.754499912261962891e+00
4.800000000000000000e+01 2.101400196552276611e-01 0.000000000000000000e+00 1.206942243925368530e-07 2.100005298852920532e-01 0.000000000000000000e+00 6.000000000000000000e+00 8.191000000000000000e+03 0.000000000000000000e+00 2.000000000000000000e+00 2.754499912261962891e+00
4.820000076293945312e+01 2.001962065696716309e-01 0.000000000000000000e+00 8.786307148511696141e-08 2.000034898519515991e-01 0.000000000000000000e+00 6.000000000000000000e+00 8.191000000000000000e+03 0.000000000000000000e+00 2.000000000000000000e+00 2.754400014877319336e+00
4.840000152587890625e+01 1.901081949472427368e-01 0.000000000000000000e+00 5.656409740595336189e-08 1.899939626455307007e-01 0.000000000000000000e+00 6.000000000000000000e+00 8.191000000000000000e+03 0.000000000000000000e+00 2.000000000000000000e+00 2.754400014877319336e+00
4.860000228881835938e+01 1.801069527864456177e-01 0.000000000000000000e+00 2.315788627527126664e-08 1.799969226121902466e-01 0.000000000000000000e+00 5.000000000000000000e+00 8.191000000000000000e+03 0.000000000000000000e+00 2.000000000000000000e+00 2.754400014877319336e+00
4.879999923706054688e+01 1.701337397098541260e-01 0.000000000000000000e+00 -3.067710974136161894e-09 1.699998974800109863e-01 0.000000000000000000e+00 5.000000000000000000e+00 8.191000000000000000e+03 0.000000000000000000e+00 2.000000000000000000e+00 2.754400014877319336e+00
4.900000000000000000e+01 1.601355075836181641e-01 0.000000000000000000e+00 -1.094613644170294720e-08 1.600028574466705322e-01 0.000000000000000000e+00 4.000000000000000000e+00 6.908000000000000000e+03 0.000000000000000000e+00 2.000000000000000000e+00 2.754400014877319336e+00
4.920000076293945312e+01 1.501641422510147095e-01 0.000000000000000000e+00 -1.094613644170294720e-08 1.500058174133300781e-01 0.000000000000000000e+00 4.000000000000000000e+00 6.908000000000000000e+03 0.000000000000000000e+00 2.000000000000000000e+00 2.754699945449829102e+00
4.940000152587890625e+01 1.402007490396499634e-01 0.000000000000000000e+00 -1.094613644170294720e-08 1.399962902069091797e-01 0.000000000000000000e+00 4.000000000000000000e+00 7.164000000000000000e+03 0.000000000000000000e+00 2.000000000000000000e+00 2.754699945449829102e+00
4.960000228881835938e+01 1.301521658897399902e-01 0.000000000000000000e+00 -9.796960398489318322e-08 1.299992501735687256e-01 0.000000000000000000e+00 5.000000000000000000e+00 7.164000000000000000e+03 0.000000000000000000e+00 2.000000000000000000e+00 2.754699945449829102e+00
4.979999923706054688e+01 1.201690956950187683e-01 0.000000000000000000e+00 -1.167853653782913170e-07 1.200022250413894653e-01 0.000000000000000000e+00 6.000000000000000000e+00 8.191000000000000000e+03 0.000000000000000000e+00 2.000000000000000000e+00 2.754699945449829102e+00
5.000000000000000000e+01 1.101497784256935120e-01 0.000000000000000000e+00 -1.406064598086231854e-07 1.100051850080490112e-01 0.000000000000000000e+00 6.000000000000000000e+00 8.191000000000000000e+03 0.000000000000000000e+00 2.000000000000000000e+00 2.754699945449829102e+00
5.020000076293945312e+01 1.001238226890563965e-01 0.000000000000000000e+00 -1.666687268198074889e-07 9.999565780162811279e-02 0.000000000000000000e+00 6.000000000000000000e+00 8.191000000000000000e+03 0.000000000000000000e+00 2.000000000000000000e+00 2.754400014877319336e+00
5.040000152587890625e+01 9.024015814065933228e-02 0.000000000000000000e+00 -1.957680808573059039e-07 8.999861776828765869e-02 0.000000000000000000e+00 6.000000000000000000e+00 8.191000000000000000e+03 0.000000000000000000e+00 2.000000000000000000e+00 2.754400014877319336e+00
5.060000228881835938e+01 8.015296608209609985e-02 0.000000000000000000e+00 -2.277683961438015103e-07 8.000158518552780151e-02 0.000000000000000000e+00 6.000000000000000000e+00 8.191000000000000000e+03 0.000000000000000000e+00 2.000000000000000000e+00 2.754400014877319336e+00
5.079999923706054688e+01 7.012225687503814697e-02 0.000000000000000000e+00 -2.658375990449712845e-07 7.000455260276794434e-02 0.000000000000000000e+00 6.000000000000000000e+00 8.191000000000000000e+03 0.000000000000000000e+00 2.000000000000000000e+00 2.754400014877319336e+00
5.100000000000000000e+01 6.012653559446334839e-02 0.000000000000000000e+00 -3.123297176443884382e-07 5.999501794576644897e-02 0.000000000000000000e+00 6.000000000000000000e+00 8.191000000000000000e+03 0.000000000000000000e+00 2.000000000000000000e+00 2.754400014877319336e+00
5.120000076293945312e+01 5.016986653208732605e-02 0.000000000000000000e+00 -3.671315482733916724e-07 4.999798536300659180e-02 0.000000000000000000e+00 6.000000000000000000e+00 8.191000000000000000e+03 0.000000000000000000e+00 2.000000000000000000e+00 2.754600048065185547e+00
5.140000152587890625e+01 4.016057401895523071e-02 0.000000000000000000e+00 -4.350254130258690566e-07 4.000094905495643616e-02 0.000000000000000000e+00 6.000000000000000000e+00 8.191000000000000000e+03 0.000000000000000000e+00 2.000000000000000000e+00 2.754600048065185547e+00
5.160000228881835938e+01 3.019556589424610138e-02 0.000000000000000000e+00 -5.186621478969755117e-07 3.000391460955142975e-02 0.000000000000000000e+00 6.000000000000000000e+00 8.191000000000000000e+03 0.000000000000000000e+00 2.000000000000000000e+00 2.754600048065185547e+00
5.179999923706054688e+01 2.017917111515998840e-02 0.000000000000000000e+00 -6.201252062965068035e-07 1.999438367784023285e-02 0.000000000000000000e+00 6.000000000000000000e+00 8.191000000000000000e+03 0.000000000000000000e+00 2.000000000000000000e+00 2.754600048065185547e+00
5.200000000000000000e+01 1.017498224973678589e-02 0.000000000000000000e+00 -7.396637329293298535e-07 9.997349232435226440e-03 0.000000000000000000e+00 6.000000000000000000e+00 8.191000000000000000e+03 0.000000000000000000e+00 2.000000000000000000e+00 2.754600048065185547e+00
5.220000076293945312e+01 1.186294539365917444e-04 0.000000000000000000e+00 -8.740914836380397901e-07 3.129243850708007812e-07 0.000000000000000000e+00 6.000000000000000000e+00 8.191000000000000000e+03 0.000000000000000000e+00 2.000000000000000000e+00 2.754600048065185547e+00
5.240000152587890625e+01 -9.832996875047683716e-03 0.000000000000000000e+00 -1.014801910059759393e-06 -9.996719658374786377e-03 0.000000000000000000e+00 6.000000000000000000e+00 7.164000000000000000e+03 0.000000000000000000e+00 2.000000000000000000e+00 2.754600048065185547e+00
5.260000228881835938e+01 -1.985950022935867310e-02 0.000000000000000000e+00 -1.155534619101672433e-06 -1.999375596642494202e-02 0.000000000000000000e+00 7.000000000000000000e+00 8.191000000000000000e+03 0.000000000000000000e+00 2.000000000000000000e+00 2.754600048065185547e+00
5.279999923706054688e+01 -2.920103631913661957e-02 0.000000000000000000e+00 -1.286589395022019744e-06 -3.000328317284584045e-02 0.000000000000000000e+00 7.000000000000000000e+00 6.143000000000000000e+03 0.000000000000000000e+00 2.000000000000000000e+00 2.754600048065185547e+00
5.300000000000000000e+01 -3.987649828195571899e-02 0.000000000000000000e+00 -1.400113660565693863e-06 -4.000032320618629456e-02 0.000000000000000000e+00 7.000000000000000000e+00 8.191000000000000000e+03 0.000000000000000000e+00 2.000000000000000000e+00 2.754600048065185547e+00
5.320000076293945312e+01 -4.984530806541442871e-02 0.000000000000000000e+00 -1.489928536102524959e-06 -4.999735578894615173e-02 0.000000000000000000e+00 7.000000000000000000e+00 8.191000000000000000e+03 0.000000000000000000e+00 2.000000000000000000e+00 2.754400014877319336e+00
5.340000152587890625e+01 -5.987588688731193542e-02 0.000000000000000000e+00 -1.565789148116891738e-06 -5.999438837170600891e-02 0.000000000000000000e+00 7.000000000000000000e+00 8.191000000000000000e+03 0.000000000000000000e+00 2.000000000000000000e+00 2.754400014877319336e+00
5.360000228881835938e+01 -6.984993815422058105e-02 0.000000000000000000e+00 -1.631349732633680105e-06 -7.000392675399780273e-02 0.000000000000000000e+00 7.000000000000000000e+00 8.191000000000000000e+03 0.000000000000000000e+00 2.000000000000000000e+00 2.754400014877319336e+00
5.379999923706054688e+01 -7.985788583755493164e-02 0.000000000000000000e+00 -1.687018993834499270e-06 -8.000095188617706299e-02 0.000000000000000000e+00 7.000000000000000000e+00 8.191000000000000000e+03 0.000000000000000000e+00 2.000000000000000000e+00 2.754400014877319336e+00
5.400000000000000000e+01 -8.979768306016921997e-02 0.000000000000000000e+00 -1.743830125633394346e-06 -8.999799191951751709e-02 0.000000000000000000e+00 7.000000000000000000e+00 8.191000000000000000e+03 0.000000000000000000e+00 2.000000000000000000e+00 2.754400014877319336e+00
5.420000076293945312e+01 -9.985519200563430786e-02 0.000000000000000000e+00 -1.813433982533751987e-06 -9.999501705169677734e-02 0.000000000000000000e+00 7.000000000000000000e+00 8.191000000000000000e+03 0.000000000000000000e+00 2.000000000000000000e+00 2.754600048065185547e+00
5.440000152587890625e+01 -1.098905131220817566e-01 0.000000000000000000e+00 -1.890300154627766460e-06 -1.100045591592788696e-01 0.000000000000000000e+00 7.000000000000000000e+00 8.191000000000000000e+03 0.000000000000000000e+00 2.000000000000000000e+00 2.754600048065185547e+00
5.460000228881835938e+01 -1.199083030223846436e-01 0.000000000000000000e+00 -1.982104322451050393e-06 -1.200015842914581299e-01 0.000000000000000000e+00 7.000000000000000000e+00 8.191000000000000000e+03 0.000000000000000000e+00 2.000000000000000000e+00 2.754600048065185547e+00
5.479999923706054688e+01 -1.299335807561874390e-01 0.000000000000000000e+00 -2.087540906359208748e-06 -1.299986243247985840e-01 0.000000000000000000e+00 7.000000000000000000e+00 8.191000000000000000e+03 0.000000000000000000e+00 2.000000000000000000e+00 2.754600048065185547e+00
5.500000000000000000e+01 -1.398329883813858032e-01 0.000000000000000000e+00 -2.210419779657968320e-06 -1.399956643581390381e-01 0.000000000000000000e+00 7.000000000000000000e+00 8.191000000000000000e+03 0.000000000000000000e+00 2.000000000000000000e+00 2.754600048065185547e+00
5.520000076293945312e+01 -1.497756093740463257e-01 0.000000000000000000e+00 -2.348247107875067741e-06 -1.500051915645599365e-01 0.000000000000000000e+00 7.000000000000000000e+00 8.191000000000000000e+03 0.000000000000000000e+00 2.000000000000000000e+00 2.754600048065185547e+00
5.540000152587890625e+01 -1.598446071147918701e-01 0.000000000000000000e+00 -2.506813643776695244e-06 -1.600022166967391968e-01 0.000000000000000000e+00 7.000000000000000000e+00 8.191000000000000000e+03 0.000000000000000000e+00 2.000000000000000000e+00 2.754600048065185547e+00
5.560000228881835938e+01 -1.698950976133346558e-01 0.000000000000000000e+00 -2.682776539586484432e-06 -1.699992567300796509e-01 0.000000000000000000e+00 7.000000000000000000e+00 8.191000000000000000e+03 0.000000000000000000e+00 2.000000000000000000e+00 2.754600048065185547e+00
5.579999923706054688e+01 -1.799109876155853271e-01 0.000000000000000000e+00 -2.886197307816473767e-06 -1.799962967634201050e-01 0.000000000000000000e+00 7.000000000000000000e+00 8.191000000000000000e+03 0.000000000000000000e+00 2.000000000000000000e+00 2.754600048065185547e+00
5.600000000000000000e+01 -1.898797005414962769e-01 0.000000000000000000e+00 -3.106280928477644920e-06 -1.900058239698410034e-01 0.000000000000000000e+00 7.000000000000000000e+00 8.191000000000000000e+03 0.000000000000000000e+00 2.000000000000000000e+00 2.754600048065185547e+00
5.620000076293945312e+01 -1.998833566904067993e-01 0.000000000000000000e+00 -3.344538299643318169e-06 -2.000028640031814575e-01 0.000000000000000000e+00 7.000000000000000000e+00 8.191000000000000000e+03 0.000000000000000000e+00 2.000000000000000000e+00 2.754600048065185547e+00
5.640000152587890625e+01 -1.998026371002197266e-01 0.000000000000000000e+00 -3.237522605559206568e-06 -2.000028640031814575e-01 0.000000000000000000e+00 7.000000000000000000e+00 8.191000000000000000e+03 0.000000000000000000e+00 3.000000000000000000e+00 2.754600048065185547e+00
