2.000000029802322388e-01 2.813336031977087259e-04 0.000000000000000000e+00 -1.084002718698684475e-07 3.129243850708007812e-07 0.000000000000000000e+00 6.000000000000000000e+00 8.191000000000000000e+03 0.000000000000000000e+00 0.000000000000000000e+00 2.757099866867065430e+00
4.000000059604644775e-01 1.030464749783277512e-02 0.000000000000000000e+00 -5.566288763247939642e-08 9.997349232435226440e-03 0.000000000000000000e+00 6.000000000000000000e+00 8.191000000000000000e+03 0.000000000000000000e+00 0.000000000000000000e+00 2.757099866867065430e+00
6.000000238418579102e-01 2.034393325448036194e-02 0.000000000000000000e+00 -2.582685709739962476e-08 1.999438367784023285e-02 0.000000000000000000e+00 5.000000000000000000e+00 8.191000000000000000e+03 0.000000000000000000e+00 0.000000000000000000e+00 2.757099866867065430e+00
8.000000119209289551e-01 3.002386167645454407e-02 0.000000000000000000e+00 -2.963380207887666984e-09 3.000391460955142975e-02 0.000000000000000000e+00 5.000000000000000000e+00 6.143000000000000000e+03 0.000000000000000000e+00 0.000000000000000000e+00 2.757099866867065430e+00
1.000000000000000000e+00 4.041454941034317017e-02 0.000000000000000000e+00 1.093948842623149176e-08 4.000094905495643616e-02 0.000000000000000000e+00 4.000000000000000000e+00 6.908000000000000000e+03 0.000000000000000000e+00 0.000000000000000000e+00 2.756000041961669922e+00
1.200000047683715820e+00 5.033216997981071472e-02 0.000000000000000000e+00 1.093948842623149176e-08 4.999798536300659180e-02 0.000000000000000000e+00 4.000000000000000000e+00 6.908000000000000000e+03 0.000000000000000000e+00 0.000000000000000000e+00 2.756000041961669922e+00
1.399999976158142090e+00 6.025028601288795471e-02 0.000000000000000000e+00 1.093948842623149176e-08 5.999501794576644897e-02 0.000000000000000000e+00 4.000000000000000000e+00 7.164000000000000000e+03 0.000000000000000000e+00 0.000000000000000000e+00 2.756000041961669922e+00
1.600000023841857910e+00 7.033395022153854370e-02 0.000000000000000000e+00 8.942761553498712601e-08 7.000455260276794434e-02 0.000000000000000000e+00 5.000000000000000000e+00 8.191000000000000000e+03 0.000000000000000000e+00 0.000000000000000000e+00 2.756000041961669922e+00
1.800000071525573730e+00 8.027722686529159546e-02 0.000000000000000000e+00 1.231216941732782288e-07 8.000158518552780151e-02 0.000000000000000000e+00 6.000000000000000000e+00 8.191000000000000000e+03 0.000000000000000000e+00 0.000000000000000000e+00 2.756000041961669922e+00
2.000000000000000000e+00 9.023419767618179321e-02 0.000000000000000000e+00 1.722809770399180707e-07 8.999861776828765869e-02 0.000000000000000000e+00 6.000000000000000000e+00 8.191000000000000000e+03 0.000000000000000000e+00 0.000000000000000000e+00 2.756199836730957031e+00
2.200000047683715820e+00 1.003049910068511963e-01 0.000000000000000000e+00 2.400623770881793462e-07 9.999565780162811279e-02 0.000000000000000000e+00 6.000000000000000000e+00 8.191000000000000000e+03 0.000000000000000000e+00 0.000000000000000000e+00 2.756199836730957031e+00
2.400000095367431641e+00 1.103722304105758667e-01 0.000000000000000000e+00 3.331746825097070541e-07 1.100051850080490112e-01 0.000000000000000000e+00 6.000000000000000000e+00 8.191000000000000000e+03 0.000000000000000000e+00 0.000000000000000000e+00 2.756199836730957031e+00
2.600000143051147461e+00 1.203281506896018982e-01 0.000000000000000000e+00 4.637062147594406269e-07 1.200022250413894653e-01 0.000000000000000000e+00 6.000000000000000000e+00 8.191000000000000000e+03 0.000000000000000000e+00 0.000000000000000000e+00 2.756199836730957031e+00
2.799999952316284180e+00 1.302590966224670410e-01 0.000000000000000000e+00 6.454349090745381545e-07 1.299992501735687256e-01 0.000000000000000000e+00 6.000000000000000000e+00 8.191000000000000000e+03 0.000000000000000000e+00 0.000000000000000000e+00 2.756199836730957031e+00
3.000000000000000000e+00 1.402870416641235352e-01 0.000000000000000000e+00 8.979408789855369832e-07 1.399962902069091797e-01 0.000000000000000000e+00 6.000000000000000000e+00 8.191000000000000000e+03 0.000000000000000000e+00 0.000000000000000000e+00 2.756399869918823242e+00
3.200000047683715820e+00 1.502972096204757690e-01 0.000000000000000000e+00 1.257610961147292983e-06 1.500058174133300781e-01 0.000000000000000000e+00 7.000000000000000000e+00 8.191000000000000000e+03 0.000000000000000000e+00 0.000000000000000000e+00 2.756399869918823242e+00
3.400000095367431641e+00 1.602848172187805176e-01 0.000000000000000000e+00 1.723085460980655625e-06 1.600028574466705322e-01 0.000000000000000000e+00 7.000000000000000000e+00 8.191000000000000000e+03 0.000000000000000000e+00 0.000000000000000000e+00 2.756399869918823242e+00
3.600000143051147461e+00 1.703063398599624634e-01 0.000000000000000000e+00 2.328186383238062263e-06 1.699998974800109863e-01 0.000000000000000000e+00 7.000000000000000000e+00 8.191000000000000000e+03 0.000000000000000000e+00 0.000000000000000000e+00 2.756399869918823242e+00
3.799999952316284180e+00 1.802941560745239258e-01 0.000000000000000000e+00 3.084587660850957036e-06 1.799969226121902466e-01 0.000000000000000000e+00 7.000000000000000000e+00 8.191000000000000000e+03 0.000000000000000000e+00 0.000000000000000000e+00 2.756399869918823242e+00
4.000000000000000000e+00 1.902606338262557983e-01 0.000000000000000000e+00 3.977684627898270264e-06 1.899939626455307007e-01 0.000000000000000000e+00 7.000000000000000000e+00 8.191000000000000000e+03 0.000000000000000000e+00 0.000000000000000000e+00 2.756500005722045898e+00
4.200000286102294922e+00 2.003314644098281860e-01 0.000000000000000000e+00 4.970180270902346820e-06 2.000034898519515991e-01 0.000000000000000000e+00 7.000000000000000000e+00 8.191000000000000000e+03 0.000000000000000000e+00 0.000000000000000000e+00 2.756500005722045898e+00
4.400000095367431641e+00 2.103276699781417847e-01 0.000000000000000000e+00 5.975580734229879454e-06 2.100005298852920532e-01 0.000000000000000000e+00 7.000000000000000000e+00 8.191000000000000000e+03 0.000000000000000000e+00 0.000000000000000000e+00 2.756500005722045898e+00
4.599999904632568359e+00 2.203055769205093384e-01 0.000000000000000000e+00 6.916330676176585257e-06 2.199975699186325073e-01 0.000000000000000000e+00 7.000000000000000000e+00 8.191000000000000000e+03 0.000000000000000000e+00 0.000000000000000000e+00 2.756500005722045898e+00
4.800000190734863281e+00 2.302977442741394043e-01 0.000000000000000000e+00 7.698946319578681141e-06 2.299945950508117676e-01 0.000000000000000000e+00 7.000000000000000000e+00 8.191000000000000000e+03 0.000000000000000000e+00 0.000000000000000000e+00 2.756500005722045898e+00
5.000000000000000000e+00 2.403373718261718750e-01 0.000000000000000000e+00 8.273711500805802643e-06 2.400041371583938599e-01 0.000000000000000000e+00 7.000000000000000000e+00 8.191000000000000000e+03 0.000000000000000000e+00 0.000000000000000000e+00 2.756500005722045898e+00
5.200000286102294922e+00 2.503331005573272705e-01 0.000000000000000000e+00 8.593864549766294658e-06 2.500011622905731201e-01 0.000000000000000000e+00 7.000000000000000000e+00 8.191000000000000000e+03 0.000000000000000000e+00 0.000000000000000000e+00 2.756500005722045898e+00
5.400000095367431641e+00 2.603167295455932617e-01 0.000000000000000000e+00 8.698987585376016796e-06 2.599982023239135742e-01 0.000000000000000000e+00 7.000000000000000000e+00 8.191000000000000000e+03 0.000000000000000000e+00 0.000000000000000000e+00 2.756500005722045898e+00
5.599999904632568359e+00 2.703925073146820068e-01 0.000000000000000000e+00 8.633062861918006092e-06 2.699952423572540283e-01 0.000000000000000000e+00 7.000000000000000000e+00 8.191000000000000000e+03 0.000000000000000000e+00 0.000000000000000000e+00 2.756500005722045898e+00
5.800000190734863281e+00 2.803148925304412842e-01 0.000000000000000000e+00 8.461048309982288629e-06 2.800047695636749268e-01 0.000000000000000000e+00 7.000000000000000000e+00 8.191000000000000000e+03 0.000000000000000000e+00 0.000000000000000000e+00 2.756500005722045898e+00
6.000000000000000000e+00 2.903212904930114746e-01 0.000000000000000000e+00 8.239286216848995537e-06 2.900017797946929932e-01 0.000000000000000000e+00 7.000000000000000000e+00 8.191000000000000000e+03 0.000000000000000000e+00 0.000000000000000000e+00 2.756599903106689453e+00
6.200000286102294922e+00 3.003310263156890869e-01 0.000000000000000000e+00 8.004109076864551753e-06 2.999988198280334473e-01 0.000000000000000000e+00 7.000000000000000000e+00 8.191000000000000000e+03 0.000000000000000000e+00 0.000000000000000000e+00 2.756599903106689453e+00
6.400000095367431641e+00 2.903611361980438232e-01 0.000000000000000000e+00 6.715397375955944881e-06 2.900017797946929932e-01 0.000000000000000000e+00 7.000000000000000000e+00 8.191000000000000000e+03 0.000000000000000000e+00 0.000000000000000000e+00 2.756599903106689453e+00
6.599999904632568359e+00 2.802666723728179932e-01 0.000000000000000000e+00 5.724890797864645720e-06 2.800047695636749268e-01 0.000000000000000000e+00 7.000000000000000000e+00 8.191000000000000000e+03 0.000000000000000000e+00 0.000000000000000000e+00 2.756599903106689453e+00
6.800000190734863281e+00 2.702501714229583740e-01 0.000000000000000000e+00 4.793788320966996253e-06 2.699952423572540283e-01 0.000000000000000000e+00 7.000000000000000000e+00 8.191000000000000000e+03 0.000000000000000000e+00 0.000000000000000000e+00 2.756599903106689453e+00
7.000000000000000000e+00 2.603388428688049316e-01 0.000000000000000000e+00 3.817575361608760431e-06 2.599982023239135742e-01 0.000000000000000000e+00 7.000000000000000000e+00 8.191000000000000000e+03 0.000000000000000000e+00 0.000000000000000000e+00 2.756199836730957031e+00
7.200000286102294922e+00 2.503707110881805420e-01 0.000000000000000000e+00 2.759111566774663515e-06 2.500011622905731201e-01 0.000000000000000000e+00 7.000000000000000000e+00 8.191000000000000000e+03 0.000000000000000000e+00 0.000000000000000000e+00 2.756199836730957031e+00
7.400000095367431641e+00 2.403437346220016479e-01 0.000000000000000000e+00 1.612948608453734778e-06 2.400041371583938599e-01 0.000000000000000000e+00 7.000000000000000000e+00 8.191000000000000000e+03 0.000000000000000000e+00 0.000000000000000000e+00 2.756199836730957031e+00
7.599999904632568359e+00 2.303235530853271484e-01 0.000000000000000000e+00 4.029926969906227896e-07 2.299945950508117676e-01 0.000000000000000000e+00 7.000000000000000000e+00 8.191000000000000000e+03 0.000000000000000000e+00 0.000000000000000000e+00 2.756199836730957031e+00
7.800000190734863281e+00 2.202388197183609009e-01 0.000000000000000000e+00 -7.933989536468288861e-07 2.199975699186325073e-01 0.000000000000000000e+00 6.000000000000000000e+00 8.191000000000000000e+03 0.000000000000000000e+00 0.000000000000000000e+00 2.756199836730957031e+00
8.000000000000000000e+00 2.103327214717864990e-01 0.000000000000000000e+00 -1.093766627491277177e-06 2.100005298852920532e-01 0.000000000000000000e+00 6.000000000000000000e+00 7.164000000000000000e+03 0.000000000000000000e+00 0.000000000000000000e+00 2.756199836730957031e+00
8.199999809265136719e+00 2.002461850643157959e-01 0.000000000000000000e+00 -2.799470848913188092e-06 2.000034898519515991e-01 0.000000000000000000e+00 7.000000000000000000e+00 8.191000000000000000e+03 0.000000000000000000e+00 0.000000000000000000e+00 2.756199836730957031e+00
8.400000572204589844e+00 1.903226822614669800e-01 0.000000000000000000e+00 -3.466500402282690629e-06 1.899939626455307007e-01 0.000000000000000000e+00 7.000000000000000000e+00 8.191000000000000000e+03 0.000000000000000000e+00 0.000000000000000000e+00 2.756199836730957031e+00
8.600000381469726562e+00 1.803406476974487305e-01 0.000000000000000000e+00 -3.860002379951765761e-06 1.799969226121902466e-01 0.000000000000000000e+00 7.000000000000000000e+00 8.191000000000000000e+03 0.000000000000000000e+00 0.000000000000000000e+00 2.756199836730957031e+00
8.800000190734863281e+00 1.702544242143630981e-01 0.000000000000000000e+00 -3.999560249212663621e-06 1.699998974800109863e-01 0.000000000000000000e+00 7.000000000000000000e+00 8.191000000000000000e+03 0.000000000000000000e+00 0.000000000000000000e+00 2.756199836730957031e+00
9.000000000000000000e+00 1.603141278028488159e-01 0.000000000000000000e+00 -3.953647592425113544e-06 1.600028574466705322e-01 0.000000000000000000e+00 7.000000000000000000e+00 8.191000000000000000e+03 0.000000000000000000e+00 0.000000000000000000e+00 2.756099939346313477e+00
9.199999809265136719e+00 1.503089815378189087e-01 0.000000000000000000e+00 -3.775453023990849033e-06 1.500058174133300781e-01 0.000000000000000000e+00 7.000000000000000000e+00 8.191000000000000000e+03 0.000000000000000000e+00 0.000000000000000000e+00 2.756099939346313477e+00
9.400000572204589844e+00 1.403348594903945923e-01 0.000000000000000000e+00 -3.542479817042476498e-06 1.399962902069091797e-01 0.000000000000000000e+00 7.000000000000000000e+00 8.191000000000000000e+03 0.000000000000000000e+00 0.000000000000000000e+00 2.756099939346313477e+00
9.600000381469726562e+00 1.303399652242660522e-01 0.000000000000000000e+00 -3.269769649705267511e-06 1.299992501735687256e-01 0.000000000000000000e+00 7.000000000000000000e+00 8.191000000000000000e+03 0.000000000000000000e+00 0.000000000000000000e+00 2.756099939346313477e+00
9.800000190734863281e+00 1.203498616814613342e-01 0.000000000000000000e+00 -3.000518745466251858e-06 1.200022250413894653e-01 0.000000000000000000e+00 7.000000000000000000e+00 8.191000000000000000e+03 0.000000000000000000e+00 0.000000000000000000e+00 2.756099939346313477e+00
1.000000000000000000e+01 1.102981641888618469e-01 0.000000000000000000e+00 -2.749387476796982810e-06 1.100051850080490112e-01 0.000000000000000000e+00 7.000000000000000000e+00 8.191000000000000000e+03 0.000000000000000000e+00 0.000000000000000000e+00 2.756399869918823242e+00
1.019999980926513672e+01 1.002709567546844482e-01 0.000000000000000000e+00 -2.519835106795653701e-06 9.999565780162811279e-02 0.000000000000000000e+00 7.000000000000000000e+00 8.191000000000000000e+03 0.000000000000000000e+00 0.000000000000000000e+00 2.756399869918823242e+00
1.040000057220458984e+01 9.029415994882583618e-02 0.000000000000000000e+00 -2.312898686795961112e-06 8.999861776828765869e-02 0.000000000000000000e+00 7.000000000000000000e+00 8.191000000000000000e+03 0.000000000000000000e+00 0.000000000000000000e+00 2.756399869918823242e+00
1.060000038146972656e+01 8.029698580503463745e-02 0.000000000000000000e+00 -2.130324219251633622e-06 8.000158518552780151e-02 0.000000000000000000e+00 7.000000000000000000e+00 8.191000000000000000e+03 0.000000000000000000e+00 0.000000000000000000e+00 2.756399869918823242e+00
1.080000019073486328e+01 7.029800117015838623e-02 0.000000000000000000e+00 -1.969302729776245542e-06 7.000455260276794434e-02 0.000000000000000000e+00 7.000000000000000000e+00 8.191000000000000000e+03 0.000000000000000000e+00 0.000000000000000000e+00 2.756399869918823242e+00
1.100000000000000000e+01 6.028506904840469360e-02 0.000000000000000000e+00 -1.828478048082615715e-06 5.999501794576644897e-02 0.000000000000000000e+00 7.000000000000000000e+00 8.191000000000000000e+03 0.000000000000000000e+00 0.000000000000000000e+00 2.756299972534179688e+00
1.119999980926513672e+01 5.032476782798767090e-02 0.000000000000000000e+00 -1.708083004814398009e-06 4.999798536300659180e-02 0.000000000000000000e+00 7.000000000000000000e+00 8.191000000000000000e+03 0.000000000000000000e+00 0.000000000000000000e+00 2.756299972534179688e+00
1.140000057220458984e+01 4.030820354819297791e-02 0.000000000000000000e+00 -1.598611447661824059e-06 4.000094905495643616e-02 0.000000000000000000e+00 7.000000000000000000e+00 8.191000000000000000e+03 0.000000000000000000e+00 0.000000000000000000e+00 2.756299972534179688e+00
1.160000038146972656e+01 3.029378876090049744e-02 0.000000000000000000e+00 -1.498917072240146808e-06 3.000391460955142975e-02 0.000000000000000000e+00 7.000000000000000000e+00 8.191000000000000000e+03 0.000000000000000000e+00 0.000000000000000000e+00 2.756299972534179688e+00
1.180000019073486328e+01 2.028912305831909180e-02 0.000000000000000000e+00 -1.408309117323369719e-06 1.999438367784023285e-02 0.000000000000000000e+00 7.000000000000000000e+00 8.191000000000000000e+03 0.000000000000000000e+00 0.000000000000000000e+00 2.756299972534179688e+00
1.200000000000000000e+01 1.031650602817535400e-02 0.000000000000000000e+00 -1.335925276180205401e-06 9.997349232435226440e-03 0.000000000000000000e+00 7.000000000000000000e+00 8.191000000000000000e+03 0.000000000000000000e+00 0.000000000000000000e+00 2.756299972534179688e+00
1.219999980926513672e+01 3.128006064798682928e-04 0.000000000000000000e+00 -1.273099769605323672e-06 3.129243850708007812e-07 0.000000000000000000e+00 7.000000000000000000e+00 8.191000000000000000e+03 0.000000000000000000e+00 0.000000000000000000e+00 2.756299972534179688e+00
1.240000057220458984e+01 -9.716504253447055817e-03 0.000000000000000000e+00 -1.220846570504363626e-06 -9.996719658374786377e-03 0.000000000000000000e+00 7.000000000000000000e+00 8.191000000000000000e+03 0.000000000000000000e+00 0.000000000000000000e+00 2.756299972534179688e+00
1.260000038146972656e+01 -1.971672661602497101e-02 0.000000000000000000e+00 -1.168864514511369634e-06 -1.999375596642494202e-02 0.000000000000000000e+00 7.000000000000000000e+00 8.191000000000000000e+03 0.000000000000000000e+00 0.000000000000000000e+00 2.756299972534179688e+00
1.280000019073486328e+01 -2.963158674538135529e-02 0.000000000000000000e+00 -1.134456510953896213e-06 -3.000328317284584045e-02 0.000000000000000000e+00 7.000000000000000000e+00 6.143000000000000000e+03 0.000000000000000000e+00 0.000000000000000000e+00 2.756299972534179688e+00
1.300000000000000000e+01 -3.974137455224990845e-02 0.000000000000000000e+00 -1.105646219912159722e-06 -4.000032320618629456e-02 0.000000000000000000e+00 7.000000000000000000e+00 8.191000000000000000e+03 0.000000000000000000e+00 0.000000000000000000e+00 2.756500005722045898e+00
1.319999980926513672e+01 -4.968803375959396362e-02 0.000000000000000000e+00 -1.078721766134549398e-06 -4.999735578894615173e-02 0.000000000000000000e+00 7.000000000000000000e+00 8.191000000000000000e+03 0.000000000000000000e+00 0.000000000000000000e+00 2.756500005722045898e+00
1.340000057220458984e+01 -5.970787256956100464e-02 0.000000000000000000e+00 -1.064458956534508616e-06 -5.999438837170600891e-02 0.000000000000000000e+00 7.000000000000000000e+00 8.191000000000000000e+03 0.000000000000000000e+00 0.000000000000000000e+00 2.756500005722045898e+00
1.360000038146972656e+01 -6.974588334560394287e-02 0.000000000000000000e+00 -1.067720631908741780e-06 -7.000392675399780273e-02 0.000000000000000000e+00 7.000000000000000000e+00 8.191000000000000000e+03 0.000000000000000000e+00 0.000000000000000000e+00 2.756500005722045898e+00
1.380000019073486328e+01 -7.978521287441253662e-02 0.000000000000000000e+00 -1.073842554433213081e-06 -8.000095188617706299e-02 0.000000000000000000e+00 7.000000000000000000e+00 8.191000000000000000e+03 0.000000000000000000e+00 0.000000000000000000e+00 2.756500005722045898e+00
1.400000000000000000e+01 -8.970759063959121704e-02 0.000000000000000000e+00 -1.094622575692483224e-06 -8.999799191951751709e-02 0.000000000000000000e+00 7.000000000000000000e+00 8.191000000000000000e+03 0.000000000000000000e+00 0.000000000000000000e+00 2.756199836730957031e+00
1.419999980926513672e+01 -9.973971545696258545e-02 0.000000000000000000e+00 -1.128171447817294393e-06 -9.999501705169677734e-02 0.000000000000000000e+00 7.000000000000000000e+00 8.191000000000000000e+03 0.000000000000000000e+00 0.000000000000000000e+00 2.756199836730957031e+00
1.440000057220458984e+01 -1.097694113850593567e-01 0.000000000000000000e+00 -1.190120656247017905e-06 -1.100045591592788696e-01 0.000000000000000000e+00 7.000000000000000000e+00 8.191000000000000000e+03 0.000000000000000000e+00 0.000000000000000000e+00 2.756199836730957031e+00
1.460000038146972656e+01 -1.196231618523597717e-01 0.000000000000000000e+00 -1.266170215785678010e-06 -1.200015842914581299e-01 0.000000000000000000e+00 7.000000000000000000e+00 8.191000000000000000e+03 0.000000000000000000e+00 0.000000000000000000e+00 2.756199836730957031e+00
1.480000019073486328e+01 -1.297386139631271362e-01 0.000000000000000000e+00 -1.366712012895732187e-06 -1.299986243247985840e-01 0.000000000000000000e+00 7.000000000000000000e+00 8.191000000000000000e+03 0.000000000000000000e+00 0.000000000000000000e+00 2.756199836730957031e+00
1.500000000000000000e+01 -1.397719532251358032e-01 0.000000000000000000e+00 -1.493028548793517984e-06 -1.399956643581390381e-01 0.000000000000000000e+00 7.000000000000000000e+00 8.191000000000000000e+03 0.000000000000000000e+00 0.000000000000000000e+00 2.756199836730957031e+00
1.519999980926513672e+01 -1.497483253479003906e-01 0.000000000000000000e+00 -1.651565867177851032e-06 -1.500051915645599365e-01 0.000000000000000000e+00 7.000000000000000000e+00 8.191000000000000000e+03 0.000000000000000000e+00 0.000000000000000000e+00 2.756199836730957031e+00
1.540000057220458984e+01 -1.597097963094711304e-01 0.000000000000000000e+00 -1.840420964072109200e-06 -1.600022166967391968e-01 0.000000000000000000e+00 7.000000000000000000e+00 8.191000000000000000e+03 0.000000000000000000e+00 0.000000000000000000e+00 2.756199836730957031e+00
1.560000038146972656e+01 -1.696609258651733398e-01 0.000000000000000000e+00 -2.055131290035205893e-06 -1.699992567300796509e-01 0.000000000000000000e+00 7.000000000000000000e+00 8.191000000000000000e+03 0.000000000000000000e+00 0.000000000000000000e+00 2.756199836730957031e+00
1.580000019073486328e+01 -1.797828227281570435e-01 0.000000000000000000e+00 -2.295230160598293878e-06 -1.799962967634201050e-01 0.000000000000000000e+00 7.000000000000000000e+00 8.191000000000000000e+03 0.000000000000000000e+00 0.000000000000000000e+00 2.756199836730957031e+00
1.600000000000000000e+01 -1.896992325782775879e-01 0.000000000000000000e+00 -2.566677494542091154e-06 -1.900058239698410034e-01 0.000000000000000000e+00 7.000000000000000000e+00 8.191000000000000000e+03 0.000000000000000000e+00 0.000000000000000000e+00 2.756199836730957031e+00
1.620000076293945312e+01 -1.997441798448562622e-01 0.000000000000000000e+00 -2.835145323842880316e-06 -2.000028640031814575e-01 0.000000000000000000e+00 7.000000000000000000e+00 8.191000000000000000e+03 0.000000000000000000e+00 0.000000000000000000e+00 2.756199836730957031e+00
1.639999961853027344e+01 -1.897453963756561279e-01 0.000000000000000000e+00 -2.275307906529633328e-06 -1.900058239698410034e-01 0.000000000000000000e+00 7.000000000000000000e+00 8.191000000000000000e+03 0.000000000000000000e+00 1.000000000000000000e+00 2.756199836730957031e+00
1.660000038146972656e+01 -1.797022372484207153e-01 0.000000000000000000e+00 -1.858892915151955094e-06 -1.799962967634201050e-01 0.000000000000000000e+00 7.000000000000000000e+00 8.191000000000000000e+03 0.000000000000000000e+00 1.000000000000000000e+00 2.756199836730957031e+00
1.680000114440917969e+01 -1.697728931903839111e-01 0.000000000000000000e+00 -1.557028326715226285e-06 -1.699992567300796509e-01 0.000000000000000000e+00 7.000000000000000000e+00 8.191000000000000000e+03 0.000000000000000000e+00 1.000000000000000000e+00 2.756199836730957031e+00
1.700000000000000000e+01 -1.597508341073989868e-01 0.000000000000000000e+00 -1.312628228333778679e-06 -1.600022166967391968e-01 0.000000000000000000e+00 7.000000000000000000e+00 8.191000000000000000e+03 0.000000000000000000e+00 1.000000000000000000e+00 2.756199836730957031e+00
1.720000076293945312e+01 -1.497147977352142334e-01 0.000000000000000000e+00 -1.120093315876147244e-06 -1.500051915645599365e-01 0.000000000000000000e+00 7.000000000000000000e+00 8.191000000000000000e+03 0.000000000000000000e+00 1.000000000000000000e+00 2.756199836730957031e+00
1.739999961853027344e+01 -1.397432684898376465e-01 0.000000000000000000e+00 -9.649784260545857251e-07 -1.399956643581390381e-01 0.000000000000000000e+00 7.000000000000000000e+00 8.191000000000000000e+03 0.000000000000000000e+00 1.000000000000000000e+00 2.756199836730957031e+00
1.760000038146972656e+01 -1.296886354684829712e-01 0.000000000000000000e+00 -8.410119676227623131e-07 -1.299986243247985840e-01 0.000000000000000000e+00 7.000000000000000000e+00 8.191000000000000000e+03 0.000000000000000000e+00 1.000000000000000000e+00 2.756199836730957031e+00
1.780000114440917969e+01 -1.197546124458312988e-01 0.000000000000000000e+00 -7.342305821111949626e-07 -1.200015842914581299e-01 0.000000000000000000e+00 7.000000000000000000e+00 8.191000000000000000e+03 0.000000000000000000e+00 1.000000000000000000e+00 2.756199836730957031e+00
1.800000000000000000e+01 -1.097572296857833862e-01 0.000000000000000000e+00 -6.533467740155174397e-07 -1.100045591592788696e-01 0.000000000000000000e+00 6.000000000000000000e+00 8.191000000000000000e+03 0.000000000000000000e+00 1.000000000000000000e+00 2.756199836730957031e+00
1.820000076293945312e+01 -9.969855099916458130e-02 0.000000000000000000e+00 -5.833202862959296908e-07 -9.999501705169677734e-02 0.000000000000000000e+00 6.000000000000000000e+00 8.191000000000000000e+03 0.000000000000000000e+00 1.000000000000000000e+00 2.756199836730957031e+00
1.839999961853027344e+01 -8.962607383728027344e-02 0.000000000000000000e+00 -5.236401534602919128e-07 -8.999799191951751709e-02 0.000000000000000000e+00 6.000000000000000000e+00 8.191000000000000000e+03 0.000000000000000000e+00 1.000000000000000000e+00 2.756199836730957031e+00
1.860000038146972656e+01 -7.975534349679946899e-02 0.000000000000000000e+00 -4.745539570194523549e-07 -8.000095188617706299e-02 0.000000000000000000e+00 6.000000000000000000e+00 8.191000000000000000e+03 0.000000000000000000e+00 1.000000000000000000e+00 2.756199836730957031e+00
1.880000114440917969e+01 -6.974547356367111206e-02 0.000000000000000000e+00 -4.328584282120573334e-07 -7.000392675399780273e-02 0.000000000000000000e+00 6.000000000000000000e+00 8.191000000000000000e+03 0.000000000000000000e+00 1.000000000000000000e+00 2.756199836730957031e+00
1.900000000000000000e+01 -5.970079451799392700e-02 0.000000000000000000e+00 -3.964646850818098756e-07 -5.999438837170600891e-02 0.000000000000000000e+00 6.000000000000000000e+00 8.191000000000000000e+03 0.000000000000000000e+00 1.000000000000000000e+00 2.756199836730957031e+00
1.920000076293945312e+01 -4.972735047340393066e-02 0.000000000000000000e+00 -3.665664962682058103e-07 -4.999735578894615173e-02 0.000000000000000000e+00 6.000000000000000000e+00 8.191000000000000000e+03 0.000000000000000000e+00 1.000000000000000000e+00 2.756199836730957031e+00
1.939999961853027344e+01 -3.977234661579132080e-02 0.000000000000000000e+00 -3.388115032976202201e-07 -4.000032320618629456e-02 0.000000000000000000e+00 6.000000000000000000e+00 8.191000000000000000e+03 0.000000000000000000e+00 1.000000000000000000e+00 2.756199836730957031e+00
1.960000038146972656e+01 -2.971487119793891907e-02 0.000000000000000000e+00 -3.151629073272488313e-07 -3.000328317284584045e-02 0.000000000000000000e+00 6.000000000000000000e+00 8.191000000000000000e+03 0.000000000000000000e+00 1.000000000000000000e+00 2.756199836730957031e+00
1.980000114440917969e+01 -1.971938088536262512e-02 0.000000000000000000e+00 -2.934093004114401992e-07 -1.999375596642494202e-02 0.000000000000000000e+00 6.000000000000000000e+00 8.191000000000000000e+03 0.000000000000000000e+00 1.000000000000000000e+00 2.756199836730957031e+00
2.000000000000000000e+01 -9.756270796060562134e-03 0.000000000000000000e+00 -2.742881122230755864e-07 -9.996719658374786377e-03 0.000000000000000000e+00 6.000000000000000000e+00 8.191000000000000000e+03 0.000000000000000000e+00 1.000000000000000000e+00 2.756199836730957031e+00
2.020000076293945312e+01 2.631031093187630177e-04 0.000000000000000000e+00 -2.554914431129873265e-07 3.129243850708007812e-07 0.000000000000000000e+00 6.000000000000000000e+00 8.191000000000000000e+03 0.000000000000000000e+00 1.000000000000000000e+00 2.756199836730957031e+00
2.039999961853027344e+01 1.026494335383176804e-02 0.000000000000000000e+00 -2.382691377533774357e-07 9.997349232435226440e-03 0.000000000000000000e+00 6.000000000000000000e+00 8.191000000000000000e+03 0.000000000000000000e+00 1.000000000000000000e+00 2.756199836730957031e+00
2.060000038146972656e+01 2.029151469469070435e-02 0.000000000000000000e+00 -2.209686584819792188e-07 1.999438367784023285e-02 0.000000000000000000e+00 6.000000000000000000e+00 8.191000000000000000e+03 0.000000000000000000e+00 1.000000000000000000e+00 2.756199836730957031e+00
2.080000114440917969e+01 3.000081889331340790e-02 0.000000000000000000e+00 -2.034361585856458987e-07 3.000391460955142975e-02 0.000000000000000000e+00 6.000000000000000000e+00 6.143000000000000000e+03 0.000000000000000000e+00 1.000000000000000000e+00 2.756199836730957031e+00
2.100000000000000000e+01 4.028699919581413269e-02 0.000000000000000000e+00 -1.851808377750785439e-07 4.000094905495643616e-02 0.000000000000000000e+00 6.000000000000000000e+00 8.191000000000000000e+03 0.000000000000000000e+00 1.000000000000000000e+00 2.756299972534179688e+00
2.120000076293945312e+01 5.027404427528381348e-02 0.000000000000000000e+00 -1.639348141679874971e-07 4.999798536300659180e-02 0.000000000000000000e+00 6.000000000000000000e+00 8.191000000000000000e+03 0.000000000000000000e+00 1.000000000000000000e+00 2.756299972534179688e+00
2.139999961853027344e+01 6.033067032694816589e-02 0.000000000000000000e+00 -1.409077299285854679e-07 5.999501794576644897e-02 0.000000000000000000e+00 6.000000000000000000e+00 8.191000000000000000e+03 0.000000000000000000e+00 1.000000000000000000e+00 2.756299972534179688e+00
2.160000038146972656e+01 7.031059265136718750e-02 0.000000000000000000e+00 -1.127060187400275026e-07 7.000455260276794434e-02 0.000000000000000000e+00 6.000000000000000000e+00 8.191000000000000000e+03 0.000000000000000000e+00 1.000000000000000000e+00 2.756299972534179688e+00
2.180000114440917969e+01 8.032539486885070801e-02 0.000000000000000000e+00 -7.714603356134830392e-08 8.000158518552780151e-02 0.000000000000000000e+00 6.000000000000000000e+00 8.191000000000000000e+03 0.000000000000000000e+00 1.000000000000000000e+00 2.756299972534179688e+00
2.200000000000000000e+01 9.032471477985382080e-02 0.000000000000000000e+00 -3.332382547682755103e-08 8.999861776828765869e-02 0.000000000000000000e+00 5.000000000000000000e+00 8.191000000000000000e+03 0.000000000000000000e+00 1.000000000000000000e+00 2.756199836730957031e+00
2.220000076293945312e+01 1.002990752458572388e-01 0.000000000000000000e+00 2.516901353999401181e-08 9.999565780162811279e-02 0.000000000000000000e+00 5.000000000000000000e+00 8.191000000000000000e+03 0.000000000000000000e+00 1.000000000000000000e+00 2.756199836730957031e+00
2.239999961853027344e+01 1.102703213691711426e-01 0.000000000000000000e+00 1.048925071245321305e-07 1.100051850080490112e-01 0.000000000000000000e+00 5.000000000000000000e+00 7.164000000000000000e+03 0.000000000000000000e+00 1.000000000000000000e+00 2.756199836730957031e+00
2.260000038146972656e+01 1.202747672796249390e-01 0.000000000000000000e+00 2.226507405111988191e-07 1.200022250413894653e-01 0.000000000000000000e+00 6.000000000000000000e+00 8.191000000000000000e+03 0.000000000000000000e+00 1.000000000000000000e+00 2.756199836730957031e+00
2.280000114440917969e+01 1.302941590547561646e-01 0.000000000000000000e+00 3.803697268267569598e-07 1.299992501735687256e-01 0.000000000000000000e+00 6.000000000000000000e+00 8.191000000000000000e+03 0.000000000000000000e+00 1.000000000000000000e+00 2.756199836730957031e+00
2.300000000000000000e+01 1.403457373380661011e-01 0.000000000000000000e+00 5.990899580865516327e-07 1.399962902069091797e-01 0.000000000000000000e+00 6.000000000000000000e+00 8.191000000000000000e+03 0.000000000000000000e+00 1.000000000000000000e+00 2.756199836730957031e+00
2.320000076293945312e+01 1.502977013587951660e-01 0.000000000000000000e+00 9.018892797030275688e-07 1.500058174133300781e-01 0.000000000000000000e+00 6.000000000000000000e+00 8.191000000000000000e+03 0.000000000000000000e+00 1.000000000000000000e+00 2.756199836730957031e+00
2.339999961853027344e+01 1.602712869644165039e-01 0.000000000000000000e+00 1.313764755650481675e-06 1.600028574466705322e-01 0.000000000000000000e+00 7.000000000000000000e+00 8.191000000000000000e+03 0.000000000000000000e+00 1.000000000000000000e+00 2.756199836730957031e+00
2.360000038146972656e+01 1.702803224325180054e-01 0.000000000000000000e+00 1.855410005191515666e-06 1.699998974800109863e-01 0.000000000000000000e+00 7.000000000000000000e+00 8.191000000000000000e+03 0.000000000000000000e+00 1.000000000000000000e+00 2.756199836730957031e+00
2.380000114440917969e+01 1.803031116724014282e-01 0.000000000000000000e+00 2.563707084846100770e-06 1.799969226121902466e-01 0.000000000000000000e+00 7.000000000000000000e+00 8.191000000000000000e+03 0.000000000000000000e+00 1.000000000000000000e+00 2.756199836730957031e+00
2.400000000000000000e+01 1.903261244297027588e-01 0.000000000000000000e+00 3.409951204957906157e-06 1.899939626455307007e-01 0.000000000000000000e+00 7.000000000000000000e+00 8.191000000000000000e+03 0.000000000000000000e+00 1.000000000000000000e+00 2.756199836730957031e+00
2.420000076293945312e+01 2.003660500049591064e-01 0.000000000000000000e+00 4.407869710121303797e-06 2.000034898519515991e-01 0.000000000000000000e+00 7.000000000000000000e+00 8.191000000000000000e+03 0.000000000000000000e+00 1.000000000000000000e+00 2.756199836730957031e+00
2.439999961853027344e+01 2.103145718574523926e-01 0.000000000000000000e+00 5.457849965750938281e-06 2.100005298852920532e-01 0.000000000000000000e+00 7.000000000000000000e+00 8.191000000000000000e+03 0.000000000000000000e+00 1.000000000000000000e+00 2.756199836730957031e+00
2.460000038146972656e+01 2.202971279621124268e-01 0.000000000000000000e+00 6.501866209873696789e-06 2.199975699186325073e-01 0.000000000000000000e+00 7.000000000000000000e+00 8.191000000000000000e+03 0.000000000000000000e+00 1.000000000000000000e+00 2.756199836730957031e+00
2.480000114440917969e+01 2.302989810705184937e-01 0.000000000000000000e+00 7.429153811244759709e-06 2.299945950508117676e-01 0.000000000000000000e+00 7.000000000000000000e+00 8.191000000000000000e+03 0.000000000000000000e+00 1.000000000000000000e+00 2.756199836730957031e+00
2.500000000000000000e+01 2.403389215469360352e-01 0.000000000000000000e+00 8.166531188180670142e-06 2.400041371583938599e-01 0.000000000000000000e+00 7.000000000000000000e+00 8.191000000000000000e+03 0.000000000000000000e+00 1.000000000000000000e+00 2.756199836730957031e+00
2.520000076293945312e+01 2.503489255905151367e-01 0.000000000000000000e+00 8.655785677547100931e-06 2.500011622905731201e-01 0.000000000000000000e+00 7.000000000000000000e+00 8.191000000000000000e+03 0.000000000000000000e+00 1.000000000000000000e+00 2.756199836730957031e+00
2.539999961853027344e+01 2.603274881839752197e-01 0.000000000000000000e+00 8.889513082976918668e-06 2.599982023239135742e-01 0.000000000000000000e+00 7.000000000000000000e+00 8.191000000000000000e+03 0.000000000000000000e+00 1.000000000000000000e+00 2.756199836730957031e+00
2.560000038146972656e+01 2.702772617340087891e-01 0.000000000000000000e+00 8.900270586309488863e-06 2.699952423572540283e-01 0.000000000000000000e+00 8.000000000000000000e+00 8.191000000000000000e+03 0.000000000000000000e+00 1.000000000000000000e+00 2.756199836730957031e+00
2.580000114440917969e+01 2.803210020065307617e-01 0.000000000000000000e+00 8.833506399241741747e-06 2.800047695636749268e-01 0.000000000000000000e+00 8.000000000000000000e+00 8.191000000000000000e+03 0.000000000000000000e+00 1.000000000000000000e+00 2.756199836730957031e+00
2.600000000000000000e+01 2.903309166431427002e-01 0.000000000000000000e+00 8.573694685765076429e-06 2.900017797946929932e-01 0.000000000000000000e+00 8.000000000000000000e+00 8.191000000000000000e+03 0.000000000000000000e+00 1.000000000000000000e+00 2.756299972534179688e+00
2.620000076293945312e+01 3.003602623939514160e-01 0.000000000000000000e+00 8.311159945151302963e-06 2.999988198280334473e-01 0.000000000000000000e+00 8.000000000000000000e+00 8.191000000000000000e+03 0.000000000000000000e+00 1.000000000000000000e+00 2.756299972534179688e+00
2.639999961853027344e+01 2.903264760971069336e-01 0.000000000000000000e+00 6.882715751999057829e-06 2.900017797946929932e-01 0.000000000000000000e+00 8.000000000000000000e+00 8.191000000000000000e+03 0.000000000000000000e+00 1.000000000000000000e+00 2.756299972534179688e+00
2.660000038146972656e+01 2.803702056407928467e-01 0.000000000000000000e+00 5.716536634281510487e-06 2.800047695636749268e-01 0.000000000000000000e+00 7.000000000000000000e+00 8.191000000000000000e+03 0.000000000000000000e+00 1.000000000000000000e+00 2.756299972534179688e+00
2.680000114440917969e+01 2.703368067741394043e-01 0.000000000000000000e+00 4.651171821024036035e-06 2.699952423572540283e-01 0.000000000000000000e+00 7.000000000000000000e+00 8.191000000000000000e+03 0.000000000000000000e+00 1.000000000000000000e+00 2.756299972534179688e+00
2.700000000000000000e+01 2.602522075176239014e-01 0.000000000000000000e+00 3.539186309353681281e-06 2.599982023239135742e-01 0.000000000000000000e+00 7.000000000000000000e+00 8.191000000000000000e+03 0.000000000000000000e+00 1.000000000000000000e+00 2.755899906158447266e+00
2.720000076293945312e+01 2.502711117267608643e-01 0.000000000000000000e+00 2.361799715799861588e-06 2.500011622905731201e-01 0.000000000000000000e+00 7.000000000000000000e+00 8.191000000000000000e+03 0.000000000000000000e+00 1.000000000000000000e+00 2.755899906158447266e+00
2.739999961853027344e+01 2.402840703725814819e-01 0.000000000000000000e+00 1.101492102861811873e-06 2.400041371583938599e-01 0.000000000000000000e+00 7.000000000000000000e+00 8.191000000000000000e+03 0.000000000000000000e+00 1.000000000000000000e+00 2.755899906158447266e+00
2.760000038146972656e+01 2.302792221307754517e-01 0.000000000000000000e+00 -1.831625269232972641e-07 2.299945950508117676e-01 0.000000000000000000e+00 7.000000000000000000e+00 8.191000000000000000e+03 0.000000000000000000e+00 1.000000000000000000e+00 2.755899906158447266e+00
2.780000114440917969e+01 2.203286439180374146e-01 0.000000000000000000e+00 -1.093766627491277177e-06 2.199975699186325073e-01 0.000000000000000000e+00 6.000000000000000000e+00 7.164000000000000000e+03 0.000000000000000000e+00 1.000000000000000000e+00 2.755899906158447266e+00
2.800000000000000000e+01 2.103228718042373657e-01 0.000000000000000000e+00 -2.452099124639062211e-06 2.100005298852920532e-01 0.000000000000000000e+00 7.000000000000000000e+00 8.191000000000000000e+03 0.000000000000000000e+00 1.000000000000000000e+00 2.756000041961669922e+00
2.820000076293945312e+01 2.002905607223510742e-01 0.000000000000000000e+00 -3.294074758741771802e-06 2.000034898519515991e-01 0.000000000000000000e+00 7.000000000000000000e+00 8.191000000000000000e+03 0.000000000000000000e+00 1.000000000000000000e+00 2.756000041961669922e+00
2.839999961853027344e+01 1.903620362281799316e-01 0.000000000000000000e+00 -3.849229415209265426e-06 1.899939626455307007e-01 0.000000000000000000e+00 7.000000000000000000e+00 8.191000000000000000e+03 0.000000000000000000e+00 1.000000000000000000e+00 2.756000041961669922e+00
2.860000038146972656e+01 1.803353726863861084e-01 0.000000000000000000e+00 -4.132517460675444454e-06 1.799969226121902466e-01 0.000000000000000000e+00 7.000000000000000000e+00 8.191000000000000000e+03 0.000000000000000000e+00 1.000000000000000000e+00 2.756000041961669922e+00
2.880000114440917969e+01 1.703464239835739136e-01 0.000000000000000000e+00 -4.180517862550914288e-06 1.699998974800109863e-01 0.000000000000000000e+00 7.000000000000000000e+00 8.191000000000000000e+03 0.000000000000000000e+00 1.000000000000000000e+00 2.756000041961669922e+00
2.900000000000000000e+01 1.603334546089172363e-01 0.000000000000000000e+00 -4.060930223204195499e-06 1.600028574466705322e-01 0.000000000000000000e+00 7.000000000000000000e+00 8.191000000000000000e+03 0.000000000000000000e+00 1.000000000000000000e+00 2.756099939346313477e+00
2.920000076293945312e+01 1.502672880887985229e-01 0.000000000000000000e+00 -3.850791927106911317e-06 1.500058174133300781e-01 0.000000000000000000e+00 7.000000000000000000e+00 8.191000000000000000e+03 0.000000000000000000e+00 1.000000000000000000e+00 2.756099939346313477e+00
2.939999961853027344e+01 1.403486132621765137e-01 0.000000000000000000e+00 -3.580917336876154877e-06 1.399962902069091797e-01 0.000000000000000000e+00 7.000000000000000000e+00 8.191000000000000000e+03 0.000000000000000000e+00 1.000000000000000000e+00 2.756099939346313477e+00
2.960000038146972656e+01 1.303177773952484131e-01 0.000000000000000000e+00 -3.311229420432937331e-06 1.299992501735687256e-01 0.000000000000000000e+00 7.000000000000000000e+00 8.191000000000000000e+03 0.000000000000000000e+00 1.000000000000000000e+00 2.756099939346313477e+00
2.980000114440917969e+01 1.203286573290824890e-01 0.000000000000000000e+00 -3.045105131604941562e-06 1.200022250413894653e-01 0.000000000000000000e+00 7.000000000000000000e+00 8.191000000000000000e+03 0.000000000000000000e+00 1.000000000000000000e+00 2.756099939346313477e+00
3.000000000000000000e+01 1.102559342980384827e-01 0.000000000000000000e+00 -2.792361328829429112e-06 1.100051850080490112e-01 0.000000000000000000e+00 7.000000000000000000e+00 8.191000000000000000e+03 0.000000000000000000e+00 1.000000000000000000e+00 2.756099939346313477e+00
3.020000076293945312e+01 1.003383696079254150e-01 0.000000000000000000e+00 -2.565065187809523195e-06 9.999565780162811279e-02 0.000000000000000000e+00 7.000000000000000000e+00 8.191000000000000000e+03 0.000000000000000000e+00 1.000000000000000000e+00 2.756099939346313477e+00
3.039999961853027344e+01 9.028067439794540405e-02 0.000000000000000000e+00 -2.366800345043884590e-06 8.999861776828765869e-02 0.000000000000000000e+00 7.000000000000000000e+00 8.191000000000000000e+03 0.000000000000000000e+00 1.000000000000000000e+00 2.756099939346313477e+00
3.060000038146972656e+01 8.033043146133422852e-02 0.000000000000000000e+00 -2.190262875956250355e-06 8.000158518552780151e-02 0.000000000000000000e+00 7.000000000000000000e+00 8.191000000000000000e+03 0.000000000000000000e+00 1.000000000000000000e+00 2.756099939346313477e+00
3.080000114440917969e+01 7.030317187309265137e-02 0.000000000000000000e+00 -2.038663751591229811e-06 7.000455260276794434e-02 0.000000000000000000e+00 7.000000000000000000e+00 8.191000000000000000e+03 0.000000000000000000e+00 1.000000000000000000e+00 2.756099939346313477e+00
3.100000000000000000e+01 6.029389053583145142e-02 0.000000000000000000e+00 -1.902558210531424265e-06 5.999501794576644897e-02 0.000000000000000000e+00 7.000000000000000000e+00 8.191000000000000000e+03 0.000000000000000000e+00 1.000000000000000000e+00 2.756099939346313477e+00
3.120000076293945312e+01 5.033497139811515808e-02 0.000000000000000000e+00 -1.784514211067289580e-06 4.999798536300659180e-02 0.000000000000000000e+00 7.000000000000000000e+00 8.191000000000000000e+03 0.000000000000000000e+00 1.000000000000000000e+00 2.756099939346313477e+00
3.139999961853027344e+01 4.031166061758995056e-02 0.000000000000000000e+00 -1.676567649155913386e-06 4.000094905495643616e-02 0.000000000000000000e+00 7.000000000000000000e+00 8.191000000000000000e+03 0.000000000000000000e+00 1.000000000000000000e+00 2.756099939346313477e+00
3.160000038146972656e+01 3.026902303099632263e-02 0.000000000000000000e+00 -1.583819880579540040e-06 3.000391460955142975e-02 0.000000000000000000e+00 7.000000000000000000e+00 8.191000000000000000e+03 0.000000000000000000e+00 1.000000000000000000e+00 2.756099939346313477e+00
3.180000114440917969e+01 2.031924948096275330e-02 0.000000000000000000e+00 -1.498088295193156227e-06 1.999438367784023285e-02 0.000000000000000000e+00 7.000000000000000000e+00 8.191000000000000000e+03 0.000000000000000000e+00 1.000000000000000000e+00 2.756099939346313477e+00
3.200000000000000000e+01 1.033463887870311737e-02 0.000000000000000000e+00 -1.432636054232716560e-06 9.997349232435226440e-03 0.000000000000000000e+00 7.000000000000000000e+00 8.191000000000000000e+03 0.000000000000000000e+00 1.000000000000000000e+00 2.756099939346313477e+00
3.220000076293945312e+01 3.411755023989826441e-04 0.000000000000000000e+00 -1.364176000606676098e-06 3.129243850708007812e-07 0.000000000000000000e+00 7.000000000000000000e+00 8.191000000000000000e+03 0.000000000000000000e+00 1.000000000000000000e+00 2.756099939346313477e+00
3.240000152587890625e+01 -9.696148335933685303e-03 0.000000000000000000e+00 -1.309201820731686894e-06 -9.996719658374786377e-03 0.000000000000000000e+00 7.000000000000000000e+00 8.191000000000000000e+03 0.000000000000000000e+00 1.000000000000000000e+00 2.756099939346313477e+00
3.260000228881835938e+01 -1.970271952450275421e-02 0.000000000000000000e+00 -1.260976887351716869e-06 -1.999375596642494202e-02 0.000000000000000000e+00 7.000000000000000000e+00 8.191000000000000000e+03 0.000000000000000000e+00 1.000000000000000000e+00 2.756099939346313477e+00
3.279999923706054688e+01 -2.960097044706344604e-02 0.000000000000000000e+00 -1.225468281518260483e-06 -3.000328317284584045e-02 0.000000000000000000e+00 7.000000000000000000e+00 6.143000000000000000e+03 0.000000000000000000e+00 1.000000000000000000e+00 2.756099939346313477e+00
3.300000000000000000e+01 -3.969587013125419617e-02 0.000000000000000000e+00 -1.196450853058195207e-06 -4.000032320618629456e-02 0.000000000000000000e+00 7.000000000000000000e+00 8.191000000000000000e+03 0.000000000000000000e+00 1.000000000000000000e+00 2.756199836730957031e+00
3.320000076293945312e+01 -4.972767829895019531e-02 0.000000000000000000e+00 -1.175582497126015369e-06 -4.999735578894615173e-02 0.000000000000000000e+00 7.000000000000000000e+00 8.191000000000000000e+03 0.000000000000000000e+00 1.000000000000000000e+00 2.756199836730957031e+00
3.340000152587890625e+01 -5.969552695751190186e-02 0.000000000000000000e+00 -1.159357225333224051e-06 -5.999438837170600891e-02 0.000000000000000000e+00 7.000000000000000000e+00 8.191000000000000000e+03 0.000000000000000000e+00 1.000000000000000000e+00 2.756199836730957031e+00
3.360000228881835938e+01 -6.970814615488052368e-02 0.000000000000000000e+00 -1.162642661256541032e-06 -7.000392675399780273e-02 0.000000000000000000e+00 7.000000000000000000e+00 8.191000000000000000e+03 0.000000000000000000e+00 1.000000000000000000e+00 2.756199836730957031e+00
3.379999923706054688e+01 -7.972318679094314575e-02 0.000000000000000000e+00 -1.168207177215663251e-06 -8.000095188617706299e-02 0.000000000000000000e+00 7.000000000000000000e+00 8.191000000000000000e+03 0.000000000000000000e+00 1.000000000000000000e+00 2.756199836730957031e+00
3.400000000000000000e+01 -8.969396352767944336e-02 0.000000000000000000e+00 -1.191470346384448931e-06 -8.999799191951751709e-02 0.000000000000000000e+00 7.000000000000000000e+00 8.191000000000000000e+03 0.000000000000000000e+00 1.000000000000000000e+00 2.756099939346313477e+00
3.420000076293945312e+01 -9.967446327209472656e-02 0.000000000000000000e+00 -1.230125803886039648e-06 -9.999501705169677734e-02 0.000000000000000000e+00 7.000000000000000000e+00 8.191000000000000000e+03 0.000000000000000000e+00 1.000000000000000000e+00 2.756099939346313477e+00
3.440000152587890625e+01 -1.096995025873184204e-01 0.000000000000000000e+00 -1.280164156014507171e-06 -1.100045591592788696e-01 0.000000000000000000e+00 7.000000000000000000e+00 8.191000000000000000e+03 0.000000000000000000e+00 1.000000000000000000e+00 2.756099939346313477e+00
3.460000228881835938e+01 -1.197397634387016296e-01 0.000000000000000000e+00 -1.352604272142343689e-06 -1.200015842914581299e-01 0.000000000000000000e+00 7.000000000000000000e+00 8.191000000000000000e+03 0.000000000000000000e+00 1.000000000000000000e+00 2.756099939346313477e+00
3.479999923706054688e+01 -1.297218501567840576e-01 0.000000000000000000e+00 -1.447948648092278745e-06 -1.299986243247985840e-01 0.000000000000000000e+00 7.000000000000000000e+00 8.191000000000000000e+03 0.000000000000000000e+00 1.000000000000000000e+00 2.756099939346313477e+00
3.500000000000000000e+01 -1.396932750940322876e-01 0.000000000000000000e+00 -1.566058699609129690e-06 -1.399956643581390381e-01 0.000000000000000000e+00 7.000000000000000000e+00 8.191000000000000000e+03 0.000000000000000000e+00 1.000000000000000000e+00 2.756000041961669922e+00
3.520000076293945312e+01 -1.497362405061721802e-01 0.000000000000000000e+00 -1.711339905341446865e-06 -1.500051915645599365e-01 0.000000000000000000e+00 7.000000000000000000e+00 8.191000000000000000e+03 0.000000000000000000e+00 1.000000000000000000e+00 2.756000041961669922e+00
3.540000152587890625e+01 -1.597809642553329468e-01 0.000000000000000000e+00 -1.883271693259302992e-06 -1.600022166967391968e-01 0.000000000000000000e+00 7.000000000000000000e+00 8.191000000000000000e+03 0.000000000000000000e+00 1.000000000000000000e+00 2.756000041961669922e+00
3.560000228881835938e+01 -1.697418093681335449e-01 0.000000000000000000e+00 -2.084257403112133034e-06 -1.699992567300796509e-01 0.000000000000000000e+00 7.000000000000000000e+00 8.191000000000000000e+03 0.000000000000000000e+00 1.000000000000000000e+00 2.756000041961669922e+00
3.579999923706054688e+01 -1.797127127647399902e-01 0.000000000000000000e+00 -2.295779950145515613e-06 -1.799962967634201050e-01 0.000000000000000000e+00 7.000000000000000000e+00 8.191000000000000000e+03 0.000000000000000000e+00 1.000000000000000000e+00 2.756000041961669922e+00
3.600000000000000000e+01 -1.897486150264739990e-01 0.000000000000000000e+00 -2.533246970415348187e-06 -1.900058239698410034e-01 0.000000000000000000e+00 7.000000000000000000e+00 8.191000000000000000e+03 0.000000000000000000e+00 1.000000000000000000e+00 2.756000041961669922e+00
3.620000076293945312e+01 -1.997281163930892944e-01 0.000000000000000000e+00 -2.774226231849752367e-06 -2.000028640031814575e-01 0.000000000000000000e+00 7.000000000000000000e+00 8.191000000000000000e+03 0.000000000000000000e+00 1.000000000000000000e+00 2.756000041961669922e+00
3.640000152587890625e+01 -1.897384822368621826e-01 0.000000000000000000e+00 -2.231222424597945064e-06 -1.900058239698410034e-01 0.000000000000000000e+00 7.000000000000000000e+00 8.191000000000000000e+03 0.000000000000000000e+00 2.000000000000000000e+00 2.756000041961669922e+00
3.660000228881835938e+01 -1.797380298376083374e-01 0.000000000000000000e+00 -1.843065547291189432e-06 -1.799962967634201050e-01 0.000000000000000000e+00 7.000000000000000000e+00 8.191000000000000000e+03 0.000000000000000000e+00 2.000000000000000000e+00 2.756000041961669922e+00
3.679999923706054688e+01 -1.697334945201873779e-01 0.000000000000000000e+00 -1.555175913381390274e-06 -1.699992567300796509e-01 0.000000000000000000e+00 7.000000000000000000e+00 8.191000000000000000e+03 0.000000000000000000e+00 2.000000000000000000e+00 2.756000041961669922e+00
3.700000000000000000e+01 -1.596858948469161987e-01 0.000000000000000000e+00 -1.335807610303163528e-06 -1.600022166967391968e-01 0.000000000000000000e+00 7.000000000000000000e+00 8.191000000000000000e+03 0.000000000000000000e+00 2.000000000000000000e+00 2.756000041961669922e+00
3.720000076293945312e+01 -1.497310847043991089e-01 0.000000000000000000e+00 -1.156030407400976401e-06 -1.500051915645599365e-01 0.000000000000000000e+00 7.000000000000000000e+00 8.191000000000000000e+03 0.000000000000000000e+00 2.000000000000000000e+00 2.756000041961669922e+00
3.740000152587890625e+01 -1.397040188312530518e-01 0.000000000000000000e+00 -1.008297658700030297e-06 -1.399956643581390381e-01 0.000000000000000000e+00 7.000000000000000000e+00 8.191000000000000000e+03 0.000000000000000000e+00 2.000000000000000000e+00 2.756000041961669922e+00
3.760000228881835938e+01 -1.297339200973510742e-01 0.000000000000000000e+00 -8.905672643777506892e-07 -1.299986243247985840e-01 0.000000000000000000e+00 7.000000000000000000e+00 8.191000000000000000e+03 0.000000000000000000e+00 2.000000000000000000e+00 2.756000041961669922e+00
3.779999923706054688e+01 -1.197500228881835938e-01 0.000000000000000000e+00 -7.972158755364944227e-07 -1.200015842914581299e-01 0.000000000000000000e+00 7.000000000000000000e+00 8.191000000000000000e+03 0.000000000000000000e+00 2.000000000000000000e+00 2.756000041961669922e+00
3.800000000000000000e+01 -1.097602024674415588e-01 0.000000000000000000e+00 -7.190868132056493778e-07 -1.100045591592788696e-01 0.000000000000000000e+00 6.000000000000000000e+00 8.191000000000000000e+03 0.000000000000000000e+00 2.000000000000000000e+00 2.756000041961669922e+00
3.820000076293945312e+01 -9.968956559896469116e-02 0.000000000000000000e+00 -6.502349378934013657e-07 -9.999501705169677734e-02 0.000000000000000000e+00 6.000000000000000000e+00 8.191000000000000000e+03 0.000000000000000000e+00 2.000000000000000000e+00 2.756000041961669922e+00
3.840000152587890625e+01 -8.971155434846878052e-02 0.000000000000000000e+00 -5.925965069764060900e-07 -8.999799191951751709e-02 0.000000000000000000e+00 6.000000000000000000e+00 8.191000000000000000e+03 0.000000000000000000e+00 2.000000000000000000e+00 2.756000041961669922e+00
3.860000228881835938e+01 -7.973191887140274048e-02 0.000000000000000000e+00 -5.439816845864697825e-07 -8.000095188617706299e-02 0.000000000000000000e+00 6.000000000000000000e+00 8.191000000000000000e+03 0.000000000000000000e+00 2.000000000000000000e+00 2.756000041961669922e+00
3.879999923706054688e+01 -6.975646317005157471e-02 0.000000000000000000e+00 -5.024776896789262537e-07 -7.000392675399780273e-02 0.000000000000000000e+00 6.000000000000000000e+00 8.191000000000000000e+03 0.000000000000000000e+00 2.000000000000000000e+00 2.756000041961669922e+00
3.900000000000000000e+01 -5.972650274634361267e-02 0.000000000000000000e+00 -4.667470818731089821e-07 -5.999438837170600891e-02 0.000000000000000000e+00 6.000000000000000000e+00 8.191000000000000000e+03 0.000000000000000000e+00 2.000000000000000000e+00 2.756000041961669922e+00
3.920000076293945312e+01 -4.973071068525314331e-02 0.000000000000000000e+00 -4.353397855538787553e-07 -4.999735578894615173e-02 0.000000000000000000e+00 6.000000000000000000e+00 8.191000000000000000e+03 0.000000000000000000e+00 2.000000000000000000e+00 2.756000041961669922e+00
3.940000152587890625e+01 -3.966972976922988892e-02 0.000000000000000000e+00 -4.076818527209979948e-07 -4.000032320618629456e-02 0.000000000000000000e+00 6.000000000000000000e+00 8.191000000000000000e+03 0.000000000000000000e+00 2.000000000000000000e+00 2.756000041961669922e+00
3.960000228881835938e+01 -2.968638204038143158e-02 0.000000000000000000e+00 -3.833695529920078116e-07 -3.000328317284584045e-02 0.000000000000000000e+00 6.000000000000000000e+00 8.191000000000000000e+03 0.000000000000000000e+00 2.000000000000000000e+00 2.756000041961669922e+00
3.979999923706054688e+01 -1.971742510795593262e-02 0.000000000000000000e+00 -3.612990440160501748e-07 -1.999375596642494202e-02 0.000000000000000000e+00 6.000000000000000000e+00 8.191000000000000000e+03 0.000000000000000000e+00 2.000000000000000000e+00 2.756000041961669922e+00
4.000000000000000000e+01 -9.698164649307727814e-03 0.000000000000000000e+00 -3.408746920285921078e-07 -9.996719658374786377e-03 0.000000000000000000e+00 6.000000000000000000e+00 8.191000000000000000e+03 0.000000000000000000e+00 2.000000000000000000e+00 2.756000041961669922e+00
4.020000076293945312e+01 2.797429042402654886e-04 0.000000000000000000e+00 -3.224157865133747691e-07 3.129243850708007812e-07 0.000000000000000000e+00 6.000000000000000000e+00 8.191000000000000000e+03 0.000000000000000000e+00 2.000000000000000000e+00 2.756000041961669922e+00
4.040000152587890625e+01 1.025616656988859177e-02 0.000000000000000000e+00 -3.040000251530727837e-07 9.997349232435226440e-03 0.000000000000000000e+00 6.000000000000000000e+00 8.191000000000000000e+03 0.000000000000000000e+00 2.000000000000000000e+00 2.756000041961669922e+00
4.060000228881835938e+01 2.036080509424209595e-02 0.000000000000000000e+00 -2.868379169740364887e-07 1.999438367784023285e-02 0.000000000000000000e+00 6.000000000000000000e+00 8.191000000000000000e+03 0.000000000000000000e+00 2.000000000000000000e+00 2.756000041961669922e+00
4.079999923706054688e+01 2.998241223394870758e-02 0.000000000000000000e+00 -2.684475362002558541e-07 3.000391460955142975e-02 0.000000000000000000e+00 6.000000000000000000e+00 6.143000000000000000e+03 0.000000000000000000e+00 2.000000000000000000e+00 2.756000041961669922e+00
4.100000000000000000e+01 4.034062847495079041e-02 0.000000000000000000e+00 -2.498856304100627312e-07 4.000094905495643616e-02 0.000000000000000000e+00 6.000000000000000000e+00 8.191000000000000000e+03 0.000000000000000000e+00 2.000000000000000000e+00 2.756099939346313477e+00
4.120000076293945312e+01 5.034050345420837402e-02 0.000000000000000000e+00 -2.294882079922899720e-07 4.999798536300659180e-02 0.000000000000000000e+00 6.000000000000000000e+00 8.191000000000000000e+03 0.000000000000000000e+00 2.000000000000000000e+00 2.756099939346313477e+00
4.140000152587890625e+01 6.028405204415321350e-02 0.000000000000000000e+00 -2.063578676825272851e-07 5.999501794576644897e-02 0.000000000000000000e+00 6.000000000000000000e+00 8.191000000000000000e+03 0.000000000000000000e+00 2.000000000000000000e+00 2.756099939346313477e+00
4.160000228881835938e+01 7.035128027200698853e-02 0.000000000000000000e+00 -1.792917743159705424e-07 7.000455260276794434e-02 0.000000000000000000e+00 6.000000000000000000e+00 8.191000000000000000e+03 0.000000000000000000e+00 2.000000000000000000e+00 2.756099939346313477e+00
4.179999923706054688e+01 8.034712076187133789e-02 0.000000000000000000e+00 -1.462076681946200551e-07 8.000158518552780151e-02 0.000000000000000000e+00 6.000000000000000000e+00 8.191000000000000000e+03 0.000000000000000000e+00 2.000000000000000000e+00 2.756099939346313477e+00
4.200000000000000000e+01 9.025985002517700195e-02 0.000000000000000000e+00 -1.031483307656344550e-07 8.999861776828765869e-02 0.000000000000000000e+00 6.000000000000000000e+00 8.191000000000000000e+03 0.000000000000000000e+00 2.000000000000000000e+00 2.756000041961669922e+00
4.220000076293945312e+01 1.003716886043548584e-01 0.000000000000000000e+00 -4.788717689052646165e-08 9.999565780162811279e-02 0.000000000000000000e+00 6.000000000000000000e+00 8.191000000000000000e+03 0.000000000000000000e+00 2.000000000000000000e+00 2.756000041961669922e+00
4.240000152587890625e+01 1.103553399443626404e-01 0.000000000000000000e+00 2.614168614911704935e-08 1.100051850080490112e-01 0.000000000000000000e+00 5.000000000000000000e+00 8.191000000000000000e+03 0.000000000000000000e+00 2.000000000000000000e+00 2.756000041961669922e+00
4.260000228881835938e+01 1.203695237636566162e-01 0.000000000000000000e+00 1.091851729029258422e-07 1.200022250413894653e-01 0.000000000000000000e+00 5.000000000000000000e+00 7.164000000000000000e+03 0.000000000000000000e+00 2.000000000000000000e+00 2.756000041961669922e+00
4.279999923706054688e+01 1.302678436040878296e-01 0.000000000000000000e+00 2.745029803463694407e-07 1.299992501735687256e-01 0.000000000000000000e+00 6.000000000000000000e+00 8.191000000000000000e+03 0.000000000000000000e+00 2.000000000000000000e+00 2.756000041961669922e+00
4.300000000000000000e+01 1.403285115957260132e-01 0.000000000000000000e+00 4.739856080959725659e-07 1.399962902069091797e-01 0.000000000000000000e+00 6.000000000000000000e+00 8.191000000000000000e+03 0.000000000000000000e+00 2.000000000000000000e+00 2.755899906158447266e+00
4.320000076293945312e+01 1.503421664237976074e-01 0.000000000000000000e+00 7.519066116401518229e-07 1.500058174133300781e-01 0.000000000000000000e+00 6.000000000000000000e+00 8.191000000000000000e+03 0.000000000000000000e+00 2.000000000000000000e+00 2.755899906158447266e+00
4.340000152587890625e+01 1.603191196918487549e-01 0.000000000000000000e+00 1.088591602638189215e-06 1.600028574466705322e-01 0.000000000000000000e+00 6.000000000000000000e+00 7.164000000000000000e+03 0.000000000000000000e+00 2.000000000000000000e+00 2.755899906158447266e+00
4.360000228881835938e+01 1.702931225299835205e-01 0.000000000000000000e+00 1.645851966713962611e-06 1.699998974800109863e-01 0.000000000000000000e+00 7.000000000000000000e+00 8.191000000000000000e+03 0.000000000000000000e+00 2.000000000000000000e+00 2.755899906158447266e+00
4.379999923706054688e+01 1.803281903266906738e-01 0.000000000000000000e+00 2.308941475348547101e-06 1.799969226121902466e-01 0.000000000000000000e+00 7.000000000000000000e+00 8.191000000000000000e+03 0.000000000000000000e+00 2.000000000000000000e+00 2.755899906158447266e+00
4.400000000000000000e+01 1.903265565633773804e-01 0.000000000000000000e+00 3.129701099169324152e-06 1.899939626455307007e-01 0.000000000000000000e+00 7.000000000000000000e+00 8.191000000000000000e+03 0.000000000000000000e+00 2.000000000000000000e+00 2.756000041961669922e+00
4.420000076293945312e+01 2.003003507852554321e-01 0.000000000000000000e+00 4.113194336241576821e-06 2.000034898519515991e-01 0.000000000000000000e+00 7.000000000000000000e+00 8.191000000000000000e+03 0.000000000000000000e+00 2.000000000000000000e+00 2.756000041961669922e+00
4.440000152587890625e+01 2.103107273578643799e-01 0.000000000000000000e+00 5.177284037927165627e-06 2.100005298852920532e-01 0.000000000000000000e+00 7.000000000000000000e+00 8.191000000000000000e+03 0.000000000000000000e+00 2.000000000000000000e+00 2.756000041961669922e+00
4.460000228881835938e+01 2.203209847211837769e-01 0.000000000000000000e+00 6.272171503951540217e-06 2.199975699186325073e-01 0.000000000000000000e+00 7.000000000000000000e+00 8.191000000000000000e+03 0.000000000000000000e+00 2.000000000000000000e+00 2.756000041961669922e+00
4.479999923706054688e+01 2.303524464368820190e-01 0.000000000000000000e+00 7.297457159438636154e-06 2.299945950508117676e-01 0.000000000000000000e+00 7.000000000000000000e+00 8.191000000000000000e+03 0.000000000000000000e+00 2.000000000000000000e+00 2.756000041961669922e+00
4.500000000000000000e+01 2.403348088264465332e-01 0.000000000000000000e+00 8.160303877957630903e-06 2.400041371583938599e-01 0.000000000000000000e+00 7.000000000000000000e+00 8.191000000000000000e+03 0.000000000000000000e+00 2.000000000000000000e+00 2.756000041961669922e+00
4.520000076293945312e+01 2.503286898136138916e-01 0.000000000000000000e+00 8.764181075093802065e-06 2.500011622905731201e-01 0.000000000000000000e+00 7.000000000000000000e+00 8.191000000000000000e+03 0.000000000000000000e+00 2.000000000000000000e+00 2.756000041961669922e+00
4.540000152587890625e+01 2.602545320987701416e-01 0.000000000000000000e+00 9.114979548030532897e-06 2.599982023239135742e-01 0.000000000000000000e+00 7.000000000000000000e+00 8.191000000000000000e+03 0.000000000000000000e+00 2.000000000000000000e+00 2.756000041961669922e+00
4.560000228881835938e+01 2.703239917755126953e-01 0.000000000000000000e+00 9.281402526539750397e-06 2.699952423572540283e-01 0.000000000000000000e+00 8.000000000000000000e+00 8.191000000000000000e+03 0.000000000000000000e+00 2.000000000000000000e+00 2.756000041961669922e+00
4.579999923706054688e+01 2.803501784801483154e-01 0.000000000000000000e+00 9.135555956163443625e-06 2.800047695636749268e-01 0.000000000000000000e+00 8.000000000000000000e+00 8.191000000000000000e+03 0.000000000000000000e+00 2.000000000000000000e+00 2.756000041961669922e+00
4.600000000000000000e+01 2.903456389904022217e-01 0.000000000000000000e+00 8.948547474574297667e-06 2.900017797946929932e-01 0.000000000000000000e+00 8.000000000000000000e+00 8.191000000000000000e+03 0.000000000000000000e+00 2.000000000000000000e+00 2.756099939346313477e+00
4.620000076293945312e+01 3.003104925155639648e-01 0.000000000000000000e+00 8.690201866556890309e-06 2.999988198280334473e-01 0.000000000000000000e+00 8.000000000000000000e+00 8.191000000000000000e+03 0.000000000000000000e+00 2.000000000000000000e+00 2.756099939346313477e+00
4.640000152587890625e+01 2.903230488300323486e-01 0.000000000000000000e+00 7.060426014504628256e-06 2.900017797946929932e-01 0.000000000000000000e+00 8.000000000000000000e+00 8.191000000000000000e+03 0.000000000000000000e+00 2.000000000000000000e+00 2.756099939346313477e+00
4.660000228881835938e+01 2.803052067756652832e-01 0.000000000000000000e+00 5.796241111966082826e-06 2.800047695636749268e-01 0.000000000000000000e+00 7.000000000000000000e+00 8.191000000000000000e+03 0.000000000000000000e+00 2.000000000000000000e+00 2.756099939346313477e+00
4.679999923706054688e+01 2.702473104000091553e-01 0.000000000000000000e+00 4.601758064382011071e-06 2.699952423572540283e-01 0.000000000000000000e+00 7.000000000000000000e+00 8.191000000000000000e+03 0.000000000000000000e+00 2.000000000000000000e+00 2.756099939346313477e+00
4.700000000000000000e+01 2.603075802326202393e-01 0.000000000000000000e+00 3.369205842318478972e-06 2.599982023239135742e-01 0.000000000000000000e+00 7.000000000000000000e+00 8.191000000000000000e+03 0.000000000000000000e+00 2.000000000000000000e+00 2.755699872970581055e+00
4.720000076293945312e+01 2.502836585044860840e-01 0.000000000000000000e+00 2.070688879030058160e-06 2.500011622905731201e-01 0.000000000000000000e+00 7.000000000000000000e+00 8.191000000000000000e+03 0.000000000000000000e+00 2.000000000000000000e+00 2.755699872970581055e+00
4.740000152587890625e+01 2.402643263339996338e-01 0.000000000000000000e+00 7.271931963259703480e-07 2.400041371583938599e-01 0.000000000000000000e+00 7.000000000000000000e+00 8.191000000000000000e+03 0.000000000000000000e+00 2.000000000000000000e+00 2.755699872970581055e+00
4.760000228881835938e+01 2.303189486265182495e-01 0.000000000000000000e+00 -6.131648433438385837e-07 2.299945950508117676e-01 0.000000000000000000e+00 6.000000000000000000e+00 8.191000000000000000e+03 0.000000000000000000e+00 2.000000000000000000e+00 2.755699872970581055e+00
4.779999923706054688e+01 2.202836275100708008e-01 0.000000000000000000e+00 -1.093766627491277177e-06 2.199975699186325073e-01 0.000000000000000000e+00 6.000000000000000000e+00 7.164000000000000000e+03 0.000000000000000000e+00 2.000000000000000000e+00 2.755699872970581055e+00
4.800000000000000000e+01 2.102771550416946411e-01 0.000000000000000000e+00 -2.860631639123312198e-06 2.100005298852920532e-01 0.000000000000000000e+00 7.000000000000000000e+00 8.191000000000000000e+03 0.000000000000000000e+00 2.000000000000000000e+00 2.755800008773803711e+00
4.820000076293945312e+01 2.003157585859298706e-01 0.000000000000000000e+00 -3.622466238084598444e-06 2.000034898519515991e-01 0.000000000000000000e+00 7.000000000000000000e+00 8.191000000000000000e+03 0.000000000000000000e+00 2.000000000000000000e+00 2.755800008773803711e+00
4.840000152587890625e+01 1.903335005044937134e-01 0.000000000000000000e+00 -4.101754257135326043e-06 1.899939626455307007e-01 0.000000000000000000e+00 7.000000000000000000e+00 8.191000000000000000e+03 0.000000000000000000e+00 2.000000000000000000e+00 2.755800008773803711e+00
4.860000228881835938e+01 1.803342252969741821e-01 0.000000000000000000e+00 -4.294515292713185772e-06 1.799969226121902466e-01 0.000000000000000000e+00 7.000000000000000000e+00 8.191000000000000000e+03 0.000000000000000000e+00 2.000000000000000000e+00 2.755800008773803711e+00
4.879999923706054688e+01 1.703619807958602905e-01 0.000000000000000000e+00 -4.278741016605636105e-06 1.699998974800109863e-01 0.000000000000000000e+00 7.000000000000000000e+00 8.191000000000000000e+03 0.000000000000000000e+00 2.000000000000000000e+00 2.755800008773803711e+00
4.900000000000000000e+01 1.603372991085052490e-01 0.000000000000000000e+00 -4.113637260161340237e-06 1.600028574466705322e-01 0.000000000000000000e+00 7.000000000000000000e+00 8.191000000000000000e+03 0.000000000000000000e+00 2.000000000000000000e+00 2.755899906158447266e+00
4.920000076293945312e+01 1.503036320209503174e-01 0.000000000000000000e+00 -3.868013209284981713e-06 1.500058174133300781e-01 0.000000000000000000e+00 7.000000000000000000e+00 8.191000000000000000e+03 0.000000000000000000e+00 2.000000000000000000e+00 2.755899906158447266e+00
4.940000152587890625e+01 1.402923762798309326e-01 0.000000000000000000e+00 -3.584578053050790913e-06 1.399962902069091797e-01 0.000000000000000000e+00 7.000000000000000000e+00 8.191000000000000000e+03 0.000000000000000000e+00 2.000000000000000000e+00 2.755899906158447266e+00
4.960000228881835938e+01 1.302905678749084473e-01 0.000000000000000000e+00 -3.310880629214807414e-06 1.299992501735687256e-01 0.000000000000000000e+00 7.000000000000000000e+00 8.191000000000000000e+03 0.000000000000000000e+00 2.000000000000000000e+00 2.755899906158447266e+00
4.979999923706054688e+01 1.203302666544914246e-01 0.000000000000000000e+00 -3.038270961042144336e-06 1.200022250413894653e-01 0.000000000000000000e+00 7.000000000000000000e+00 8.191000000000000000e+03 0.000000000000000000e+00 2.000000000000000000e+00 2.755899906158447266e+00
5.000000000000000000e+01 1.103078275918960571e-01 0.000000000000000000e+00 -2.784371190500678495e-06 1.100051850080490112e-01 0.000000000000000000e+00 7.000000000000000000e+00 8.191000000000000000e+03 0.000000000000000000e+00 2.000000000000000000e+00 2.755899906158447266e+00
5.020000076293945312e+01 1.003084033727645874e-01 0.000000000000000000e+00 -2.566950570326298475e-06 9.999565780162811279e-02 0.000000000000000000e+00 7.000000000000000000e+00 8.191000000000000000e+03 0.000000000000000000e+00 2.000000000000000000e+00 2.755899906158447266e+00
5.040000152587890625e+01 9.033554047346115112e-02 0.000000000000000000e+00 -2.372372819081647322e-06 8.999861776828765869e-02 0.000000000000000000e+00 7.000000000000000000e+00 8.191000000000000000e+03 0.000000000000000000e+00 2.000000000000000000e+00 2.755899906158447266e+00
5.060000228881835938e+01 8.030839264392852783e-02 0.000000000000000000e+00 -2.203458734584273770e-06 8.000158518552780151e-02 0.000000000000000000e+00 7.000000000000000000e+00 8.191000000000000000e+03 0.000000000000000000e+00 2.000000000000000000e+00 2.755899906158447266e+00
5.079999923706054688e+01 7.028662413358688354e-02 0.000000000000000000e+00 -2.056956645901664160e-06 7.000455260276794434e-02 0.000000000000000000e+00 7.000000000000000000e+00 8.191000000000000000e+03 0.000000000000000000e+00 2.000000000000000000e+00 2.755899906158447266e+00
5.100000000000000000e+01 6.036911904811859131e-02 0.000000000000000000e+00 -1.921466491694445722e-06 5.999501794576644897e-02 0.000000000000000000e+00 7.000000000000000000e+00 8.191000000000000000e+03 0.000000000000000000e+00 2.000000000000000000e+00 2.755899906158447266e+00
5.120000076293945312e+01 5.032386258244514465e-02 0.000000000000000000e+00 -1.804487624212924857e-06 4.999798536300659180e-02 0.000000000000000000e+00 7.000000000000000000e+00 8.191000000000000000e+03 0.000000000000000000e+00 2.000000000000000000e+00 2.755899906158447266e+00
5.140000152587890625e+01 4.028005525469779968e-02 0.000000000000000000e+00 -1.701662313280394301e-06 4.000094905495643616e-02 0.000000000000000000e+00 7.000000000000000000e+00 8.191000000000000000e+03 0.000000000000000000e+00 2.000000000000000000e+00 2.755899906158447266e+00
5.160000228881835938e+01 3.029375895857810974e-02 0.000000000000000000e+00 -1.606625119165983051e-06 3.000391460955142975e-02 0.000000000000000000e+00 7.000000000000000000e+00 8.191000000000000000e+03 0.000000000000000000e+00 2.000000000000000000e+00 2.755899906158447266e+00
5.179999923706054688e+01 2.028933353722095490e-02 0.000000000000000000e+00 -1.522178195045853499e-06 1.999438367784023285e-02 0.000000000000000000e+00 7.000000000000000000e+00 8.191000000000000000e+03 0.000000000000000000e+00 2.000000000000000000e+00 2.755899906158447266e+00
5.200000000000000000e+01 1.030440069735050201e-02 0.000000000000000000e+00 -1.458924998587463051e-06 9.997349232435226440e-03 0.000000000000000000e+00 7.000000000000000000e+00 8.191000000000000000e+03 0.000000000000000000e+00 2.000000000000000000e+00 2.755899906158447266e+00
5.220000076293945312e+01 2.874391211662441492e-04 0.000000000000000000e+00 -1.401660597366571892e-06 3.129243850708007812e-07 0.000000000000000000e+00 7.000000000000000000e+00 8.191000000000000000e+03 0.000000000000000000e+00 2.000000000000000000e+00 2.755899906158447266e+00
5.240000152587890625e+01 -9.760921820998191833e-03 0.000000000000000000e+00 -1.338068500444933306e-06 -9.996719658374786377e-03 0.000000000000000000e+00 7.000000000000000000e+00 8.191000000000000000e+03 0.000000000000000000e+00 2.000000000000000000e+00 2.755899906158447266e+00
5.260000228881835938e+01 -1.974352635443210602e-02 0.000000000000000000e+00 -1.302395503444131464e-06 -1.999375596642494202e-02 0.000000000000000000e+00 7.000000000000000000e+00 8.191000000000000000e+03 0.000000000000000000e+00 2.000000000000000000e+00 2.755899906158447266e+00
5.279999923706054688e+01 -2.957917936146259308e-02 0.000000000000000000e+00 -1.262442538063623942e-06 -3.000328317284584045e-02 0.000000000000000000e+00 7.000000000000000000e+00 6.143000000000000000e+03 0.000000000000000000e+00 2.000000000000000000e+00 2.755899906158447266e+00
5.300000000000000000e+01 -3.973928093910217285e-02 0.000000000000000000e+00 -1.233220359608822037e-06 -4.000032320618629456e-02 0.000000000000000000e+00 7.000000000000000000e+00 8.191000000000000000e+03 0.000000000000000000e+00 2.000000000000000000e+00 2.756000041961669922e+00
5.320000076293945312e+01 -4.972846433520317078e-02 0.000000000000000000e+00 -1.211772655551612843e-06 -4.999735578894615173e-02 0.000000000000000000e+00 7.000000000000000000e+00 8.191000000000000000e+03 0.000000000000000000e+00 2.000000000000000000e+00 2.756000041961669922e+00
5.340000152587890625e+01 -5.977982655167579651e-02 0.000000000000000000e+00 -1.200151928060222417e-06 -5.999438837170600891e-02 0.000000000000000000e+00 7.000000000000000000e+00 8.191000000000000000e+03 0.000000000000000000e+00 2.000000000000000000e+00 2.756000041961669922e+00
5.360000228881835938e+01 -6.970315426588058472e-02 0.000000000000000000e+00 -1.198264840240881313e-06 -7.000392675399780273e-02 0.000000000000000000e+00 7.000000000000000000e+00 8.191000000000000000e+03 0.000000000000000000e+00 2.000000000000000000e+00 2.756000041961669922e+00
5.379999923706054688e+01 -7.969287782907485962e-02 0.000000000000000000e+00 -1.215229303852538578e-06 -8.000095188617706299e-02 0.000000000000000000e+00 7.000000000000000000e+00 8.191000000000000000e+03 0.000000000000000000e+00 2.000000000000000000e+00 2.756000041961669922e+00
5.400000000000000000e+01 -8.971454203128814697e-02 0.000000000000000000e+00 -1.234358023793902248e-06 -8.999799191951751709e-02 0.000000000000000000e+00 7.000000000000000000e+00 8.191000000000000000e+03 0.000000000000000000e+00 2.000000000000000000e+00 2.755899906158447266e+00
5.420000076293945312e+01 -9.974092245101928711e-02 0.000000000000000000e+00 -1.280687911275890656e-06 -9.999501705169677734e-02 0.000000000000000000e+00 7.000000000000000000e+00 8.191000000000000000e+03 0.000000000000000000e+00 2.000000000000000000e+00 2.755899906158447266e+00
5.440000152587890625e+01 -1.097542345523834229e-01 0.000000000000000000e+00 -1.329397491645067930e-06 -1.100045591592788696e-01 0.000000000000000000e+00 7.000000000000000000e+00 8.191000000000000000e+03 0.000000000000000000e+00 2.000000000000000000e+00 2.755899906158447266e+00
5.460000228881835938e+01 -1.197504252195358276e-01 0.000000000000000000e+00 -1.402982206855085678e-06 -1.200015842914581299e-01 0.000000000000000000e+00 7.000000000000000000e+00 8.191000000000000000e+03 0.000000000000000000e+00 2.000000000000000000e+00 2.755899906158447266e+00
5.479999923706054688e+01 -1.297110766172409058e-01 0.000000000000000000e+00 -1.497127755101246294e-06 -1.299986243247985840e-01 0.000000000000000000e+00 7.000000000000000000e+00 8.191000000000000000e+03 0.000000000000000000e+00 2.000000000000000000e+00 2.755899906158447266e+00
5.500000000000000000e+01 -1.397455334663391113e-01 0.000000000000000000e+00 -1.611917582522437442e-06 -1.399956643581390381e-01 0.000000000000000000e+00 7.000000000000000000e+00 8.191000000000000000e+03 0.000000000000000000e+00 2.000000000000000000e+00 2.755899906158447266e+00
5.520000076293945312e+01 -1.497559100389480591e-01 0.000000000000000000e+00 -1.749681587170925923e-06 -1.500051915645599365e-01 0.000000000000000000e+00 7.000000000000000000e+00 8.191000000000000000e+03 0.000000000000000000e+00 2.000000000000000000e+00 2.755899906158447266e+00
5.540000152587890625e+01 -1.596859395503997803e-01 0.000000000000000000e+00 -1.918092721098219045e-06 -1.600022166967391968e-01 0.000000000000000000e+00 7.000000000000000000e+00 8.191000000000000000e+03 0.000000000000000000e+00 2.000000000000000000e+00 2.755899906158447266e+00
5.560000228881835938e+01 -1.697292774915695190e-01 0.000000000000000000e+00 -2.100671963489730842e-06 -1.699992567300796509e-01 0.000000000000000000e+00 7.000000000000000000e+00 8.191000000000000000e+03 0.000000000000000000e+00 2.000000000000000000e+00 2.755899906158447266e+00
5.579999923706054688e+01 -1.796991527080535889e-01 0.000000000000000000e+00 -2.303764858879731037e-06 -1.799962967634201050e-01 0.000000000000000000e+00 7.000000000000000000e+00 8.191000000000000000e+03 0.000000000000000000e+00 2.000000000000000000e+00 2.755899906158447266e+00
5.600000000000000000e+01 -1.897065788507461548e-01 0.000000000000000000e+00 -2.517459279260947369e-06 -1.900058239698410034e-01 0.000000000000000000e+00 7.000000000000000000e+00 8.191000000000000000e+03 0.000000000000000000e+00 2.000000000000000000e+00 2.755800008773803711e+00
5.620000076293945312e+01 -1.996617317199707031e-01 0.000000000000000000e+00 -2.733982682912028395e-06 -2.000028640031814575e-01 0.000000000000000000e+00 7.000000000000000000e+00 8.191000000000000000e+03 0.000000000000000000e+00 2.000000000000000000e+00 2.755800008773803711e+00
5.640000152587890625e+01 -1.896758377552032471e-01 0.000000000000000000e+00 -2.201812094426713884e-06 -1.900058239698410034e-01 0.000000000000000000e+00 7.000000000000000000e+00 8.191000000000000000e+03 0.000000000000000000e+00 3.000000000000000000e+00 2.755800008773803711e+00
5.660000228881835938e+01 -1.797401905059814453e-01 0.000000000000000000e+00 -1.831572603805398103e-06 -1.799962967634201050e-01 0.000000000000000000e+00 7.000000000000000000e+00 8.191000000000000000e+03 0.000000000000000000e+00 3.000000000000000000e+00 2.755800008773803711e+00
5.679999923706054688e+01 -1.696486920118331909e-01 0.000000000000000000e+00 -1.553010179122793488e-06 -1.699992567300796509e-01 0.000000000000000000e+00 7.000000000000000000e+00 8.191000000000000000e+03 0.000000000000000000e+00 3.000000000000000000e+00 2.755800008773803711e+00
5.700000000000000000e+01 -1.596891433000564575e-01 0.000000000000000000e+00 -1.342096084044896998e-06 -1.600022166967391968e-01 0.000000000000000000e+00 7.000000000000000000e+00 8.191000000000000000e+03 0.000000000000000000e+00 3.000000000000000000e+00 2.755800008773803711e+00
5.720000076293945312e+01 -1.497537195682525635e-01 0.000000000000000000e+00 -1.175161401079094503e-06 -1.500051915645599365e-01 0.000000000000000000e+00 7.000000000000000000e+00 8.191000000000000000e+03 0.000000000000000000e+00 3.000000000000000000e+00 2.755800008773803711e+00
5.740000152587890625e+01 -1.396873444318771362e-01 0.000000000000000000e+00 -1.039150674841948785e-06 -1.399956643581390381e-01 0.000000000000000000e+00 7.000000000000000000e+00 8.191000000000000000e+03 0.000000000000000000e+00 3.000000000000000000e+00 2.755800008773803711e+00
5.760000228881835938e+01 -1.297377794981002808e-01 0.000000000000000000e+00 -9.288940532314882148e-07 -1.299986243247985840e-01 0.000000000000000000e+00 7.000000000000000000e+00 8.191000000000000000e+03 0.000000000000000000e+00 3.000000000000000000e+00 2.755800008773803711e+00
5.779999923706054688e+01 -1.197382435202598572e-01 0.000000000000000000e+00 -8.312496220241882838e-07 -1.200015842914581299e-01 0.000000000000000000e+00 7.000000000000000000e+00 8.191000000000000000e+03 0.000000000000000000e+00 3.000000000000000000e+00 2.755800008773803711e+00
5.800000000000000000e+01 -1.097275391221046448e-01 0.000000000000000000e+00 -7.514474873460130766e-07 -1.100045591592788696e-01 0.000000000000000000e+00 7.000000000000000000e+00 8.191000000000000000e+03 0.000000000000000000e+00 3.000000000000000000e+00 2.755800008773803711e+00
5.820000076293945312e+01 -9.974106401205062866e-02 0.000000000000000000e+00 -6.900878020132950041e-07 -9.999501705169677734e-02 0.000000000000000000e+00 6.000000000000000000e+00 8.191000000000000000e+03 0.000000000000000000e+00 3.000000000000000000e+00 2.755800008773803711e+00
5.840000152587890625e+01 -8.969111740589141846e-02 0.000000000000000000e+00 -6.330165547296928708e-07 -8.999799191951751709e-02 0.000000000000000000e+00 6.000000000000000000e+00 8.191000000000000000e+03 0.000000000000000000e+00 3.000000000000000000e+00 2.755800008773803711e+00
5.860000228881835938e+01 -7.967168837785720825e-02 0.000000000000000000e+00 -5.851551918567565735e-07 -8.000095188617706299e-02 0.000000000000000000e+00 6.000000000000000000e+00 8.191000000000000000e+03 0.000000000000000000e+00 3.000000000000000000e+00 2.755800008773803711e+00
5.879999923706054688e+01 -6.966255605220794678e-02 0.000000000000000000e+00 -5.440048767013649922e-07 -7.000392675399780273e-02 0.000000000000000000e+00 6.000000000000000000e+00 8.191000000000000000e+03 0.000000000000000000e+00 3.000000000000000000e+00 2.755800008773803711e+00
5.900000000000000000e+01 -5.970616266131401062e-02 0.000000000000000000e+00 -5.080946721136569977e-07 -5.999438837170600891e-02 0.000000000000000000e+00 6.000000000000000000e+00 8.191000000000000000e+03 0.000000000000000000e+00 3.000000000000000000e+00 2.755800008773803711e+00
5.920000076293945312e+01 -4.970880225300788879e-02 0.000000000000000000e+00 -4.760495357913896441e-07 -4.999735578894615173e-02 0.000000000000000000e+00 6.000000000000000000e+00 8.191000000000000000e+03 0.000000000000000000e+00 3.000000000000000000e+00 2.755800008773803711e+00
5.940000152587890625e+01 -3.970783948898315430e-02 0.000000000000000000e+00 -4.489513969474501209e-07 -4.000032320618629456e-02 0.000000000000000000e+00 6.000000000000000000e+00 8.191000000000000000e+03 0.000000000000000000e+00 3.000000000000000000e+00 2.755800008773803711e+00
5.960000228881835938e+01 -2.973777242004871368e-02 0.000000000000000000e+00 -4.235825485920940991e-07 -3.000328317284584045e-02 0.000000000000000000e+00 6.000000000000000000e+00 8.191000000000000000e+03 0.000000000000000000e+00 3.000000000000000000e+00 2.755800008773803711e+00
5.979999923706054688e+01 -1.973899453878402710e-02 0.000000000000000000e+00 -4.011158409866766306e-07 -1.999375596642494202e-02 0.000000000000000000e+00 6.000000000000000000e+00 8.191000000000000000e+03 0.000000000000000000e+00 3.000000000000000000e+00 2.755800008773803711e+00
6.000000000000000000e+01 -9.725069627165794373e-03 0.000000000000000000e+00 -3.809701354384742444e-07 -9.996719658374786377e-03 0.000000000000000000e+00 6.000000000000000000e+00 8.191000000000000000e+03 0.000000000000000000e+00 3.000000000000000000e+00 2.755800008773803711e+00
6.020000076293945312e+01 2.816177729982882738e-04 0.000000000000000000e+00 -3.613481851516553434e-07 3.129243850708007812e-07 0.000000000000000000e+00 6.000000000000000000e+00 8.191000000000000000e+03 0.000000000000000000e+00 3.000000000000000000e+00 2.755800008773803711e+00
