2.000000029802322388e-01 2.845026319846510887e-04 0.000000000000000000e+00 -8.776977483648806810e-05 3.129243850708007812e-07 0.000000000000000000e+00 1.200000000000000000e+01 8.191000000000000000e+03 0.000000000000000000e+00 0.000000000000000000e+00 2.755699872970581055e+00
4.000000059604644775e-01 9.994167834520339966e-03 0.000000000000000000e+00 -8.942186468630097806e-06 9.997349232435226440e-03 0.000000000000000000e+00 1.100000000000000000e+01 8.191000000000000000e+03 0.000000000000000000e+00 0.000000000000000000e+00 2.755699872970581055e+00
6.000000238418579102e-01 2.024993300437927246e-02 0.000000000000000000e+00 2.638985961311846040e-06 1.999438367784023285e-02 0.000000000000000000e+00 1.000000000000000000e+01 8.191000000000000000e+03 0.000000000000000000e+00 0.000000000000000000e+00 2.755699872970581055e+00
8.000000119209289551e-01 2.918618731200695038e-02 0.000000000000000000e+00 2.499537458788836375e-06 3.000391460955142975e-02 0.000000000000000000e+00 9.000000000000000000e+00 6.143000000000000000e+03 0.000000000000000000e+00 0.000000000000000000e+00 2.755699872970581055e+00
1.000000000000000000e+00 4.002081230282783508e-02 0.000000000000000000e+00 3.770991270357626490e-06 4.000094905495643616e-02 0.000000000000000000e+00 8.000000000000000000e+00 8.191000000000000000e+03 0.000000000000000000e+00 0.000000000000000000e+00 2.755699872970581055e+00
1.200000047683715820e+00 5.015724897384643555e-02 0.000000000000000000e+00 5.522172614291775972e-06 4.999798536300659180e-02 0.000000000000000000e+00 7.000000000000000000e+00 8.191000000000000000e+03 0.000000000000000000e+00 0.000000000000000000e+00 2.755699872970581055e+00
1.399999976158142090e+00 6.017618626356124878e-02 0.000000000000000000e+00 7.431989615724887699e-06 5.999501794576644897e-02 0.000000000000000000e+00 7.000000000000000000e+00 8.191000000000000000e+03 0.000000000000000000e+00 0.000000000000000000e+00 2.754899978637695312e+00
1.600000023841857910e+00 7.011090964078903198e-02 0.000000000000000000e+00 9.388073522131890059e-06 7.000455260276794434e-02 0.000000000000000000e+00 7.000000000000000000e+00 8.191000000000000000e+03 0.000000000000000000e+00 0.000000000000000000e+00 2.754899978637695312e+00
1.800000071525573730e+00 8.015197515487670898e-02 0.000000000000000000e+00 1.129676911659771577e-05 8.000158518552780151e-02 0.000000000000000000e+00 8.000000000000000000e+00 8.191000000000000000e+03 0.000000000000000000e+00 0.000000000000000000e+00 2.754899978637695312e+00
2.000000000000000000e+00 9.018637239933013916e-02 0.000000000000000000e+00 1.304526085732504725e-05 8.999861776828765869e-02 0.000000000000000000e+00 8.000000000000000000e+00 8.191000000000000000e+03 0.000000000000000000e+00 0.000000000000000000e+00 2.754899978637695312e+00
2.200000047683715820e+00 1.001226305961608887e-01 0.000000000000000000e+00 1.447635349904885516e-05 9.999565780162811279e-02 0.000000000000000000e+00 8.000000000000000000e+00 8.191000000000000000e+03 0.000000000000000000e+00 0.000000000000000000e+00 2.754899978637695312e+00
2.400000095367431641e+00 1.102214008569717407e-01 0.000000000000000000e+00 1.562071702210232615e-05 1.100051850080490112e-01 0.000000000000000000e+00 8.000000000000000000e+00 8.191000000000000000e+03 0.000000000000000000e+00 0.000000000000000000e+00 2.755100011825561523e+00
2.600000143051147461e+00 1.201809793710708618e-01 0.000000000000000000e+00 1.643414543650578707e-05 1.200022250413894653e-01 0.000000000000000000e+00 8.000000000000000000e+00 8.191000000000000000e+03 0.000000000000000000e+00 0.000000000000000000e+00 2.755100011825561523e+00
2.799999952316284180e+00 1.301749199628829956e-01 0.000000000000000000e+00 1.688574775471352041e-05 1.299992501735687256e-01 0.000000000000000000e+00 8.000000000000000000e+00 8.191000000000000000e+03 0.000000000000000000e+00 0.000000000000000000e+00 2.755100011825561523e+00
3.000000000000000000e+00 1.400958597660064697e-01 0.000000000000000000e+00 1.708005402178969234e-05 1.399962902069091797e-01 0.000000000000000000e+00 8.000000000000000000e+00 8.191000000000000000e+03 0.000000000000000000e+00 0.000000000000000000e+00 2.755100011825561523e+00
3.200000047683715820e+00 1.502223610877990723e-01 0.000000000000000000e+00 1.708524541754741222e-05 1.500058174133300781e-01 0.000000000000000000e+00 8.000000000000000000e+00 8.191000000000000000e+03 0.000000000000000000e+00 0.000000000000000000e+00 2.755100011825561523e+00
3.400000095367431641e+00 1.601223945617675781e-01 0.000000000000000000e+00 1.691006218607071787e-05 1.600028574466705322e-01 0.000000000000000000e+00 8.000000000000000000e+00 8.191000000000000000e+03 0.000000000000000000e+00 0.000000000000000000e+00 2.754999876022338867e+00
3.600000143051147461e+00 1.701497137546539307e-01 0.000000000000000000e+00 1.662343856878578663e-05 1.699998974800109863e-01 0.000000000000000000e+00 8.000000000000000000e+00 8.191000000000000000e+03 0.000000000000000000e+00 0.000000000000000000e+00 2.754999876022338867e+00
3.799999952316284180e+00 1.801402419805526733e-01 0.000000000000000000e+00 1.629445432627107948e-05 1.799969226121902466e-01 0.000000000000000000e+00 8.000000000000000000e+00 8.191000000000000000e+03 0.000000000000000000e+00 0.000000000000000000e+00 2.754999876022338867e+00
4.000000000000000000e+00 1.901876628398895264e-01 0.000000000000000000e+00 1.592256739968433976e-05 1.899939626455307007e-01 0.000000000000000000e+00 8.000000000000000000e+00 8.191000000000000000e+03 0.000000000000000000e+00 0.000000000000000000e+00 2.754999876022338867e+00
4.200000286102294922e+00 2.002151012420654297e-01 0.000000000000000000e+00 1.562839679536409676e-05 2.000034898519515991e-01 0.000000000000000000e+00 8.000000000000000000e+00 8.191000000000000000e+03 0.000000000000000000e+00 0.000000000000000000e+00 2.754999876022338867e+00
4.400000095367431641e+00 2.101740688085556030e-01 0.000000000000000000e+00 1.529005567135754973e-05 2.100005298852920532e-01 0.000000000000000000e+00 8.000000000000000000e+00 8.191000000000000000e+03 0.000000000000000000e+00 0.000000000000000000e+00 2.754999876022338867e+00
4.599999904632568359e+00 2.201422601938247681e-01 0.000000000000000000e+00 1.502211944170994684e-05 2.199975699186325073e-01 0.000000000000000000e+00 8.000000000000000000e+00 8.191000000000000000e+03 0.000000000000000000e+00 0.000000000000000000e+00 2.754999876022338867e+00
4.800000190734863281e+00 2.301223576068878174e-01 0.000000000000000000e+00 1.472014264436438680e-05 2.299945950508117676e-01 0.000000000000000000e+00 8.000000000000000000e+00 8.191000000000000000e+03 0.000000000000000000e+00 0.000000000000000000e+00 2.754999876022338867e+00
5.000000000000000000e+00 2.400184273719787598e-01 0.000000000000000000e+00 1.449479623261140659e-05 2.400041371583938599e-01 0.000000000000000000e+00 8.000000000000000000e+00 8.191000000000000000e+03 0.000000000000000000e+00 0.000000000000000000e+00 2.754999876022338867e+00
5.200000286102294922e+00 2.501466870307922363e-01 0.000000000000000000e+00 1.428268660674802959e-05 2.500011622905731201e-01 0.000000000000000000e+00 8.000000000000000000e+00 8.191000000000000000e+03 0.000000000000000000e+00 0.000000000000000000e+00 2.754999876022338867e+00
5.400000095367431641e+00 2.600448131561279297e-01 0.000000000000000000e+00 1.406748106091981754e-05 2.599982023239135742e-01 0.000000000000000000e+00 8.000000000000000000e+00 8.191000000000000000e+03 0.000000000000000000e+00 0.000000000000000000e+00 2.755100011825561523e+00
5.599999904632568359e+00 2.701423466205596924e-01 0.000000000000000000e+00 1.387392239848850295e-05 2.699952423572540283e-01 0.000000000000000000e+00 8.000000000000000000e+00 8.191000000000000000e+03 0.000000000000000000e+00 0.000000000000000000e+00 2.755100011825561523e+00
5.800000190734863281e+00 2.801527678966522217e-01 0.000000000000000000e+00 1.370275094814132899e-05 2.800047695636749268e-01 0.000000000000000000e+00 8.000000000000000000e+00 8.191000000000000000e+03 0.000000000000000000e+00 0.000000000000000000e+00 2.755100011825561523e+00
6.000000000000000000e+00 2.901362478733062744e-01 0.000000000000000000e+00 1.351649825664935634e-05 2.900017797946929932e-01 0.000000000000000000e+00 8.000000000000000000e+00 8.191000000000000000e+03 0.000000000000000000e+00 0.000000000000000000e+00 2.755100011825561523e+00
6.200000286102294922e+00 3.001814186573028564e-01 0.000000000000000000e+00 1.335576143901562318e-05 2.999988198280334473e-01 0.000000000000000000e+00 8.000000000000000000e+00 8.191000000000000000e+03 0.000000000000000000e+00 0.000000000000000000e+00 2.755100011825561523e+00
6.400000095367431641e+00 2.901990711688995361e-01 0.000000000000000000e+00 1.298011920880526304e-05 2.900017797946929932e-01 0.000000000000000000e+00 8.000000000000000000e+00 8.191000000000000000e+03 0.000000000000000000e+00 0.000000000000000000e+00 2.755100011825561523e+00
6.599999904632568359e+00 2.801814675331115723e-01 0.000000000000000000e+00 1.268651158170541748e-05 2.800047695636749268e-01 0.000000000000000000e+00 8.000000000000000000e+00 8.191000000000000000e+03 0.000000000000000000e+00 0.000000000000000000e+00 2.755100011825561523e+00
6.800000190734863281e+00 2.701173126697540283e-01 0.000000000000000000e+00 1.240298934135353193e-05 2.699952423572540283e-01 0.000000000000000000e+00 8.000000000000000000e+00 8.191000000000000000e+03 0.000000000000000000e+00 0.000000000000000000e+00 2.755100011825561523e+00
7.000000000000000000e+00 2.600835859775543213e-01 0.000000000000000000e+00 1.224265724886208773e-05 2.599982023239135742e-01 0.000000000000000000e+00 8.000000000000000000e+00 8.191000000000000000e+03 0.000000000000000000e+00 0.000000000000000000e+00 2.755100011825561523e+00
7.200000286102294922e+00 2.502125203609466553e-01 0.000000000000000000e+00 1.200899077957728878e-05 2.500011622905731201e-01 0.000000000000000000e+00 8.000000000000000000e+00 8.191000000000000000e+03 0.000000000000000000e+00 0.000000000000000000e+00 2.755100011825561523e+00
7.400000095367431641e+00 2.402682602405548096e-01 0.000000000000000000e+00 1.184501161333173513e-05 2.400041371583938599e-01 0.000000000000000000e+00 8.000000000000000000e+00 8.191000000000000000e+03 0.000000000000000000e+00 0.000000000000000000e+00 2.754799842834472656e+00
7.599999904632568359e+00 2.301152497529983521e-01 0.000000000000000000e+00 1.165000594482989982e-05 2.299945950508117676e-01 0.000000000000000000e+00 8.000000000000000000e+00 8.191000000000000000e+03 0.000000000000000000e+00 0.000000000000000000e+00 2.754799842834472656e+00
7.800000190734863281e+00 2.201348394155502319e-01 0.000000000000000000e+00 1.148336286860285327e-05 2.199975699186325073e-01 0.000000000000000000e+00 8.000000000000000000e+00 8.191000000000000000e+03 0.000000000000000000e+00 0.000000000000000000e+00 2.754799842834472656e+00
8.000000000000000000e+00 2.101380825042724609e-01 0.000000000000000000e+00 1.129226257035043091e-05 2.100005298852920532e-01 0.000000000000000000e+00 8.000000000000000000e+00 8.191000000000000000e+03 0.000000000000000000e+00 0.000000000000000000e+00 2.754799842834472656e+00
8.199999809265136719e+00 2.002845853567123413e-01 0.000000000000000000e+00 1.111764959205174819e-05 2.000034898519515991e-01 0.000000000000000000e+00 8.000000000000000000e+00 8.191000000000000000e+03 0.000000000000000000e+00 0.000000000000000000e+00 2.754799842834472656e+00
8.400000572204589844e+00 1.901140213012695312e-01 0.000000000000000000e+00 1.085870371753117070e-05 1.899939626455307007e-01 0.000000000000000000e+00 8.000000000000000000e+00 8.191000000000000000e+03 0.000000000000000000e+00 0.000000000000000000e+00 2.754799842834472656e+00
8.600000381469726562e+00 1.802445799112319946e-01 0.000000000000000000e+00 1.066182630893308669e-05 1.799969226121902466e-01 0.000000000000000000e+00 8.000000000000000000e+00 8.191000000000000000e+03 0.000000000000000000e+00 0.000000000000000000e+00 2.754799842834472656e+00
8.800000190734863281e+00 1.701119393110275269e-01 0.000000000000000000e+00 1.028052975016180426e-05 1.699998974800109863e-01 0.000000000000000000e+00 8.000000000000000000e+00 8.191000000000000000e+03 0.000000000000000000e+00 0.000000000000000000e+00 2.754799842834472656e+00
9.000000000000000000e+00 1.600636094808578491e-01 0.000000000000000000e+00 9.775838407222181559e-06 1.600028574466705322e-01 0.000000000000000000e+00 8.000000000000000000e+00 8.191000000000000000e+03 0.000000000000000000e+00 0.000000000000000000e+00 2.754799842834472656e+00
9.199999809265136719e+00 1.501715928316116333e-01 0.000000000000000000e+00 9.163523827737662941e-06 1.500058174133300781e-01 0.000000000000000000e+00 8.000000000000000000e+00 8.191000000000000000e+03 0.000000000000000000e+00 0.000000000000000000e+00 2.754799842834472656e+00
9.400000572204589844e+00 1.400771439075469971e-01 0.000000000000000000e+00 8.345399692188948393e-06 1.399962902069091797e-01 0.000000000000000000e+00 8.000000000000000000e+00 8.191000000000000000e+03 0.000000000000000000e+00 0.000000000000000000e+00 2.754999876022338867e+00
9.600000381469726562e+00 1.301476508378982544e-01 0.000000000000000000e+00 7.343413017224520445e-06 1.299992501735687256e-01 0.000000000000000000e+00 8.000000000000000000e+00 8.191000000000000000e+03 0.000000000000000000e+00 0.000000000000000000e+00 2.754999876022338867e+00
9.800000190734863281e+00 1.202047914266586304e-01 0.000000000000000000e+00 5.982186848996207118e-06 1.200022250413894653e-01 0.000000000000000000e+00 7.000000000000000000e+00 8.191000000000000000e+03 0.000000000000000000e+00 0.000000000000000000e+00 2.754999876022338867e+00
1.000000000000000000e+01 1.101129278540611267e-01 0.000000000000000000e+00 4.357507350505329669e-06 1.100051850080490112e-01 0.000000000000000000e+00 7.000000000000000000e+00 8.191000000000000000e+03 0.000000000000000000e+00 0.000000000000000000e+00 2.754999876022338867e+00
1.019999980926513672e+01 1.001800671219825745e-01 0.000000000000000000e+00 2.444452547933906317e-06 9.999565780162811279e-02 0.000000000000000000e+00 7.000000000000000000e+00 8.191000000000000000e+03 0.000000000000000000e+00 0.000000000000000000e+00 2.754999876022338867e+00
1.040000057220458984e+01 9.007592499256134033e-02 0.000000000000000000e+00 3.018446932401275262e-07 8.999861776828765869e-02 0.000000000000000000e+00 7.000000000000000000e+00 8.191000000000000000e+03 0.000000000000000000e+00 0.000000000000000000e+00 2.754999876022338867e+00
1.060000038146972656e+01 8.009024709463119507e-02 0.000000000000000000e+00 -1.093766627491277177e-06 8.000158518552780151e-02 0.000000000000000000e+00 6.000000000000000000e+00 7.164000000000000000e+03 0.000000000000000000e+00 0.000000000000000000e+00 2.754999876022338867e+00
1.080000019073486328e+01 7.011907547712326050e-02 0.000000000000000000e+00 -4.235389042150927708e-06 7.000455260276794434e-02 0.000000000000000000e+00 7.000000000000000000e+00 8.191000000000000000e+03 0.000000000000000000e+00 0.000000000000000000e+00 2.754999876022338867e+00
1.100000000000000000e+01 6.024239957332611084e-02 0.000000000000000000e+00 -6.294938884821021929e-06 5.999501794576644897e-02 0.000000000000000000e+00 7.000000000000000000e+00 8.191000000000000000e+03 0.000000000000000000e+00 0.000000000000000000e+00 2.754999876022338867e+00
1.119999980926513672e+01 5.010124668478965759e-02 0.000000000000000000e+00 -7.995610758371185511e-06 4.999798536300659180e-02 0.000000000000000000e+00 7.000000000000000000e+00 8.191000000000000000e+03 0.000000000000000000e+00 0.000000000000000000e+00 2.754999876022338867e+00
1.140000057220458984e+01 4.021596908569335938e-02 0.000000000000000000e+00 -9.205735295836348087e-06 4.000094905495643616e-02 0.000000000000000000e+00 7.000000000000000000e+00 8.191000000000000000e+03 0.000000000000000000e+00 0.000000000000000000e+00 2.754999876022338867e+00
1.160000038146972656e+01 3.018116764724254608e-02 0.000000000000000000e+00 -9.878875061986036599e-06 3.000391460955142975e-02 0.000000000000000000e+00 8.000000000000000000e+00 8.191000000000000000e+03 0.000000000000000000e+00 0.000000000000000000e+00 2.754999876022338867e+00
1.180000019073486328e+01 2.018714323639869690e-02 0.000000000000000000e+00 -1.011449239740613848e-05 1.999438367784023285e-02 0.000000000000000000e+00 8.000000000000000000e+00 8.191000000000000000e+03 0.000000000000000000e+00 0.000000000000000000e+00 2.754999876022338867e+00
1.200000000000000000e+01 1.008682139217853546e-02 0.000000000000000000e+00 -1.003690704237669706e-05 9.997349232435226440e-03 0.000000000000000000e+00 8.000000000000000000e+00 8.191000000000000000e+03 0.000000000000000000e+00 0.000000000000000000e+00 2.754999876022338867e+00
1.219999980926513672e+01 2.383701503276824951e-04 0.000000000000000000e+00 -9.642028999223839492e-06 3.129243850708007812e-07 0.000000000000000000e+00 8.000000000000000000e+00 8.191000000000000000e+03 0.000000000000000000e+00 0.000000000000000000e+00 2.754999876022338867e+00
1.240000057220458984e+01 -9.900186210870742798e-03 0.000000000000000000e+00 -9.170446901407558471e-06 -9.996719658374786377e-03 0.000000000000000000e+00 8.000000000000000000e+00 8.191000000000000000e+03 0.000000000000000000e+00 0.000000000000000000e+00 2.754400014877319336e+00
1.260000038146972656e+01 -1.994544453918933868e-02 0.000000000000000000e+00 -8.653044460515957326e-06 -1.999375596642494202e-02 0.000000000000000000e+00 8.000000000000000000e+00 6.143000000000000000e+03 0.000000000000000000e+00 0.000000000000000000e+00 2.754400014877319336e+00
1.280000019073486328e+01 -2.983514033257961273e-02 0.000000000000000000e+00 -8.112211617117282003e-06 -3.000328317284584045e-02 0.000000000000000000e+00 8.000000000000000000e+00 8.191000000000000000e+03 0.000000000000000000e+00 0.000000000000000000e+00 2.754400014877319336e+00
1.300000000000000000e+01 -3.983531519770622253e-02 0.000000000000000000e+00 -7.687393008382059634e-06 -4.000032320618629456e-02 0.000000000000000000e+00 7.000000000000000000e+00 8.191000000000000000e+03 0.000000000000000000e+00 0.000000000000000000e+00 2.754400014877319336e+00
1.319999980926513672e+01 -4.983584582805633545e-02 0.000000000000000000e+00 -7.282487331394804642e-06 -4.999735578894615173e-02 0.000000000000000000e+00 7.000000000000000000e+00 8.191000000000000000e+03 0.000000000000000000e+00 0.000000000000000000e+00 2.754400014877319336e+00
1.340000057220458984e+01 -5.983494594693183899e-02 0.000000000000000000e+00 -6.949088401597691700e-06 -5.999438837170600891e-02 0.000000000000000000e+00 7.000000000000000000e+00 8.191000000000000000e+03 0.000000000000000000e+00 0.000000000000000000e+00 2.755100011825561523e+00
1.360000038146972656e+01 -6.996390223503112793e-02 0.000000000000000000e+00 -6.676378234260482714e-06 -7.000392675399780273e-02 0.000000000000000000e+00 7.000000000000000000e+00 8.191000000000000000e+03 0.000000000000000000e+00 0.000000000000000000e+00 2.755100011825561523e+00
1.380000019073486328e+01 -7.978595793247222900e-02 0.000000000000000000e+00 -6.460142685682512820e-06 -8.000095188617706299e-02 0.000000000000000000e+00 7.000000000000000000e+00 8.191000000000000000e+03 0.000000000000000000e+00 0.000000000000000000e+00 2.755100011825561523e+00
1.400000000000000000e+01 -8.982963860034942627e-02 0.000000000000000000e+00 -6.317565294011728838e-06 -8.999799191951751709e-02 0.000000000000000000e+00 7.000000000000000000e+00 8.191000000000000000e+03 0.000000000000000000e+00 0.000000000000000000e+00 2.755100011825561523e+00
1.419999980926513672e+01 -9.978320449590682983e-02 0.000000000000000000e+00 -6.230416602193145081e-06 -9.999501705169677734e-02 0.000000000000000000e+00 7.000000000000000000e+00 8.191000000000000000e+03 0.000000000000000000e+00 0.000000000000000000e+00 2.755100011825561523e+00
1.440000057220458984e+01 -1.098979562520980835e-01 0.000000000000000000e+00 -6.194457910169148818e-06 -1.100045591592788696e-01 0.000000000000000000e+00 7.000000000000000000e+00 8.191000000000000000e+03 0.000000000000000000e+00 0.000000000000000000e+00 2.754999876022338867e+00
1.460000038146972656e+01 -1.197929754853248596e-01 0.000000000000000000e+00 -6.207651040313066915e-06 -1.200015842914581299e-01 0.000000000000000000e+00 7.000000000000000000e+00 8.191000000000000000e+03 0.000000000000000000e+00 0.000000000000000000e+00 2.754999876022338867e+00
1.480000019073486328e+01 -1.298791915178298950e-01 0.000000000000000000e+00 -6.270599897106876597e-06 -1.299986243247985840e-01 0.000000000000000000e+00 7.000000000000000000e+00 8.191000000000000000e+03 0.000000000000000000e+00 0.000000000000000000e+00 2.754999876022338867e+00
1.500000000000000000e+01 -1.397611349821090698e-01 0.000000000000000000e+00 -6.368755293806316331e-06 -1.399956643581390381e-01 0.000000000000000000e+00 7.000000000000000000e+00 8.191000000000000000e+03 0.000000000000000000e+00 0.000000000000000000e+00 2.754999876022338867e+00
1.519999980926513672e+01 -1.499271839857101440e-01 0.000000000000000000e+00 -6.517361271107802168e-06 -1.500051915645599365e-01 0.000000000000000000e+00 7.000000000000000000e+00 8.191000000000000000e+03 0.000000000000000000e+00 0.000000000000000000e+00 2.754999876022338867e+00
1.540000057220458984e+01 -1.597901731729507446e-01 0.000000000000000000e+00 -6.700709036522312090e-06 -1.600022166967391968e-01 0.000000000000000000e+00 7.000000000000000000e+00 8.191000000000000000e+03 0.000000000000000000e+00 0.000000000000000000e+00 2.754999876022338867e+00
1.560000038146972656e+01 -1.698860824108123779e-01 0.000000000000000000e+00 -6.918935014255112037e-06 -1.699992567300796509e-01 0.000000000000000000e+00 7.000000000000000000e+00 8.191000000000000000e+03 0.000000000000000000e+00 0.000000000000000000e+00 2.754999876022338867e+00
1.580000019073486328e+01 -1.798491925001144409e-01 0.000000000000000000e+00 -7.169766377046471462e-06 -1.799962967634201050e-01 0.000000000000000000e+00 7.000000000000000000e+00 8.191000000000000000e+03 0.000000000000000000e+00 0.000000000000000000e+00 2.754999876022338867e+00
1.600000000000000000e+01 -1.898702830076217651e-01 0.000000000000000000e+00 -7.452259978890651837e-06 -1.900058239698410034e-01 0.000000000000000000e+00 7.000000000000000000e+00 8.191000000000000000e+03 0.000000000000000000e+00 0.000000000000000000e+00 2.754999876022338867e+00
1.620000076293945312e+01 -1.999053657054901123e-01 0.000000000000000000e+00 -7.764619113004300743e-06 -2.000028640031814575e-01 0.000000000000000000e+00 7.000000000000000000e+00 8.191000000000000000e+03 0.000000000000000000e+00 0.000000000000000000e+00 2.754999876022338867e+00
1.639999961853027344e+01 -1.900096535682678223e-01 0.000000000000000000e+00 -7.023530997685156763e-06 -1.900058239698410034e-01 0.000000000000000000e+00 7.000000000000000000e+00 8.191000000000000000e+03 0.000000000000000000e+00 1.000000000000000000e+00 2.754999876022338867e+00
1.660000038146972656e+01 -1.798242479562759399e-01 0.000000000000000000e+00 -6.396699973265640438e-06 -1.799962967634201050e-01 0.000000000000000000e+00 7.000000000000000000e+00 8.191000000000000000e+03 0.000000000000000000e+00 1.000000000000000000e+00 2.754999876022338867e+00
1.680000114440917969e+01 -1.698881685733795166e-01 0.000000000000000000e+00 -5.857723863300634548e-06 -1.699992567300796509e-01 0.000000000000000000e+00 7.000000000000000000e+00 8.191000000000000000e+03 0.000000000000000000e+00 1.000000000000000000e+00 2.754999876022338867e+00
1.700000000000000000e+01 -1.599601060152053833e-01 0.000000000000000000e+00 -5.379724825615994632e-06 -1.600022166967391968e-01 0.000000000000000000e+00 7.000000000000000000e+00 8.191000000000000000e+03 0.000000000000000000e+00 1.000000000000000000e+00 2.754999876022338867e+00
1.720000076293945312e+01 -1.498205363750457764e-01 0.000000000000000000e+00 -4.955508757120696828e-06 -1.500051915645599365e-01 0.000000000000000000e+00 7.000000000000000000e+00 8.191000000000000000e+03 0.000000000000000000e+00 1.000000000000000000e+00 2.754999876022338867e+00
1.739999961853027344e+01 -1.397907733917236328e-01 0.000000000000000000e+00 -4.579062533593969420e-06 -1.399956643581390381e-01 0.000000000000000000e+00 7.000000000000000000e+00 8.191000000000000000e+03 0.000000000000000000e+00 1.000000000000000000e+00 2.754899978637695312e+00
1.760000038146972656e+01 -1.298919618129730225e-01 0.000000000000000000e+00 -4.237254870531614870e-06 -1.299986243247985840e-01 0.000000000000000000e+00 7.000000000000000000e+00 8.191000000000000000e+03 0.000000000000000000e+00 1.000000000000000000e+00 2.754899978637695312e+00
1.780000114440917969e+01 -1.198790147900581360e-01 0.000000000000000000e+00 -3.928845671907765791e-06 -1.200015842914581299e-01 0.000000000000000000e+00 7.000000000000000000e+00 8.191000000000000000e+03 0.000000000000000000e+00 1.000000000000000000e+00 2.754899978637695312e+00
1.800000000000000000e+01 -1.099115982651710510e-01 0.000000000000000000e+00 -3.650780172392842360e-06 -1.100045591592788696e-01 0.000000000000000000e+00 7.000000000000000000e+00 8.191000000000000000e+03 0.000000000000000000e+00 1.000000000000000000e+00 2.754899978637695312e+00
1.820000076293945312e+01 -9.987067431211471558e-02 0.000000000000000000e+00 -3.391052587176091038e-06 -9.999501705169677734e-02 0.000000000000000000e+00 7.000000000000000000e+00 8.191000000000000000e+03 0.000000000000000000e+00 1.000000000000000000e+00 2.754899978637695312e+00
1.839999961853027344e+01 -8.988834172487258911e-02 0.000000000000000000e+00 -3.151988948957296088e-06 -8.999799191951751709e-02 0.000000000000000000e+00 7.000000000000000000e+00 8.191000000000000000e+03 0.000000000000000000e+00 1.000000000000000000e+00 2.754899978637695312e+00
1.860000038146972656e+01 -7.987142354249954224e-02 0.000000000000000000e+00 -2.930433993242331780e-06 -8.000095188617706299e-02 0.000000000000000000e+00 7.000000000000000000e+00 8.191000000000000000e+03 0.000000000000000000e+00 1.000000000000000000e+00 2.754899978637695312e+00
1.880000114440917969e+01 -6.986568123102188110e-02 0.000000000000000000e+00 -2.708783085836330429e-06 -7.000392675399780273e-02 0.000000000000000000e+00 7.000000000000000000e+00 8.191000000000000000e+03 0.000000000000000000e+00 1.000000000000000000e+00 2.754899978637695312e+00
1.900000000000000000e+01 -5.988473817706108093e-02 0.000000000000000000e+00 -2.492383146091015078e-06 -5.999438837170600891e-02 0.000000000000000000e+00 7.000000000000000000e+00 8.191000000000000000e+03 0.000000000000000000e+00 1.000000000000000000e+00 2.754899978637695312e+00
1.920000076293945312e+01 -5.001411586999893188e-02 0.000000000000000000e+00 -2.273258132845512591e-06 -4.999735578894615173e-02 0.000000000000000000e+00 7.000000000000000000e+00 8.191000000000000000e+03 0.000000000000000000e+00 1.000000000000000000e+00 2.754899978637695312e+00
1.939999961853027344e+01 -3.981931135058403015e-02 0.000000000000000000e+00 -2.024786681431578472e-06 -4.000032320618629456e-02 0.000000000000000000e+00 7.000000000000000000e+00 8.191000000000000000e+03 0.000000000000000000e+00 1.000000000000000000e+00 2.754999876022338867e+00
1.960000038146972656e+01 -2.991990186274051666e-02 0.000000000000000000e+00 -1.748514137034362648e-06 -3.000328317284584045e-02 0.000000000000000000e+00 7.000000000000000000e+00 8.191000000000000000e+03 0.000000000000000000e+00 1.000000000000000000e+00 2.754999876022338867e+00
1.980000114440917969e+01 -1.977994479238986969e-02 0.000000000000000000e+00 -1.410856498296197969e-06 -1.999375596642494202e-02 0.000000000000000000e+00 7.000000000000000000e+00 8.191000000000000000e+03 0.000000000000000000e+00 1.000000000000000000e+00 2.754999876022338867e+00
2.000000000000000000e+01 -9.783294051885604858e-03 0.000000000000000000e+00 -9.946721775122568943e-07 -9.996719658374786377e-03 0.000000000000000000e+00 7.000000000000000000e+00 8.191000000000000000e+03 0.000000000000000000e+00 1.000000000000000000e+00 2.754999876022338867e+00
2.020000076293945312e+01 1.139061350841075182e-04 0.000000000000000000e+00 -4.593879907588416245e-07 3.129243850708007812e-07 0.000000000000000000e+00 7.000000000000000000e+00 8.191000000000000000e+03 0.000000000000000000e+00 1.000000000000000000e+00 2.754999876022338867e+00
2.039999961853027344e+01 1.019169948995113373e-02 0.000000000000000000e+00 2.242410204189582146e-07 9.997349232435226440e-03 0.000000000000000000e+00 6.000000000000000000e+00 8.191000000000000000e+03 0.000000000000000000e+00 1.000000000000000000e+00 2.754999876022338867e+00
2.060000038146972656e+01 2.023483626544475555e-02 0.000000000000000000e+00 1.083580968952446710e-06 1.999438367784023285e-02 0.000000000000000000e+00 6.000000000000000000e+00 5.116000000000000000e+03 0.000000000000000000e+00 1.000000000000000000e+00 2.754999876022338867e+00
2.080000114440917969e+01 3.023452498018741608e-02 0.000000000000000000e+00 2.248671307825134136e-06 3.000391460955142975e-02 0.000000000000000000e+00 7.000000000000000000e+00 8.191000000000000000e+03 0.000000000000000000e+00 1.000000000000000000e+00 2.754999876022338867e+00
2.100000000000000000e+01 4.002997651696205139e-02 0.000000000000000000e+00 3.620298002715571783e-06 4.000094905495643616e-02 0.000000000000000000e+00 7.000000000000000000e+00 8.191000000000000000e+03 0.000000000000000000e+00 1.000000000000000000e+00 2.754999876022338867e+00
2.120000076293945312e+01 5.023013055324554443e-02 0.000000000000000000e+00 5.226913344813510776e-06 4.999798536300659180e-02 0.000000000000000000e+00 7.000000000000000000e+00 8.191000000000000000e+03 0.000000000000000000e+00 1.000000000000000000e+00 2.754999876022338867e+00
2.139999961853027344e+01 6.026743352413177490e-02 0.000000000000000000e+00 7.032604116830043495e-06 5.999501794576644897e-02 0.000000000000000000e+00 7.000000000000000000e+00 8.191000000000000000e+03 0.000000000000000000e+00 1.000000000000000000e+00 2.755199909210205078e+00
2.160000038146972656e+01 7.018326222896575928e-02 0.000000000000000000e+00 8.918898856791201979e-06 7.000455260276794434e-02 0.000000000000000000e+00 7.000000000000000000e+00 8.191000000000000000e+03 0.000000000000000000e+00 1.000000000000000000e+00 2.755199909210205078e+00
2.180000114440917969e+01 8.014719188213348389e-02 0.000000000000000000e+00 1.080643778550438583e-05 8.000158518552780151e-02 0.000000000000000000e+00 8.000000000000000000e+00 8.191000000000000000e+03 0.000000000000000000e+00 1.000000000000000000e+00 2.755199909210205078e+00
2.200000000000000000e+01 9.007035940885543823e-02 0.000000000000000000e+00 1.257219264516606927e-05 8.999861776828765869e-02 0.000000000000000000e+00 8.000000000000000000e+00 8.191000000000000000e+03 0.000000000000000000e+00 1.000000000000000000e+00 2.755199909210205078e+00
2.220000076293945312e+01 1.002456098794937134e-01 0.000000000000000000e+00 1.409735341439954937e-05 9.999565780162811279e-02 0.000000000000000000e+00 8.000000000000000000e+00 8.191000000000000000e+03 0.000000000000000000e+00 1.000000000000000000e+00 2.755199909210205078e+00
2.239999961853027344e+01 1.100685521960258484e-01 0.000000000000000000e+00 1.525614425190724432e-05 1.100051850080490112e-01 0.000000000000000000e+00 8.000000000000000000e+00 8.191000000000000000e+03 0.000000000000000000e+00 1.000000000000000000e+00 2.754999876022338867e+00
2.260000038146972656e+01 1.201176121830940247e-01 0.000000000000000000e+00 1.611309380677994341e-05 1.200022250413894653e-01 0.000000000000000000e+00 8.000000000000000000e+00 8.191000000000000000e+03 0.000000000000000000e+00 1.000000000000000000e+00 2.754999876022338867e+00
2.280000114440917969e+01 1.301004737615585327e-01 0.000000000000000000e+00 1.660987436480354518e-05 1.299992501735687256e-01 0.000000000000000000e+00 8.000000000000000000e+00 8.191000000000000000e+03 0.000000000000000000e+00 1.000000000000000000e+00 2.754999876022338867e+00
2.300000000000000000e+01 1.402207762002944946e-01 0.000000000000000000e+00 1.686494579189456999e-05 1.399962902069091797e-01 0.000000000000000000e+00 8.000000000000000000e+00 8.191000000000000000e+03 0.000000000000000000e+00 1.000000000000000000e+00 2.754999876022338867e+00
2.320000076293945312e+01 1.501984447240829468e-01 0.000000000000000000e+00 1.678283661021851003e-05 1.500058174133300781e-01 0.000000000000000000e+00 8.000000000000000000e+00 8.191000000000000000e+03 0.000000000000000000e+00 1.000000000000000000e+00 2.754999876022338867e+00
2.339999961853027344e+01 1.600542962551116943e-01 0.000000000000000000e+00 1.659195913816802204e-05 1.600028574466705322e-01 0.000000000000000000e+00 8.000000000000000000e+00 8.191000000000000000e+03 0.000000000000000000e+00 1.000000000000000000e+00 2.754899978637695312e+00
2.360000038146972656e+01 1.701848655939102173e-01 0.000000000000000000e+00 1.629068719921633601e-05 1.699998974800109863e-01 0.000000000000000000e+00 8.000000000000000000e+00 8.191000000000000000e+03 0.000000000000000000e+00 1.000000000000000000e+00 2.754899978637695312e+00
2.380000114440917969e+01 1.800312995910644531e-01 0.000000000000000000e+00 1.593859269632957876e-05 1.799969226121902466e-01 0.000000000000000000e+00 8.000000000000000000e+00 8.191000000000000000e+03 0.000000000000000000e+00 1.000000000000000000e+00 2.754899978637695312e+00
2.400000000000000000e+01 1.901353746652603149e-01 0.000000000000000000e+00 1.554401933390181512e-05 1.899939626455307007e-01 0.000000000000000000e+00 8.000000000000000000e+00 8.191000000000000000e+03 0.000000000000000000e+00 1.000000000000000000e+00 2.754899978637695312e+00
2.420000076293945312e+01 2.002688348293304443e-01 0.000000000000000000e+00 1.520891783002298325e-05 2.000034898519515991e-01 0.000000000000000000e+00 8.000000000000000000e+00 8.191000000000000000e+03 0.000000000000000000e+00 1.000000000000000000e+00 2.754899978637695312e+00
2.439999961853027344e+01 2.101932168006896973e-01 0.000000000000000000e+00 1.485101165599189699e-05 2.100005298852920532e-01 0.000000000000000000e+00 8.000000000000000000e+00 8.191000000000000000e+03 0.000000000000000000e+00 1.000000000000000000e+00 2.754999876022338867e+00
2.460000038146972656e+01 2.201877087354660034e-01 0.000000000000000000e+00 1.450839044991880655e-05 2.199975699186325073e-01 0.000000000000000000e+00 8.000000000000000000e+00 8.191000000000000000e+03 0.000000000000000000e+00 1.000000000000000000e+00 2.754999876022338867e+00
2.480000114440917969e+01 2.300603985786437988e-01 0.000000000000000000e+00 1.419920408807229251e-05 2.299945950508117676e-01 0.000000000000000000e+00 8.000000000000000000e+00 8.191000000000000000e+03 0.000000000000000000e+00 1.000000000000000000e+00 2.754999876022338867e+00
2.500000000000000000e+01 2.401640415191650391e-01 0.000000000000000000e+00 1.393563343299319968e-05 2.400041371583938599e-01 0.000000000000000000e+00 8.000000000000000000e+00 8.191000000000000000e+03 0.000000000000000000e+00 1.000000000000000000e+00 2.754999876022338867e+00
2.520000076293945312e+01 2.502021789550781250e-01 0.000000000000000000e+00 1.370158315694425255e-05 2.500011622905731201e-01 0.000000000000000000e+00 8.000000000000000000e+00 8.191000000000000000e+03 0.000000000000000000e+00 1.000000000000000000e+00 2.754999876022338867e+00
2.539999961853027344e+01 2.601357400417327881e-01 0.000000000000000000e+00 1.348003934253938496e-05 2.599982023239135742e-01 0.000000000000000000e+00 8.000000000000000000e+00 8.191000000000000000e+03 0.000000000000000000e+00 1.000000000000000000e+00 2.754999876022338867e+00
2.560000038146972656e+01 2.702752053737640381e-01 0.000000000000000000e+00 1.328296184510691091e-05 2.699952423572540283e-01 0.000000000000000000e+00 8.000000000000000000e+00 8.191000000000000000e+03 0.000000000000000000e+00 1.000000000000000000e+00 2.754999876022338867e+00
2.580000114440917969e+01 2.801614701747894287e-01 0.000000000000000000e+00 1.310166226176079363e-05 2.800047695636749268e-01 0.000000000000000000e+00 8.000000000000000000e+00 8.191000000000000000e+03 0.000000000000000000e+00 1.000000000000000000e+00 2.754999876022338867e+00
2.600000000000000000e+01 2.900980114936828613e-01 0.000000000000000000e+00 1.292232718697050586e-05 2.900017797946929932e-01 0.000000000000000000e+00 8.000000000000000000e+00 8.191000000000000000e+03 0.000000000000000000e+00 1.000000000000000000e+00 2.754999876022338867e+00
2.620000076293945312e+01 3.001680672168731689e-01 0.000000000000000000e+00 1.282044922845670953e-05 2.999988198280334473e-01 0.000000000000000000e+00 8.000000000000000000e+00 8.191000000000000000e+03 0.000000000000000000e+00 1.000000000000000000e+00 2.754999876022338867e+00
2.639999961853027344e+01 2.900633513927459717e-01 0.000000000000000000e+00 1.246097144758095965e-05 2.900017797946929932e-01 0.000000000000000000e+00 8.000000000000000000e+00 8.191000000000000000e+03 0.000000000000000000e+00 1.000000000000000000e+00 2.755100011825561523e+00
2.660000038146972656e+01 2.801008820533752441e-01 0.000000000000000000e+00 1.219119076267816126e-05 2.800047695636749268e-01 0.000000000000000000e+00 8.000000000000000000e+00 8.191000000000000000e+03 0.000000000000000000e+00 1.000000000000000000e+00 2.755100011825561523e+00
2.680000114440917969e+01 2.702157795429229736e-01 0.000000000000000000e+00 1.195508139062440023e-05 2.699952423572540283e-01 0.000000000000000000e+00 8.000000000000000000e+00 8.191000000000000000e+03 0.000000000000000000e+00 1.000000000000000000e+00 2.755100011825561523e+00
2.700000000000000000e+01 2.601955533027648926e-01 0.000000000000000000e+00 1.173861073766602203e-05 2.599982023239135742e-01 0.000000000000000000e+00 8.000000000000000000e+00 8.191000000000000000e+03 0.000000000000000000e+00 1.000000000000000000e+00 2.755100011825561523e+00
2.720000076293945312e+01 2.502725422382354736e-01 0.000000000000000000e+00 1.158857867267215624e-05 2.500011622905731201e-01 0.000000000000000000e+00 8.000000000000000000e+00 8.191000000000000000e+03 0.000000000000000000e+00 1.000000000000000000e+00 2.755100011825561523e+00
2.739999961853027344e+01 2.400973141193389893e-01 0.000000000000000000e+00 1.135142156272195280e-05 2.400041371583938599e-01 0.000000000000000000e+00 8.000000000000000000e+00 8.191000000000000000e+03 0.000000000000000000e+00 1.000000000000000000e+00 2.754799842834472656e+00
2.760000038146972656e+01 2.302151620388031006e-01 0.000000000000000000e+00 1.117477950174361467e-05 2.299945950508117676e-01 0.000000000000000000e+00 8.000000000000000000e+00 8.191000000000000000e+03 0.000000000000000000e+00 1.000000000000000000e+00 2.754799842834472656e+00
2.780000114440917969e+01 2.200352549552917480e-01 0.000000000000000000e+00 1.094105482479790226e-05 2.199975699186325073e-01 0.000000000000000000e+00 8.000000000000000000e+00 8.191000000000000000e+03 0.000000000000000000e+00 1.000000000000000000e+00 2.754799842834472656e+00
2.800000000000000000e+01 2.102089971303939819e-01 0.000000000000000000e+00 1.075970703823259100e-05 2.100005298852920532e-01 0.000000000000000000e+00 8.000000000000000000e+00 8.191000000000000000e+03 0.000000000000000000e+00 1.000000000000000000e+00 2.754799842834472656e+00
2.820000076293945312e+01 2.001148909330368042e-01 0.000000000000000000e+00 1.053380856319563463e-05 2.000034898519515991e-01 0.000000000000000000e+00 8.000000000000000000e+00 8.191000000000000000e+03 0.000000000000000000e+00 1.000000000000000000e+00 2.754799842834472656e+00
2.839999961853027344e+01 1.901618093252182007e-01 0.000000000000000000e+00 1.027038160827942193e-05 1.899939626455307007e-01 0.000000000000000000e+00 8.000000000000000000e+00 8.191000000000000000e+03 0.000000000000000000e+00 1.000000000000000000e+00 2.754799842834472656e+00
2.860000038146972656e+01 1.801083981990814209e-01 0.000000000000000000e+00 9.987071280193049461e-06 1.799969226121902466e-01 0.000000000000000000e+00 8.000000000000000000e+00 8.191000000000000000e+03 0.000000000000000000e+00 1.000000000000000000e+00 2.754799842834472656e+00
2.880000114440917969e+01 1.700907051563262939e-01 0.000000000000000000e+00 9.588917237124405801e-06 1.699998974800109863e-01 0.000000000000000000e+00 8.000000000000000000e+00 8.191000000000000000e+03 0.000000000000000000e+00 1.000000000000000000e+00 2.754799842834472656e+00
2.900000000000000000e+01 1.602077782154083252e-01 0.000000000000000000e+00 9.096421308640856296e-06 1.600028574466705322e-01 0.000000000000000000e+00 8.000000000000000000e+00 8.191000000000000000e+03 0.000000000000000000e+00 1.000000000000000000e+00 2.754799842834472656e+00
2.920000076293945312e+01 1.502323597669601440e-01 0.000000000000000000e+00 8.430335583398118615e-06 1.500058174133300781e-01 0.000000000000000000e+00 8.000000000000000000e+00 8.191000000000000000e+03 0.000000000000000000e+00 1.000000000000000000e+00 2.754799842834472656e+00
2.939999961853027344e+01 1.402085572481155396e-01 0.000000000000000000e+00 7.562406608485616744e-06 1.399962902069091797e-01 0.000000000000000000e+00 8.000000000000000000e+00 8.191000000000000000e+03 0.000000000000000000e+00 1.000000000000000000e+00 2.754999876022338867e+00
2.960000038146972656e+01 1.301309615373611450e-01 0.000000000000000000e+00 6.453215974033810198e-06 1.299992501735687256e-01 0.000000000000000000e+00 7.000000000000000000e+00 8.191000000000000000e+03 0.000000000000000000e+00 1.000000000000000000e+00 2.754999876022338867e+00
2.980000114440917969e+01 1.202130019664764404e-01 0.000000000000000000e+00 5.077646164863836020e-06 1.200022250413894653e-01 0.000000000000000000e+00 7.000000000000000000e+00 8.191000000000000000e+03 0.000000000000000000e+00 1.000000000000000000e+00 2.754999876022338867e+00
3.000000000000000000e+01 1.100878417491912842e-01 0.000000000000000000e+00 3.389909124962287024e-06 1.100051850080490112e-01 0.000000000000000000e+00 7.000000000000000000e+00 8.191000000000000000e+03 0.000000000000000000e+00 1.000000000000000000e+00 2.754999876022338867e+00
3.020000076293945312e+01 1.001128330826759338e-01 0.000000000000000000e+00 1.395001163473352790e-06 9.999565780162811279e-02 0.000000000000000000e+00 7.000000000000000000e+00 8.191000000000000000e+03 0.000000000000000000e+00 1.000000000000000000e+00 2.754999876022338867e+00
3.039999961853027344e+01 9.016551822423934937e-02 0.000000000000000000e+00 -7.994722750481741969e-07 8.999861776828765869e-02 0.000000000000000000e+00 7.000000000000000000e+00 8.191000000000000000e+03 0.000000000000000000e+00 1.000000000000000000e+00 2.754999876022338867e+00
3.060000038146972656e+01 8.006057143211364746e-02 0.000000000000000000e+00 -1.093766627491277177e-06 8.000158518552780151e-02 0.000000000000000000e+00 6.000000000000000000e+00 7.164000000000000000e+03 0.000000000000000000e+00 1.000000000000000000e+00 2.754999876022338867e+00
3.080000114440917969e+01 7.013706117868423462e-02 0.000000000000000000e+00 -5.336536560207605362e-06 7.000455260276794434e-02 0.000000000000000000e+00 7.000000000000000000e+00 8.191000000000000000e+03 0.000000000000000000e+00 1.000000000000000000e+00 2.754999876022338867e+00
3.100000000000000000e+01 6.008638814091682434e-02 0.000000000000000000e+00 -7.314259619306540117e-06 5.999501794576644897e-02 0.000000000000000000e+00 7.000000000000000000e+00 8.191000000000000000e+03 0.000000000000000000e+00 1.000000000000000000e+00 2.754999876022338867e+00
3.120000076293945312e+01 5.017510801553726196e-02 0.000000000000000000e+00 -8.907949450076557696e-06 4.999798536300659180e-02 0.000000000000000000e+00 7.000000000000000000e+00 8.191000000000000000e+03 0.000000000000000000e+00 1.000000000000000000e+00 2.754999876022338867e+00
3.139999961853027344e+01 4.014407470822334290e-02 0.000000000000000000e+00 -9.992805644287727773e-06 4.000094905495643616e-02 0.000000000000000000e+00 8.000000000000000000e+00 8.191000000000000000e+03 0.000000000000000000e+00 1.000000000000000000e+00 2.754899978637695312e+00
3.160000038146972656e+01 3.019431978464126587e-02 0.000000000000000000e+00 -1.056787095876643434e-05 3.000391460955142975e-02 0.000000000000000000e+00 8.000000000000000000e+00 8.191000000000000000e+03 0.000000000000000000e+00 1.000000000000000000e+00 2.754899978637695312e+00
3.180000114440917969e+01 2.017329633235931396e-02 0.000000000000000000e+00 -1.077248634828720242e-05 1.999438367784023285e-02 0.000000000000000000e+00 8.000000000000000000e+00 8.191000000000000000e+03 0.000000000000000000e+00 1.000000000000000000e+00 2.754899978637695312e+00
3.200000000000000000e+01 1.015224587172269821e-02 0.000000000000000000e+00 -1.054044514603447169e-05 9.997349232435226440e-03 0.000000000000000000e+00 8.000000000000000000e+00 8.191000000000000000e+03 0.000000000000000000e+00 1.000000000000000000e+00 2.754899978637695312e+00
3.220000076293945312e+01 1.496024196967482567e-04 0.000000000000000000e+00 -1.015694579109549522e-05 3.129243850708007812e-07 0.000000000000000000e+00 8.000000000000000000e+00 8.191000000000000000e+03 0.000000000000000000e+00 1.000000000000000000e+00 2.754899978637695312e+00
3.240000152587890625e+01 -9.768977761268615723e-03 0.000000000000000000e+00 -9.627646250010002404e-06 -9.996719658374786377e-03 0.000000000000000000e+00 8.000000000000000000e+00 8.191000000000000000e+03 0.000000000000000000e+00 1.000000000000000000e+00 2.754899978637695312e+00
3.260000228881835938e+01 -1.977739483118057251e-02 0.000000000000000000e+00 -9.071721251530107111e-06 -1.999375596642494202e-02 0.000000000000000000e+00 8.000000000000000000e+00 8.191000000000000000e+03 0.000000000000000000e+00 1.000000000000000000e+00 2.754899978637695312e+00
3.279999923706054688e+01 -2.924109809100627899e-02 0.000000000000000000e+00 -8.558793524571228772e-06 -3.000328317284584045e-02 0.000000000000000000e+00 8.000000000000000000e+00 6.143000000000000000e+03 0.000000000000000000e+00 1.000000000000000000e+00 2.754899978637695312e+00
3.300000000000000000e+01 -3.982631489634513855e-02 0.000000000000000000e+00 -8.087672540568746626e-06 -4.000032320618629456e-02 0.000000000000000000e+00 8.000000000000000000e+00 8.191000000000000000e+03 0.000000000000000000e+00 1.000000000000000000e+00 2.754899978637695312e+00
3.320000076293945312e+01 -4.983818903565406799e-02 0.000000000000000000e+00 -7.684645424888003618e-06 -4.999735578894615173e-02 0.000000000000000000e+00 7.000000000000000000e+00 8.191000000000000000e+03 0.000000000000000000e+00 1.000000000000000000e+00 2.754899978637695312e+00
3.340000152587890625e+01 -5.984881892800331116e-02 0.000000000000000000e+00 -7.335571353905834258e-06 -5.999438837170600891e-02 0.000000000000000000e+00 7.000000000000000000e+00 8.191000000000000000e+03 0.000000000000000000e+00 1.000000000000000000e+00 2.755100011825561523e+00
3.360000228881835938e+01 -6.986396759748458862e-02 0.000000000000000000e+00 -7.042275683488696814e-06 -7.000392675399780273e-02 0.000000000000000000e+00 7.000000000000000000e+00 8.191000000000000000e+03 0.000000000000000000e+00 1.000000000000000000e+00 2.755100011825561523e+00
3.379999923706054688e+01 -7.980220019817352295e-02 0.000000000000000000e+00 -6.810063496232032776e-06 -8.000095188617706299e-02 0.000000000000000000e+00 7.000000000000000000e+00 8.191000000000000000e+03 0.000000000000000000e+00 1.000000000000000000e+00 2.755100011825561523e+00
3.400000000000000000e+01 -9.003201872110366821e-02 0.000000000000000000e+00 -6.641683285124599934e-06 -8.999799191951751709e-02 0.000000000000000000e+00 7.000000000000000000e+00 8.191000000000000000e+03 0.000000000000000000e+00 1.000000000000000000e+00 2.755100011825561523e+00
3.420000076293945312e+01 -9.980019181966781616e-02 0.000000000000000000e+00 -6.517585006804438308e-06 -9.999501705169677734e-02 0.000000000000000000e+00 7.000000000000000000e+00 8.191000000000000000e+03 0.000000000000000000e+00 1.000000000000000000e+00 2.755100011825561523e+00
3.440000152587890625e+01 -1.097992807626724243e-01 0.000000000000000000e+00 -6.451566605392144993e-06 -1.100045591592788696e-01 0.000000000000000000e+00 7.000000000000000000e+00 8.191000000000000000e+03 0.000000000000000000e+00 1.000000000000000000e+00 2.754999876022338867e+00
3.460000228881835938e+01 -1.198799759149551392e-01 0.000000000000000000e+00 -6.426002983062062413e-06 -1.200015842914581299e-01 0.000000000000000000e+00 7.000000000000000000e+00 8.191000000000000000e+03 0.000000000000000000e+00 1.000000000000000000e+00 2.754999876022338867e+00
3.479999923706054688e+01 -1.297313719987869263e-01 0.000000000000000000e+00 -6.448178282880689949e-06 -1.299986243247985840e-01 0.000000000000000000e+00 7.000000000000000000e+00 8.191000000000000000e+03 0.000000000000000000e+00 1.000000000000000000e+00 2.754999876022338867e+00
3.500000000000000000e+01 -1.398395001888275146e-01 0.000000000000000000e+00 -6.513897460536099970e-06 -1.399956643581390381e-01 0.000000000000000000e+00 7.000000000000000000e+00 8.191000000000000000e+03 0.000000000000000000e+00 1.000000000000000000e+00 2.754999876022338867e+00
3.520000076293945312e+01 -1.498926430940628052e-01 0.000000000000000000e+00 -6.617507096962071955e-06 -1.500051915645599365e-01 0.000000000000000000e+00 7.000000000000000000e+00 8.191000000000000000e+03 0.000000000000000000e+00 1.000000000000000000e+00 2.754999876022338867e+00
3.540000152587890625e+01 -1.598669141530990601e-01 0.000000000000000000e+00 -6.759460575267439708e-06 -1.600022166967391968e-01 0.000000000000000000e+00 7.000000000000000000e+00 8.191000000000000000e+03 0.000000000000000000e+00 1.000000000000000000e+00 2.754899978637695312e+00
3.560000228881835938e+01 -1.699687391519546509e-01 0.000000000000000000e+00 -6.944297183508751914e-06 -1.699992567300796509e-01 0.000000000000000000e+00 7.000000000000000000e+00 8.191000000000000000e+03 0.000000000000000000e+00 1.000000000000000000e+00 2.754899978637695312e+00
3.579999923706054688e+01 -1.799077689647674561e-01 0.000000000000000000e+00 -7.158797870943089947e-06 -1.799962967634201050e-01 0.000000000000000000e+00 7.000000000000000000e+00 8.191000000000000000e+03 0.000000000000000000e+00 1.000000000000000000e+00 2.754899978637695312e+00
3.600000000000000000e+01 -1.899064630270004272e-01 0.000000000000000000e+00 -7.412963441311148927e-06 -1.900058239698410034e-01 0.000000000000000000e+00 7.000000000000000000e+00 8.191000000000000000e+03 0.000000000000000000e+00 1.000000000000000000e+00 2.754899978637695312e+00
3.620000076293945312e+01 -1.999419182538986206e-01 0.000000000000000000e+00 -7.700558853684924543e-06 -2.000028640031814575e-01 0.000000000000000000e+00 7.000000000000000000e+00 8.191000000000000000e+03 0.000000000000000000e+00 1.000000000000000000e+00 2.754899978637695312e+00
3.640000152587890625e+01 -1.899181604385375977e-01 0.000000000000000000e+00 -7.014085440459894016e-06 -1.900058239698410034e-01 0.000000000000000000e+00 7.000000000000000000e+00 8.191000000000000000e+03 0.000000000000000000e+00 2.000000000000000000e+00 2.754899978637695312e+00
3.660000228881835938e+01 -1.798675954341888428e-01 0.000000000000000000e+00 -6.434682291001081467e-06 -1.799962967634201050e-01 0.000000000000000000e+00 7.000000000000000000e+00 8.191000000000000000e+03 0.000000000000000000e+00 2.000000000000000000e+00 2.754899978637695312e+00
3.679999923706054688e+01 -1.698203384876251221e-01 0.000000000000000000e+00 -5.927565780439181253e-06 -1.699992567300796509e-01 0.000000000000000000e+00 7.000000000000000000e+00 8.191000000000000000e+03 0.000000000000000000e+00 2.000000000000000000e+00 2.754899978637695312e+00
3.700000000000000000e+01 -1.598641574382781982e-01 0.000000000000000000e+00 -5.482087544805835932e-06 -1.600022166967391968e-01 0.000000000000000000e+00 7.000000000000000000e+00 8.191000000000000000e+03 0.000000000000000000e+00 2.000000000000000000e+00 2.754899978637695312e+00
3.720000076293945312e+01 -1.499695181846618652e-01 0.000000000000000000e+00 -5.084120857645757496e-06 -1.500051915645599365e-01 0.000000000000000000e+00 7.000000000000000000e+00 8.191000000000000000e+03 0.000000000000000000e+00 2.000000000000000000e+00 2.754899978637695312e+00
3.740000152587890625e+01 -1.398129165172576904e-01 0.000000000000000000e+00 -4.722331141238100827e-06 -1.399956643581390381e-01 0.000000000000000000e+00 7.000000000000000000e+00 8.191000000000000000e+03 0.000000000000000000e+00 2.000000000000000000e+00 2.754999876022338867e+00
3.760000228881835938e+01 -1.298791468143463135e-01 0.000000000000000000e+00 -4.403003458719467744e-06 -1.299986243247985840e-01 0.000000000000000000e+00 7.000000000000000000e+00 8.191000000000000000e+03 0.000000000000000000e+00 2.000000000000000000e+00 2.754999876022338867e+00
3.779999923706054688e+01 -1.198990046977996826e-01 0.000000000000000000e+00 -4.107313088752562180e-06 -1.200015842914581299e-01 0.000000000000000000e+00 7.000000000000000000e+00 8.191000000000000000e+03 0.000000000000000000e+00 2.000000000000000000e+00 2.754999876022338867e+00
3.800000000000000000e+01 -1.098441258072853088e-01 0.000000000000000000e+00 -3.837893473246367648e-06 -1.100045591592788696e-01 0.000000000000000000e+00 7.000000000000000000e+00 8.191000000000000000e+03 0.000000000000000000e+00 2.000000000000000000e+00 2.754999876022338867e+00
3.820000076293945312e+01 -9.987835586071014404e-02 0.000000000000000000e+00 -3.590457936297752894e-06 -9.999501705169677734e-02 0.000000000000000000e+00 7.000000000000000000e+00 8.191000000000000000e+03 0.000000000000000000e+00 2.000000000000000000e+00 2.754999876022338867e+00
3.840000152587890625e+01 -8.986547589302062988e-02 0.000000000000000000e+00 -3.359982201800448820e-06 -8.999799191951751709e-02 0.000000000000000000e+00 7.000000000000000000e+00 8.191000000000000000e+03 0.000000000000000000e+00 2.000000000000000000e+00 2.754899978637695312e+00
3.860000228881835938e+01 -7.986545562744140625e-02 0.000000000000000000e+00 -3.142264858979615383e-06 -8.000095188617706299e-02 0.000000000000000000e+00 7.000000000000000000e+00 8.191000000000000000e+03 0.000000000000000000e+00 2.000000000000000000e+00 2.754899978637695312e+00
3.879999923706054688e+01 -6.999676674604415894e-02 0.000000000000000000e+00 -2.934541953436564654e-06 -7.000392675399780273e-02 0.000000000000000000e+00 7.000000000000000000e+00 8.191000000000000000e+03 0.000000000000000000e+00 2.000000000000000000e+00 2.754899978637695312e+00
3.900000000000000000e+01 -5.995591357350349426e-02 0.000000000000000000e+00 -2.724876821957877837e-06 -5.999438837170600891e-02 0.000000000000000000e+00 7.000000000000000000e+00 8.191000000000000000e+03 0.000000000000000000e+00 2.000000000000000000e+00 2.754899978637695312e+00
3.920000076293945312e+01 -4.975827038288116455e-02 0.000000000000000000e+00 -2.509351133994641714e-06 -4.999735578894615173e-02 0.000000000000000000e+00 7.000000000000000000e+00 8.191000000000000000e+03 0.000000000000000000e+00 2.000000000000000000e+00 2.754899978637695312e+00
3.940000152587890625e+01 -3.979643061757087708e-02 0.000000000000000000e+00 -2.279330601595574990e-06 -4.000032320618629456e-02 0.000000000000000000e+00 7.000000000000000000e+00 8.191000000000000000e+03 0.000000000000000000e+00 2.000000000000000000e+00 2.754899978637695312e+00
3.960000228881835938e+01 -2.985075861215591431e-02 0.000000000000000000e+00 -2.013788844124064781e-06 -3.000328317284584045e-02 0.000000000000000000e+00 7.000000000000000000e+00 8.191000000000000000e+03 0.000000000000000000e+00 2.000000000000000000e+00 2.754899978637695312e+00
3.979999923706054688e+01 -1.987075805664062500e-02 0.000000000000000000e+00 -1.701954261079663411e-06 -1.999375596642494202e-02 0.000000000000000000e+00 7.000000000000000000e+00 8.191000000000000000e+03 0.000000000000000000e+00 2.000000000000000000e+00 2.754899978637695312e+00
4.000000000000000000e+01 -9.939503856003284454e-03 0.000000000000000000e+00 -1.309726030740421265e-06 -9.996719658374786377e-03 0.000000000000000000e+00 7.000000000000000000e+00 8.191000000000000000e+03 0.000000000000000000e+00 2.000000000000000000e+00 2.754899978637695312e+00
4.020000076293945312e+01 1.589851162862032652e-04 0.000000000000000000e+00 -8.078055202531686518e-07 3.129243850708007812e-07 0.000000000000000000e+00 7.000000000000000000e+00 8.191000000000000000e+03 0.000000000000000000e+00 2.000000000000000000e+00 2.754899978637695312e+00
4.040000152587890625e+01 1.002531405538320541e-02 0.000000000000000000e+00 -1.641503359905982506e-07 9.997349232435226440e-03 0.000000000000000000e+00 6.000000000000000000e+00 8.191000000000000000e+03 0.000000000000000000e+00 2.000000000000000000e+00 2.754899978637695312e+00
4.060000228881835938e+01 2.012227475643157959e-02 0.000000000000000000e+00 6.733954478477244265e-07 1.999438367784023285e-02 0.000000000000000000e+00 6.000000000000000000e+00 6.143000000000000000e+03 0.000000000000000000e+00 2.000000000000000000e+00 2.754899978637695312e+00
4.079999923706054688e+01 3.008638881146907806e-02 0.000000000000000000e+00 1.093102355298469774e-06 3.000391460955142975e-02 0.000000000000000000e+00 6.000000000000000000e+00 7.164000000000000000e+03 0.000000000000000000e+00 2.000000000000000000e+00 2.754899978637695312e+00
4.100000000000000000e+01 4.013057798147201538e-02 0.000000000000000000e+00 3.042620392079697922e-06 4.000094905495643616e-02 0.000000000000000000e+00 7.000000000000000000e+00 8.191000000000000000e+03 0.000000000000000000e+00 2.000000000000000000e+00 2.754899978637695312e+00
4.120000076293945312e+01 5.021804943680763245e-02 0.000000000000000000e+00 4.594036454363958910e-06 4.999798536300659180e-02 0.000000000000000000e+00 7.000000000000000000e+00 8.191000000000000000e+03 0.000000000000000000e+00 2.000000000000000000e+00 2.754899978637695312e+00
4.140000152587890625e+01 6.006687134504318237e-02 0.000000000000000000e+00 6.350377134367590770e-06 5.999501794576644897e-02 0.000000000000000000e+00 7.000000000000000000e+00 8.191000000000000000e+03 0.000000000000000000e+00 2.000000000000000000e+00 2.755100011825561523e+00
4.160000228881835938e+01 7.018133252859115601e-02 0.000000000000000000e+00 8.226779755204916000e-06 7.000455260276794434e-02 0.000000000000000000e+00 7.000000000000000000e+00 8.191000000000000000e+03 0.000000000000000000e+00 2.000000000000000000e+00 2.755100011825561523e+00
4.179999923706054688e+01 8.010254055261611938e-02 0.000000000000000000e+00 1.010856340144528076e-05 8.000158518552780151e-02 0.000000000000000000e+00 7.000000000000000000e+00 8.190000000000000000e+03 0.000000000000000000e+00 2.000000000000000000e+00 2.755100011825561523e+00
4.200000000000000000e+01 9.016945958137512207e-02 0.000000000000000000e+00 1.194119704450713471e-05 8.999861776828765869e-02 0.000000000000000000e+00 8.000000000000000000e+00 8.191000000000000000e+03 0.000000000000000000e+00 2.000000000000000000e+00 2.755100011825561523e+00
4.220000076293945312e+01 1.001132279634475708e-01 0.000000000000000000e+00 1.348101432085968554e-05 9.999565780162811279e-02 0.000000000000000000e+00 8.000000000000000000e+00 8.191000000000000000e+03 0.000000000000000000e+00 2.000000000000000000e+00 2.755100011825561523e+00
4.240000152587890625e+01 1.100649088621139526e-01 0.000000000000000000e+00 1.471753512305440381e-05 1.100051850080490112e-01 0.000000000000000000e+00 8.000000000000000000e+00 8.191000000000000000e+03 0.000000000000000000e+00 2.000000000000000000e+00 2.754999876022338867e+00
4.260000228881835938e+01 1.201479509472846985e-01 0.000000000000000000e+00 1.560537202749401331e-05 1.200022250413894653e-01 0.000000000000000000e+00 8.000000000000000000e+00 8.191000000000000000e+03 0.000000000000000000e+00 2.000000000000000000e+00 2.754999876022338867e+00
4.279999923706054688e+01 1.301791518926620483e-01 0.000000000000000000e+00 1.618862916075158864e-05 1.299992501735687256e-01 0.000000000000000000e+00 8.000000000000000000e+00 8.191000000000000000e+03 0.000000000000000000e+00 2.000000000000000000e+00 2.754999876022338867e+00
4.300000000000000000e+01 1.401631534099578857e-01 0.000000000000000000e+00 1.639977199374698102e-05 1.399962902069091797e-01 0.000000000000000000e+00 8.000000000000000000e+00 8.191000000000000000e+03 0.000000000000000000e+00 2.000000000000000000e+00 2.754999876022338867e+00
4.320000076293945312e+01 1.501635462045669556e-01 0.000000000000000000e+00 1.639037145650945604e-05 1.500058174133300781e-01 0.000000000000000000e+00 8.000000000000000000e+00 8.191000000000000000e+03 0.000000000000000000e+00 2.000000000000000000e+00 2.754999876022338867e+00
4.340000152587890625e+01 1.601801216602325439e-01 0.000000000000000000e+00 1.622353374841623008e-05 1.600028574466705322e-01 0.000000000000000000e+00 8.000000000000000000e+00 8.191000000000000000e+03 0.000000000000000000e+00 2.000000000000000000e+00 2.754899978637695312e+00
4.360000228881835938e+01 1.701036691665649414e-01 0.000000000000000000e+00 1.592148691997863352e-05 1.699998974800109863e-01 0.000000000000000000e+00 8.000000000000000000e+00 8.191000000000000000e+03 0.000000000000000000e+00 2.000000000000000000e+00 2.754899978637695312e+00
4.379999923706054688e+01 1.800519973039627075e-01 0.000000000000000000e+00 1.555674862174782902e-05 1.799969226121902466e-01 0.000000000000000000e+00 8.000000000000000000e+00 8.191000000000000000e+03 0.000000000000000000e+00 2.000000000000000000e+00 2.754899978637695312e+00
4.400000000000000000e+01 1.901344358921051025e-01 0.000000000000000000e+00 1.521957710792776197e-05 1.899939626455307007e-01 0.000000000000000000e+00 8.000000000000000000e+00 8.191000000000000000e+03 0.000000000000000000e+00 2.000000000000000000e+00 2.754899978637695312e+00
4.420000076293945312e+01 2.000992149114608765e-01 0.000000000000000000e+00 1.483111645939061418e-05 2.000034898519515991e-01 0.000000000000000000e+00 8.000000000000000000e+00 8.191000000000000000e+03 0.000000000000000000e+00 2.000000000000000000e+00 2.754899978637695312e+00
4.440000152587890625e+01 2.101765871047973633e-01 0.000000000000000000e+00 1.452287415304454044e-05 2.100005298852920532e-01 0.000000000000000000e+00 8.000000000000000000e+00 8.191000000000000000e+03 0.000000000000000000e+00 2.000000000000000000e+00 2.754999876022338867e+00
4.460000228881835938e+01 2.199776023626327515e-01 0.000000000000000000e+00 1.416094710293691605e-05 2.199975699186325073e-01 0.000000000000000000e+00 8.000000000000000000e+00 8.191000000000000000e+03 0.000000000000000000e+00 2.000000000000000000e+00 2.754999876022338867e+00
4.479999923706054688e+01 2.301855534315109253e-01 0.000000000000000000e+00 1.387012616760330275e-05 2.299945950508117676e-01 0.000000000000000000e+00 8.000000000000000000e+00 8.191000000000000000e+03 0.000000000000000000e+00 2.000000000000000000e+00 2.754999876022338867e+00
4.500000000000000000e+01 2.401001453399658203e-01 0.000000000000000000e+00 1.357894325337838382e-05 2.400041371583938599e-01 0.000000000000000000e+00 8.000000000000000000e+00 8.191000000000000000e+03 0.000000000000000000e+00 2.000000000000000000e+00 2.754999876022338867e+00
4.520000076293945312e+01 2.501604557037353516e-01 0.000000000000000000e+00 1.335864817519905046e-05 2.500011622905731201e-01 0.000000000000000000e+00 8.000000000000000000e+00 8.191000000000000000e+03 0.000000000000000000e+00 2.000000000000000000e+00 2.754999876022338867e+00
4.540000152587890625e+01 2.600632905960083008e-01 0.000000000000000000e+00 1.307234651903854683e-05 2.599982023239135742e-01 0.000000000000000000e+00 8.000000000000000000e+00 8.191000000000000000e+03 0.000000000000000000e+00 2.000000000000000000e+00 2.754999876022338867e+00
4.560000228881835938e+01 2.700786888599395752e-01 0.000000000000000000e+00 1.289352530875476077e-05 2.699952423572540283e-01 0.000000000000000000e+00 8.000000000000000000e+00 8.191000000000000000e+03 0.000000000000000000e+00 2.000000000000000000e+00 2.754999876022338867e+00
4.579999923706054688e+01 2.800850570201873779e-01 0.000000000000000000e+00 1.271434121008496732e-05 2.800047695636749268e-01 0.000000000000000000e+00 8.000000000000000000e+00 8.191000000000000000e+03 0.000000000000000000e+00 2.000000000000000000e+00 2.754999876022338867e+00
4.600000000000000000e+01 2.902874946594238281e-01 0.000000000000000000e+00 1.257176700164563954e-05 2.900017797946929932e-01 0.000000000000000000e+00 8.000000000000000000e+00 8.191000000000000000e+03 0.000000000000000000e+00 2.000000000000000000e+00 2.754999876022338867e+00
4.620000076293945312e+01 3.001758754253387451e-01 0.000000000000000000e+00 1.245930343429790810e-05 2.999988198280334473e-01 0.000000000000000000e+00 8.000000000000000000e+00 8.191000000000000000e+03 0.000000000000000000e+00 2.000000000000000000e+00 2.754999876022338867e+00
4.640000152587890625e+01 2.903046607971191406e-01 0.000000000000000000e+00 1.204906493512680754e-05 2.900017797946929932e-01 0.000000000000000000e+00 8.000000000000000000e+00 8.191000000000000000e+03 0.000000000000000000e+00 2.000000000000000000e+00 2.755100011825561523e+00
4.660000228881835938e+01 2.802800536155700684e-01 0.000000000000000000e+00 1.176017303805565462e-05 2.800047695636749268e-01 0.000000000000000000e+00 8.000000000000000000e+00 8.191000000000000000e+03 0.000000000000000000e+00 2.000000000000000000e+00 2.755100011825561523e+00
4.679999923706054688e+01 2.701298594474792480e-01 0.000000000000000000e+00 1.152633376477751881e-05 2.699952423572540283e-01 0.000000000000000000e+00 8.000000000000000000e+00 8.191000000000000000e+03 0.000000000000000000e+00 2.000000000000000000e+00 2.755100011825561523e+00
4.700000000000000000e+01 2.600982785224914551e-01 0.000000000000000000e+00 1.132148099713958800e-05 2.599982023239135742e-01 0.000000000000000000e+00 8.000000000000000000e+00 8.191000000000000000e+03 0.000000000000000000e+00 2.000000000000000000e+00 2.755100011825561523e+00
4.720000076293945312e+01 2.501415610313415527e-01 0.000000000000000000e+00 1.114864971896167845e-05 2.500011622905731201e-01 0.000000000000000000e+00 8.000000000000000000e+00 8.191000000000000000e+03 0.000000000000000000e+00 2.000000000000000000e+00 2.755100011825561523e+00
4.740000152587890625e+01 2.401589304208755493e-01 0.000000000000000000e+00 1.092522506951354444e-05 2.400041371583938599e-01 0.000000000000000000e+00 8.000000000000000000e+00 8.191000000000000000e+03 0.000000000000000000e+00 2.000000000000000000e+00 2.754799842834472656e+00
4.760000228881835938e+01 2.302330434322357178e-01 0.000000000000000000e+00 1.075538057193625718e-05 2.299945950508117676e-01 0.000000000000000000e+00 8.000000000000000000e+00 8.191000000000000000e+03 0.000000000000000000e+00 2.000000000000000000e+00 2.754799842834472656e+00
4.779999923706054688e+01 2.201579511165618896e-01 0.000000000000000000e+00 1.059881105902604759e-05 2.199975699186325073e-01 0.000000000000000000e+00 8.000000000000000000e+00 8.191000000000000000e+03 0.000000000000000000e+00 2.000000000000000000e+00 2.754799842834472656e+00
4.800000000000000000e+01 2.101520895957946777e-01 0.000000000000000000e+00 1.039005110214930028e-05 2.100005298852920532e-01 0.000000000000000000e+00 8.000000000000000000e+00 8.191000000000000000e+03 0.000000000000000000e+00 2.000000000000000000e+00 2.754799842834472656e+00
4.820000076293945312e+01 2.001300752162933350e-01 0.000000000000000000e+00 1.014581266645109281e-05 2.000034898519515991e-01 0.000000000000000000e+00 8.000000000000000000e+00 8.191000000000000000e+03 0.000000000000000000e+00 2.000000000000000000e+00 2.754799842834472656e+00
4.840000152587890625e+01 1.901603341102600098e-01 0.000000000000000000e+00 9.900990335154347122e-06 1.899939626455307007e-01 0.000000000000000000e+00 8.000000000000000000e+00 8.191000000000000000e+03 0.000000000000000000e+00 2.000000000000000000e+00 2.754799842834472656e+00
4.860000228881835938e+01 1.801636070013046265e-01 0.000000000000000000e+00 9.551057701173704118e-06 1.799969226121902466e-01 0.000000000000000000e+00 8.000000000000000000e+00 8.191000000000000000e+03 0.000000000000000000e+00 2.000000000000000000e+00 2.754799842834472656e+00
4.879999923706054688e+01 1.701317280530929565e-01 0.000000000000000000e+00 9.138381756201852113e-06 1.699998974800109863e-01 0.000000000000000000e+00 8.000000000000000000e+00 8.191000000000000000e+03 0.000000000000000000e+00 2.000000000000000000e+00 2.754799842834472656e+00
4.900000000000000000e+01 1.602390259504318237e-01 0.000000000000000000e+00 8.608844836999196559e-06 1.600028574466705322e-01 0.000000000000000000e+00 8.000000000000000000e+00 8.191000000000000000e+03 0.000000000000000000e+00 2.000000000000000000e+00 2.754799842834472656e+00
4.920000076293945312e+01 1.501091569662094116e-01 0.000000000000000000e+00 7.871765774325467646e-06 1.500058174133300781e-01 0.000000000000000000e+00 8.000000000000000000e+00 8.191000000000000000e+03 0.000000000000000000e+00 2.000000000000000000e+00 2.754799842834472656e+00
4.940000152587890625e+01 1.401079297065734863e-01 0.000000000000000000e+00 6.957859568501589820e-06 1.399962902069091797e-01 0.000000000000000000e+00 7.000000000000000000e+00 8.191000000000000000e+03 0.000000000000000000e+00 2.000000000000000000e+00 2.754999876022338867e+00
4.960000228881835938e+01 1.301082372665405273e-01 0.000000000000000000e+00 5.801803581562126055e-06 1.299992501735687256e-01 0.000000000000000000e+00 7.000000000000000000e+00 8.191000000000000000e+03 0.000000000000000000e+00 2.000000000000000000e+00 2.754999876022338867e+00
4.979999923706054688e+01 1.201838403940200806e-01 0.000000000000000000e+00 4.347555659478530288e-06 1.200022250413894653e-01 0.000000000000000000e+00 7.000000000000000000e+00 8.191000000000000000e+03 0.000000000000000000e+00 2.000000000000000000e+00 2.754999876022338867e+00
5.000000000000000000e+01 1.101630330085754395e-01 0.000000000000000000e+00 2.614596951389103197e-06 1.100051850080490112e-01 0.000000000000000000e+00 7.000000000000000000e+00 8.191000000000000000e+03 0.000000000000000000e+00 2.000000000000000000e+00 2.754999876022338867e+00
5.020000076293945312e+01 1.000693514943122864e-01 0.000000000000000000e+00 5.970554752821044531e-07 9.999565780162811279e-02 0.000000000000000000e+00 7.000000000000000000e+00 8.191000000000000000e+03 0.000000000000000000e+00 2.000000000000000000e+00 2.754999876022338867e+00
5.040000152587890625e+01 9.012659639120101929e-02 0.000000000000000000e+00 -1.093766627491277177e-06 8.999861776828765869e-02 0.000000000000000000e+00 6.000000000000000000e+00 7.164000000000000000e+03 0.000000000000000000e+00 2.000000000000000000e+00 2.754999876022338867e+00
5.060000228881835938e+01 8.018056303262710571e-02 0.000000000000000000e+00 -3.841857051156694070e-06 8.000158518552780151e-02 0.000000000000000000e+00 7.000000000000000000e+00 8.191000000000000000e+03 0.000000000000000000e+00 2.000000000000000000e+00 2.754999876022338867e+00
5.079999923706054688e+01 7.006518542766571045e-02 0.000000000000000000e+00 -6.007472165947547182e-06 7.000455260276794434e-02 0.000000000000000000e+00 7.000000000000000000e+00 8.191000000000000000e+03 0.000000000000000000e+00 2.000000000000000000e+00 2.754999876022338867e+00
5.100000000000000000e+01 6.014474481344223022e-02 0.000000000000000000e+00 -7.877166353864595294e-06 5.999501794576644897e-02 0.000000000000000000e+00 7.000000000000000000e+00 8.191000000000000000e+03 0.000000000000000000e+00 2.000000000000000000e+00 2.754999876022338867e+00
5.120000076293945312e+01 5.021224543452262878e-02 0.000000000000000000e+00 -9.321024663222488016e-06 4.999798536300659180e-02 0.000000000000000000e+00 7.000000000000000000e+00 8.191000000000000000e+03 0.000000000000000000e+00 2.000000000000000000e+00 2.754999876022338867e+00
5.140000152587890625e+01 4.010917246341705322e-02 0.000000000000000000e+00 -1.025282290356699377e-05 4.000094905495643616e-02 0.000000000000000000e+00 8.000000000000000000e+00 8.191000000000000000e+03 0.000000000000000000e+00 2.000000000000000000e+00 2.754699945449829102e+00
5.160000228881835938e+01 3.018422797322273254e-02 0.000000000000000000e+00 -1.074151441571302712e-05 3.000391460955142975e-02 0.000000000000000000e+00 8.000000000000000000e+00 8.191000000000000000e+03 0.000000000000000000e+00 2.000000000000000000e+00 2.754699945449829102e+00
5.179999923706054688e+01 2.024235017597675323e-02 0.000000000000000000e+00 -1.079342473531141877e-05 1.999438367784023285e-02 0.000000000000000000e+00 8.000000000000000000e+00 8.191000000000000000e+03 0.000000000000000000e+00 2.000000000000000000e+00 2.754699945449829102e+00
5.200000000000000000e+01 1.012576557695865631e-02 0.000000000000000000e+00 -1.054174845194211230e-05 9.997349232435226440e-03 0.000000000000000000e+00 8.000000000000000000e+00 8.191000000000000000e+03 0.000000000000000000e+00 2.000000000000000000e+00 2.754699945449829102e+00
5.220000076293945312e+01 8.108557085506618023e-05 0.000000000000000000e+00 -1.009267816698411480e-05 3.129243850708007812e-07 0.000000000000000000e+00 8.000000000000000000e+00 8.191000000000000000e+03 0.000000000000000000e+00 2.000000000000000000e+00 2.754699945449829102e+00
5.240000152587890625e+01 -9.840318933129310608e-03 0.000000000000000000e+00 -9.595330084266606718e-06 -9.996719658374786377e-03 0.000000000000000000e+00 8.000000000000000000e+00 8.191000000000000000e+03 0.000000000000000000e+00 2.000000000000000000e+00 2.754899978637695312e+00
5.260000228881835938e+01 -1.988718286156654358e-02 0.000000000000000000e+00 -9.055277587322052568e-06 -1.999375596642494202e-02 0.000000000000000000e+00 8.000000000000000000e+00 6.143000000000000000e+03 0.000000000000000000e+00 2.000000000000000000e+00 2.754899978637695312e+00
5.279999923706054688e+01 -2.976414933800697327e-02 0.000000000000000000e+00 -8.541498573322314769e-06 -3.000328317284584045e-02 0.000000000000000000e+00 8.000000000000000000e+00 8.191000000000000000e+03 0.000000000000000000e+00 2.000000000000000000e+00 2.754899978637695312e+00
5.300000000000000000e+01 -3.991155698895454407e-02 0.000000000000000000e+00 -8.093083124549593776e-06 -4.000032320618629456e-02 0.000000000000000000e+00 8.000000000000000000e+00 8.191000000000000000e+03 0.000000000000000000e+00 2.000000000000000000e+00 2.754899978637695312e+00
5.320000076293945312e+01 -4.974440485239028931e-02 0.000000000000000000e+00 -7.739856300759129226e-06 -4.999735578894615173e-02 0.000000000000000000e+00 7.000000000000000000e+00 8.191000000000000000e+03 0.000000000000000000e+00 2.000000000000000000e+00 2.754899978637695312e+00
5.340000152587890625e+01 -5.994306132197380066e-02 0.000000000000000000e+00 -7.396766250167274848e-06 -5.999438837170600891e-02 0.000000000000000000e+00 7.000000000000000000e+00 8.191000000000000000e+03 0.000000000000000000e+00 2.000000000000000000e+00 2.755100011825561523e+00
5.360000228881835938e+01 -6.991855800151824951e-02 0.000000000000000000e+00 -7.119809652067488059e-06 -7.000392675399780273e-02 0.000000000000000000e+00 7.000000000000000000e+00 8.191000000000000000e+03 0.000000000000000000e+00 2.000000000000000000e+00 2.755100011825561523e+00
5.379999923706054688e+01 -7.983578741550445557e-02 0.000000000000000000e+00 -6.901066171849379316e-06 -8.000095188617706299e-02 0.000000000000000000e+00 7.000000000000000000e+00 8.191000000000000000e+03 0.000000000000000000e+00 2.000000000000000000e+00 2.755100011825561523e+00
5.400000000000000000e+01 -8.975569158792495728e-02 0.000000000000000000e+00 -6.734235284966416657e-06 -8.999799191951751709e-02 0.000000000000000000e+00 7.000000000000000000e+00 8.191000000000000000e+03 0.000000000000000000e+00 2.000000000000000000e+00 2.755100011825561523e+00
5.420000076293945312e+01 -9.984474629163742065e-02 0.000000000000000000e+00 -6.617948201892431825e-06 -9.999501705169677734e-02 0.000000000000000000e+00 7.000000000000000000e+00 8.191000000000000000e+03 0.000000000000000000e+00 2.000000000000000000e+00 2.755100011825561523e+00
5.440000152587890625e+01 -1.099024191498756409e-01 0.000000000000000000e+00 -6.550017133122310042e-06 -1.100045591592788696e-01 0.000000000000000000e+00 7.000000000000000000e+00 8.191000000000000000e+03 0.000000000000000000e+00 2.000000000000000000e+00 2.754999876022338867e+00
5.460000228881835938e+01 -1.198962852358818054e-01 0.000000000000000000e+00 -6.524843684019288048e-06 -1.200015842914581299e-01 0.000000000000000000e+00 7.000000000000000000e+00 8.191000000000000000e+03 0.000000000000000000e+00 2.000000000000000000e+00 2.754999876022338867e+00
5.479999923706054688e+01 -1.297744214534759521e-01 0.000000000000000000e+00 -6.541496532008750364e-06 -1.299986243247985840e-01 0.000000000000000000e+00 7.000000000000000000e+00 8.191000000000000000e+03 0.000000000000000000e+00 2.000000000000000000e+00 2.754999876022338867e+00
5.500000000000000000e+01 -1.398810893297195435e-01 0.000000000000000000e+00 -6.597261744900606573e-06 -1.399956643581390381e-01 0.000000000000000000e+00 7.000000000000000000e+00 8.191000000000000000e+03 0.000000000000000000e+00 2.000000000000000000e+00 2.754999876022338867e+00
5.520000076293945312e+01 -1.500652879476547241e-01 0.000000000000000000e+00 -6.696721811749739572e-06 -1.500051915645599365e-01 0.000000000000000000e+00 7.000000000000000000e+00 8.191000000000000000e+03 0.000000000000000000e+00 2.000000000000000000e+00 2.754999876022338867e+00
5.540000152587890625e+01 -1.597784310579299927e-01 0.000000000000000000e+00 -6.830267921031918377e-06 -1.600022166967391968e-01 0.000000000000000000e+00 7.000000000000000000e+00 8.191000000000000000e+03 0.000000000000000000e+00 2.000000000000000000e+00 2.754899978637695312e+00
5.560000228881835938e+01 -1.698329895734786987e-01 0.000000000000000000e+00 -7.000387540756491944e-06 -1.699992567300796509e-01 0.000000000000000000e+00 7.000000000000000000e+00 8.191000000000000000e+03 0.000000000000000000e+00 2.000000000000000000e+00 2.754899978637695312e+00
5.579999923706054688e+01 -1.798776090145111084e-01 0.000000000000000000e+00 -7.210449439298827201e-06 -1.799962967634201050e-01 0.000000000000000000e+00 7.000000000000000000e+00 8.191000000000000000e+03 0.000000000000000000e+00 2.000000000000000000e+00 2.754899978637695312e+00
5.600000000000000000e+01 -1.898996680974960327e-01 0.000000000000000000e+00 -7.458287200279301032e-06 -1.900058239698410034e-01 0.000000000000000000e+00 7.000000000000000000e+00 8.191000000000000000e+03 0.000000000000000000e+00 2.000000000000000000e+00 2.754899978637695312e+00
5.620000076293945312e+01 -1.998496204614639282e-01 0.000000000000000000e+00 -7.738512977084610611e-06 -2.000028640031814575e-01 0.000000000000000000e+00 7.000000000000000000e+00 8.191000000000000000e+03 0.000000000000000000e+00 2.000000000000000000e+00 2.754899978637695312e+00
5.640000152587890625e+01 -1.999837160110473633e-01 0.000000000000000000e+00 -7.535040822403971106e-06 -2.000028640031814575e-01 0.000000000000000000e+00 7.000000000000000000e+00 8.191000000000000000e+03 0.000000000000000000e+00 3.000000000000000000e+00 2.754899978637695312e+00
