2.000000029802322388e-01 -8.343470108229666948e-05 0.000000000000000000e+00 -1.388872333336621523e-04 0.000000000000000000e+00 0.000000000000000000e+00 1.200000000000000000e+01 8.191000000000000000e+03 0.000000000000000000e+00 0.000000000000000000e+00 2.756899833679199219e+00
4.000000059604644775e-01 9.914276190102100372e-03 0.000000000000000000e+00 -1.442772190785035491e-05 9.997034445405006409e-03 0.000000000000000000e+00 1.100000000000000000e+01 8.191000000000000000e+03 0.000000000000000000e+00 0.000000000000000000e+00 2.756899833679199219e+00
6.000000238418579102e-01 1.991168782114982605e-02 0.000000000000000000e+00 1.718638372949499171e-06 1.999406889081001282e-02 0.000000000000000000e+00 1.000000000000000000e+01 8.191000000000000000e+03 0.000000000000000000e+00 0.000000000000000000e+00 2.756899833679199219e+00
8.000000119209289551e-01 2.958436869084835052e-02 0.000000000000000000e+00 4.131782986860343954e-07 3.000359982252120972e-02 0.000000000000000000e+00 9.000000000000000000e+00 6.143000000000000000e+03 0.000000000000000000e+00 0.000000000000000000e+00 2.756999969482421875e+00
1.000000000000000000e+00 3.998719155788421631e-02 0.000000000000000000e+00 3.234595169487874955e-07 4.000063613057136536e-02 0.000000000000000000e+00 8.000000000000000000e+00 8.191000000000000000e+03 0.000000000000000000e+00 0.000000000000000000e+00 2.756999969482421875e+00
1.200000047683715820e+00 4.994677379727363586e-02 0.000000000000000000e+00 3.381476290087448433e-07 4.999766871333122253e-02 0.000000000000000000e+00 7.000000000000000000e+00 8.191000000000000000e+03 0.000000000000000000e+00 0.000000000000000000e+00 2.756999969482421875e+00
1.399999976158142090e+00 5.987425893545150757e-02 0.000000000000000000e+00 3.479165968656161567e-07 5.999470502138137817e-02 0.000000000000000000e+00 6.000000000000000000e+00 8.191000000000000000e+03 0.000000000000000000e+00 0.000000000000000000e+00 2.756999969482421875e+00
1.600000023841857910e+00 6.999072432518005371e-02 0.000000000000000000e+00 3.687503919991286239e-07 7.000423967838287354e-02 0.000000000000000000e+00 6.000000000000000000e+00 8.191000000000000000e+03 0.000000000000000000e+00 0.000000000000000000e+00 2.756999969482421875e+00
1.800000071525573730e+00 7.994722574949264526e-02 0.000000000000000000e+00 3.923316000964405248e-07 8.000127226114273071e-02 0.000000000000000000e+00 6.000000000000000000e+00 8.191000000000000000e+03 0.000000000000000000e+00 0.000000000000000000e+00 2.756500005722045898e+00
2.000000000000000000e+00 8.994512259960174561e-02 0.000000000000000000e+00 4.192550022708019242e-07 8.999830484390258789e-02 0.000000000000000000e+00 6.000000000000000000e+00 8.191000000000000000e+03 0.000000000000000000e+00 0.000000000000000000e+00 2.756500005722045898e+00
2.200000047683715820e+00 9.997861832380294800e-02 0.000000000000000000e+00 4.502315107401955174e-07 9.999533742666244507e-02 0.000000000000000000e+00 6.000000000000000000e+00 8.191000000000000000e+03 0.000000000000000000e+00 0.000000000000000000e+00 2.756500005722045898e+00
2.400000095367431641e+00 1.099549233913421631e-01 0.000000000000000000e+00 4.836703055843827315e-07 1.100048720836639404e-01 0.000000000000000000e+00 6.000000000000000000e+00 8.191000000000000000e+03 0.000000000000000000e+00 0.000000000000000000e+00 2.756500005722045898e+00
2.600000143051147461e+00 1.198886185884475708e-01 0.000000000000000000e+00 5.208058269090543035e-07 1.200019046664237976e-01 0.000000000000000000e+00 6.000000000000000000e+00 8.191000000000000000e+03 0.000000000000000000e+00 0.000000000000000000e+00 2.756500005722045898e+00
2.799999952316284180e+00 1.299811601638793945e-01 0.000000000000000000e+00 5.611424285234534182e-07 1.299989372491836548e-01 0.000000000000000000e+00 6.000000000000000000e+00 8.191000000000000000e+03 0.000000000000000000e+00 0.000000000000000000e+00 2.756299972534179688e+00
3.000000000000000000e+00 1.399379223585128784e-01 0.000000000000000000e+00 6.042076847734278999e-07 1.399959772825241089e-01 0.000000000000000000e+00 6.000000000000000000e+00 8.191000000000000000e+03 0.000000000000000000e+00 0.000000000000000000e+00 2.756299972534179688e+00
3.200000047683715820e+00 1.499376147985458374e-01 0.000000000000000000e+00 6.496883315776358359e-07 1.500055044889450073e-01 0.000000000000000000e+00 6.000000000000000000e+00 8.191000000000000000e+03 0.000000000000000000e+00 0.000000000000000000e+00 2.756299972534179688e+00
3.400000095367431641e+00 1.599815785884857178e-01 0.000000000000000000e+00 6.971110337872232776e-07 1.600025445222854614e-01 0.000000000000000000e+00 6.000000000000000000e+00 8.191000000000000000e+03 0.000000000000000000e+00 0.000000000000000000e+00 2.756299972534179688e+00
3.600000143051147461e+00 1.699495017528533936e-01 0.000000000000000000e+00 7.447418397532601375e-07 1.699995696544647217e-01 0.000000000000000000e+00 6.000000000000000000e+00 8.191000000000000000e+03 0.000000000000000000e+00 0.000000000000000000e+00 2.756299972534179688e+00
3.799999952316284180e+00 1.799577474594116211e-01 0.000000000000000000e+00 7.923060252323921304e-07 1.799966096878051758e-01 0.000000000000000000e+00 6.000000000000000000e+00 8.191000000000000000e+03 0.000000000000000000e+00 0.000000000000000000e+00 2.756299972534179688e+00
4.000000000000000000e+00 1.899356842041015625e-01 0.000000000000000000e+00 8.400025421906320844e-07 1.900061368942260742e-01 0.000000000000000000e+00 6.000000000000000000e+00 8.191000000000000000e+03 0.000000000000000000e+00 0.000000000000000000e+00 2.756299972534179688e+00
4.200000286102294922e+00 1.999688297510147095e-01 0.000000000000000000e+00 8.847006256473832764e-07 2.000031769275665283e-01 0.000000000000000000e+00 6.000000000000000000e+00 8.191000000000000000e+03 0.000000000000000000e+00 0.000000000000000000e+00 2.756299972534179688e+00
4.400000095367431641e+00 2.098791897296905518e-01 0.000000000000000000e+00 9.272019383388396818e-07 2.100002169609069824e-01 0.000000000000000000e+00 6.000000000000000000e+00 8.191000000000000000e+03 0.000000000000000000e+00 0.000000000000000000e+00 2.756299972534179688e+00
4.599999904632568359e+00 2.199664860963821411e-01 0.000000000000000000e+00 9.680994708105572499e-07 2.199972420930862427e-01 0.000000000000000000e+00 7.000000000000000000e+00 8.191000000000000000e+03 0.000000000000000000e+00 0.000000000000000000e+00 2.756299972534179688e+00
4.800000190734863281e+00 2.300014197826385498e-01 0.000000000000000000e+00 1.005531430564587936e-06 2.299942821264266968e-01 0.000000000000000000e+00 7.000000000000000000e+00 8.191000000000000000e+03 0.000000000000000000e+00 0.000000000000000000e+00 2.756199836730957031e+00
5.000000000000000000e+00 2.399214208126068115e-01 0.000000000000000000e+00 1.040313122757652309e-06 2.400038093328475952e-01 0.000000000000000000e+00 7.000000000000000000e+00 8.191000000000000000e+03 0.000000000000000000e+00 0.000000000000000000e+00 2.756199836730957031e+00
5.200000286102294922e+00 2.498932629823684692e-01 0.000000000000000000e+00 1.068099550138867926e-06 2.500008344650268555e-01 0.000000000000000000e+00 7.000000000000000000e+00 8.191000000000000000e+03 0.000000000000000000e+00 0.000000000000000000e+00 2.756199836730957031e+00
5.400000095367431641e+00 2.599558234214782715e-01 0.000000000000000000e+00 1.088551130123960320e-06 2.599978744983673096e-01 0.000000000000000000e+00 7.000000000000000000e+00 8.191000000000000000e+03 0.000000000000000000e+00 0.000000000000000000e+00 2.756199836730957031e+00
5.599999904632568359e+00 2.699645459651947021e-01 0.000000000000000000e+00 1.108141759686986916e-06 2.699949145317077637e-01 0.000000000000000000e+00 7.000000000000000000e+00 8.191000000000000000e+03 0.000000000000000000e+00 0.000000000000000000e+00 2.756199836730957031e+00
5.800000190734863281e+00 2.799937129020690918e-01 0.000000000000000000e+00 1.126709662457869854e-06 2.800044417381286621e-01 0.000000000000000000e+00 7.000000000000000000e+00 8.191000000000000000e+03 0.000000000000000000e+00 0.000000000000000000e+00 2.756199836730957031e+00
6.000000000000000000e+00 2.899830639362335205e-01 0.000000000000000000e+00 1.137201365963846911e-06 2.900014817714691162e-01 0.000000000000000000e+00 7.000000000000000000e+00 8.191000000000000000e+03 0.000000000000000000e+00 0.000000000000000000e+00 2.756199836730957031e+00
6.200000286102294922e+00 2.999548316001892090e-01 0.000000000000000000e+00 1.148308001575060189e-06 2.999985218048095703e-01 0.000000000000000000e+00 7.000000000000000000e+00 8.191000000000000000e+03 0.000000000000000000e+00 0.000000000000000000e+00 2.756199836730957031e+00
6.400000095367431641e+00 2.899775207042694092e-01 0.000000000000000000e+00 7.082642241584835574e-07 2.900014817714691162e-01 0.000000000000000000e+00 7.000000000000000000e+00 8.191000000000000000e+03 0.000000000000000000e+00 0.000000000000000000e+00 2.756199836730957031e+00
6.599999904632568359e+00 2.799567878246307373e-01 0.000000000000000000e+00 4.651890890272625256e-07 2.800044417381286621e-01 0.000000000000000000e+00 6.000000000000000000e+00 8.191000000000000000e+03 0.000000000000000000e+00 0.000000000000000000e+00 2.756199836730957031e+00
6.800000190734863281e+00 2.699219882488250732e-01 0.000000000000000000e+00 3.018919585429102881e-07 2.699949145317077637e-01 0.000000000000000000e+00 6.000000000000000000e+00 8.191000000000000000e+03 0.000000000000000000e+00 0.000000000000000000e+00 2.756000041961669922e+00
7.000000000000000000e+00 2.599351108074188232e-01 0.000000000000000000e+00 1.863112402133992873e-07 2.599978744983673096e-01 0.000000000000000000e+00 6.000000000000000000e+00 8.191000000000000000e+03 0.000000000000000000e+00 0.000000000000000000e+00 2.756000041961669922e+00
7.200000286102294922e+00 2.499741613864898682e-01 0.000000000000000000e+00 9.879866524897806812e-08 2.500008344650268555e-01 0.000000000000000000e+00 6.000000000000000000e+00 8.191000000000000000e+03 0.000000000000000000e+00 0.000000000000000000e+00 2.756000041961669922e+00
7.400000095367431641e+00 2.399498075246810913e-01 0.000000000000000000e+00 3.188726793723617448e-08 2.400038093328475952e-01 0.000000000000000000e+00 6.000000000000000000e+00 8.191000000000000000e+03 0.000000000000000000e+00 0.000000000000000000e+00 2.756000041961669922e+00
7.599999904632568359e+00 2.298871576786041260e-01 0.000000000000000000e+00 -1.939873328637986560e-08 2.299942821264266968e-01 0.000000000000000000e+00 5.000000000000000000e+00 8.191000000000000000e+03 0.000000000000000000e+00 0.000000000000000000e+00 2.756000041961669922e+00
7.800000190734863281e+00 2.199356406927108765e-01 0.000000000000000000e+00 -5.959720894566089555e-08 2.199972420930862427e-01 0.000000000000000000e+00 5.000000000000000000e+00 8.191000000000000000e+03 0.000000000000000000e+00 0.000000000000000000e+00 2.756000041961669922e+00
8.000000000000000000e+00 2.099693119525909424e-01 0.000000000000000000e+00 -9.039419524015102070e-08 2.100002169609069824e-01 0.000000000000000000e+00 5.000000000000000000e+00 7.164000000000000000e+03 0.000000000000000000e+00 0.000000000000000000e+00 2.756000041961669922e+00
8.199999809265136719e+00 1.999128460884094238e-01 0.000000000000000000e+00 -1.160580396231125633e-07 2.000031769275665283e-01 0.000000000000000000e+00 6.000000000000000000e+00 8.191000000000000000e+03 0.000000000000000000e+00 0.000000000000000000e+00 2.756000041961669922e+00
8.400000572204589844e+00 1.899435669183731079e-01 0.000000000000000000e+00 -1.356766006210818887e-07 1.900061368942260742e-01 0.000000000000000000e+00 6.000000000000000000e+00 8.191000000000000000e+03 0.000000000000000000e+00 0.000000000000000000e+00 2.756000041961669922e+00
8.600000381469726562e+00 1.799447089433670044e-01 0.000000000000000000e+00 -1.512432419303877396e-07 1.799966096878051758e-01 0.000000000000000000e+00 6.000000000000000000e+00 8.191000000000000000e+03 0.000000000000000000e+00 0.000000000000000000e+00 2.756000041961669922e+00
8.800000190734863281e+00 1.699410229921340942e-01 0.000000000000000000e+00 -1.645653071591368644e-07 1.699995696544647217e-01 0.000000000000000000e+00 6.000000000000000000e+00 8.191000000000000000e+03 0.000000000000000000e+00 0.000000000000000000e+00 2.755899906158447266e+00
9.000000000000000000e+00 1.599730700254440308e-01 0.000000000000000000e+00 -1.748011015934025636e-07 1.600025445222854614e-01 0.000000000000000000e+00 6.000000000000000000e+00 8.191000000000000000e+03 0.000000000000000000e+00 0.000000000000000000e+00 2.755899906158447266e+00
9.199999809265136719e+00 1.499702781438827515e-01 0.000000000000000000e+00 -1.841201822117000120e-07 1.500055044889450073e-01 0.000000000000000000e+00 6.000000000000000000e+00 8.191000000000000000e+03 0.000000000000000000e+00 0.000000000000000000e+00 2.755899906158447266e+00
9.400000572204589844e+00 1.399692595005035400e-01 0.000000000000000000e+00 -1.929493578245455865e-07 1.399959772825241089e-01 0.000000000000000000e+00 6.000000000000000000e+00 8.191000000000000000e+03 0.000000000000000000e+00 0.000000000000000000e+00 2.755899906158447266e+00
9.600000381469726562e+00 1.299294084310531616e-01 0.000000000000000000e+00 -2.007083423904987285e-07 1.299989372491836548e-01 0.000000000000000000e+00 6.000000000000000000e+00 8.191000000000000000e+03 0.000000000000000000e+00 0.000000000000000000e+00 2.755899906158447266e+00
9.800000190734863281e+00 1.199642345309257507e-01 0.000000000000000000e+00 -2.081603156511846464e-07 1.200019046664237976e-01 0.000000000000000000e+00 6.000000000000000000e+00 8.191000000000000000e+03 0.000000000000000000e+00 0.000000000000000000e+00 2.756099939346313477e+00
1.000000000000000000e+01 1.099727451801300049e-01 0.000000000000000000e+00 -2.150661515543106361e-07 1.100048720836639404e-01 0.000000000000000000e+00 6.000000000000000000e+00 8.191000000000000000e+03 0.000000000000000000e+00 0.000000000000000000e+00 2.756099939346313477e+00
1.019999980926513672e+01 9.995232522487640381e-02 0.000000000000000000e+00 -2.220034787114855135e-07 9.999533742666244507e-02 0.000000000000000000e+00 6.000000000000000000e+00 8.191000000000000000e+03 0.000000000000000000e+00 0.000000000000000000e+00 2.756099939346313477e+00
1.040000057220458984e+01 8.995048701763153076e-02 0.000000000000000000e+00 -2.286338087742478820e-07 8.999830484390258789e-02 0.000000000000000000e+00 6.000000000000000000e+00 8.191000000000000000e+03 0.000000000000000000e+00 0.000000000000000000e+00 2.756099939346313477e+00
1.060000038146972656e+01 7.994931191205978394e-02 0.000000000000000000e+00 -2.340925391308701364e-07 8.000127226114273071e-02 0.000000000000000000e+00 6.000000000000000000e+00 8.191000000000000000e+03 0.000000000000000000e+00 0.000000000000000000e+00 2.756099939346313477e+00
1.080000019073486328e+01 7.000035047531127930e-02 0.000000000000000000e+00 -2.388499922290066024e-07 7.000423967838287354e-02 0.000000000000000000e+00 6.000000000000000000e+00 8.191000000000000000e+03 0.000000000000000000e+00 0.000000000000000000e+00 2.756099939346313477e+00
1.100000000000000000e+01 5.995794013142585754e-02 0.000000000000000000e+00 -2.436424608731613262e-07 5.999470502138137817e-02 0.000000000000000000e+00 6.000000000000000000e+00 8.191000000000000000e+03 0.000000000000000000e+00 0.000000000000000000e+00 2.756099939346313477e+00
1.119999980926513672e+01 4.995825141668319702e-02 0.000000000000000000e+00 -2.495597470897337189e-07 4.999766871333122253e-02 0.000000000000000000e+00 6.000000000000000000e+00 8.191000000000000000e+03 0.000000000000000000e+00 0.000000000000000000e+00 2.756099939346313477e+00
1.140000057220458984e+01 3.993302211165428162e-02 0.000000000000000000e+00 -2.548948714320431463e-07 4.000063613057136536e-02 0.000000000000000000e+00 6.000000000000000000e+00 8.191000000000000000e+03 0.000000000000000000e+00 0.000000000000000000e+00 2.756099939346313477e+00
1.160000038146972656e+01 2.993722073733806610e-02 0.000000000000000000e+00 -2.612351579500682419e-07 3.000359982252120972e-02 0.000000000000000000e+00 6.000000000000000000e+00 8.191000000000000000e+03 0.000000000000000000e+00 0.000000000000000000e+00 2.756099939346313477e+00
1.180000019073486328e+01 1.998247019946575165e-02 0.000000000000000000e+00 -2.628601123433327302e-07 1.999406889081001282e-02 0.000000000000000000e+00 6.000000000000000000e+00 8.191000000000000000e+03 0.000000000000000000e+00 0.000000000000000000e+00 2.756000041961669922e+00
1.200000000000000000e+01 9.921518154442310333e-03 0.000000000000000000e+00 -2.694228271593601676e-07 9.997034445405006409e-03 0.000000000000000000e+00 6.000000000000000000e+00 8.191000000000000000e+03 0.000000000000000000e+00 0.000000000000000000e+00 2.756000041961669922e+00
1.219999980926513672e+01 -3.030078369192779064e-05 0.000000000000000000e+00 -2.766242346297076438e-07 0.000000000000000000e+00 0.000000000000000000e+00 6.000000000000000000e+00 8.191000000000000000e+03 0.000000000000000000e+00 0.000000000000000000e+00 2.756000041961669922e+00
1.240000057220458984e+01 -1.004380267113447189e-02 0.000000000000000000e+00 -2.834609063029347453e-07 -9.997034445405006409e-03 0.000000000000000000e+00 6.000000000000000000e+00 8.191000000000000000e+03 0.000000000000000000e+00 0.000000000000000000e+00 2.756000041961669922e+00
1.260000038146972656e+01 -2.009369060397148132e-02 0.000000000000000000e+00 -2.918558266173931770e-07 -1.999406889081001282e-02 0.000000000000000000e+00 6.000000000000000000e+00 8.191000000000000000e+03 0.000000000000000000e+00 0.000000000000000000e+00 2.756000041961669922e+00
1.280000019073486328e+01 -2.955904975533485413e-02 0.000000000000000000e+00 -2.996843306846130872e-07 -3.000359982252120972e-02 0.000000000000000000e+00 6.000000000000000000e+00 6.143000000000000000e+03 0.000000000000000000e+00 0.000000000000000000e+00 2.756000041961669922e+00
1.300000000000000000e+01 -4.006519168615341187e-02 0.000000000000000000e+00 -3.086216224801319186e-07 -4.000063613057136536e-02 0.000000000000000000e+00 6.000000000000000000e+00 8.191000000000000000e+03 0.000000000000000000e+00 0.000000000000000000e+00 2.756000041961669922e+00
1.319999980926513672e+01 -5.010236054658889771e-02 0.000000000000000000e+00 -3.151813530166691635e-07 -4.999766871333122253e-02 0.000000000000000000e+00 6.000000000000000000e+00 8.191000000000000000e+03 0.000000000000000000e+00 0.000000000000000000e+00 2.756000041961669922e+00
1.340000057220458984e+01 -6.007551029324531555e-02 0.000000000000000000e+00 -3.318112646866211435e-07 -5.999470502138137817e-02 0.000000000000000000e+00 6.000000000000000000e+00 8.191000000000000000e+03 0.000000000000000000e+00 0.000000000000000000e+00 2.756000041961669922e+00
1.360000038146972656e+01 -7.015085965394973755e-02 0.000000000000000000e+00 -3.469689602297876263e-07 -7.000423967838287354e-02 0.000000000000000000e+00 6.000000000000000000e+00 8.191000000000000000e+03 0.000000000000000000e+00 0.000000000000000000e+00 2.756000041961669922e+00
1.380000019073486328e+01 -8.010109513998031616e-02 0.000000000000000000e+00 -3.648490007890359266e-07 -8.000127226114273071e-02 0.000000000000000000e+00 6.000000000000000000e+00 8.191000000000000000e+03 0.000000000000000000e+00 0.000000000000000000e+00 2.756199836730957031e+00
1.400000000000000000e+01 -9.010516107082366943e-02 0.000000000000000000e+00 -3.859043715692678234e-07 -8.999830484390258789e-02 0.000000000000000000e+00 6.000000000000000000e+00 8.191000000000000000e+03 0.000000000000000000e+00 0.000000000000000000e+00 2.756199836730957031e+00
1.419999980926513672e+01 -1.000874936580657959e-01 0.000000000000000000e+00 -4.128432919969782233e-07 -9.999533742666244507e-02 0.000000000000000000e+00 6.000000000000000000e+00 8.191000000000000000e+03 0.000000000000000000e+00 0.000000000000000000e+00 2.756199836730957031e+00
1.440000057220458984e+01 -1.101450249552726746e-01 0.000000000000000000e+00 -4.484631119794357801e-07 -1.100048720836639404e-01 0.000000000000000000e+00 6.000000000000000000e+00 8.191000000000000000e+03 0.000000000000000000e+00 0.000000000000000000e+00 2.756199836730957031e+00
1.460000038146972656e+01 -1.200586333870887756e-01 0.000000000000000000e+00 -4.957933015248272568e-07 -1.200019046664237976e-01 0.000000000000000000e+00 6.000000000000000000e+00 8.191000000000000000e+03 0.000000000000000000e+00 0.000000000000000000e+00 2.756199836730957031e+00
1.480000019073486328e+01 -1.299785822629928589e-01 0.000000000000000000e+00 -5.581316600000718608e-07 -1.299989372491836548e-01 0.000000000000000000e+00 6.000000000000000000e+00 8.191000000000000000e+03 0.000000000000000000e+00 0.000000000000000000e+00 2.756000041961669922e+00
1.500000000000000000e+01 -1.400943100452423096e-01 0.000000000000000000e+00 -6.424610887734161224e-07 -1.399959772825241089e-01 0.000000000000000000e+00 6.000000000000000000e+00 8.191000000000000000e+03 0.000000000000000000e+00 0.000000000000000000e+00 2.756000041961669922e+00
1.519999980926513672e+01 -1.500788331031799316e-01 0.000000000000000000e+00 -7.588071753161784727e-07 -1.500055044889450073e-01 0.000000000000000000e+00 6.000000000000000000e+00 8.191000000000000000e+03 0.000000000000000000e+00 0.000000000000000000e+00 2.756000041961669922e+00
1.540000057220458984e+01 -1.601089835166931152e-01 0.000000000000000000e+00 -9.146884849542402662e-07 -1.600025445222854614e-01 0.000000000000000000e+00 6.000000000000000000e+00 8.191000000000000000e+03 0.000000000000000000e+00 0.000000000000000000e+00 2.756000041961669922e+00
1.560000038146972656e+01 -1.700555384159088135e-01 0.000000000000000000e+00 -1.123037918659974821e-06 -1.699995696544647217e-01 0.000000000000000000e+00 7.000000000000000000e+00 8.191000000000000000e+03 0.000000000000000000e+00 0.000000000000000000e+00 2.756000041961669922e+00
1.580000019073486328e+01 -1.801250129938125610e-01 0.000000000000000000e+00 -1.403928536092280410e-06 -1.799966096878051758e-01 0.000000000000000000e+00 7.000000000000000000e+00 8.191000000000000000e+03 0.000000000000000000e+00 0.000000000000000000e+00 2.756000041961669922e+00
1.600000000000000000e+01 -1.901447176933288574e-01 0.000000000000000000e+00 -1.769264258655312005e-06 -1.900061368942260742e-01 0.000000000000000000e+00 7.000000000000000000e+00 8.191000000000000000e+03 0.000000000000000000e+00 0.000000000000000000e+00 2.756000041961669922e+00
1.620000076293945312e+01 -2.000804543495178223e-01 0.000000000000000000e+00 -2.237447006336878985e-06 -2.000031769275665283e-01 0.000000000000000000e+00 7.000000000000000000e+00 8.191000000000000000e+03 0.000000000000000000e+00 0.000000000000000000e+00 2.756000041961669922e+00
1.639999961853027344e+01 -2.100946903228759766e-01 0.000000000000000000e+00 -2.776446081043104641e-06 -2.100002169609069824e-01 0.000000000000000000e+00 7.000000000000000000e+00 8.191000000000000000e+03 0.000000000000000000e+00 0.000000000000000000e+00 2.756000041961669922e+00
1.660000038146972656e+01 -2.200971543788909912e-01 0.000000000000000000e+00 -3.364075382705777884e-06 -2.199972420930862427e-01 0.000000000000000000e+00 7.000000000000000000e+00 8.191000000000000000e+03 0.000000000000000000e+00 0.000000000000000000e+00 2.756000041961669922e+00
1.680000114440917969e+01 -2.301099598407745361e-01 0.000000000000000000e+00 -3.972812464780872688e-06 -2.299942821264266968e-01 0.000000000000000000e+00 7.000000000000000000e+00 8.191000000000000000e+03 0.000000000000000000e+00 0.000000000000000000e+00 2.755899906158447266e+00
1.700000000000000000e+01 -2.401703447103500366e-01 0.000000000000000000e+00 -4.661088041757466272e-06 -2.400038093328475952e-01 0.000000000000000000e+00 7.000000000000000000e+00 8.191000000000000000e+03 0.000000000000000000e+00 0.000000000000000000e+00 2.755899906158447266e+00
1.720000076293945312e+01 -2.500936686992645264e-01 0.000000000000000000e+00 -5.444223461381625384e-06 -2.500008344650268555e-01 0.000000000000000000e+00 7.000000000000000000e+00 8.191000000000000000e+03 0.000000000000000000e+00 0.000000000000000000e+00 2.755899906158447266e+00
1.739999961853027344e+01 -2.600702345371246338e-01 0.000000000000000000e+00 -6.379347269103163853e-06 -2.599978744983673096e-01 0.000000000000000000e+00 7.000000000000000000e+00 8.191000000000000000e+03 0.000000000000000000e+00 0.000000000000000000e+00 2.755899906158447266e+00
1.760000038146972656e+01 -2.700721919536590576e-01 0.000000000000000000e+00 -7.490281404898269102e-06 -2.699949145317077637e-01 0.000000000000000000e+00 7.000000000000000000e+00 8.191000000000000000e+03 0.000000000000000000e+00 0.000000000000000000e+00 2.755899906158447266e+00
1.780000114440917969e+01 -2.800998091697692871e-01 0.000000000000000000e+00 -8.754765076446346939e-06 -2.800044417381286621e-01 0.000000000000000000e+00 7.000000000000000000e+00 8.191000000000000000e+03 0.000000000000000000e+00 0.000000000000000000e+00 2.755899906158447266e+00
1.800000000000000000e+01 -2.900983691215515137e-01 0.000000000000000000e+00 -1.014455756376264617e-05 -2.900014817714691162e-01 0.000000000000000000e+00 7.000000000000000000e+00 8.190000000000000000e+03 0.000000000000000000e+00 0.000000000000000000e+00 2.755899906158447266e+00
1.820000076293945312e+01 -3.001010119915008545e-01 0.000000000000000000e+00 -1.163998513220576569e-05 -2.999985218048095703e-01 0.000000000000000000e+00 8.000000000000000000e+00 8.191000000000000000e+03 0.000000000000000000e+00 0.000000000000000000e+00 2.755899906158447266e+00
1.839999961853027344e+01 -2.900222241878509521e-01 0.000000000000000000e+00 -8.800304385658819228e-06 -2.900014817714691162e-01 0.000000000000000000e+00 8.000000000000000000e+00 8.191000000000000000e+03 0.000000000000000000e+00 1.000000000000000000e+00 2.755899906158447266e+00
1.860000038146972656e+01 -2.800632715225219727e-01 0.000000000000000000e+00 -6.825145646871533245e-06 -2.800044417381286621e-01 0.000000000000000000e+00 8.000000000000000000e+00 8.191000000000000000e+03 0.000000000000000000e+00 1.000000000000000000e+00 2.755899906158447266e+00
1.880000114440917969e+01 -2.700649201869964600e-01 0.000000000000000000e+00 -5.305689228407572955e-06 -2.699949145317077637e-01 0.000000000000000000e+00 7.000000000000000000e+00 8.191000000000000000e+03 0.000000000000000000e+00 1.000000000000000000e+00 2.755800008773803711e+00
1.900000000000000000e+01 -2.601050138473510742e-01 0.000000000000000000e+00 -4.092175913683604449e-06 -2.599978744983673096e-01 0.000000000000000000e+00 7.000000000000000000e+00 8.191000000000000000e+03 0.000000000000000000e+00 1.000000000000000000e+00 2.755800008773803711e+00
1.920000076293945312e+01 -2.500992417335510254e-01 0.000000000000000000e+00 -3.152512817905517295e-06 -2.500008344650268555e-01 0.000000000000000000e+00 7.000000000000000000e+00 8.191000000000000000e+03 0.000000000000000000e+00 1.000000000000000000e+00 2.755800008773803711e+00
1.939999961853027344e+01 -2.400924414396286011e-01 0.000000000000000000e+00 -2.411014747849549167e-06 -2.400038093328475952e-01 0.000000000000000000e+00 7.000000000000000000e+00 8.191000000000000000e+03 0.000000000000000000e+00 1.000000000000000000e+00 2.755800008773803711e+00
1.960000038146972656e+01 -2.300852239131927490e-01 0.000000000000000000e+00 -1.808904130484734196e-06 -2.299942821264266968e-01 0.000000000000000000e+00 7.000000000000000000e+00 8.191000000000000000e+03 0.000000000000000000e+00 1.000000000000000000e+00 2.755800008773803711e+00
1.980000114440917969e+01 -2.201039344072341919e-01 0.000000000000000000e+00 -1.395886329191853292e-06 -2.199972420930862427e-01 0.000000000000000000e+00 7.000000000000000000e+00 8.191000000000000000e+03 0.000000000000000000e+00 1.000000000000000000e+00 2.755800008773803711e+00
2.000000000000000000e+01 -2.100847065448760986e-01 0.000000000000000000e+00 -1.055291363627475221e-06 -2.100002169609069824e-01 0.000000000000000000e+00 7.000000000000000000e+00 8.191000000000000000e+03 0.000000000000000000e+00 1.000000000000000000e+00 2.755800008773803711e+00
2.020000076293945312e+01 -2.001175731420516968e-01 0.000000000000000000e+00 -7.908407724244170822e-07 -2.000031769275665283e-01 0.000000000000000000e+00 7.000000000000000000e+00 8.191000000000000000e+03 0.000000000000000000e+00 1.000000000000000000e+00 2.755800008773803711e+00
2.039999961853027344e+01 -1.900516152381896973e-01 0.000000000000000000e+00 -5.821049171572667547e-07 -1.900061368942260742e-01 0.000000000000000000e+00 6.000000000000000000e+00 8.191000000000000000e+03 0.000000000000000000e+00 1.000000000000000000e+00 2.755800008773803711e+00
2.060000038146972656e+01 -1.800163388252258301e-01 0.000000000000000000e+00 -4.220778748731390806e-07 -1.799966096878051758e-01 0.000000000000000000e+00 6.000000000000000000e+00 8.191000000000000000e+03 0.000000000000000000e+00 1.000000000000000000e+00 2.755800008773803711e+00
2.080000114440917969e+01 -1.700913906097412109e-01 0.000000000000000000e+00 -2.997469437104882672e-07 -1.699995696544647217e-01 0.000000000000000000e+00 6.000000000000000000e+00 8.191000000000000000e+03 0.000000000000000000e+00 1.000000000000000000e+00 2.755899906158447266e+00
2.100000000000000000e+01 -1.600704044103622437e-01 0.000000000000000000e+00 -2.057750663198021357e-07 -1.600025445222854614e-01 0.000000000000000000e+00 6.000000000000000000e+00 8.191000000000000000e+03 0.000000000000000000e+00 1.000000000000000000e+00 2.755899906158447266e+00
2.120000076293945312e+01 -1.500781327486038208e-01 0.000000000000000000e+00 -1.317606148631966789e-07 -1.500055044889450073e-01 0.000000000000000000e+00 6.000000000000000000e+00 8.191000000000000000e+03 0.000000000000000000e+00 1.000000000000000000e+00 2.755899906158447266e+00
2.139999961853027344e+01 -1.400625407695770264e-01 0.000000000000000000e+00 -7.452973704857868142e-08 -1.399959772825241089e-01 0.000000000000000000e+00 6.000000000000000000e+00 8.191000000000000000e+03 0.000000000000000000e+00 1.000000000000000000e+00 2.755899906158447266e+00
2.160000038146972656e+01 -1.300550252199172974e-01 0.000000000000000000e+00 -2.893514583490741643e-08 -1.299989372491836548e-01 0.000000000000000000e+00 5.000000000000000000e+00 8.191000000000000000e+03 0.000000000000000000e+00 1.000000000000000000e+00 2.755899906158447266e+00
2.180000114440917969e+01 -1.201155632734298706e-01 0.000000000000000000e+00 7.869462415044381487e-09 -1.200019046664237976e-01 0.000000000000000000e+00 5.000000000000000000e+00 8.191000000000000000e+03 0.000000000000000000e+00 1.000000000000000000e+00 2.755899906158447266e+00
2.200000000000000000e+01 -1.100546419620513916e-01 0.000000000000000000e+00 1.093948842623149176e-08 -1.100048720836639404e-01 0.000000000000000000e+00 4.000000000000000000e+00 6.908000000000000000e+03 0.000000000000000000e+00 1.000000000000000000e+00 2.755899906158447266e+00
2.220000076293945312e+01 -1.000757291913032532e-01 0.000000000000000000e+00 1.093948842623149176e-08 -9.999533742666244507e-02 0.000000000000000000e+00 4.000000000000000000e+00 6.908000000000000000e+03 0.000000000000000000e+00 1.000000000000000000e+00 2.755899906158447266e+00
2.239999961853027344e+01 -9.013368189334869385e-02 0.000000000000000000e+00 1.093948842623149176e-08 -8.999830484390258789e-02 0.000000000000000000e+00 4.000000000000000000e+00 7.164000000000000000e+03 0.000000000000000000e+00 1.000000000000000000e+00 2.755899906158447266e+00
2.260000038146972656e+01 -8.007247745990753174e-02 0.000000000000000000e+00 1.028450355988752563e-07 -8.000127226114273071e-02 0.000000000000000000e+00 5.000000000000000000e+00 7.164000000000000000e+03 0.000000000000000000e+00 1.000000000000000000e+00 2.755899906158447266e+00
2.280000114440917969e+01 -7.011044025421142578e-02 0.000000000000000000e+00 1.204481918648525607e-07 -7.000423967838287354e-02 0.000000000000000000e+00 6.000000000000000000e+00 8.191000000000000000e+03 0.000000000000000000e+00 1.000000000000000000e+00 2.755899906158447266e+00
2.300000000000000000e+01 -6.008588522672653198e-02 0.000000000000000000e+00 1.369412672147518606e-07 -5.999470502138137817e-02 0.000000000000000000e+00 6.000000000000000000e+00 8.191000000000000000e+03 0.000000000000000000e+00 1.000000000000000000e+00 2.755899906158447266e+00
2.320000076293945312e+01 -5.008691176772117615e-02 0.000000000000000000e+00 1.506609663692870527e-07 -4.999766871333122253e-02 0.000000000000000000e+00 6.000000000000000000e+00 8.191000000000000000e+03 0.000000000000000000e+00 1.000000000000000000e+00 2.755899906158447266e+00
2.339999961853027344e+01 -4.008040949702262878e-02 0.000000000000000000e+00 1.611914086652177502e-07 -4.000063613057136536e-02 0.000000000000000000e+00 6.000000000000000000e+00 8.191000000000000000e+03 0.000000000000000000e+00 1.000000000000000000e+00 2.755899906158447266e+00
2.360000038146972656e+01 -3.007474355399608612e-02 0.000000000000000000e+00 1.733791918923088815e-07 -3.000359982252120972e-02 0.000000000000000000e+00 6.000000000000000000e+00 8.191000000000000000e+03 0.000000000000000000e+00 1.000000000000000000e+00 2.755899906158447266e+00
2.380000114440917969e+01 -2.006097510457038879e-02 0.000000000000000000e+00 1.845656072418933036e-07 -1.999406889081001282e-02 0.000000000000000000e+00 6.000000000000000000e+00 8.191000000000000000e+03 0.000000000000000000e+00 1.000000000000000000e+00 2.755699872970581055e+00
2.400000000000000000e+01 -1.014418341219425201e-02 0.000000000000000000e+00 1.939671818718124996e-07 -9.997034445405006409e-03 0.000000000000000000e+00 6.000000000000000000e+00 8.191000000000000000e+03 0.000000000000000000e+00 1.000000000000000000e+00 2.755699872970581055e+00
2.420000076293945312e+01 -8.548914047423750162e-05 0.000000000000000000e+00 2.046302540748001775e-07 0.000000000000000000e+00 0.000000000000000000e+00 6.000000000000000000e+00 8.191000000000000000e+03 0.000000000000000000e+00 1.000000000000000000e+00 2.755699872970581055e+00
2.439999961853027344e+01 9.951226413249969482e-03 0.000000000000000000e+00 2.147079669612139696e-07 9.997034445405006409e-03 0.000000000000000000e+00 6.000000000000000000e+00 8.191000000000000000e+03 0.000000000000000000e+00 1.000000000000000000e+00 2.755699872970581055e+00
2.460000038146972656e+01 1.991431973874568939e-02 0.000000000000000000e+00 2.241032603933490464e-07 1.999406889081001282e-02 0.000000000000000000e+00 6.000000000000000000e+00 8.191000000000000000e+03 0.000000000000000000e+00 1.000000000000000000e+00 2.755699872970581055e+00
2.480000114440917969e+01 2.954846993088722229e-02 0.000000000000000000e+00 2.336787332524181693e-07 3.000359982252120972e-02 0.000000000000000000e+00 6.000000000000000000e+00 6.143000000000000000e+03 0.000000000000000000e+00 1.000000000000000000e+00 2.755800008773803711e+00
2.500000000000000000e+01 3.997899964451789856e-02 0.000000000000000000e+00 2.427709375751874177e-07 4.000063613057136536e-02 0.000000000000000000e+00 6.000000000000000000e+00 8.191000000000000000e+03 0.000000000000000000e+00 1.000000000000000000e+00 2.755800008773803711e+00
2.520000076293945312e+01 4.992023110389709473e-02 0.000000000000000000e+00 2.528489915221143747e-07 4.999766871333122253e-02 0.000000000000000000e+00 6.000000000000000000e+00 8.191000000000000000e+03 0.000000000000000000e+00 1.000000000000000000e+00 2.755800008773803711e+00
2.539999961853027344e+01 5.996794253587722778e-02 0.000000000000000000e+00 2.624469459533429472e-07 5.999470502138137817e-02 0.000000000000000000e+00 6.000000000000000000e+00 8.191000000000000000e+03 0.000000000000000000e+00 1.000000000000000000e+00 2.755800008773803711e+00
2.560000038146972656e+01 7.002744823694229126e-02 0.000000000000000000e+00 2.725870729136659065e-07 7.000423967838287354e-02 0.000000000000000000e+00 6.000000000000000000e+00 8.191000000000000000e+03 0.000000000000000000e+00 1.000000000000000000e+00 2.755800008773803711e+00
2.580000114440917969e+01 7.991858571767807007e-02 0.000000000000000000e+00 2.838051500475557987e-07 8.000127226114273071e-02 0.000000000000000000e+00 6.000000000000000000e+00 8.191000000000000000e+03 0.000000000000000000e+00 1.000000000000000000e+00 2.756000041961669922e+00
2.600000000000000000e+01 8.995452523231506348e-02 0.000000000000000000e+00 2.944388484138471540e-07 8.999830484390258789e-02 0.000000000000000000e+00 6.000000000000000000e+00 8.191000000000000000e+03 0.000000000000000000e+00 1.000000000000000000e+00 2.756000041961669922e+00
2.620000076293945312e+01 9.992092847824096680e-02 0.000000000000000000e+00 3.066079443669877946e-07 9.999533742666244507e-02 0.000000000000000000e+00 6.000000000000000000e+00 8.191000000000000000e+03 0.000000000000000000e+00 1.000000000000000000e+00 2.756000041961669922e+00
2.639999961853027344e+01 1.099801436066627502e-01 0.000000000000000000e+00 3.190149016063514864e-07 1.100048720836639404e-01 0.000000000000000000e+00 6.000000000000000000e+00 8.191000000000000000e+03 0.000000000000000000e+00 1.000000000000000000e+00 2.756000041961669922e+00
2.660000038146972656e+01 1.199733540415763855e-01 0.000000000000000000e+00 3.323751798234297894e-07 1.200019046664237976e-01 0.000000000000000000e+00 6.000000000000000000e+00 8.191000000000000000e+03 0.000000000000000000e+00 1.000000000000000000e+00 2.756000041961669922e+00
2.680000114440917969e+01 1.299435049295425415e-01 0.000000000000000000e+00 3.467171154625248164e-07 1.299989372491836548e-01 0.000000000000000000e+00 6.000000000000000000e+00 8.191000000000000000e+03 0.000000000000000000e+00 1.000000000000000000e+00 2.755800008773803711e+00
2.700000000000000000e+01 1.399085223674774170e-01 0.000000000000000000e+00 3.626572606663103215e-07 1.399959772825241089e-01 0.000000000000000000e+00 6.000000000000000000e+00 8.191000000000000000e+03 0.000000000000000000e+00 1.000000000000000000e+00 2.755800008773803711e+00
2.720000076293945312e+01 1.499623656272888184e-01 0.000000000000000000e+00 3.811428825883922400e-07 1.500055044889450073e-01 0.000000000000000000e+00 6.000000000000000000e+00 8.191000000000000000e+03 0.000000000000000000e+00 1.000000000000000000e+00 2.755800008773803711e+00
2.739999961853027344e+01 1.600144803524017334e-01 0.000000000000000000e+00 3.981252234552812297e-07 1.600025445222854614e-01 0.000000000000000000e+00 6.000000000000000000e+00 8.191000000000000000e+03 0.000000000000000000e+00 1.000000000000000000e+00 2.755800008773803711e+00
2.760000038146972656e+01 1.699809730052947998e-01 0.000000000000000000e+00 4.195044311927631497e-07 1.699995696544647217e-01 0.000000000000000000e+00 6.000000000000000000e+00 8.191000000000000000e+03 0.000000000000000000e+00 1.000000000000000000e+00 2.755800008773803711e+00
2.780000114440917969e+01 1.799323409795761108e-01 0.000000000000000000e+00 4.436819835973437876e-07 1.799966096878051758e-01 0.000000000000000000e+00 6.000000000000000000e+00 8.191000000000000000e+03 0.000000000000000000e+00 1.000000000000000000e+00 2.755800008773803711e+00
2.800000000000000000e+01 1.899594068527221680e-01 0.000000000000000000e+00 4.689145782776904525e-07 1.900061368942260742e-01 0.000000000000000000e+00 6.000000000000000000e+00 8.191000000000000000e+03 0.000000000000000000e+00 1.000000000000000000e+00 2.755800008773803711e+00
2.820000076293945312e+01 1.999564319849014282e-01 0.000000000000000000e+00 4.997224323233240284e-07 2.000031769275665283e-01 0.000000000000000000e+00 6.000000000000000000e+00 8.191000000000000000e+03 0.000000000000000000e+00 1.000000000000000000e+00 2.755800008773803711e+00
2.839999961853027344e+01 2.099623382091522217e-01 0.000000000000000000e+00 5.329457053449004889e-07 2.100002169609069824e-01 0.000000000000000000e+00 6.000000000000000000e+00 8.191000000000000000e+03 0.000000000000000000e+00 1.000000000000000000e+00 2.755800008773803711e+00
2.860000038146972656e+01 2.199607193470001221e-01 0.000000000000000000e+00 5.677072749676881358e-07 2.199972420930862427e-01 0.000000000000000000e+00 6.000000000000000000e+00 8.191000000000000000e+03 0.000000000000000000e+00 1.000000000000000000e+00 2.755800008773803711e+00
2.880000114440917969e+01 2.299923747777938843e-01 0.000000000000000000e+00 6.076137424315675162e-07 2.299942821264266968e-01 0.000000000000000000e+00 6.000000000000000000e+00 8.191000000000000000e+03 0.000000000000000000e+00 1.000000000000000000e+00 2.755899906158447266e+00
2.900000000000000000e+01 2.399521768093109131e-01 0.000000000000000000e+00 6.502659744000993669e-07 2.400038093328475952e-01 0.000000000000000000e+00 6.000000000000000000e+00 8.191000000000000000e+03 0.000000000000000000e+00 1.000000000000000000e+00 2.755899906158447266e+00
2.920000076293945312e+01 2.499287277460098267e-01 0.000000000000000000e+00 6.957646974115050398e-07 2.500008344650268555e-01 0.000000000000000000e+00 6.000000000000000000e+00 8.191000000000000000e+03 0.000000000000000000e+00 1.000000000000000000e+00 2.755899906158447266e+00
2.939999961853027344e+01 2.599663138389587402e-01 0.000000000000000000e+00 7.450316275026125368e-07 2.599978744983673096e-01 0.000000000000000000e+00 6.000000000000000000e+00 8.191000000000000000e+03 0.000000000000000000e+00 1.000000000000000000e+00 2.755899906158447266e+00
2.960000038146972656e+01 2.699307501316070557e-01 0.000000000000000000e+00 7.956689955790352542e-07 2.699949145317077637e-01 0.000000000000000000e+00 6.000000000000000000e+00 8.191000000000000000e+03 0.000000000000000000e+00 1.000000000000000000e+00 2.755899906158447266e+00
2.980000114440917969e+01 2.799353301525115967e-01 0.000000000000000000e+00 8.478006634504708927e-07 2.800044417381286621e-01 0.000000000000000000e+00 6.000000000000000000e+00 8.191000000000000000e+03 0.000000000000000000e+00 1.000000000000000000e+00 2.755899906158447266e+00
3.000000000000000000e+01 2.900158762931823730e-01 0.000000000000000000e+00 9.013866701934603043e-07 2.900014817714691162e-01 0.000000000000000000e+00 6.000000000000000000e+00 8.191000000000000000e+03 0.000000000000000000e+00 1.000000000000000000e+00 2.755899906158447266e+00
3.020000076293945312e+01 2.999602258205413818e-01 0.000000000000000000e+00 9.593028380550094880e-07 2.999985218048095703e-01 0.000000000000000000e+00 7.000000000000000000e+00 8.191000000000000000e+03 0.000000000000000000e+00 1.000000000000000000e+00 2.755899906158447266e+00
3.039999961853027344e+01 2.899586260318756104e-01 0.000000000000000000e+00 5.681375228050455917e-07 2.900014817714691162e-01 0.000000000000000000e+00 7.000000000000000000e+00 8.191000000000000000e+03 0.000000000000000000e+00 1.000000000000000000e+00 2.755899906158447266e+00
3.060000038146972656e+01 2.799783647060394287e-01 0.000000000000000000e+00 3.676462654311762890e-07 2.800044417381286621e-01 0.000000000000000000e+00 6.000000000000000000e+00 8.191000000000000000e+03 0.000000000000000000e+00 1.000000000000000000e+00 2.755899906158447266e+00
3.080000114440917969e+01 2.699332833290100098e-01 0.000000000000000000e+00 2.421226099613704719e-07 2.699949145317077637e-01 0.000000000000000000e+00 6.000000000000000000e+00 8.191000000000000000e+03 0.000000000000000000e+00 1.000000000000000000e+00 2.755699872970581055e+00
3.100000000000000000e+01 2.599845528602600098e-01 0.000000000000000000e+00 1.553742663418233860e-07 2.599978744983673096e-01 0.000000000000000000e+00 6.000000000000000000e+00 8.191000000000000000e+03 0.000000000000000000e+00 1.000000000000000000e+00 2.755699872970581055e+00
3.120000076293945312e+01 2.498789578676223755e-01 0.000000000000000000e+00 9.040634552093251841e-08 2.500008344650268555e-01 0.000000000000000000e+00 6.000000000000000000e+00 8.191000000000000000e+03 0.000000000000000000e+00 1.000000000000000000e+00 2.755699872970581055e+00
3.139999961853027344e+01 2.399118095636367798e-01 0.000000000000000000e+00 4.162589917200421041e-08 2.400038093328475952e-01 0.000000000000000000e+00 6.000000000000000000e+00 8.191000000000000000e+03 0.000000000000000000e+00 1.000000000000000000e+00 2.755699872970581055e+00
3.160000038146972656e+01 2.299540042877197266e-01 0.000000000000000000e+00 -4.830714717130035751e-10 2.299942821264266968e-01 0.000000000000000000e+00 5.000000000000000000e+00 8.191000000000000000e+03 0.000000000000000000e+00 1.000000000000000000e+00 2.755699872970581055e+00
3.180000114440917969e+01 2.199347615242004395e-01 0.000000000000000000e+00 -1.094613644170294720e-08 2.199972420930862427e-01 0.000000000000000000e+00 4.000000000000000000e+00 6.908000000000000000e+03 0.000000000000000000e+00 1.000000000000000000e+00 2.755599975585937500e+00
3.200000000000000000e+01 2.099973261356353760e-01 0.000000000000000000e+00 -1.094613644170294720e-08 2.100002169609069824e-01 0.000000000000000000e+00 4.000000000000000000e+00 6.908000000000000000e+03 0.000000000000000000e+00 1.000000000000000000e+00 2.755599975585937500e+00
3.220000076293945312e+01 1.999609172344207764e-01 0.000000000000000000e+00 -1.094613644170294720e-08 2.000031769275665283e-01 0.000000000000000000e+00 4.000000000000000000e+00 7.164000000000000000e+03 0.000000000000000000e+00 1.000000000000000000e+00 2.755599975585937500e+00
3.240000152587890625e+01 1.899562925100326538e-01 0.000000000000000000e+00 -9.295823133470548782e-08 1.900061368942260742e-01 0.000000000000000000e+00 5.000000000000000000e+00 7.164000000000000000e+03 0.000000000000000000e+00 1.000000000000000000e+00 2.755599975585937500e+00
3.260000228881835938e+01 1.799835264682769775e-01 0.000000000000000000e+00 -1.089524630515370518e-07 1.799966096878051758e-01 0.000000000000000000e+00 6.000000000000000000e+00 8.191000000000000000e+03 0.000000000000000000e+00 1.000000000000000000e+00 2.755599975585937500e+00
3.279999923706054688e+01 1.699320226907730103e-01 0.000000000000000000e+00 -1.214239659930171911e-07 1.699995696544647217e-01 0.000000000000000000e+00 6.000000000000000000e+00 8.191000000000000000e+03 0.000000000000000000e+00 1.000000000000000000e+00 2.755599975585937500e+00
3.300000000000000000e+01 1.599707454442977905e-01 0.000000000000000000e+00 -1.317267503964103526e-07 1.600025445222854614e-01 0.000000000000000000e+00 6.000000000000000000e+00 8.191000000000000000e+03 0.000000000000000000e+00 1.000000000000000000e+00 2.755599975585937500e+00
3.320000076293945312e+01 1.499605178833007812e-01 0.000000000000000000e+00 -1.440716204115233268e-07 1.500055044889450073e-01 0.000000000000000000e+00 6.000000000000000000e+00 8.191000000000000000e+03 0.000000000000000000e+00 1.000000000000000000e+00 2.755599975585937500e+00
3.340000152587890625e+01 1.399978846311569214e-01 0.000000000000000000e+00 -1.557361599680007203e-07 1.399959772825241089e-01 0.000000000000000000e+00 6.000000000000000000e+00 8.191000000000000000e+03 0.000000000000000000e+00 1.000000000000000000e+00 2.755599975585937500e+00
3.360000228881835938e+01 1.299671530723571777e-01 0.000000000000000000e+00 -1.637246072050402290e-07 1.299989372491836548e-01 0.000000000000000000e+00 6.000000000000000000e+00 8.191000000000000000e+03 0.000000000000000000e+00 1.000000000000000000e+00 2.755599975585937500e+00
3.379999923706054688e+01 1.199668273329734802e-01 0.000000000000000000e+00 -1.711051851316369721e-07 1.200019046664237976e-01 0.000000000000000000e+00 6.000000000000000000e+00 8.191000000000000000e+03 0.000000000000000000e+00 1.000000000000000000e+00 2.755699872970581055e+00
3.400000000000000000e+01 1.099493652582168579e-01 0.000000000000000000e+00 -1.783065073368561571e-07 1.100048720836639404e-01 0.000000000000000000e+00 6.000000000000000000e+00 8.191000000000000000e+03 0.000000000000000000e+00 1.000000000000000000e+00 2.755699872970581055e+00
3.420000076293945312e+01 9.998837113380432129e-02 0.000000000000000000e+00 -1.878360933460498927e-07 9.999533742666244507e-02 0.000000000000000000e+00 6.000000000000000000e+00 8.191000000000000000e+03 0.000000000000000000e+00 1.000000000000000000e+00 2.755699872970581055e+00
3.440000152587890625e+01 8.994677662849426270e-02 0.000000000000000000e+00 -1.955440609435754595e-07 8.999830484390258789e-02 0.000000000000000000e+00 6.000000000000000000e+00 8.191000000000000000e+03 0.000000000000000000e+00 1.000000000000000000e+00 2.755699872970581055e+00
3.460000228881835938e+01 7.998486608266830444e-02 0.000000000000000000e+00 -2.026301331170543563e-07 8.000127226114273071e-02 0.000000000000000000e+00 6.000000000000000000e+00 8.191000000000000000e+03 0.000000000000000000e+00 1.000000000000000000e+00 2.755699872970581055e+00
3.479999923706054688e+01 6.996127218008041382e-02 0.000000000000000000e+00 -2.086957238134345971e-07 7.000423967838287354e-02 0.000000000000000000e+00 6.000000000000000000e+00 8.191000000000000000e+03 0.000000000000000000e+00 1.000000000000000000e+00 2.755699872970581055e+00
3.500000000000000000e+01 5.992994084954261780e-02 0.000000000000000000e+00 -2.193371244629815919e-07 5.999470502138137817e-02 0.000000000000000000e+00 6.000000000000000000e+00 8.191000000000000000e+03 0.000000000000000000e+00 1.000000000000000000e+00 2.755699872970581055e+00
3.520000076293945312e+01 4.998821020126342773e-02 0.000000000000000000e+00 -2.259012461536258343e-07 4.999766871333122253e-02 0.000000000000000000e+00 6.000000000000000000e+00 8.191000000000000000e+03 0.000000000000000000e+00 1.000000000000000000e+00 2.755699872970581055e+00
3.540000152587890625e+01 4.001250490546226501e-02 0.000000000000000000e+00 -2.329493611341604264e-07 4.000063613057136536e-02 0.000000000000000000e+00 6.000000000000000000e+00 8.191000000000000000e+03 0.000000000000000000e+00 1.000000000000000000e+00 2.755699872970581055e+00
3.560000228881835938e+01 2.995033562183380127e-02 0.000000000000000000e+00 -2.412696176179451868e-07 3.000359982252120972e-02 0.000000000000000000e+00 6.000000000000000000e+00 8.191000000000000000e+03 0.000000000000000000e+00 1.000000000000000000e+00 2.755699872970581055e+00
3.579999923706054688e+01 1.988490857183933258e-02 0.000000000000000000e+00 -2.486018786385102430e-07 1.999406889081001282e-02 0.000000000000000000e+00 6.000000000000000000e+00 8.191000000000000000e+03 0.000000000000000000e+00 1.000000000000000000e+00 2.755699872970581055e+00
3.600000000000000000e+01 1.000907924026250839e-02 0.000000000000000000e+00 -2.591551719888229854e-07 9.997034445405006409e-03 0.000000000000000000e+00 6.000000000000000000e+00 8.191000000000000000e+03 0.000000000000000000e+00 1.000000000000000000e+00 2.755699872970581055e+00
3.620000076293945312e+01 -1.072519808076322079e-05 0.000000000000000000e+00 -2.690302665087074274e-07 0.000000000000000000e+00 0.000000000000000000e+00 6.000000000000000000e+00 8.191000000000000000e+03 0.000000000000000000e+00 1.000000000000000000e+00 2.755699872970581055e+00
3.640000152587890625e+01 -1.010028645396232605e-02 0.000000000000000000e+00 -2.797659419684350723e-07 -9.997034445405006409e-03 0.000000000000000000e+00 6.000000000000000000e+00 8.191000000000000000e+03 0.000000000000000000e+00 1.000000000000000000e+00 2.755699872970581055e+00
3.660000228881835938e+01 -2.004878409206867218e-02 0.000000000000000000e+00 -2.927559705767635023e-07 -1.999406889081001282e-02 0.000000000000000000e+00 6.000000000000000000e+00 8.191000000000000000e+03 0.000000000000000000e+00 1.000000000000000000e+00 2.755699872970581055e+00
3.679999923706054688e+01 -2.963481470942497253e-02 0.000000000000000000e+00 -3.094902751854533562e-07 -3.000359982252120972e-02 0.000000000000000000e+00 6.000000000000000000e+00 6.143000000000000000e+03 0.000000000000000000e+00 1.000000000000000000e+00 2.755699872970581055e+00
3.700000000000000000e+01 -4.003956168889999390e-02 0.000000000000000000e+00 -3.296830186627630610e-07 -4.000063613057136536e-02 0.000000000000000000e+00 6.000000000000000000e+00 8.191000000000000000e+03 0.000000000000000000e+00 1.000000000000000000e+00 2.755699872970581055e+00
3.720000076293945312e+01 -5.001536756753921509e-02 0.000000000000000000e+00 -3.544492130913567962e-07 -4.999766871333122253e-02 0.000000000000000000e+00 6.000000000000000000e+00 8.191000000000000000e+03 0.000000000000000000e+00 1.000000000000000000e+00 2.755699872970581055e+00
3.740000152587890625e+01 -6.008657068014144897e-02 0.000000000000000000e+00 -3.870597993227420375e-07 -5.999470502138137817e-02 0.000000000000000000e+00 6.000000000000000000e+00 8.191000000000000000e+03 0.000000000000000000e+00 1.000000000000000000e+00 2.755699872970581055e+00
3.760000228881835938e+01 -7.010153681039810181e-02 0.000000000000000000e+00 -4.297500311167823384e-07 -7.000423967838287354e-02 0.000000000000000000e+00 6.000000000000000000e+00 8.191000000000000000e+03 0.000000000000000000e+00 1.000000000000000000e+00 2.755699872970581055e+00
3.779999923706054688e+01 -8.012171089649200439e-02 0.000000000000000000e+00 -4.864564857598452363e-07 -8.000127226114273071e-02 0.000000000000000000e+00 6.000000000000000000e+00 8.191000000000000000e+03 0.000000000000000000e+00 1.000000000000000000e+00 2.755899906158447266e+00
3.800000000000000000e+01 -9.003707766532897949e-02 0.000000000000000000e+00 -5.621940886157972272e-07 -8.999830484390258789e-02 0.000000000000000000e+00 6.000000000000000000e+00 8.191000000000000000e+03 0.000000000000000000e+00 1.000000000000000000e+00 2.755899906158447266e+00
3.820000076293945312e+01 -1.000611484050750732e-01 0.000000000000000000e+00 -6.636149691985337995e-07 -9.999533742666244507e-02 0.000000000000000000e+00 6.000000000000000000e+00 8.191000000000000000e+03 0.000000000000000000e+00 1.000000000000000000e+00 2.755899906158447266e+00
3.840000152587890625e+01 -1.100398004055023193e-01 0.000000000000000000e+00 -7.972259936650516465e-07 -1.100048720836639404e-01 0.000000000000000000e+00 6.000000000000000000e+00 8.191000000000000000e+03 0.000000000000000000e+00 1.000000000000000000e+00 2.755899906158447266e+00
3.860000228881835938e+01 -1.200867891311645508e-01 0.000000000000000000e+00 -9.689682656244258396e-07 -1.200019046664237976e-01 0.000000000000000000e+00 6.000000000000000000e+00 8.191000000000000000e+03 0.000000000000000000e+00 1.000000000000000000e+00 2.755899906158447266e+00
3.879999923706054688e+01 -1.300852149724960327e-01 0.000000000000000000e+00 -1.182235564556322061e-06 -1.299989372491836548e-01 0.000000000000000000e+00 7.000000000000000000e+00 8.191000000000000000e+03 0.000000000000000000e+00 1.000000000000000000e+00 2.755699872970581055e+00
3.900000000000000000e+01 -1.400934457778930664e-01 0.000000000000000000e+00 -1.442256916561746038e-06 -1.399959772825241089e-01 0.000000000000000000e+00 7.000000000000000000e+00 8.191000000000000000e+03 0.000000000000000000e+00 1.000000000000000000e+00 2.755699872970581055e+00
3.920000076293945312e+01 -1.500636637210845947e-01 0.000000000000000000e+00 -1.767324533830105793e-06 -1.500055044889450073e-01 0.000000000000000000e+00 7.000000000000000000e+00 8.191000000000000000e+03 0.000000000000000000e+00 1.000000000000000000e+00 2.755699872970581055e+00
3.940000152587890625e+01 -1.600863784551620483e-01 0.000000000000000000e+00 -2.147927943951799534e-06 -1.600025445222854614e-01 0.000000000000000000e+00 7.000000000000000000e+00 8.191000000000000000e+03 0.000000000000000000e+00 1.000000000000000000e+00 2.755699872970581055e+00
3.960000228881835938e+01 -1.700851470232009888e-01 0.000000000000000000e+00 -2.627815774758346379e-06 -1.699995696544647217e-01 0.000000000000000000e+00 7.000000000000000000e+00 8.191000000000000000e+03 0.000000000000000000e+00 1.000000000000000000e+00 2.755699872970581055e+00
3.979999923706054688e+01 -1.800706386566162109e-01 0.000000000000000000e+00 -3.206385827070334926e-06 -1.799966096878051758e-01 0.000000000000000000e+00 7.000000000000000000e+00 8.191000000000000000e+03 0.000000000000000000e+00 1.000000000000000000e+00 2.755599975585937500e+00
4.000000000000000000e+01 -1.901249885559082031e-01 0.000000000000000000e+00 -3.917100912076421082e-06 -1.900061368942260742e-01 0.000000000000000000e+00 7.000000000000000000e+00 8.191000000000000000e+03 0.000000000000000000e+00 1.000000000000000000e+00 2.755599975585937500e+00
4.020000076293945312e+01 -2.000540345907211304e-01 0.000000000000000000e+00 -4.773733962792903185e-06 -2.000031769275665283e-01 0.000000000000000000e+00 7.000000000000000000e+00 8.191000000000000000e+03 0.000000000000000000e+00 1.000000000000000000e+00 2.755599975585937500e+00
4.040000152587890625e+01 -2.100471407175064087e-01 0.000000000000000000e+00 -5.783990218333201483e-06 -2.100002169609069824e-01 0.000000000000000000e+00 7.000000000000000000e+00 8.191000000000000000e+03 0.000000000000000000e+00 1.000000000000000000e+00 2.755599975585937500e+00
4.060000228881835938e+01 -2.200971245765686035e-01 0.000000000000000000e+00 -6.958659469091799110e-06 -2.199972420930862427e-01 0.000000000000000000e+00 7.000000000000000000e+00 8.191000000000000000e+03 0.000000000000000000e+00 1.000000000000000000e+00 2.755599975585937500e+00
4.079999923706054688e+01 -2.300445586442947388e-01 0.000000000000000000e+00 -8.264272764790803194e-06 -2.299942821264266968e-01 0.000000000000000000e+00 7.000000000000000000e+00 8.191000000000000000e+03 0.000000000000000000e+00 1.000000000000000000e+00 2.755599975585937500e+00
4.100000000000000000e+01 -2.401057630777359009e-01 0.000000000000000000e+00 -9.693144420452881604e-06 -2.400038093328475952e-01 0.000000000000000000e+00 7.000000000000000000e+00 8.191000000000000000e+03 0.000000000000000000e+00 1.000000000000000000e+00 2.755599975585937500e+00
4.120000076293945312e+01 -2.500715553760528564e-01 0.000000000000000000e+00 -1.114086990128271282e-05 -2.500008344650268555e-01 0.000000000000000000e+00 8.000000000000000000e+00 8.191000000000000000e+03 0.000000000000000000e+00 1.000000000000000000e+00 2.755599975585937500e+00
4.140000152587890625e+01 -2.601155936717987061e-01 0.000000000000000000e+00 -1.262426121684256941e-05 -2.599978744983673096e-01 0.000000000000000000e+00 8.000000000000000000e+00 8.191000000000000000e+03 0.000000000000000000e+00 1.000000000000000000e+00 2.755599975585937500e+00
4.160000228881835938e+01 -2.700678706169128418e-01 0.000000000000000000e+00 -1.402536963723832741e-05 -2.699949145317077637e-01 0.000000000000000000e+00 8.000000000000000000e+00 8.191000000000000000e+03 0.000000000000000000e+00 1.000000000000000000e+00 2.755599975585937500e+00
4.179999923706054688e+01 -2.800789773464202881e-01 0.000000000000000000e+00 -1.532495116407517344e-05 -2.800044417381286621e-01 0.000000000000000000e+00 8.000000000000000000e+00 8.191000000000000000e+03 0.000000000000000000e+00 1.000000000000000000e+00 2.755699872970581055e+00
4.200000000000000000e+01 -2.900596857070922852e-01 0.000000000000000000e+00 -1.669419361860491335e-05 -2.900014817714691162e-01 0.000000000000000000e+00 8.000000000000000000e+00 8.191000000000000000e+03 0.000000000000000000e+00 1.000000000000000000e+00 2.755699872970581055e+00
4.220000076293945312e+01 -3.000689744949340820e-01 0.000000000000000000e+00 -1.811520087358076125e-05 -2.999985218048095703e-01 0.000000000000000000e+00 8.000000000000000000e+00 8.191000000000000000e+03 0.000000000000000000e+00 1.000000000000000000e+00 2.755699872970581055e+00
4.240000152587890625e+01 -2.900447845458984375e-01 0.000000000000000000e+00 -1.385612631565891206e-05 -2.900014817714691162e-01 0.000000000000000000e+00 8.000000000000000000e+00 8.191000000000000000e+03 0.000000000000000000e+00 2.000000000000000000e+00 2.755699872970581055e+00
4.260000228881835938e+01 -2.800378799438476562e-01 0.000000000000000000e+00 -1.079210596799384803e-05 -2.800044417381286621e-01 0.000000000000000000e+00 8.000000000000000000e+00 8.191000000000000000e+03 0.000000000000000000e+00 2.000000000000000000e+00 2.755699872970581055e+00
4.279999923706054688e+01 -2.700840234756469727e-01 0.000000000000000000e+00 -8.466860890621319413e-06 -2.699949145317077637e-01 0.000000000000000000e+00 8.000000000000000000e+00 8.191000000000000000e+03 0.000000000000000000e+00 2.000000000000000000e+00 2.755499839782714844e+00
4.300000000000000000e+01 -2.600893080234527588e-01 0.000000000000000000e+00 -6.649529495916794986e-06 -2.599978744983673096e-01 0.000000000000000000e+00 8.000000000000000000e+00 8.191000000000000000e+03 0.000000000000000000e+00 2.000000000000000000e+00 2.755499839782714844e+00
4.320000076293945312e+01 -2.501099109649658203e-01 0.000000000000000000e+00 -5.295165465213358402e-06 -2.500008344650268555e-01 0.000000000000000000e+00 7.000000000000000000e+00 8.191000000000000000e+03 0.000000000000000000e+00 2.000000000000000000e+00 2.755499839782714844e+00
4.340000152587890625e+01 -2.400731444358825684e-01 0.000000000000000000e+00 -4.171515683992765844e-06 -2.400038093328475952e-01 0.000000000000000000e+00 7.000000000000000000e+00 8.191000000000000000e+03 0.000000000000000000e+00 2.000000000000000000e+00 2.755499839782714844e+00
4.360000228881835938e+01 -2.301004976034164429e-01 0.000000000000000000e+00 -3.288206016804906540e-06 -2.299942821264266968e-01 0.000000000000000000e+00 7.000000000000000000e+00 8.191000000000000000e+03 0.000000000000000000e+00 2.000000000000000000e+00 2.755499839782714844e+00
4.379999923706054688e+01 -2.200932800769805908e-01 0.000000000000000000e+00 -2.581964736236841418e-06 -2.199972420930862427e-01 0.000000000000000000e+00 7.000000000000000000e+00 8.191000000000000000e+03 0.000000000000000000e+00 2.000000000000000000e+00 2.755499839782714844e+00
4.400000000000000000e+01 -2.101166695356369019e-01 0.000000000000000000e+00 -2.024494961005984806e-06 -2.100002169609069824e-01 0.000000000000000000e+00 7.000000000000000000e+00 8.191000000000000000e+03 0.000000000000000000e+00 2.000000000000000000e+00 2.755499839782714844e+00
4.420000076293945312e+01 -2.000724077224731445e-01 0.000000000000000000e+00 -1.578860974404960871e-06 -2.000031769275665283e-01 0.000000000000000000e+00 7.000000000000000000e+00 8.191000000000000000e+03 0.000000000000000000e+00 2.000000000000000000e+00 2.755499839782714844e+00
4.440000152587890625e+01 -1.900601238012313843e-01 0.000000000000000000e+00 -1.214016037920373492e-06 -1.900061368942260742e-01 0.000000000000000000e+00 7.000000000000000000e+00 8.191000000000000000e+03 0.000000000000000000e+00 2.000000000000000000e+00 2.755499839782714844e+00
4.460000228881835938e+01 -1.801099926233291626e-01 0.000000000000000000e+00 -9.275576644540706184e-07 -1.799966096878051758e-01 0.000000000000000000e+00 7.000000000000000000e+00 8.191000000000000000e+03 0.000000000000000000e+00 2.000000000000000000e+00 2.755499839782714844e+00
4.479999923706054688e+01 -1.700547486543655396e-01 0.000000000000000000e+00 -7.025480499578407034e-07 -1.699995696544647217e-01 0.000000000000000000e+00 7.000000000000000000e+00 8.191000000000000000e+03 0.000000000000000000e+00 2.000000000000000000e+00 2.755599975585937500e+00
4.500000000000000000e+01 -1.600936204195022583e-01 0.000000000000000000e+00 -5.180233415558177512e-07 -1.600025445222854614e-01 0.000000000000000000e+00 6.000000000000000000e+00 8.191000000000000000e+03 0.000000000000000000e+00 2.000000000000000000e+00 2.755599975585937500e+00
4.520000076293945312e+01 -1.500802636146545410e-01 0.000000000000000000e+00 -3.716089906902197981e-07 -1.500055044889450073e-01 0.000000000000000000e+00 6.000000000000000000e+00 8.191000000000000000e+03 0.000000000000000000e+00 2.000000000000000000e+00 2.755599975585937500e+00
4.540000152587890625e+01 -1.400990635156631470e-01 0.000000000000000000e+00 -2.541994774674094515e-07 -1.399959772825241089e-01 0.000000000000000000e+00 6.000000000000000000e+00 8.191000000000000000e+03 0.000000000000000000e+00 2.000000000000000000e+00 2.755599975585937500e+00
4.560000228881835938e+01 -1.300963759422302246e-01 0.000000000000000000e+00 -1.597792191887492663e-07 -1.299989372491836548e-01 0.000000000000000000e+00 6.000000000000000000e+00 8.191000000000000000e+03 0.000000000000000000e+00 2.000000000000000000e+00 2.755599975585937500e+00
4.579999923706054688e+01 -1.200777813792228699e-01 0.000000000000000000e+00 -8.470988177577964962e-08 -1.200019046664237976e-01 0.000000000000000000e+00 6.000000000000000000e+00 8.191000000000000000e+03 0.000000000000000000e+00 2.000000000000000000e+00 2.755599975585937500e+00
4.600000000000000000e+01 -1.100545078516006470e-01 0.000000000000000000e+00 -2.355477413118478580e-08 -1.100048720836639404e-01 0.000000000000000000e+00 6.000000000000000000e+00 8.191000000000000000e+03 0.000000000000000000e+00 2.000000000000000000e+00 2.755599975585937500e+00
4.620000076293945312e+01 -1.000886261463165283e-01 0.000000000000000000e+00 2.738496718279748166e-08 -9.999533742666244507e-02 0.000000000000000000e+00 5.000000000000000000e+00 8.191000000000000000e+03 0.000000000000000000e+00 2.000000000000000000e+00 2.755599975585937500e+00
4.640000152587890625e+01 -9.013167023658752441e-02 0.000000000000000000e+00 6.905970906245784136e-08 -8.999830484390258789e-02 0.000000000000000000e+00 5.000000000000000000e+00 8.191000000000000000e+03 0.000000000000000000e+00 2.000000000000000000e+00 2.755599975585937500e+00
4.660000228881835938e+01 -8.011686801910400391e-02 0.000000000000000000e+00 1.043369337594413082e-07 -8.000127226114273071e-02 0.000000000000000000e+00 5.000000000000000000e+00 7.164000000000000000e+03 0.000000000000000000e+00 2.000000000000000000e+00 2.755599975585937500e+00
4.679999923706054688e+01 -7.008292526006698608e-02 0.000000000000000000e+00 1.353294720729536493e-07 -7.000423967838287354e-02 0.000000000000000000e+00 6.000000000000000000e+00 8.191000000000000000e+03 0.000000000000000000e+00 2.000000000000000000e+00 2.755599975585937500e+00
4.700000000000000000e+01 -6.000239774584770203e-02 0.000000000000000000e+00 1.620738885321770795e-07 -5.999470502138137817e-02 0.000000000000000000e+00 6.000000000000000000e+00 8.191000000000000000e+03 0.000000000000000000e+00 2.000000000000000000e+00 2.755599975585937500e+00
4.720000076293945312e+01 -5.008205026388168335e-02 0.000000000000000000e+00 1.856748212958336808e-07 -4.999766871333122253e-02 0.000000000000000000e+00 6.000000000000000000e+00 8.191000000000000000e+03 0.000000000000000000e+00 2.000000000000000000e+00 2.755599975585937500e+00
4.740000152587890625e+01 -4.011074081063270569e-02 0.000000000000000000e+00 2.069538993509922875e-07 -4.000063613057136536e-02 0.000000000000000000e+00 6.000000000000000000e+00 8.191000000000000000e+03 0.000000000000000000e+00 2.000000000000000000e+00 2.755599975585937500e+00
4.760000228881835938e+01 -3.003191389143466949e-02 0.000000000000000000e+00 2.259228182310835109e-07 -3.000359982252120972e-02 0.000000000000000000e+00 6.000000000000000000e+00 8.191000000000000000e+03 0.000000000000000000e+00 2.000000000000000000e+00 2.755599975585937500e+00
4.779999923706054688e+01 -2.003002539277076721e-02 0.000000000000000000e+00 2.437415105305262841e-07 -1.999406889081001282e-02 0.000000000000000000e+00 6.000000000000000000e+00 8.191000000000000000e+03 0.000000000000000000e+00 2.000000000000000000e+00 2.755599975585937500e+00
4.800000000000000000e+01 -1.008146535605192184e-02 0.000000000000000000e+00 2.610901503885543207e-07 -9.997034445405006409e-03 0.000000000000000000e+00 6.000000000000000000e+00 8.191000000000000000e+03 0.000000000000000000e+00 2.000000000000000000e+00 2.755599975585937500e+00
4.820000076293945312e+01 -3.730914613697677851e-05 0.000000000000000000e+00 2.746562870470370399e-07 0.000000000000000000e+00 0.000000000000000000e+00 6.000000000000000000e+00 8.191000000000000000e+03 0.000000000000000000e+00 2.000000000000000000e+00 2.755599975585937500e+00
4.840000152587890625e+01 9.984947741031646729e-03 0.000000000000000000e+00 2.898072466450685170e-07 9.997034445405006409e-03 0.000000000000000000e+00 6.000000000000000000e+00 8.191000000000000000e+03 0.000000000000000000e+00 2.000000000000000000e+00 2.755599975585937500e+00
4.860000228881835938e+01 1.996438764035701752e-02 0.000000000000000000e+00 3.041270133508078288e-07 1.999406889081001282e-02 0.000000000000000000e+00 6.000000000000000000e+00 8.191000000000000000e+03 0.000000000000000000e+00 2.000000000000000000e+00 2.755599975585937500e+00
4.879999923706054688e+01 2.945892512798309326e-02 0.000000000000000000e+00 3.177853500346827786e-07 3.000359982252120972e-02 0.000000000000000000e+00 6.000000000000000000e+00 6.143000000000000000e+03 0.000000000000000000e+00 2.000000000000000000e+00 2.755599975585937500e+00
4.900000000000000000e+01 3.996101394295692444e-02 0.000000000000000000e+00 3.311648697490454651e-07 4.000063613057136536e-02 0.000000000000000000e+00 6.000000000000000000e+00 8.191000000000000000e+03 0.000000000000000000e+00 2.000000000000000000e+00 2.755599975585937500e+00
4.920000076293945312e+01 4.992474615573883057e-02 0.000000000000000000e+00 3.440729017256671796e-07 4.999766871333122253e-02 0.000000000000000000e+00 6.000000000000000000e+00 8.191000000000000000e+03 0.000000000000000000e+00 2.000000000000000000e+00 2.755599975585937500e+00
4.940000152587890625e+01 6.000429019331932068e-02 0.000000000000000000e+00 3.571095987808803329e-07 5.999470502138137817e-02 0.000000000000000000e+00 6.000000000000000000e+00 8.191000000000000000e+03 0.000000000000000000e+00 2.000000000000000000e+00 2.755599975585937500e+00
4.960000228881835938e+01 6.993151456117630005e-02 0.000000000000000000e+00 3.707077667058911175e-07 7.000423967838287354e-02 0.000000000000000000e+00 6.000000000000000000e+00 8.191000000000000000e+03 0.000000000000000000e+00 2.000000000000000000e+00 2.755599975585937500e+00
4.979999923706054688e+01 7.995598763227462769e-02 0.000000000000000000e+00 3.837241138171521015e-07 8.000127226114273071e-02 0.000000000000000000e+00 6.000000000000000000e+00 8.191000000000000000e+03 0.000000000000000000e+00 2.000000000000000000e+00 2.755800008773803711e+00
5.000000000000000000e+01 8.995655179023742676e-02 0.000000000000000000e+00 3.977033031787868822e-07 8.999830484390258789e-02 0.000000000000000000e+00 6.000000000000000000e+00 8.191000000000000000e+03 0.000000000000000000e+00 2.000000000000000000e+00 2.755800008773803711e+00
5.020000076293945312e+01 9.991263598203659058e-02 0.000000000000000000e+00 4.118793412999366410e-07 9.999533742666244507e-02 0.000000000000000000e+00 6.000000000000000000e+00 8.191000000000000000e+03 0.000000000000000000e+00 2.000000000000000000e+00 2.755800008773803711e+00
5.040000152587890625e+01 1.098802834749221802e-01 0.000000000000000000e+00 4.271420834811578970e-07 1.100048720836639404e-01 0.000000000000000000e+00 6.000000000000000000e+00 8.191000000000000000e+03 0.000000000000000000e+00 2.000000000000000000e+00 2.755800008773803711e+00
5.060000228881835938e+01 1.199747845530509949e-01 0.000000000000000000e+00 4.437664529177709483e-07 1.200019046664237976e-01 0.000000000000000000e+00 6.000000000000000000e+00 8.191000000000000000e+03 0.000000000000000000e+00 2.000000000000000000e+00 2.755800008773803711e+00
5.079999923706054688e+01 1.298920810222625732e-01 0.000000000000000000e+00 4.614494173438288271e-07 1.299989372491836548e-01 0.000000000000000000e+00 6.000000000000000000e+00 8.191000000000000000e+03 0.000000000000000000e+00 2.000000000000000000e+00 2.755599975585937500e+00
5.100000000000000000e+01 1.399241536855697632e-01 0.000000000000000000e+00 4.796661414729896933e-07 1.399959772825241089e-01 0.000000000000000000e+00 6.000000000000000000e+00 8.191000000000000000e+03 0.000000000000000000e+00 2.000000000000000000e+00 2.755599975585937500e+00
5.120000076293945312e+01 1.499350517988204956e-01 0.000000000000000000e+00 4.995327458345855121e-07 1.500055044889450073e-01 0.000000000000000000e+00 6.000000000000000000e+00 8.191000000000000000e+03 0.000000000000000000e+00 2.000000000000000000e+00 2.755599975585937500e+00
5.140000152587890625e+01 1.599746346473693848e-01 0.000000000000000000e+00 5.219369541009655222e-07 1.600025445222854614e-01 0.000000000000000000e+00 6.000000000000000000e+00 8.191000000000000000e+03 0.000000000000000000e+00 2.000000000000000000e+00 2.755599975585937500e+00
5.160000228881835938e+01 1.699274480342864990e-01 0.000000000000000000e+00 5.469646566780284047e-07 1.699995696544647217e-01 0.000000000000000000e+00 6.000000000000000000e+00 8.191000000000000000e+03 0.000000000000000000e+00 2.000000000000000000e+00 2.755599975585937500e+00
5.179999923706054688e+01 1.799813807010650635e-01 0.000000000000000000e+00 5.736652042287460063e-07 1.799966096878051758e-01 0.000000000000000000e+00 6.000000000000000000e+00 8.191000000000000000e+03 0.000000000000000000e+00 2.000000000000000000e+00 2.755599975585937500e+00
5.200000000000000000e+01 1.899506598711013794e-01 0.000000000000000000e+00 6.042159270691627171e-07 1.900061368942260742e-01 0.000000000000000000e+00 6.000000000000000000e+00 8.191000000000000000e+03 0.000000000000000000e+00 2.000000000000000000e+00 2.755599975585937500e+00
5.220000076293945312e+01 1.999809741973876953e-01 0.000000000000000000e+00 6.375449288498202804e-07 2.000031769275665283e-01 0.000000000000000000e+00 6.000000000000000000e+00 8.191000000000000000e+03 0.000000000000000000e+00 2.000000000000000000e+00 2.755599975585937500e+00
5.240000152587890625e+01 2.099218517541885376e-01 0.000000000000000000e+00 6.757039159310807008e-07 2.100002169609069824e-01 0.000000000000000000e+00 6.000000000000000000e+00 8.191000000000000000e+03 0.000000000000000000e+00 2.000000000000000000e+00 2.755599975585937500e+00
5.260000228881835938e+01 2.199758440256118774e-01 0.000000000000000000e+00 7.151933232307783328e-07 2.199972420930862427e-01 0.000000000000000000e+00 6.000000000000000000e+00 8.191000000000000000e+03 0.000000000000000000e+00 2.000000000000000000e+00 2.755599975585937500e+00
5.279999923706054688e+01 2.299452722072601318e-01 0.000000000000000000e+00 7.600756362080574036e-07 2.299942821264266968e-01 0.000000000000000000e+00 6.000000000000000000e+00 8.191000000000000000e+03 0.000000000000000000e+00 2.000000000000000000e+00 2.755699872970581055e+00
5.300000000000000000e+01 2.399525940418243408e-01 0.000000000000000000e+00 8.108567612907791045e-07 2.400038093328475952e-01 0.000000000000000000e+00 6.000000000000000000e+00 8.191000000000000000e+03 0.000000000000000000e+00 2.000000000000000000e+00 2.755699872970581055e+00
5.320000076293945312e+01 2.499575465917587280e-01 0.000000000000000000e+00 8.640598707643221132e-07 2.500008344650268555e-01 0.000000000000000000e+00 6.000000000000000000e+00 8.191000000000000000e+03 0.000000000000000000e+00 2.000000000000000000e+00 2.755699872970581055e+00
5.340000152587890625e+01 2.599286139011383057e-01 0.000000000000000000e+00 9.234477147401776165e-07 2.599978744983673096e-01 0.000000000000000000e+00 6.000000000000000000e+00 8.191000000000000000e+03 0.000000000000000000e+00 2.000000000000000000e+00 2.755699872970581055e+00
5.360000228881835938e+01 2.699242532253265381e-01 0.000000000000000000e+00 9.927656492436653934e-07 2.699949145317077637e-01 0.000000000000000000e+00 7.000000000000000000e+00 8.191000000000000000e+03 0.000000000000000000e+00 2.000000000000000000e+00 2.755699872970581055e+00
5.379999923706054688e+01 2.799250781536102295e-01 0.000000000000000000e+00 1.059340775100281462e-06 2.800044417381286621e-01 0.000000000000000000e+00 7.000000000000000000e+00 8.191000000000000000e+03 0.000000000000000000e+00 2.000000000000000000e+00 2.755699872970581055e+00
5.400000000000000000e+01 2.899470627307891846e-01 0.000000000000000000e+00 1.134404215008544270e-06 2.900014817714691162e-01 0.000000000000000000e+00 7.000000000000000000e+00 8.191000000000000000e+03 0.000000000000000000e+00 2.000000000000000000e+00 2.755699872970581055e+00
5.420000076293945312e+01 2.999402880668640137e-01 0.000000000000000000e+00 1.216431996908795554e-06 2.999985218048095703e-01 0.000000000000000000e+00 7.000000000000000000e+00 8.191000000000000000e+03 0.000000000000000000e+00 2.000000000000000000e+00 2.755699872970581055e+00
5.440000152587890625e+01 2.899452149868011475e-01 0.000000000000000000e+00 7.957665388858004007e-07 2.900014817714691162e-01 0.000000000000000000e+00 7.000000000000000000e+00 8.191000000000000000e+03 0.000000000000000000e+00 2.000000000000000000e+00 2.755699872970581055e+00
5.460000228881835938e+01 2.799531221389770508e-01 0.000000000000000000e+00 5.711644917028024793e-07 2.800044417381286621e-01 0.000000000000000000e+00 6.000000000000000000e+00 8.191000000000000000e+03 0.000000000000000000e+00 2.000000000000000000e+00 2.755699872970581055e+00
5.479999923706054688e+01 2.700042426586151123e-01 0.000000000000000000e+00 4.201438628115283791e-07 2.699949145317077637e-01 0.000000000000000000e+00 6.000000000000000000e+00 8.191000000000000000e+03 0.000000000000000000e+00 2.000000000000000000e+00 2.755399942398071289e+00
5.500000000000000000e+01 2.599996626377105713e-01 0.000000000000000000e+00 3.116826690074958606e-07 2.599978744983673096e-01 0.000000000000000000e+00 6.000000000000000000e+00 8.191000000000000000e+03 0.000000000000000000e+00 2.000000000000000000e+00 2.755399942398071289e+00
5.520000076293945312e+01 2.499261796474456787e-01 0.000000000000000000e+00 2.292768925826749182e-07 2.500008344650268555e-01 0.000000000000000000e+00 6.000000000000000000e+00 8.191000000000000000e+03 0.000000000000000000e+00 2.000000000000000000e+00 2.755399942398071289e+00
5.540000152587890625e+01 2.399693280458450317e-01 0.000000000000000000e+00 1.653777275123502477e-07 2.400038093328475952e-01 0.000000000000000000e+00 6.000000000000000000e+00 8.191000000000000000e+03 0.000000000000000000e+00 2.000000000000000000e+00 2.755399942398071289e+00
5.560000228881835938e+01 2.299803942441940308e-01 0.000000000000000000e+00 1.136062053319619736e-07 2.299942821264266968e-01 0.000000000000000000e+00 6.000000000000000000e+00 8.191000000000000000e+03 0.000000000000000000e+00 2.000000000000000000e+00 2.755399942398071289e+00
5.579999923706054688e+01 2.199359536170959473e-01 0.000000000000000000e+00 7.346527297613647534e-08 2.199972420930862427e-01 0.000000000000000000e+00 6.000000000000000000e+00 8.191000000000000000e+03 0.000000000000000000e+00 2.000000000000000000e+00 2.755399942398071289e+00
5.600000000000000000e+01 2.099694013595581055e-01 0.000000000000000000e+00 3.989006813753803726e-08 2.100002169609069824e-01 0.000000000000000000e+00 5.000000000000000000e+00 8.191000000000000000e+03 0.000000000000000000e+00 2.000000000000000000e+00 2.755399942398071289e+00
5.620000076293945312e+01 1.999532580375671387e-01 0.000000000000000000e+00 1.168602192791468042e-08 2.000031769275665283e-01 0.000000000000000000e+00 5.000000000000000000e+00 8.191000000000000000e+03 0.000000000000000000e+00 2.000000000000000000e+00 2.755399942398071289e+00
5.640000152587890625e+01 1.900143325328826904e-01 0.000000000000000000e+00 -1.173094865691837185e-08 1.900061368942260742e-01 0.000000000000000000e+00 5.000000000000000000e+00 8.191000000000000000e+03 0.000000000000000000e+00 2.000000000000000000e+00 2.755399942398071289e+00
5.660000228881835938e+01 1.799821406602859497e-01 0.000000000000000000e+00 -3.182501018272887450e-08 1.799966096878051758e-01 0.000000000000000000e+00 5.000000000000000000e+00 8.191000000000000000e+03 0.000000000000000000e+00 2.000000000000000000e+00 2.755399942398071289e+00
5.679999923706054688e+01 1.699243038892745972e-01 0.000000000000000000e+00 -4.837520961586960766e-08 1.699995696544647217e-01 0.000000000000000000e+00 5.000000000000000000e+00 8.191000000000000000e+03 0.000000000000000000e+00 2.000000000000000000e+00 2.755599975585937500e+00
5.700000000000000000e+01 1.598964184522628784e-01 0.000000000000000000e+00 -6.335007896041133790e-08 1.600025445222854614e-01 0.000000000000000000e+00 5.000000000000000000e+00 8.191000000000000000e+03 0.000000000000000000e+00 2.000000000000000000e+00 2.755599975585937500e+00
5.720000076293945312e+01 1.498943865299224854e-01 0.000000000000000000e+00 -7.656399247935041785e-08 1.500055044889450073e-01 0.000000000000000000e+00 5.000000000000000000e+00 8.191000000000000000e+03 0.000000000000000000e+00 2.000000000000000000e+00 2.755599975585937500e+00
5.740000152587890625e+01 1.399291306734085083e-01 0.000000000000000000e+00 -8.819016272809676593e-08 1.399959772825241089e-01 0.000000000000000000e+00 5.000000000000000000e+00 8.191000000000000000e+03 0.000000000000000000e+00 2.000000000000000000e+00 2.755599975585937500e+00
5.760000228881835938e+01 1.299665868282318115e-01 0.000000000000000000e+00 -9.818194257604773156e-08 1.299989372491836548e-01 0.000000000000000000e+00 5.000000000000000000e+00 7.164000000000000000e+03 0.000000000000000000e+00 2.000000000000000000e+00 2.755599975585937500e+00
5.779999923706054688e+01 1.199577078223228455e-01 0.000000000000000000e+00 -1.072390105605336430e-07 1.200019046664237976e-01 0.000000000000000000e+00 6.000000000000000000e+00 8.191000000000000000e+03 0.000000000000000000e+00 2.000000000000000000e+00 2.755100011825561523e+00
5.800000000000000000e+01 1.099788770079612732e-01 0.000000000000000000e+00 -1.159885201218457951e-07 1.100048720836639404e-01 0.000000000000000000e+00 6.000000000000000000e+00 8.191000000000000000e+03 0.000000000000000000e+00 2.000000000000000000e+00 2.755100011825561523e+00
5.820000076293945312e+01 9.995979070663452148e-02 0.000000000000000000e+00 -1.244208931439061416e-07 9.999533742666244507e-02 0.000000000000000000e+00 6.000000000000000000e+00 8.191000000000000000e+03 0.000000000000000000e+00 2.000000000000000000e+00 2.755100011825561523e+00
5.840000152587890625e+01 8.996511250734329224e-02 0.000000000000000000e+00 -1.318826150509266881e-07 8.999830484390258789e-02 0.000000000000000000e+00 6.000000000000000000e+00 8.191000000000000000e+03 0.000000000000000000e+00 2.000000000000000000e+00 2.755100011825561523e+00
5.860000228881835938e+01 7.998909801244735718e-02 0.000000000000000000e+00 -1.406729666086903308e-07 8.000127226114273071e-02 0.000000000000000000e+00 6.000000000000000000e+00 8.191000000000000000e+03 0.000000000000000000e+00 2.000000000000000000e+00 2.755100011825561523e+00
5.879999923706054688e+01 6.999067962169647217e-02 0.000000000000000000e+00 -1.480614884030728717e-07 7.000423967838287354e-02 0.000000000000000000e+00 6.000000000000000000e+00 8.191000000000000000e+03 0.000000000000000000e+00 2.000000000000000000e+00 2.755499839782714844e+00
5.900000000000000000e+01 5.995003506541252136e-02 0.000000000000000000e+00 -1.556893352017141297e-07 5.999470502138137817e-02 0.000000000000000000e+00 6.000000000000000000e+00 8.191000000000000000e+03 0.000000000000000000e+00 2.000000000000000000e+00 2.755499839782714844e+00
5.920000076293945312e+01 4.998139292001724243e-02 0.000000000000000000e+00 -1.634074351386516355e-07 4.999766871333122253e-02 0.000000000000000000e+00 6.000000000000000000e+00 8.191000000000000000e+03 0.000000000000000000e+00 2.000000000000000000e+00 2.755499839782714844e+00
5.940000152587890625e+01 3.993531316518783569e-02 0.000000000000000000e+00 -1.705549124153549201e-07 4.000063613057136536e-02 0.000000000000000000e+00 6.000000000000000000e+00 8.191000000000000000e+03 0.000000000000000000e+00 2.000000000000000000e+00 2.755499839782714844e+00
5.960000228881835938e+01 2.993208914995193481e-02 0.000000000000000000e+00 -1.780718292820893112e-07 3.000359982252120972e-02 0.000000000000000000e+00 6.000000000000000000e+00 8.191000000000000000e+03 0.000000000000000000e+00 2.000000000000000000e+00 2.755499839782714844e+00
5.979999923706054688e+01 1.999878697097301483e-02 0.000000000000000000e+00 -1.855447635534801520e-07 1.999406889081001282e-02 0.000000000000000000e+00 6.000000000000000000e+00 8.191000000000000000e+03 0.000000000000000000e+00 2.000000000000000000e+00 2.755499839782714844e+00
6.000000000000000000e+01 9.929356165230274200e-03 0.000000000000000000e+00 -1.935139124498164165e-07 9.997034445405006409e-03 0.000000000000000000e+00 6.000000000000000000e+00 8.191000000000000000e+03 0.000000000000000000e+00 2.000000000000000000e+00 2.755499839782714844e+00
6.020000076293945312e+01 -4.538471694104373455e-05 0.000000000000000000e+00 -2.029183434615333681e-07 0.000000000000000000e+00 0.000000000000000000e+00 6.000000000000000000e+00 8.191000000000000000e+03 0.000000000000000000e+00 2.000000000000000000e+00 2.755499839782714844e+00
6.040000152587890625e+01 -1.005787495523691177e-02 0.000000000000000000e+00 -2.124555606997091672e-07 -9.997034445405006409e-03 0.000000000000000000e+00 6.000000000000000000e+00 8.191000000000000000e+03 0.000000000000000000e+00 2.000000000000000000e+00 2.755499839782714844e+00
6.060000228881835938e+01 -2.007997408509254456e-02 0.000000000000000000e+00 -2.234306322179691051e-07 -1.999406889081001282e-02 0.000000000000000000e+00 6.000000000000000000e+00 8.191000000000000000e+03 0.000000000000000000e+00 2.000000000000000000e+00 2.755499839782714844e+00
6.079999923706054688e+01 -2.962325699627399445e-02 0.000000000000000000e+00 -2.372881340306776110e-07 -3.000359982252120972e-02 0.000000000000000000e+00 6.000000000000000000e+00 6.143000000000000000e+03 0.000000000000000000e+00 2.000000000000000000e+00 2.755499839782714844e+00
6.100000000000000000e+01 -4.003282636404037476e-02 0.000000000000000000e+00 -2.543362143114791252e-07 -4.000063613057136536e-02 0.000000000000000000e+00 6.000000000000000000e+00 8.191000000000000000e+03 0.000000000000000000e+00 2.000000000000000000e+00 2.755499839782714844e+00
6.120000076293945312e+01 -5.004845559597015381e-02 0.000000000000000000e+00 -2.747919154444389278e-07 -4.999766871333122253e-02 0.000000000000000000e+00 6.000000000000000000e+00 8.191000000000000000e+03 0.000000000000000000e+00 2.000000000000000000e+00 2.755499839782714844e+00
6.140000152587890625e+01 -6.005870550870895386e-02 0.000000000000000000e+00 -3.026239312475809129e-07 -5.999470502138137817e-02 0.000000000000000000e+00 6.000000000000000000e+00 8.191000000000000000e+03 0.000000000000000000e+00 2.000000000000000000e+00 2.755499839782714844e+00
6.160000228881835938e+01 -7.007580250501632690e-02 0.000000000000000000e+00 -3.379356314781034598e-07 -7.000423967838287354e-02 0.000000000000000000e+00 6.000000000000000000e+00 8.191000000000000000e+03 0.000000000000000000e+00 2.000000000000000000e+00 2.755499839782714844e+00
6.179999923706054688e+01 -8.003368973731994629e-02 0.000000000000000000e+00 -3.856476098462735536e-07 -8.000127226114273071e-02 0.000000000000000000e+00 6.000000000000000000e+00 8.191000000000000000e+03 0.000000000000000000e+00 2.000000000000000000e+00 2.755699872970581055e+00
6.200000000000000000e+01 -9.008174389600753784e-02 0.000000000000000000e+00 -4.480478423829481471e-07 -8.999830484390258789e-02 0.000000000000000000e+00 6.000000000000000000e+00 8.191000000000000000e+03 0.000000000000000000e+00 2.000000000000000000e+00 2.755699872970581055e+00
6.220000076293945312e+01 -1.000682488083839417e-01 0.000000000000000000e+00 -5.314215059115667827e-07 -9.999533742666244507e-02 0.000000000000000000e+00 6.000000000000000000e+00 8.191000000000000000e+03 0.000000000000000000e+00 2.000000000000000000e+00 2.755699872970581055e+00
6.240000152587890625e+01 -1.101112812757492065e-01 0.000000000000000000e+00 -6.430870485019113403e-07 -1.100048720836639404e-01 0.000000000000000000e+00 6.000000000000000000e+00 8.191000000000000000e+03 0.000000000000000000e+00 2.000000000000000000e+00 2.755699872970581055e+00
6.260000228881835938e+01 -1.200564131140708923e-01 0.000000000000000000e+00 -7.897513114585308358e-07 -1.200019046664237976e-01 0.000000000000000000e+00 6.000000000000000000e+00 8.191000000000000000e+03 0.000000000000000000e+00 2.000000000000000000e+00 2.755699872970581055e+00
6.279999923706054688e+01 -1.300391703844070435e-01 0.000000000000000000e+00 -9.808916274778312072e-07 -1.299989372491836548e-01 0.000000000000000000e+00 6.000000000000000000e+00 8.191000000000000000e+03 0.000000000000000000e+00 2.000000000000000000e+00 2.755499839782714844e+00
6.300000000000000000e+01 -1.400718837976455688e-01 0.000000000000000000e+00 -1.224889388140582014e-06 -1.399959772825241089e-01 0.000000000000000000e+00 7.000000000000000000e+00 8.191000000000000000e+03 0.000000000000000000e+00 2.000000000000000000e+00 2.755499839782714844e+00
6.320000076293945312e+01 -1.500496119260787964e-01 0.000000000000000000e+00 -1.541279402772488538e-06 -1.500055044889450073e-01 0.000000000000000000e+00 7.000000000000000000e+00 8.191000000000000000e+03 0.000000000000000000e+00 2.000000000000000000e+00 2.755499839782714844e+00
6.340000152587890625e+01 -1.600457131862640381e-01 0.000000000000000000e+00 -1.928896836034255102e-06 -1.600025445222854614e-01 0.000000000000000000e+00 7.000000000000000000e+00 8.191000000000000000e+03 0.000000000000000000e+00 2.000000000000000000e+00 2.755499839782714844e+00
6.360000228881835938e+01 -1.700751036405563354e-01 0.000000000000000000e+00 -2.420663804514333606e-06 -1.699995696544647217e-01 0.000000000000000000e+00 7.000000000000000000e+00 8.191000000000000000e+03 0.000000000000000000e+00 2.000000000000000000e+00 2.755499839782714844e+00
6.379999923706054688e+01 -1.800767928361892700e-01 0.000000000000000000e+00 -3.018259803866385482e-06 -1.799966096878051758e-01 0.000000000000000000e+00 7.000000000000000000e+00 8.191000000000000000e+03 0.000000000000000000e+00 2.000000000000000000e+00 2.755499839782714844e+00
6.400000000000000000e+01 -1.900639086961746216e-01 0.000000000000000000e+00 -3.743831712199607864e-06 -1.900061368942260742e-01 0.000000000000000000e+00 7.000000000000000000e+00 8.191000000000000000e+03 0.000000000000000000e+00 2.000000000000000000e+00 2.755499839782714844e+00
6.420000457763671875e+01 -2.000528872013092041e-01 0.000000000000000000e+00 -4.598884515871759504e-06 -2.000031769275665283e-01 0.000000000000000000e+00 7.000000000000000000e+00 8.191000000000000000e+03 0.000000000000000000e+00 2.000000000000000000e+00 2.755499839782714844e+00
6.440000152587890625e+01 -2.100595831871032715e-01 0.000000000000000000e+00 -5.598720690613845363e-06 -2.100002169609069824e-01 0.000000000000000000e+00 7.000000000000000000e+00 8.191000000000000000e+03 0.000000000000000000e+00 2.000000000000000000e+00 2.755499839782714844e+00
6.459999847412109375e+01 -2.200620770454406738e-01 0.000000000000000000e+00 -6.723135356878628954e-06 -2.199972420930862427e-01 0.000000000000000000e+00 7.000000000000000000e+00 8.191000000000000000e+03 0.000000000000000000e+00 2.000000000000000000e+00 2.755499839782714844e+00
6.480000305175781250e+01 -2.300759106874465942e-01 0.000000000000000000e+00 -7.980900591064710170e-06 -2.299942821264266968e-01 0.000000000000000000e+00 7.000000000000000000e+00 8.191000000000000000e+03 0.000000000000000000e+00 2.000000000000000000e+00 2.755499839782714844e+00
6.500000000000000000e+01 -2.401141375303268433e-01 0.000000000000000000e+00 -9.301526915805879980e-06 -2.400038093328475952e-01 0.000000000000000000e+00 7.000000000000000000e+00 8.191000000000000000e+03 0.000000000000000000e+00 2.000000000000000000e+00 2.755499839782714844e+00
6.520000457763671875e+01 -2.501184642314910889e-01 0.000000000000000000e+00 -1.058978796208975837e-05 -2.500008344650268555e-01 0.000000000000000000e+00 8.000000000000000000e+00 8.191000000000000000e+03 0.000000000000000000e+00 2.000000000000000000e+00 2.755499839782714844e+00
6.540000152587890625e+01 -2.600818276405334473e-01 0.000000000000000000e+00 -1.192316995002329350e-05 -2.599978744983673096e-01 0.000000000000000000e+00 8.000000000000000000e+00 8.191000000000000000e+03 0.000000000000000000e+00 2.000000000000000000e+00 2.755499839782714844e+00
6.559999847412109375e+01 -2.700425684452056885e-01 0.000000000000000000e+00 -1.325477114733075723e-05 -2.699949145317077637e-01 0.000000000000000000e+00 8.000000000000000000e+00 8.191000000000000000e+03 0.000000000000000000e+00 2.000000000000000000e+00 2.755499839782714844e+00
6.580000305175781250e+01 -2.800884246826171875e-01 0.000000000000000000e+00 -1.467083438910776749e-05 -2.800044417381286621e-01 0.000000000000000000e+00 8.000000000000000000e+00 8.191000000000000000e+03 0.000000000000000000e+00 2.000000000000000000e+00 2.755499839782714844e+00
6.600000000000000000e+01 -2.900472581386566162e-01 0.000000000000000000e+00 -1.604601129656657577e-05 -2.900014817714691162e-01 0.000000000000000000e+00 8.000000000000000000e+00 8.191000000000000000e+03 0.000000000000000000e+00 2.000000000000000000e+00 2.755499839782714844e+00
6.620000457763671875e+01 -3.000461161136627197e-01 0.000000000000000000e+00 -1.760942541295662522e-05 -2.999985218048095703e-01 0.000000000000000000e+00 8.000000000000000000e+00 8.191000000000000000e+03 0.000000000000000000e+00 2.000000000000000000e+00 2.755499839782714844e+00
6.640000152587890625e+01 -2.901257872581481934e-01 0.000000000000000000e+00 -1.338110905635403469e-05 -2.900014817714691162e-01 0.000000000000000000e+00 8.000000000000000000e+00 8.191000000000000000e+03 0.000000000000000000e+00 3.000000000000000000e+00 2.755499839782714844e+00
6.659999847412109375e+01 -2.800918519496917725e-01 0.000000000000000000e+00 -1.027215876092668623e-05 -2.800044417381286621e-01 0.000000000000000000e+00 8.000000000000000000e+00 8.191000000000000000e+03 0.000000000000000000e+00 3.000000000000000000e+00 2.755499839782714844e+00
6.680000305175781250e+01 -2.700820267200469971e-01 0.000000000000000000e+00 -7.936143447295762599e-06 -2.699949145317077637e-01 0.000000000000000000e+00 8.000000000000000000e+00 8.191000000000000000e+03 0.000000000000000000e+00 3.000000000000000000e+00 2.755300045013427734e+00
6.700000000000000000e+01 -2.601153850555419922e-01 0.000000000000000000e+00 -6.157261850603390485e-06 -2.599978744983673096e-01 0.000000000000000000e+00 7.000000000000000000e+00 8.191000000000000000e+03 0.000000000000000000e+00 3.000000000000000000e+00 2.755300045013427734e+00
6.720000457763671875e+01 -2.500531971454620361e-01 0.000000000000000000e+00 -4.766448910231702030e-06 -2.500008344650268555e-01 0.000000000000000000e+00 7.000000000000000000e+00 8.191000000000000000e+03 0.000000000000000000e+00 3.000000000000000000e+00 2.755300045013427734e+00
6.740000152587890625e+01 -2.400839924812316895e-01 0.000000000000000000e+00 -3.681592033899505623e-06 -2.400038093328475952e-01 0.000000000000000000e+00 7.000000000000000000e+00 8.191000000000000000e+03 0.000000000000000000e+00 3.000000000000000000e+00 2.755300045013427734e+00
6.759999847412109375e+01 -2.300662547349929810e-01 0.000000000000000000e+00 -2.840795559677644633e-06 -2.299942821264266968e-01 0.000000000000000000e+00 7.000000000000000000e+00 8.191000000000000000e+03 0.000000000000000000e+00 3.000000000000000000e+00 2.755300045013427734e+00
6.780000305175781250e+01 -2.201073616743087769e-01 0.000000000000000000e+00 -2.188324287999421358e-06 -2.199972420930862427e-01 0.000000000000000000e+00 7.000000000000000000e+00 8.191000000000000000e+03 0.000000000000000000e+00 3.000000000000000000e+00 2.755300045013427734e+00
6.800000000000000000e+01 -2.100515067577362061e-01 0.000000000000000000e+00 -1.678126523074752185e-06 -2.100002169609069824e-01 0.000000000000000000e+00 7.000000000000000000e+00 8.191000000000000000e+03 0.000000000000000000e+00 3.000000000000000000e+00 2.755300045013427734e+00
6.820000457763671875e+01 -2.001136243343353271e-01 0.000000000000000000e+00 -1.287324153054214548e-06 -2.000031769275665283e-01 0.000000000000000000e+00 7.000000000000000000e+00 8.191000000000000000e+03 0.000000000000000000e+00 3.000000000000000000e+00 2.755300045013427734e+00
6.840000152587890625e+01 -1.900870352983474731e-01 0.000000000000000000e+00 -9.693701485957717523e-07 -1.900061368942260742e-01 0.000000000000000000e+00 7.000000000000000000e+00 8.191000000000000000e+03 0.000000000000000000e+00 3.000000000000000000e+00 2.755300045013427734e+00
6.859999847412109375e+01 -1.800532490015029907e-01 0.000000000000000000e+00 -7.359663527495285962e-07 -1.799966096878051758e-01 0.000000000000000000e+00 7.000000000000000000e+00 8.191000000000000000e+03 0.000000000000000000e+00 3.000000000000000000e+00 2.755300045013427734e+00
6.880000305175781250e+01 -1.701517403125762939e-01 0.000000000000000000e+00 -5.522612696040596347e-07 -1.699995696544647217e-01 0.000000000000000000e+00 6.000000000000000000e+00 8.191000000000000000e+03 0.000000000000000000e+00 3.000000000000000000e+00 2.755499839782714844e+00
6.900000000000000000e+01 -1.601026654243469238e-01 0.000000000000000000e+00 -4.053376585488877026e-07 -1.600025445222854614e-01 0.000000000000000000e+00 6.000000000000000000e+00 8.191000000000000000e+03 0.000000000000000000e+00 3.000000000000000000e+00 2.755499839782714844e+00
6.920000457763671875e+01 -1.501308530569076538e-01 0.000000000000000000e+00 -2.879165492686297512e-07 -1.500055044889450073e-01 0.000000000000000000e+00 6.000000000000000000e+00 8.191000000000000000e+03 0.000000000000000000e+00 3.000000000000000000e+00 2.755499839782714844e+00
6.940000152587890625e+01 -1.401197910308837891e-01 0.000000000000000000e+00 -1.942834302326446050e-07 -1.399959772825241089e-01 0.000000000000000000e+00 6.000000000000000000e+00 8.191000000000000000e+03 0.000000000000000000e+00 3.000000000000000000e+00 2.755499839782714844e+00
6.959999847412109375e+01 -1.300492286682128906e-01 0.000000000000000000e+00 -1.166463263757577806e-07 -1.299989372491836548e-01 0.000000000000000000e+00 6.000000000000000000e+00 8.191000000000000000e+03 0.000000000000000000e+00 3.000000000000000000e+00 2.755499839782714844e+00
6.980000305175781250e+01 -1.200803592801094055e-01 0.000000000000000000e+00 -5.404687541954444896e-08 -1.200019046664237976e-01 0.000000000000000000e+00 6.000000000000000000e+00 8.191000000000000000e+03 0.000000000000000000e+00 3.000000000000000000e+00 2.755499839782714844e+00
7.000000000000000000e+01 -1.100304201245307922e-01 0.000000000000000000e+00 9.209027429513128027e-10 -1.100048720836639404e-01 0.000000000000000000e+00 5.000000000000000000e+00 8.191000000000000000e+03 0.000000000000000000e+00 3.000000000000000000e+00 2.755499839782714844e+00
7.020000457763671875e+01 -1.000925004482269287e-01 0.000000000000000000e+00 1.093948842623149176e-08 -9.999533742666244507e-02 0.000000000000000000e+00 4.000000000000000000e+00 6.908000000000000000e+03 0.000000000000000000e+00 3.000000000000000000e+00 2.755499839782714844e+00
7.040000152587890625e+01 -9.011048078536987305e-02 0.000000000000000000e+00 1.093948842623149176e-08 -8.999830484390258789e-02 0.000000000000000000e+00 4.000000000000000000e+00 6.908000000000000000e+03 0.000000000000000000e+00 3.000000000000000000e+00 2.755499839782714844e+00
7.059999847412109375e+01 -8.008500188589096069e-02 0.000000000000000000e+00 1.093948842623149176e-08 -8.000127226114273071e-02 0.000000000000000000e+00 4.000000000000000000e+00 7.164000000000000000e+03 0.000000000000000000e+00 3.000000000000000000e+00 2.755499839782714844e+00
7.080000305175781250e+01 -7.012882083654403687e-02 0.000000000000000000e+00 1.091851729029258422e-07 -7.000423967838287354e-02 0.000000000000000000e+00 5.000000000000000000e+00 7.164000000000000000e+03 0.000000000000000000e+00 3.000000000000000000e+00 2.755499839782714844e+00
7.100000000000000000e+01 -6.011833995580673218e-02 0.000000000000000000e+00 1.802406899287234410e-07 -5.999470502138137817e-02 0.000000000000000000e+00 6.000000000000000000e+00 8.191000000000000000e+03 0.000000000000000000e+00 3.000000000000000000e+00 2.755499839782714844e+00
7.120000457763671875e+01 -5.007917806506156921e-02 0.000000000000000000e+00 2.060443335949457833e-07 -4.999766871333122253e-02 0.000000000000000000e+00 6.000000000000000000e+00 8.191000000000000000e+03 0.000000000000000000e+00 3.000000000000000000e+00 2.755499839782714844e+00
7.140000152587890625e+01 -4.008767008781433105e-02 0.000000000000000000e+00 2.307590420969063416e-07 -4.000063613057136536e-02 0.000000000000000000e+00 6.000000000000000000e+00 8.191000000000000000e+03 0.000000000000000000e+00 3.000000000000000000e+00 2.755499839782714844e+00
7.159999847412109375e+01 -3.005554899573326111e-02 0.000000000000000000e+00 2.528658455958066043e-07 -3.000359982252120972e-02 0.000000000000000000e+00 6.000000000000000000e+00 8.191000000000000000e+03 0.000000000000000000e+00 3.000000000000000000e+00 2.755499839782714844e+00
7.180000305175781250e+01 -2.002785913646221161e-02 0.000000000000000000e+00 2.727422270254464820e-07 -1.999406889081001282e-02 0.000000000000000000e+00 6.000000000000000000e+00 8.191000000000000000e+03 0.000000000000000000e+00 3.000000000000000000e+00 2.755100011825561523e+00
7.200000000000000000e+01 -1.003144681453704834e-02 0.000000000000000000e+00 2.933556970674544573e-07 -9.997034445405006409e-03 0.000000000000000000e+00 6.000000000000000000e+00 8.191000000000000000e+03 0.000000000000000000e+00 3.000000000000000000e+00 2.755100011825561523e+00
7.220000457763671875e+01 -6.538350135087966919e-05 0.000000000000000000e+00 3.114100479706394253e-07 0.000000000000000000e+00 0.000000000000000000e+00 6.000000000000000000e+00 8.191000000000000000e+03 0.000000000000000000e+00 3.000000000000000000e+00 2.755100011825561523e+00
