5.000000000000000000e-01 -2.018791390582919121e-03 -2.018791390582919121e-03 0.000000000000000000e+00 0.000000000000000000e+00 8.191000000000000000e+03 0.000000000000000000e+00 2.757400035858154297e+00
1.000000000000000000e+00 -2.019083127379417419e-03 -2.034058794379234314e-03 0.000000000000000000e+00 0.000000000000000000e+00 8.191000000000000000e+03 0.000000000000000000e+00 2.757400035858154297e+00
1.500000000000000000e+00 -2.022066619247198105e-03 -2.110956469550728798e-03 0.000000000000000000e+00 0.000000000000000000e+00 8.191000000000000000e+03 0.000000000000000000e+00 2.757211208343505859e+00
2.000000000000000000e+00 -2.035703510046005249e-03 -2.249298384413123131e-03 0.000000000000000000e+00 0.000000000000000000e+00 8.191000000000000000e+03 0.000000000000000000e+00 2.757200002670288086e+00
2.500000000000000000e+00 -2.075755968689918518e-03 -2.518100896850228310e-03 0.000000000000000000e+00 0.000000000000000000e+00 8.191000000000000000e+03 0.000000000000000000e+00 2.757388591766357422e+00
3.000000000000000000e+00 -2.161921933293342590e-03 -2.739222953096032143e-03 0.000000000000000000e+00 0.000000000000000000e+00 8.191000000000000000e+03 0.000000000000000000e+00 2.757400035858154297e+00
3.500000000000000000e+00 -2.303054090589284897e-03 -2.867431845515966415e-03 0.000000000000000000e+00 0.000000000000000000e+00 8.191000000000000000e+03 0.000000000000000000e+00 2.757588624954223633e+00
4.000000000000000000e+00 -2.483813557773828506e-03 -3.057850990444421768e-03 0.000000000000000000e+00 0.000000000000000000e+00 8.191000000000000000e+03 0.000000000000000000e+00 2.757599830627441406e+00
4.500000000000000000e+00 -2.674986142665147781e-03 -3.171351039782166481e-03 0.000000000000000000e+00 0.000000000000000000e+00 8.191000000000000000e+03 0.000000000000000000e+00 2.757599830627441406e+00
5.000000000000000000e+00 -2.854716964066028595e-03 -3.287966363131999969e-03 0.000000000000000000e+00 0.000000000000000000e+00 8.191000000000000000e+03 0.000000000000000000e+00 2.757599830627441406e+00
5.500000000000000000e+00 -3.014811081811785698e-03 -3.435611957684159279e-03 0.000000000000000000e+00 0.000000000000000000e+00 8.191000000000000000e+03 0.000000000000000000e+00 2.757599830627441406e+00
6.000000000000000000e+00 -3.156283637508749962e-03 -3.494533244520425797e-03 0.000000000000000000e+00 0.000000000000000000e+00 8.191000000000000000e+03 0.000000000000000000e+00 2.757599830627441406e+00
6.500000000000000000e+00 -3.282704390585422516e-03 -3.607765771448612213e-03 0.000000000000000000e+00 0.000000000000000000e+00 8.191000000000000000e+03 0.000000000000000000e+00 2.757599830627441406e+00
7.000000000000000000e+00 -3.395578823983669281e-03 -3.671522950753569603e-03 0.000000000000000000e+00 0.000000000000000000e+00 8.191000000000000000e+03 0.000000000000000000e+00 2.757599830627441406e+00
7.500000000000000000e+00 -3.496348159387707710e-03 -3.778532147407531738e-03 0.000000000000000000e+00 0.000000000000000000e+00 8.191000000000000000e+03 0.000000000000000000e+00 2.757505655288696289e+00
8.000000000000000000e+00 -3.585188416764140129e-03 -3.666907083243131638e-03 0.000000000000000000e+00 0.000000000000000000e+00 8.191000000000000000e+03 0.000000000000000000e+00 2.757499933242797852e+00
8.500000000000000000e+00 -3.656518878415226936e-03 -3.836292074993252754e-03 0.000000000000000000e+00 0.000000000000000000e+00 8.191000000000000000e+03 0.000000000000000000e+00 2.757499933242797852e+00
9.000000000000000000e+00 -3.707806114107370377e-03 -3.802486928179860115e-03 0.000000000000000000e+00 0.000000000000000000e+00 8.191000000000000000e+03 0.000000000000000000e+00 2.757499933242797852e+00
9.500000000000000000e+00 -3.746506525203585625e-03 -3.816701238974928856e-03 0.000000000000000000e+00 0.000000000000000000e+00 8.191000000000000000e+03 0.000000000000000000e+00 2.757594347000122070e+00
1.000000000000000000e+01 -3.778832498937845230e-03 -3.867694642394781113e-03 0.000000000000000000e+00 0.000000000000000000e+00 8.191000000000000000e+03 0.000000000000000000e+00 2.757599830627441406e+00
1.050000000000000000e+01 -3.805728862062096596e-03 -3.864334896206855774e-03 0.000000000000000000e+00 0.000000000000000000e+00 8.191000000000000000e+03 0.000000000000000000e+00 2.757599830627441406e+00
1.100000000000000000e+01 -3.827805630862712860e-03 -3.831187728792428970e-03 0.000000000000000000e+00 0.000000000000000000e+00 8.191000000000000000e+03 0.000000000000000000e+00 2.757599830627441406e+00
1.150000000000000000e+01 -3.843730781227350235e-03 -3.885868238285183907e-03 0.000000000000000000e+00 0.000000000000000000e+00 8.191000000000000000e+03 0.000000000000000000e+00 2.757505655288696289e+00
1.200000000000000000e+01 -3.851916640996932983e-03 -3.805689746513962746e-03 0.000000000000000000e+00 0.000000000000000000e+00 8.191000000000000000e+03 0.000000000000000000e+00 2.757499933242797852e+00
1.250000000000000000e+01 -3.851425135508179665e-03 -3.768377238884568214e-03 0.000000000000000000e+00 0.000000000000000000e+00 8.191000000000000000e+03 0.000000000000000000e+00 2.757499933242797852e+00
1.300000000000000000e+01 -3.838345408439636230e-03 -3.716813633218407631e-03 0.000000000000000000e+00 0.000000000000000000e+00 8.191000000000000000e+03 0.000000000000000000e+00 2.757499933242797852e+00
1.350000000000000000e+01 -3.811159171164035797e-03 -3.731974866241216660e-03 0.000000000000000000e+00 0.000000000000000000e+00 8.191000000000000000e+03 0.000000000000000000e+00 2.757499933242797852e+00
1.400000000000000000e+01 -3.779506776481866837e-03 -3.816893324255943298e-03 0.000000000000000000e+00 0.000000000000000000e+00 8.191000000000000000e+03 0.000000000000000000e+00 2.757499933242797852e+00
1.450000000000000000e+01 -3.757630474865436554e-03 -3.651335369795560837e-03 0.000000000000000000e+00 0.000000000000000000e+00 8.191000000000000000e+03 0.000000000000000000e+00 2.757499933242797852e+00
1.500000000000000000e+01 -3.745487891137599945e-03 -3.679437562823295593e-03 0.000000000000000000e+00 0.000000000000000000e+00 8.191000000000000000e+03 0.000000000000000000e+00 2.757499933242797852e+00
