2.000000029802322388e-01 3.882455348502844572e-04 0.000000000000000000e+00 -8.426986823906190693e-07 3.129243850708007812e-07 0.000000000000000000e+00 7.000000000000000000e+00 8.191000000000000000e+03 0.000000000000000000e+00 0.000000000000000000e+00 2.757099866867065430e+00
4.000000059604644775e-01 1.035422552376985550e-02 0.000000000000000000e+00 -4.633918990748497890e-07 9.997349232435226440e-03 0.000000000000000000e+00 7.000000000000000000e+00 8.191000000000000000e+03 0.000000000000000000e+00 0.000000000000000000e+00 2.757099866867065430e+00
6.000000238418579102e-01 2.036679908633232117e-02 0.000000000000000000e+00 -2.731506185682519572e-07 1.999438367784023285e-02 0.000000000000000000e+00 6.000000000000000000e+00 8.191000000000000000e+03 0.000000000000000000e+00 0.000000000000000000e+00 2.757099866867065430e+00
8.000000119209289551e-01 2.968539111316204071e-02 0.000000000000000000e+00 -1.462877747826496488e-07 3.000391460955142975e-02 0.000000000000000000e+00 6.000000000000000000e+00 6.143000000000000000e+03 0.000000000000000000e+00 0.000000000000000000e+00 2.757099866867065430e+00
1.000000000000000000e+00 4.037928953766822815e-02 0.000000000000000000e+00 -5.787531875967033557e-08 4.000094905495643616e-02 0.000000000000000000e+00 6.000000000000000000e+00 8.191000000000000000e+03 0.000000000000000000e+00 0.000000000000000000e+00 2.757099866867065430e+00
1.200000047683715820e+00 5.038281157612800598e-02 0.000000000000000000e+00 1.058067766734893667e-08 4.999798536300659180e-02 0.000000000000000000e+00 5.000000000000000000e+00 8.191000000000000000e+03 0.000000000000000000e+00 0.000000000000000000e+00 2.756399869918823242e+00
1.399999976158142090e+00 6.041705608367919922e-02 0.000000000000000000e+00 6.043701716862415196e-08 5.999501794576644897e-02 0.000000000000000000e+00 5.000000000000000000e+00 8.191000000000000000e+03 0.000000000000000000e+00 0.000000000000000000e+00 2.756399869918823242e+00
1.600000023841857910e+00 7.035466283559799194e-02 0.000000000000000000e+00 9.825736668744866620e-08 7.000455260276794434e-02 0.000000000000000000e+00 5.000000000000000000e+00 7.164000000000000000e+03 0.000000000000000000e+00 0.000000000000000000e+00 2.756399869918823242e+00
1.800000071525573730e+00 8.037900924682617188e-02 0.000000000000000000e+00 1.289447482122341171e-07 8.000158518552780151e-02 0.000000000000000000e+00 6.000000000000000000e+00 8.191000000000000000e+03 0.000000000000000000e+00 0.000000000000000000e+00 2.756399869918823242e+00
2.000000000000000000e+00 9.042251855134963989e-02 0.000000000000000000e+00 1.552535735527271754e-07 8.999861776828765869e-02 0.000000000000000000e+00 6.000000000000000000e+00 8.191000000000000000e+03 0.000000000000000000e+00 0.000000000000000000e+00 2.756399869918823242e+00
2.200000047683715820e+00 1.003951206803321838e-01 0.000000000000000000e+00 1.782901932756431052e-07 9.999565780162811279e-02 0.000000000000000000e+00 6.000000000000000000e+00 8.191000000000000000e+03 0.000000000000000000e+00 0.000000000000000000e+00 2.756399869918823242e+00
2.400000095367431641e+00 1.103904247283935547e-01 0.000000000000000000e+00 1.988949094311465160e-07 1.100051850080490112e-01 0.000000000000000000e+00 6.000000000000000000e+00 8.191000000000000000e+03 0.000000000000000000e+00 0.000000000000000000e+00 2.756399869918823242e+00
2.600000143051147461e+00 1.203345954418182373e-01 0.000000000000000000e+00 2.185795011655500275e-07 1.200022250413894653e-01 0.000000000000000000e+00 6.000000000000000000e+00 8.191000000000000000e+03 0.000000000000000000e+00 0.000000000000000000e+00 2.756399869918823242e+00
2.799999952316284180e+00 1.304808855056762695e-01 0.000000000000000000e+00 2.378803714009336545e-07 1.299992501735687256e-01 0.000000000000000000e+00 6.000000000000000000e+00 8.191000000000000000e+03 0.000000000000000000e+00 0.000000000000000000e+00 2.756399869918823242e+00
3.000000000000000000e+00 1.403338164091110229e-01 0.000000000000000000e+00 2.578260023256007116e-07 1.399962902069091797e-01 0.000000000000000000e+00 6.000000000000000000e+00 8.191000000000000000e+03 0.000000000000000000e+00 0.000000000000000000e+00 2.756399869918823242e+00
3.200000047683715820e+00 1.504396349191665649e-01 0.000000000000000000e+00 2.790248458950372878e-07 1.500058174133300781e-01 0.000000000000000000e+00 6.000000000000000000e+00 8.191000000000000000e+03 0.000000000000000000e+00 0.000000000000000000e+00 2.756299972534179688e+00
3.400000095367431641e+00 1.603263467550277710e-01 0.000000000000000000e+00 3.014152696323435521e-07 1.600028574466705322e-01 0.000000000000000000e+00 6.000000000000000000e+00 8.191000000000000000e+03 0.000000000000000000e+00 0.000000000000000000e+00 2.756299972534179688e+00
3.600000143051147461e+00 1.704061925411224365e-01 0.000000000000000000e+00 3.269456101406831294e-07 1.699998974800109863e-01 0.000000000000000000e+00 6.000000000000000000e+00 8.191000000000000000e+03 0.000000000000000000e+00 0.000000000000000000e+00 2.756299972534179688e+00
3.799999952316284180e+00 1.803335398435592651e-01 0.000000000000000000e+00 3.560377024314220762e-07 1.799969226121902466e-01 0.000000000000000000e+00 6.000000000000000000e+00 8.191000000000000000e+03 0.000000000000000000e+00 0.000000000000000000e+00 2.756299972534179688e+00
4.000000000000000000e+00 1.903777122497558594e-01 0.000000000000000000e+00 3.899961313891253667e-07 1.899939626455307007e-01 0.000000000000000000e+00 6.000000000000000000e+00 8.191000000000000000e+03 0.000000000000000000e+00 0.000000000000000000e+00 2.756299972534179688e+00
4.200000286102294922e+00 2.004246711730957031e-01 0.000000000000000000e+00 4.292093649382877629e-07 2.000034898519515991e-01 0.000000000000000000e+00 6.000000000000000000e+00 8.191000000000000000e+03 0.000000000000000000e+00 0.000000000000000000e+00 2.756299972534179688e+00
4.400000095367431641e+00 2.104401141405105591e-01 0.000000000000000000e+00 4.724268194422620581e-07 2.100005298852920532e-01 0.000000000000000000e+00 6.000000000000000000e+00 8.191000000000000000e+03 0.000000000000000000e+00 0.000000000000000000e+00 2.756299972534179688e+00
4.599999904632568359e+00 2.204277515411376953e-01 0.000000000000000000e+00 5.244855287855898496e-07 2.199975699186325073e-01 0.000000000000000000e+00 6.000000000000000000e+00 8.191000000000000000e+03 0.000000000000000000e+00 0.000000000000000000e+00 2.756299972534179688e+00
4.800000190734863281e+00 2.303845584392547607e-01 0.000000000000000000e+00 5.785483949694025796e-07 2.299945950508117676e-01 0.000000000000000000e+00 6.000000000000000000e+00 8.191000000000000000e+03 0.000000000000000000e+00 0.000000000000000000e+00 2.756299972534179688e+00
5.000000000000000000e+00 2.404140532016754150e-01 0.000000000000000000e+00 6.372822554112644866e-07 2.400041371583938599e-01 0.000000000000000000e+00 6.000000000000000000e+00 8.191000000000000000e+03 0.000000000000000000e+00 0.000000000000000000e+00 2.756299972534179688e+00
5.200000286102294922e+00 2.503979206085205078e-01 0.000000000000000000e+00 6.963885539335024077e-07 2.500011622905731201e-01 0.000000000000000000e+00 6.000000000000000000e+00 8.191000000000000000e+03 0.000000000000000000e+00 0.000000000000000000e+00 2.756399869918823242e+00
5.400000095367431641e+00 2.604182958602905273e-01 0.000000000000000000e+00 7.556935202046588529e-07 2.599982023239135742e-01 0.000000000000000000e+00 6.000000000000000000e+00 8.191000000000000000e+03 0.000000000000000000e+00 0.000000000000000000e+00 2.756399869918823242e+00
5.599999904632568359e+00 2.703931331634521484e-01 0.000000000000000000e+00 8.137422469189914409e-07 2.699952423572540283e-01 0.000000000000000000e+00 6.000000000000000000e+00 8.191000000000000000e+03 0.000000000000000000e+00 0.000000000000000000e+00 2.756399869918823242e+00
5.800000190734863281e+00 2.803806066513061523e-01 0.000000000000000000e+00 8.729956562092411332e-07 2.800047695636749268e-01 0.000000000000000000e+00 6.000000000000000000e+00 8.191000000000000000e+03 0.000000000000000000e+00 0.000000000000000000e+00 2.756399869918823242e+00
6.000000000000000000e+00 2.903209924697875977e-01 0.000000000000000000e+00 9.336405355497845449e-07 2.900017797946929932e-01 0.000000000000000000e+00 6.000000000000000000e+00 8.191000000000000000e+03 0.000000000000000000e+00 0.000000000000000000e+00 2.756399869918823242e+00
6.200000286102294922e+00 3.004204928874969482e-01 0.000000000000000000e+00 1.001722694127238356e-06 2.999988198280334473e-01 0.000000000000000000e+00 7.000000000000000000e+00 8.191000000000000000e+03 0.000000000000000000e+00 0.000000000000000000e+00 2.756399869918823242e+00
6.400000095367431641e+00 2.904296219348907471e-01 0.000000000000000000e+00 6.044215865586011205e-07 2.900017797946929932e-01 0.000000000000000000e+00 7.000000000000000000e+00 8.191000000000000000e+03 0.000000000000000000e+00 0.000000000000000000e+00 2.756399869918823242e+00
6.599999904632568359e+00 2.803958654403686523e-01 0.000000000000000000e+00 4.007353879842412425e-07 2.800047695636749268e-01 0.000000000000000000e+00 6.000000000000000000e+00 8.191000000000000000e+03 0.000000000000000000e+00 0.000000000000000000e+00 2.756399869918823242e+00
6.800000190734863281e+00 2.704280018806457520e-01 0.000000000000000000e+00 2.623077079988433979e-07 2.699952423572540283e-01 0.000000000000000000e+00 6.000000000000000000e+00 8.191000000000000000e+03 0.000000000000000000e+00 0.000000000000000000e+00 2.756399869918823242e+00
7.000000000000000000e+00 2.603899836540222168e-01 0.000000000000000000e+00 1.570588068489087163e-07 2.599982023239135742e-01 0.000000000000000000e+00 6.000000000000000000e+00 8.191000000000000000e+03 0.000000000000000000e+00 0.000000000000000000e+00 2.756399869918823242e+00
7.200000286102294922e+00 2.504298985004425049e-01 0.000000000000000000e+00 6.991253798105390160e-08 2.500011622905731201e-01 0.000000000000000000e+00 6.000000000000000000e+00 8.191000000000000000e+03 0.000000000000000000e+00 0.000000000000000000e+00 2.756099939346313477e+00
7.400000095367431641e+00 2.403528690338134766e-01 0.000000000000000000e+00 -7.413643476894549167e-09 2.400041371583938599e-01 0.000000000000000000e+00 5.000000000000000000e+00 8.191000000000000000e+03 0.000000000000000000e+00 0.000000000000000000e+00 2.756099939346313477e+00
7.599999904632568359e+00 2.303962558507919312e-01 0.000000000000000000e+00 -1.094613644170294720e-08 2.299945950508117676e-01 0.000000000000000000e+00 4.000000000000000000e+00 6.908000000000000000e+03 0.000000000000000000e+00 0.000000000000000000e+00 2.756099939346313477e+00
7.800000190734863281e+00 2.204007208347320557e-01 0.000000000000000000e+00 -1.094613644170294720e-08 2.199975699186325073e-01 0.000000000000000000e+00 4.000000000000000000e+00 6.908000000000000000e+03 0.000000000000000000e+00 0.000000000000000000e+00 2.756099939346313477e+00
8.000000000000000000e+00 2.104423791170120239e-01 0.000000000000000000e+00 -1.094613644170294720e-08 2.100005298852920532e-01 0.000000000000000000e+00 4.000000000000000000e+00 7.164000000000000000e+03 0.000000000000000000e+00 0.000000000000000000e+00 2.756099939346313477e+00
8.199999809265136719e+00 2.004043012857437134e-01 0.000000000000000000e+00 -1.092515233835911204e-07 2.000034898519515991e-01 0.000000000000000000e+00 5.000000000000000000e+00 7.164000000000000000e+03 0.000000000000000000e+00 0.000000000000000000e+00 2.756099939346313477e+00
8.400000572204589844e+00 1.903931945562362671e-01 0.000000000000000000e+00 -1.827146434152382426e-07 1.899939626455307007e-01 0.000000000000000000e+00 6.000000000000000000e+00 8.191000000000000000e+03 0.000000000000000000e+00 0.000000000000000000e+00 2.756099939346313477e+00
8.600000381469726562e+00 1.803739517927169800e-01 0.000000000000000000e+00 -1.965794211855609319e-07 1.799969226121902466e-01 0.000000000000000000e+00 6.000000000000000000e+00 8.191000000000000000e+03 0.000000000000000000e+00 0.000000000000000000e+00 2.756099939346313477e+00
8.800000190734863281e+00 1.703792810440063477e-01 0.000000000000000000e+00 -2.061762245375575731e-07 1.699998974800109863e-01 0.000000000000000000e+00 6.000000000000000000e+00 8.191000000000000000e+03 0.000000000000000000e+00 0.000000000000000000e+00 2.756099939346313477e+00
9.000000000000000000e+00 1.604440361261367798e-01 0.000000000000000000e+00 -2.148682369806920178e-07 1.600028574466705322e-01 0.000000000000000000e+00 6.000000000000000000e+00 8.191000000000000000e+03 0.000000000000000000e+00 0.000000000000000000e+00 2.756099939346313477e+00
9.199999809265136719e+00 1.503983438014984131e-01 0.000000000000000000e+00 -2.223067809836720699e-07 1.500058174133300781e-01 0.000000000000000000e+00 6.000000000000000000e+00 8.191000000000000000e+03 0.000000000000000000e+00 0.000000000000000000e+00 2.755899906158447266e+00
9.400000572204589844e+00 1.403794586658477783e-01 0.000000000000000000e+00 -2.305457798001953051e-07 1.399962902069091797e-01 0.000000000000000000e+00 6.000000000000000000e+00 8.191000000000000000e+03 0.000000000000000000e+00 0.000000000000000000e+00 2.755899906158447266e+00
9.600000381469726562e+00 1.303999871015548706e-01 0.000000000000000000e+00 -2.390317490608140361e-07 1.299992501735687256e-01 0.000000000000000000e+00 6.000000000000000000e+00 8.191000000000000000e+03 0.000000000000000000e+00 0.000000000000000000e+00 2.755899906158447266e+00
9.800000190734863281e+00 1.203987002372741699e-01 0.000000000000000000e+00 -2.490772033070243197e-07 1.200022250413894653e-01 0.000000000000000000e+00 6.000000000000000000e+00 8.191000000000000000e+03 0.000000000000000000e+00 0.000000000000000000e+00 2.755899906158447266e+00
1.000000000000000000e+01 1.103485673666000366e-01 0.000000000000000000e+00 -2.601505570964945946e-07 1.100051850080490112e-01 0.000000000000000000e+00 6.000000000000000000e+00 8.191000000000000000e+03 0.000000000000000000e+00 0.000000000000000000e+00 2.755899906158447266e+00
1.019999980926513672e+01 1.004067733883857727e-01 0.000000000000000000e+00 -2.726816603626502911e-07 9.999565780162811279e-02 0.000000000000000000e+00 6.000000000000000000e+00 8.191000000000000000e+03 0.000000000000000000e+00 0.000000000000000000e+00 2.756199836730957031e+00
1.040000057220458984e+01 9.037899225950241089e-02 0.000000000000000000e+00 -2.872837683298712363e-07 8.999861776828765869e-02 0.000000000000000000e+00 6.000000000000000000e+00 8.191000000000000000e+03 0.000000000000000000e+00 0.000000000000000000e+00 2.756199836730957031e+00
1.060000038146972656e+01 8.040289580821990967e-02 0.000000000000000000e+00 -3.041492391275824048e-07 8.000158518552780151e-02 0.000000000000000000e+00 6.000000000000000000e+00 8.191000000000000000e+03 0.000000000000000000e+00 0.000000000000000000e+00 2.756199836730957031e+00
1.080000019073486328e+01 7.041986286640167236e-02 0.000000000000000000e+00 -3.244565789373154985e-07 7.000455260276794434e-02 0.000000000000000000e+00 6.000000000000000000e+00 8.191000000000000000e+03 0.000000000000000000e+00 0.000000000000000000e+00 2.756199836730957031e+00
1.100000000000000000e+01 6.036905944347381592e-02 0.000000000000000000e+00 -3.492001496852026321e-07 5.999501794576644897e-02 0.000000000000000000e+00 6.000000000000000000e+00 8.191000000000000000e+03 0.000000000000000000e+00 0.000000000000000000e+00 2.756199836730957031e+00
1.119999980926513672e+01 5.036837607622146606e-02 0.000000000000000000e+00 -3.796600935856986325e-07 4.999798536300659180e-02 0.000000000000000000e+00 6.000000000000000000e+00 8.191000000000000000e+03 0.000000000000000000e+00 0.000000000000000000e+00 2.756199836730957031e+00
1.140000057220458984e+01 4.035286977887153625e-02 0.000000000000000000e+00 -4.180062944669771241e-07 4.000094905495643616e-02 0.000000000000000000e+00 6.000000000000000000e+00 8.191000000000000000e+03 0.000000000000000000e+00 0.000000000000000000e+00 2.756199836730957031e+00
1.160000038146972656e+01 3.032317012548446655e-02 0.000000000000000000e+00 -4.659249839278345462e-07 3.000391460955142975e-02 0.000000000000000000e+00 6.000000000000000000e+00 8.191000000000000000e+03 0.000000000000000000e+00 0.000000000000000000e+00 2.756199836730957031e+00
1.180000019073486328e+01 2.036036550998687744e-02 0.000000000000000000e+00 -5.282099664327688515e-07 1.999438367784023285e-02 0.000000000000000000e+00 6.000000000000000000e+00 8.191000000000000000e+03 0.000000000000000000e+00 0.000000000000000000e+00 2.756199836730957031e+00
1.200000000000000000e+01 1.039490383118391037e-02 0.000000000000000000e+00 -6.084864025979186408e-07 9.997349232435226440e-03 0.000000000000000000e+00 6.000000000000000000e+00 8.191000000000000000e+03 0.000000000000000000e+00 0.000000000000000000e+00 2.756199836730957031e+00
1.219999980926513672e+01 3.613854350987821817e-04 0.000000000000000000e+00 -7.136732733670214657e-07 3.129243850708007812e-07 0.000000000000000000e+00 6.000000000000000000e+00 8.191000000000000000e+03 0.000000000000000000e+00 0.000000000000000000e+00 2.756199836730957031e+00
1.240000057220458984e+01 -9.655676782131195068e-03 0.000000000000000000e+00 -8.498946613144653384e-07 -9.996719658374786377e-03 0.000000000000000000e+00 6.000000000000000000e+00 8.191000000000000000e+03 0.000000000000000000e+00 0.000000000000000000e+00 2.756199836730957031e+00
1.260000038146972656e+01 -1.958697661757469177e-02 0.000000000000000000e+00 -1.027309394885378424e-06 -1.999375596642494202e-02 0.000000000000000000e+00 6.000000000000000000e+00 7.164000000000000000e+03 0.000000000000000000e+00 0.000000000000000000e+00 2.756199836730957031e+00
1.280000019073486328e+01 -2.919685654342174530e-02 0.000000000000000000e+00 -1.254662720384658314e-06 -3.000328317284584045e-02 0.000000000000000000e+00 7.000000000000000000e+00 6.143000000000000000e+03 0.000000000000000000e+00 0.000000000000000000e+00 2.756199836730957031e+00
1.300000000000000000e+01 -3.964153677225112915e-02 0.000000000000000000e+00 -1.544280848975176923e-06 -4.000032320618629456e-02 0.000000000000000000e+00 7.000000000000000000e+00 8.191000000000000000e+03 0.000000000000000000e+00 0.000000000000000000e+00 2.756199836730957031e+00
1.319999980926513672e+01 -4.960071295499801636e-02 0.000000000000000000e+00 -1.908774947878555395e-06 -4.999735578894615173e-02 0.000000000000000000e+00 7.000000000000000000e+00 8.191000000000000000e+03 0.000000000000000000e+00 0.000000000000000000e+00 2.756399869918823242e+00
1.340000057220458984e+01 -5.957936495542526245e-02 0.000000000000000000e+00 -2.348871703361510299e-06 -5.999438837170600891e-02 0.000000000000000000e+00 7.000000000000000000e+00 8.191000000000000000e+03 0.000000000000000000e+00 0.000000000000000000e+00 2.756399869918823242e+00
1.360000038146972656e+01 -6.964013725519180298e-02 0.000000000000000000e+00 -2.867300281650386751e-06 -7.000392675399780273e-02 0.000000000000000000e+00 7.000000000000000000e+00 8.191000000000000000e+03 0.000000000000000000e+00 0.000000000000000000e+00 2.756399869918823242e+00
1.380000019073486328e+01 -7.963318377733230591e-02 0.000000000000000000e+00 -3.422658437557402067e-06 -8.000095188617706299e-02 0.000000000000000000e+00 7.000000000000000000e+00 8.191000000000000000e+03 0.000000000000000000e+00 0.000000000000000000e+00 2.756399869918823242e+00
1.400000000000000000e+01 -8.963418751955032349e-02 0.000000000000000000e+00 -3.936565008189063519e-06 -8.999799191951751709e-02 0.000000000000000000e+00 7.000000000000000000e+00 8.191000000000000000e+03 0.000000000000000000e+00 0.000000000000000000e+00 2.756399869918823242e+00
1.419999980926513672e+01 -9.963279962539672852e-02 0.000000000000000000e+00 -4.334107870818115771e-06 -9.999501705169677734e-02 0.000000000000000000e+00 7.000000000000000000e+00 8.191000000000000000e+03 0.000000000000000000e+00 0.000000000000000000e+00 2.756099939346313477e+00
1.440000057220458984e+01 -1.096097007393836975e-01 0.000000000000000000e+00 -4.638276550394948572e-06 -1.100045591592788696e-01 0.000000000000000000e+00 7.000000000000000000e+00 8.191000000000000000e+03 0.000000000000000000e+00 0.000000000000000000e+00 2.756099939346313477e+00
1.460000038146972656e+01 -1.196281239390373230e-01 0.000000000000000000e+00 -4.953694315190659836e-06 -1.200015842914581299e-01 0.000000000000000000e+00 7.000000000000000000e+00 8.191000000000000000e+03 0.000000000000000000e+00 0.000000000000000000e+00 2.756099939346313477e+00
1.480000019073486328e+01 -1.296324133872985840e-01 0.000000000000000000e+00 -5.333267381502082571e-06 -1.299986243247985840e-01 0.000000000000000000e+00 7.000000000000000000e+00 8.191000000000000000e+03 0.000000000000000000e+00 0.000000000000000000e+00 2.756099939346313477e+00
1.500000000000000000e+01 -1.396529823541641235e-01 0.000000000000000000e+00 -5.839774985361145809e-06 -1.399956643581390381e-01 0.000000000000000000e+00 7.000000000000000000e+00 8.191000000000000000e+03 0.000000000000000000e+00 0.000000000000000000e+00 2.756099939346313477e+00
1.519999980926513672e+01 -1.496969312429428101e-01 0.000000000000000000e+00 -6.560383553733117878e-06 -1.500051915645599365e-01 0.000000000000000000e+00 7.000000000000000000e+00 8.191000000000000000e+03 0.000000000000000000e+00 0.000000000000000000e+00 2.756199836730957031e+00
1.540000057220458984e+01 -1.596480160951614380e-01 0.000000000000000000e+00 -7.524817647208692506e-06 -1.600022166967391968e-01 0.000000000000000000e+00 7.000000000000000000e+00 8.191000000000000000e+03 0.000000000000000000e+00 0.000000000000000000e+00 2.756199836730957031e+00
1.560000038146972656e+01 -1.696441173553466797e-01 0.000000000000000000e+00 -8.685939064889680594e-06 -1.699992567300796509e-01 0.000000000000000000e+00 7.000000000000000000e+00 8.191000000000000000e+03 0.000000000000000000e+00 0.000000000000000000e+00 2.756199836730957031e+00
1.580000019073486328e+01 -1.796382218599319458e-01 0.000000000000000000e+00 -9.994078936870209873e-06 -1.799962967634201050e-01 0.000000000000000000e+00 7.000000000000000000e+00 8.191000000000000000e+03 0.000000000000000000e+00 0.000000000000000000e+00 2.756199836730957031e+00
1.600000000000000000e+01 -1.897199302911758423e-01 0.000000000000000000e+00 -1.135395905293989927e-05 -1.900058239698410034e-01 0.000000000000000000e+00 8.000000000000000000e+00 8.191000000000000000e+03 0.000000000000000000e+00 0.000000000000000000e+00 2.756199836730957031e+00
1.620000076293945312e+01 -1.996502429246902466e-01 0.000000000000000000e+00 -1.259447526535950601e-05 -2.000028640031814575e-01 0.000000000000000000e+00 8.000000000000000000e+00 8.191000000000000000e+03 0.000000000000000000e+00 0.000000000000000000e+00 2.756099939346313477e+00
1.639999961853027344e+01 -1.896768957376480103e-01 0.000000000000000000e+00 -9.300912097387481481e-06 -1.900058239698410034e-01 0.000000000000000000e+00 8.000000000000000000e+00 8.191000000000000000e+03 0.000000000000000000e+00 1.000000000000000000e+00 2.756099939346313477e+00
1.660000038146972656e+01 -1.795972287654876709e-01 0.000000000000000000e+00 -7.052194632706232369e-06 -1.799962967634201050e-01 0.000000000000000000e+00 8.000000000000000000e+00 8.191000000000000000e+03 0.000000000000000000e+00 1.000000000000000000e+00 2.756099939346313477e+00
1.680000114440917969e+01 -1.696734577417373657e-01 0.000000000000000000e+00 -5.550004971155431122e-06 -1.699992567300796509e-01 0.000000000000000000e+00 7.000000000000000000e+00 8.191000000000000000e+03 0.000000000000000000e+00 1.000000000000000000e+00 2.756099939346313477e+00
1.700000000000000000e+01 -1.596488952636718750e-01 0.000000000000000000e+00 -4.346348760009277612e-06 -1.600022166967391968e-01 0.000000000000000000e+00 7.000000000000000000e+00 8.191000000000000000e+03 0.000000000000000000e+00 1.000000000000000000e+00 2.756099939346313477e+00
1.720000076293945312e+01 -1.496610045433044434e-01 0.000000000000000000e+00 -3.419845825192169286e-06 -1.500051915645599365e-01 0.000000000000000000e+00 7.000000000000000000e+00 8.191000000000000000e+03 0.000000000000000000e+00 1.000000000000000000e+00 2.756099939346313477e+00
1.739999961853027344e+01 -1.395764499902725220e-01 0.000000000000000000e+00 -2.684493892957107164e-06 -1.399956643581390381e-01 0.000000000000000000e+00 7.000000000000000000e+00 8.191000000000000000e+03 0.000000000000000000e+00 1.000000000000000000e+00 2.756099939346313477e+00
1.760000038146972656e+01 -1.296594738960266113e-01 0.000000000000000000e+00 -2.095447825922747143e-06 -1.299986243247985840e-01 0.000000000000000000e+00 7.000000000000000000e+00 8.191000000000000000e+03 0.000000000000000000e+00 1.000000000000000000e+00 2.756099939346313477e+00
1.780000114440917969e+01 -1.196576431393623352e-01 0.000000000000000000e+00 -1.628605787118431181e-06 -1.200015842914581299e-01 0.000000000000000000e+00 7.000000000000000000e+00 8.191000000000000000e+03 0.000000000000000000e+00 1.000000000000000000e+00 2.756099939346313477e+00
1.800000000000000000e+01 -1.096372455358505249e-01 0.000000000000000000e+00 -1.248849571311438922e-06 -1.100045591592788696e-01 0.000000000000000000e+00 7.000000000000000000e+00 8.191000000000000000e+03 0.000000000000000000e+00 1.000000000000000000e+00 2.756099939346313477e+00
1.820000076293945312e+01 -9.967862069606781006e-02 0.000000000000000000e+00 -9.510830523140612058e-07 -9.999501705169677734e-02 0.000000000000000000e+00 7.000000000000000000e+00 8.191000000000000000e+03 0.000000000000000000e+00 1.000000000000000000e+00 2.756099939346313477e+00
1.839999961853027344e+01 -8.968121558427810669e-02 0.000000000000000000e+00 -7.099123990883526858e-07 -8.999799191951751709e-02 0.000000000000000000e+00 7.000000000000000000e+00 8.191000000000000000e+03 0.000000000000000000e+00 1.000000000000000000e+00 2.756099939346313477e+00
1.860000038146972656e+01 -7.965223491191864014e-02 0.000000000000000000e+00 -5.250061576589359902e-07 -8.000095188617706299e-02 0.000000000000000000e+00 6.000000000000000000e+00 8.191000000000000000e+03 0.000000000000000000e+00 1.000000000000000000e+00 2.756099939346313477e+00
1.880000114440917969e+01 -6.964054703712463379e-02 0.000000000000000000e+00 -3.716771743711433373e-07 -7.000392675399780273e-02 0.000000000000000000e+00 6.000000000000000000e+00 8.191000000000000000e+03 0.000000000000000000e+00 1.000000000000000000e+00 2.756099939346313477e+00
1.900000000000000000e+01 -5.963620170950889587e-02 0.000000000000000000e+00 -2.492151054411806399e-07 -5.999438837170600891e-02 0.000000000000000000e+00 6.000000000000000000e+00 8.191000000000000000e+03 0.000000000000000000e+00 1.000000000000000000e+00 2.756099939346313477e+00
1.920000076293945312e+01 -4.970347136259078979e-02 0.000000000000000000e+00 -1.507384581600490492e-07 -4.999735578894615173e-02 0.000000000000000000e+00 6.000000000000000000e+00 8.191000000000000000e+03 0.000000000000000000e+00 1.000000000000000000e+00 2.756099939346313477e+00
1.939999961853027344e+01 -3.970208019018173218e-02 0.000000000000000000e+00 -7.113340672049162094e-08 -4.000032320618629456e-02 0.000000000000000000e+00 6.000000000000000000e+00 8.191000000000000000e+03 0.000000000000000000e+00 1.000000000000000000e+00 2.756099939346313477e+00
1.960000038146972656e+01 -2.957145683467388153e-02 0.000000000000000000e+00 -4.981958845462486352e-09 -3.000328317284584045e-02 0.000000000000000000e+00 5.000000000000000000e+00 8.191000000000000000e+03 0.000000000000000000e+00 1.000000000000000000e+00 2.756099939346313477e+00
1.980000114440917969e+01 -1.956227049231529236e-02 0.000000000000000000e+00 1.093948842623149176e-08 -1.999375596642494202e-02 0.000000000000000000e+00 4.000000000000000000e+00 6.908000000000000000e+03 0.000000000000000000e+00 1.000000000000000000e+00 2.756099939346313477e+00
2.000000000000000000e+01 -9.625745937228202820e-03 0.000000000000000000e+00 1.093948842623149176e-08 -9.996719658374786377e-03 0.000000000000000000e+00 4.000000000000000000e+00 6.908000000000000000e+03 0.000000000000000000e+00 1.000000000000000000e+00 2.756099939346313477e+00
2.020000076293945312e+01 3.042905300389975309e-04 0.000000000000000000e+00 1.093948842623149176e-08 3.129243850708007812e-07 0.000000000000000000e+00 4.000000000000000000e+00 7.164000000000000000e+03 0.000000000000000000e+00 1.000000000000000000e+00 2.756099939346313477e+00
2.039999961853027344e+01 1.042510848492383957e-02 0.000000000000000000e+00 1.091851729029258422e-07 9.997349232435226440e-03 0.000000000000000000e+00 5.000000000000000000e+00 7.164000000000000000e+03 0.000000000000000000e+00 1.000000000000000000e+00 2.756099939346313477e+00
2.060000038146972656e+01 2.039469406008720398e-02 0.000000000000000000e+00 1.900671406929177465e-07 1.999438367784023285e-02 0.000000000000000000e+00 6.000000000000000000e+00 6.143000000000000000e+03 0.000000000000000000e+00 1.000000000000000000e+00 2.756099939346313477e+00
2.080000114440917969e+01 3.040842153131961823e-02 0.000000000000000000e+00 2.146619948462102911e-07 3.000391460955142975e-02 0.000000000000000000e+00 6.000000000000000000e+00 8.191000000000000000e+03 0.000000000000000000e+00 1.000000000000000000e+00 2.756099939346313477e+00
2.100000000000000000e+01 4.039840772747993469e-02 0.000000000000000000e+00 2.360584403504617512e-07 4.000094905495643616e-02 0.000000000000000000e+00 6.000000000000000000e+00 8.191000000000000000e+03 0.000000000000000000e+00 1.000000000000000000e+00 2.756099939346313477e+00
2.120000076293945312e+01 5.033938586711883545e-02 0.000000000000000000e+00 2.552701801050716313e-07 4.999798536300659180e-02 0.000000000000000000e+00 6.000000000000000000e+00 8.191000000000000000e+03 0.000000000000000000e+00 1.000000000000000000e+00 2.755800008773803711e+00
2.139999961853027344e+01 6.036761030554771423e-02 0.000000000000000000e+00 2.730703556608204963e-07 5.999501794576644897e-02 0.000000000000000000e+00 6.000000000000000000e+00 8.191000000000000000e+03 0.000000000000000000e+00 1.000000000000000000e+00 2.755800008773803711e+00
2.160000038146972656e+01 7.036840915679931641e-02 0.000000000000000000e+00 2.894936415032134391e-07 7.000455260276794434e-02 0.000000000000000000e+00 6.000000000000000000e+00 8.191000000000000000e+03 0.000000000000000000e+00 1.000000000000000000e+00 2.755800008773803711e+00
2.180000114440917969e+01 8.036405593156814575e-02 0.000000000000000000e+00 3.051922590202593710e-07 8.000158518552780151e-02 0.000000000000000000e+00 6.000000000000000000e+00 8.191000000000000000e+03 0.000000000000000000e+00 1.000000000000000000e+00 2.755800008773803711e+00
2.200000000000000000e+01 9.035849571228027344e-02 0.000000000000000000e+00 3.197974649538082303e-07 8.999861776828765869e-02 0.000000000000000000e+00 6.000000000000000000e+00 8.191000000000000000e+03 0.000000000000000000e+00 1.000000000000000000e+00 2.755800008773803711e+00
2.220000076293945312e+01 1.003814935684204102e-01 0.000000000000000000e+00 3.347381891671830090e-07 9.999565780162811279e-02 0.000000000000000000e+00 6.000000000000000000e+00 8.191000000000000000e+03 0.000000000000000000e+00 1.000000000000000000e+00 2.756000041961669922e+00
2.239999961853027344e+01 1.104401350021362305e-01 0.000000000000000000e+00 3.484734065750672016e-07 1.100051850080490112e-01 0.000000000000000000e+00 6.000000000000000000e+00 8.191000000000000000e+03 0.000000000000000000e+00 1.000000000000000000e+00 2.756000041961669922e+00
2.260000038146972656e+01 1.204226911067962646e-01 0.000000000000000000e+00 3.636305621057545068e-07 1.200022250413894653e-01 0.000000000000000000e+00 6.000000000000000000e+00 8.191000000000000000e+03 0.000000000000000000e+00 1.000000000000000000e+00 2.756000041961669922e+00
2.280000114440917969e+01 1.303754001855850220e-01 0.000000000000000000e+00 3.785570470427046530e-07 1.299992501735687256e-01 0.000000000000000000e+00 6.000000000000000000e+00 8.191000000000000000e+03 0.000000000000000000e+00 1.000000000000000000e+00 2.756000041961669922e+00
2.300000000000000000e+01 1.403556764125823975e-01 0.000000000000000000e+00 3.948111668705678312e-07 1.399962902069091797e-01 0.000000000000000000e+00 6.000000000000000000e+00 8.191000000000000000e+03 0.000000000000000000e+00 1.000000000000000000e+00 2.756000041961669922e+00
2.320000076293945312e+01 1.503768265247344971e-01 0.000000000000000000e+00 4.122969698983069975e-07 1.500058174133300781e-01 0.000000000000000000e+00 6.000000000000000000e+00 8.191000000000000000e+03 0.000000000000000000e+00 1.000000000000000000e+00 2.756099939346313477e+00
2.339999961853027344e+01 1.603769659996032715e-01 0.000000000000000000e+00 4.320804123381094541e-07 1.600028574466705322e-01 0.000000000000000000e+00 6.000000000000000000e+00 8.191000000000000000e+03 0.000000000000000000e+00 1.000000000000000000e+00 2.756099939346313477e+00
2.360000038146972656e+01 1.703818887472152710e-01 0.000000000000000000e+00 4.548373340185207780e-07 1.699998974800109863e-01 0.000000000000000000e+00 6.000000000000000000e+00 8.191000000000000000e+03 0.000000000000000000e+00 1.000000000000000000e+00 2.756099939346313477e+00
2.380000114440917969e+01 1.804163008928298950e-01 0.000000000000000000e+00 4.811265625903615728e-07 1.799969226121902466e-01 0.000000000000000000e+00 6.000000000000000000e+00 8.191000000000000000e+03 0.000000000000000000e+00 1.000000000000000000e+00 2.756099939346313477e+00
2.400000000000000000e+01 1.904466003179550171e-01 0.000000000000000000e+00 5.111970153848233167e-07 1.899939626455307007e-01 0.000000000000000000e+00 6.000000000000000000e+00 8.191000000000000000e+03 0.000000000000000000e+00 1.000000000000000000e+00 2.756099939346313477e+00
2.420000076293945312e+01 2.003931850194931030e-01 0.000000000000000000e+00 5.470641326610348187e-07 2.000034898519515991e-01 0.000000000000000000e+00 6.000000000000000000e+00 8.191000000000000000e+03 0.000000000000000000e+00 1.000000000000000000e+00 2.756099939346313477e+00
2.439999961853027344e+01 2.103922516107559204e-01 0.000000000000000000e+00 5.883879339307895862e-07 2.100005298852920532e-01 0.000000000000000000e+00 6.000000000000000000e+00 8.191000000000000000e+03 0.000000000000000000e+00 1.000000000000000000e+00 2.756099939346313477e+00
2.460000038146972656e+01 2.203179001808166504e-01 0.000000000000000000e+00 6.351281172101153061e-07 2.199975699186325073e-01 0.000000000000000000e+00 6.000000000000000000e+00 8.191000000000000000e+03 0.000000000000000000e+00 1.000000000000000000e+00 2.756099939346313477e+00
2.480000114440917969e+01 2.303436249494552612e-01 0.000000000000000000e+00 6.860274766040674876e-07 2.299945950508117676e-01 0.000000000000000000e+00 6.000000000000000000e+00 8.191000000000000000e+03 0.000000000000000000e+00 1.000000000000000000e+00 2.756099939346313477e+00
2.500000000000000000e+01 2.403288036584854126e-01 0.000000000000000000e+00 7.416857101816276554e-07 2.400041371583938599e-01 0.000000000000000000e+00 6.000000000000000000e+00 8.191000000000000000e+03 0.000000000000000000e+00 1.000000000000000000e+00 2.756099939346313477e+00
2.520000076293945312e+01 2.504327297210693359e-01 0.000000000000000000e+00 7.989758614712627605e-07 2.500011622905731201e-01 0.000000000000000000e+00 6.000000000000000000e+00 8.191000000000000000e+03 0.000000000000000000e+00 1.000000000000000000e+00 2.756099939346313477e+00
2.539999961853027344e+01 2.604500055313110352e-01 0.000000000000000000e+00 8.555675208299362566e-07 2.599982023239135742e-01 0.000000000000000000e+00 6.000000000000000000e+00 8.191000000000000000e+03 0.000000000000000000e+00 1.000000000000000000e+00 2.756099939346313477e+00
2.560000038146972656e+01 2.703394293785095215e-01 0.000000000000000000e+00 9.132900800068455283e-07 2.699952423572540283e-01 0.000000000000000000e+00 6.000000000000000000e+00 8.191000000000000000e+03 0.000000000000000000e+00 1.000000000000000000e+00 2.756099939346313477e+00
2.580000114440917969e+01 2.803468108177185059e-01 0.000000000000000000e+00 9.767129540705354884e-07 2.800047695636749268e-01 0.000000000000000000e+00 7.000000000000000000e+00 8.191000000000000000e+03 0.000000000000000000e+00 1.000000000000000000e+00 2.756099939346313477e+00
2.600000000000000000e+01 2.903367280960083008e-01 0.000000000000000000e+00 1.042085159497219138e-06 2.900017797946929932e-01 0.000000000000000000e+00 7.000000000000000000e+00 8.191000000000000000e+03 0.000000000000000000e+00 1.000000000000000000e+00 2.756099939346313477e+00
2.620000076293945312e+01 3.004168272018432617e-01 0.000000000000000000e+00 1.106760464608669281e-06 2.999988198280334473e-01 0.000000000000000000e+00 7.000000000000000000e+00 8.191000000000000000e+03 0.000000000000000000e+00 1.000000000000000000e+00 2.756199836730957031e+00
2.639999961853027344e+01 2.903359234333038330e-01 0.000000000000000000e+00 6.727393611072329804e-07 2.900017797946929932e-01 0.000000000000000000e+00 7.000000000000000000e+00 8.191000000000000000e+03 0.000000000000000000e+00 1.000000000000000000e+00 2.756199836730957031e+00
2.660000038146972656e+01 2.803546488285064697e-01 0.000000000000000000e+00 4.505923243414144963e-07 2.800047695636749268e-01 0.000000000000000000e+00 6.000000000000000000e+00 8.191000000000000000e+03 0.000000000000000000e+00 1.000000000000000000e+00 2.756199836730957031e+00
2.680000114440917969e+01 2.702946066856384277e-01 0.000000000000000000e+00 2.997541912463930203e-07 2.699952423572540283e-01 0.000000000000000000e+00 6.000000000000000000e+00 8.191000000000000000e+03 0.000000000000000000e+00 1.000000000000000000e+00 2.756199836730957031e+00
2.700000000000000000e+01 2.603486776351928711e-01 0.000000000000000000e+00 1.853723290423658909e-07 2.599982023239135742e-01 0.000000000000000000e+00 6.000000000000000000e+00 8.191000000000000000e+03 0.000000000000000000e+00 1.000000000000000000e+00 2.756199836730957031e+00
2.720000076293945312e+01 2.503460943698883057e-01 0.000000000000000000e+00 9.320484650743310340e-08 2.500011622905731201e-01 0.000000000000000000e+00 6.000000000000000000e+00 8.191000000000000000e+03 0.000000000000000000e+00 1.000000000000000000e+00 2.755800008773803711e+00
2.739999961853027344e+01 2.404492795467376709e-01 0.000000000000000000e+00 1.733718946184126253e-08 2.400041371583938599e-01 0.000000000000000000e+00 6.000000000000000000e+00 8.191000000000000000e+03 0.000000000000000000e+00 1.000000000000000000e+00 2.755800008773803711e+00
2.760000038146972656e+01 2.303107678890228271e-01 0.000000000000000000e+00 -4.606965831044362858e-08 2.299945950508117676e-01 0.000000000000000000e+00 5.000000000000000000e+00 8.191000000000000000e+03 0.000000000000000000e+00 1.000000000000000000e+00 2.755800008773803711e+00
2.780000114440917969e+01 2.203785777091979980e-01 0.000000000000000000e+00 -9.234155129433929687e-08 2.199975699186325073e-01 0.000000000000000000e+00 5.000000000000000000e+00 7.164000000000000000e+03 0.000000000000000000e+00 1.000000000000000000e+00 2.755800008773803711e+00
2.800000000000000000e+01 2.104298323392868042e-01 0.000000000000000000e+00 -1.256290431683737552e-07 2.100005298852920532e-01 0.000000000000000000e+00 6.000000000000000000e+00 8.191000000000000000e+03 0.000000000000000000e+00 1.000000000000000000e+00 2.755800008773803711e+00
2.820000076293945312e+01 2.003791034221649170e-01 0.000000000000000000e+00 -1.525131381185929058e-07 2.000034898519515991e-01 0.000000000000000000e+00 6.000000000000000000e+00 8.191000000000000000e+03 0.000000000000000000e+00 1.000000000000000000e+00 2.755800008773803711e+00
2.839999961853027344e+01 1.903431117534637451e-01 0.000000000000000000e+00 -1.723693827671013423e-07 1.899939626455307007e-01 0.000000000000000000e+00 6.000000000000000000e+00 8.191000000000000000e+03 0.000000000000000000e+00 1.000000000000000000e+00 2.755800008773803711e+00
2.860000038146972656e+01 1.803884953260421753e-01 0.000000000000000000e+00 -1.870501193934615003e-07 1.799969226121902466e-01 0.000000000000000000e+00 6.000000000000000000e+00 8.191000000000000000e+03 0.000000000000000000e+00 1.000000000000000000e+00 2.755800008773803711e+00
2.880000114440917969e+01 1.704016178846359253e-01 0.000000000000000000e+00 -1.973758685380744282e-07 1.699998974800109863e-01 0.000000000000000000e+00 6.000000000000000000e+00 8.191000000000000000e+03 0.000000000000000000e+00 1.000000000000000000e+00 2.755800008773803711e+00
2.900000000000000000e+01 1.603659987449645996e-01 0.000000000000000000e+00 -2.073850140504873707e-07 1.600028574466705322e-01 0.000000000000000000e+00 6.000000000000000000e+00 8.191000000000000000e+03 0.000000000000000000e+00 1.000000000000000000e+00 2.755800008773803711e+00
2.920000076293945312e+01 1.504300534725189209e-01 0.000000000000000000e+00 -2.159781047339492943e-07 1.500058174133300781e-01 0.000000000000000000e+00 6.000000000000000000e+00 8.191000000000000000e+03 0.000000000000000000e+00 1.000000000000000000e+00 2.756000041961669922e+00
2.939999961853027344e+01 1.404139697551727295e-01 0.000000000000000000e+00 -2.251725845781038515e-07 1.399962902069091797e-01 0.000000000000000000e+00 6.000000000000000000e+00 8.191000000000000000e+03 0.000000000000000000e+00 1.000000000000000000e+00 2.756000041961669922e+00
2.960000038146972656e+01 1.303559392690658569e-01 0.000000000000000000e+00 -2.330012165430161986e-07 1.299992501735687256e-01 0.000000000000000000e+00 6.000000000000000000e+00 8.191000000000000000e+03 0.000000000000000000e+00 1.000000000000000000e+00 2.756000041961669922e+00
2.980000114440917969e+01 1.203767061233520508e-01 0.000000000000000000e+00 -2.415006576939049410e-07 1.200022250413894653e-01 0.000000000000000000e+00 6.000000000000000000e+00 8.191000000000000000e+03 0.000000000000000000e+00 1.000000000000000000e+00 2.756000041961669922e+00
3.000000000000000000e+01 1.103824600577354431e-01 0.000000000000000000e+00 -2.506387488665495766e-07 1.100051850080490112e-01 0.000000000000000000e+00 6.000000000000000000e+00 8.191000000000000000e+03 0.000000000000000000e+00 1.000000000000000000e+00 2.756000041961669922e+00
3.020000076293945312e+01 1.003532484173774719e-01 0.000000000000000000e+00 -2.605056295124086319e-07 9.999565780162811279e-02 0.000000000000000000e+00 6.000000000000000000e+00 8.191000000000000000e+03 0.000000000000000000e+00 1.000000000000000000e+00 2.756000041961669922e+00
3.039999961853027344e+01 9.038843959569931030e-02 0.000000000000000000e+00 -2.716287781368009746e-07 8.999861776828765869e-02 0.000000000000000000e+00 6.000000000000000000e+00 8.191000000000000000e+03 0.000000000000000000e+00 1.000000000000000000e+00 2.756000041961669922e+00
3.060000038146972656e+01 8.036687970161437988e-02 0.000000000000000000e+00 -2.839940123067208333e-07 8.000158518552780151e-02 0.000000000000000000e+00 6.000000000000000000e+00 8.191000000000000000e+03 0.000000000000000000e+00 1.000000000000000000e+00 2.756000041961669922e+00
3.080000114440917969e+01 7.036036998033523560e-02 0.000000000000000000e+00 -2.967110219742608024e-07 7.000455260276794434e-02 0.000000000000000000e+00 6.000000000000000000e+00 8.191000000000000000e+03 0.000000000000000000e+00 1.000000000000000000e+00 2.756000041961669922e+00
3.100000000000000000e+01 6.043244525790214539e-02 0.000000000000000000e+00 -3.121420775187289109e-07 5.999501794576644897e-02 0.000000000000000000e+00 6.000000000000000000e+00 8.191000000000000000e+03 0.000000000000000000e+00 1.000000000000000000e+00 2.756000041961669922e+00
3.120000076293945312e+01 5.035519227385520935e-02 0.000000000000000000e+00 -3.293777126600616612e-07 4.999798536300659180e-02 0.000000000000000000e+00 6.000000000000000000e+00 8.191000000000000000e+03 0.000000000000000000e+00 1.000000000000000000e+00 2.756000041961669922e+00
3.139999961853027344e+01 4.032892733812332153e-02 0.000000000000000000e+00 -3.497021907605812885e-07 4.000094905495643616e-02 0.000000000000000000e+00 6.000000000000000000e+00 8.191000000000000000e+03 0.000000000000000000e+00 1.000000000000000000e+00 2.756000041961669922e+00
3.160000038146972656e+01 3.036266565322875977e-02 0.000000000000000000e+00 -3.746683034933084855e-07 3.000391460955142975e-02 0.000000000000000000e+00 6.000000000000000000e+00 8.191000000000000000e+03 0.000000000000000000e+00 1.000000000000000000e+00 2.756000041961669922e+00
3.180000114440917969e+01 2.036364190280437469e-02 0.000000000000000000e+00 -4.053576958540361375e-07 1.999438367784023285e-02 0.000000000000000000e+00 6.000000000000000000e+00 8.191000000000000000e+03 0.000000000000000000e+00 1.000000000000000000e+00 2.756000041961669922e+00
3.200000000000000000e+01 1.038079522550106049e-02 0.000000000000000000e+00 -4.434645575202011969e-07 9.997349232435226440e-03 0.000000000000000000e+00 6.000000000000000000e+00 8.191000000000000000e+03 0.000000000000000000e+00 1.000000000000000000e+00 2.756000041961669922e+00
3.220000076293945312e+01 4.085545951966196299e-04 0.000000000000000000e+00 -4.913356974611815531e-07 3.129243850708007812e-07 0.000000000000000000e+00 6.000000000000000000e+00 8.191000000000000000e+03 0.000000000000000000e+00 1.000000000000000000e+00 2.756000041961669922e+00
3.240000152587890625e+01 -9.638337418437004089e-03 0.000000000000000000e+00 -5.525276378648413811e-07 -9.996719658374786377e-03 0.000000000000000000e+00 6.000000000000000000e+00 8.191000000000000000e+03 0.000000000000000000e+00 1.000000000000000000e+00 2.756000041961669922e+00
3.260000228881835938e+01 -1.964873448014259338e-02 0.000000000000000000e+00 -6.296509127423632890e-07 -1.999375596642494202e-02 0.000000000000000000e+00 6.000000000000000000e+00 8.191000000000000000e+03 0.000000000000000000e+00 1.000000000000000000e+00 2.756000041961669922e+00
3.279999923706054688e+01 -2.922484651207923889e-02 0.000000000000000000e+00 -7.278022167156450450e-07 -3.000328317284584045e-02 0.000000000000000000e+00 6.000000000000000000e+00 6.143000000000000000e+03 0.000000000000000000e+00 1.000000000000000000e+00 2.756000041961669922e+00
3.300000000000000000e+01 -3.956522047519683838e-02 0.000000000000000000e+00 -8.488934781780699268e-07 -4.000032320618629456e-02 0.000000000000000000e+00 6.000000000000000000e+00 8.191000000000000000e+03 0.000000000000000000e+00 1.000000000000000000e+00 2.756000041961669922e+00
3.320000076293945312e+01 -4.965278506278991699e-02 0.000000000000000000e+00 -9.962010381059371866e-07 -4.999735578894615173e-02 0.000000000000000000e+00 6.000000000000000000e+00 8.190000000000000000e+03 0.000000000000000000e+00 1.000000000000000000e+00 2.756199836730957031e+00
3.340000152587890625e+01 -5.963928624987602234e-02 0.000000000000000000e+00 -1.168123731076775584e-06 -5.999438837170600891e-02 0.000000000000000000e+00 7.000000000000000000e+00 8.191000000000000000e+03 0.000000000000000000e+00 1.000000000000000000e+00 2.756199836730957031e+00
3.360000228881835938e+01 -6.966941058635711670e-02 0.000000000000000000e+00 -1.371339294564677402e-06 -7.000392675399780273e-02 0.000000000000000000e+00 7.000000000000000000e+00 8.191000000000000000e+03 0.000000000000000000e+00 1.000000000000000000e+00 2.756199836730957031e+00
3.379999923706054688e+01 -7.969913631677627563e-02 0.000000000000000000e+00 -1.598478547748527490e-06 -8.000095188617706299e-02 0.000000000000000000e+00 7.000000000000000000e+00 8.191000000000000000e+03 0.000000000000000000e+00 1.000000000000000000e+00 2.756199836730957031e+00
3.400000000000000000e+01 -8.963064849376678467e-02 0.000000000000000000e+00 -1.861439841377432458e-06 -8.999799191951751709e-02 0.000000000000000000e+00 7.000000000000000000e+00 8.191000000000000000e+03 0.000000000000000000e+00 1.000000000000000000e+00 2.756199836730957031e+00
3.420000076293945312e+01 -9.963276237249374390e-02 0.000000000000000000e+00 -2.159695441150688566e-06 -9.999501705169677734e-02 0.000000000000000000e+00 7.000000000000000000e+00 8.191000000000000000e+03 0.000000000000000000e+00 1.000000000000000000e+00 2.755899906158447266e+00
3.440000152587890625e+01 -1.096801757812500000e-01 0.000000000000000000e+00 -2.510016201995313168e-06 -1.100045591592788696e-01 0.000000000000000000e+00 7.000000000000000000e+00 8.191000000000000000e+03 0.000000000000000000e+00 1.000000000000000000e+00 2.755899906158447266e+00
3.460000228881835938e+01 -1.196734234690666199e-01 0.000000000000000000e+00 -2.923852889580302872e-06 -1.200015842914581299e-01 0.000000000000000000e+00 7.000000000000000000e+00 8.191000000000000000e+03 0.000000000000000000e+00 1.000000000000000000e+00 2.755899906158447266e+00
3.479999923706054688e+01 -1.296610981225967407e-01 0.000000000000000000e+00 -3.431502136663766578e-06 -1.299986243247985840e-01 0.000000000000000000e+00 7.000000000000000000e+00 8.191000000000000000e+03 0.000000000000000000e+00 1.000000000000000000e+00 2.755899906158447266e+00
3.500000000000000000e+01 -1.396259367465972900e-01 0.000000000000000000e+00 -4.070060185767943040e-06 -1.399956643581390381e-01 0.000000000000000000e+00 7.000000000000000000e+00 8.191000000000000000e+03 0.000000000000000000e+00 1.000000000000000000e+00 2.755899906158447266e+00
3.520000076293945312e+01 -1.497282981872558594e-01 0.000000000000000000e+00 -4.871032615483272821e-06 -1.500051915645599365e-01 0.000000000000000000e+00 7.000000000000000000e+00 8.191000000000000000e+03 0.000000000000000000e+00 1.000000000000000000e+00 2.755899906158447266e+00
3.540000152587890625e+01 -1.596725732088088989e-01 0.000000000000000000e+00 -5.839498044224455953e-06 -1.600022166967391968e-01 0.000000000000000000e+00 7.000000000000000000e+00 8.191000000000000000e+03 0.000000000000000000e+00 1.000000000000000000e+00 2.755899906158447266e+00
3.560000228881835938e+01 -1.696493625640869141e-01 0.000000000000000000e+00 -6.965764441702049226e-06 -1.699992567300796509e-01 0.000000000000000000e+00 7.000000000000000000e+00 8.191000000000000000e+03 0.000000000000000000e+00 1.000000000000000000e+00 2.755899906158447266e+00
3.579999923706054688e+01 -1.796046495437622070e-01 0.000000000000000000e+00 -8.231728315877262503e-06 -1.799962967634201050e-01 0.000000000000000000e+00 7.000000000000000000e+00 8.191000000000000000e+03 0.000000000000000000e+00 1.000000000000000000e+00 2.755899906158447266e+00
3.600000000000000000e+01 -1.896452456712722778e-01 0.000000000000000000e+00 -9.584457075106911361e-06 -1.900058239698410034e-01 0.000000000000000000e+00 7.000000000000000000e+00 8.191000000000000000e+03 0.000000000000000000e+00 1.000000000000000000e+00 2.755899906158447266e+00
3.620000076293945312e+01 -1.996509879827499390e-01 0.000000000000000000e+00 -1.085093299479922280e-05 -2.000028640031814575e-01 0.000000000000000000e+00 8.000000000000000000e+00 8.191000000000000000e+03 0.000000000000000000e+00 1.000000000000000000e+00 2.755899906158447266e+00
3.640000152587890625e+01 -1.897025406360626221e-01 0.000000000000000000e+00 -7.984333933563902974e-06 -1.900058239698410034e-01 0.000000000000000000e+00 8.000000000000000000e+00 8.191000000000000000e+03 0.000000000000000000e+00 2.000000000000000000e+00 2.755899906158447266e+00
3.660000228881835938e+01 -1.796369552612304688e-01 0.000000000000000000e+00 -6.103014129621442407e-06 -1.799962967634201050e-01 0.000000000000000000e+00 7.000000000000000000e+00 8.191000000000000000e+03 0.000000000000000000e+00 2.000000000000000000e+00 2.755899906158447266e+00
3.679999923706054688e+01 -1.696594953536987305e-01 0.000000000000000000e+00 -4.718645868706516922e-06 -1.699992567300796509e-01 0.000000000000000000e+00 7.000000000000000000e+00 8.191000000000000000e+03 0.000000000000000000e+00 2.000000000000000000e+00 2.755899906158447266e+00
3.700000000000000000e+01 -1.596399396657943726e-01 0.000000000000000000e+00 -3.674937488540308550e-06 -1.600022166967391968e-01 0.000000000000000000e+00 7.000000000000000000e+00 8.191000000000000000e+03 0.000000000000000000e+00 2.000000000000000000e+00 2.755899906158447266e+00
3.720000076293945312e+01 -1.496595591306686401e-01 0.000000000000000000e+00 -2.875880682040587999e-06 -1.500051915645599365e-01 0.000000000000000000e+00 7.000000000000000000e+00 8.191000000000000000e+03 0.000000000000000000e+00 2.000000000000000000e+00 2.755899906158447266e+00
3.740000152587890625e+01 -1.396841257810592651e-01 0.000000000000000000e+00 -2.249426415801281109e-06 -1.399956643581390381e-01 0.000000000000000000e+00 7.000000000000000000e+00 8.191000000000000000e+03 0.000000000000000000e+00 2.000000000000000000e+00 2.755899906158447266e+00
3.760000228881835938e+01 -1.296584308147430420e-01 0.000000000000000000e+00 -1.754831828293390572e-06 -1.299986243247985840e-01 0.000000000000000000e+00 7.000000000000000000e+00 8.191000000000000000e+03 0.000000000000000000e+00 2.000000000000000000e+00 2.755899906158447266e+00
3.779999923706054688e+01 -1.196099221706390381e-01 0.000000000000000000e+00 -1.358302938569977414e-06 -1.200015842914581299e-01 0.000000000000000000e+00 7.000000000000000000e+00 8.191000000000000000e+03 0.000000000000000000e+00 2.000000000000000000e+00 2.755899906158447266e+00
3.800000000000000000e+01 -1.096626743674278259e-01 0.000000000000000000e+00 -1.041537984747265000e-06 -1.100045591592788696e-01 0.000000000000000000e+00 7.000000000000000000e+00 8.191000000000000000e+03 0.000000000000000000e+00 2.000000000000000000e+00 2.755899906158447266e+00
3.820000076293945312e+01 -9.962598979473114014e-02 0.000000000000000000e+00 -7.956915624163229950e-07 -9.999501705169677734e-02 0.000000000000000000e+00 7.000000000000000000e+00 8.191000000000000000e+03 0.000000000000000000e+00 2.000000000000000000e+00 2.755899906158447266e+00
3.840000152587890625e+01 -8.966927230358123779e-02 0.000000000000000000e+00 -5.947463250777218491e-07 -8.999799191951751709e-02 0.000000000000000000e+00 6.000000000000000000e+00 8.191000000000000000e+03 0.000000000000000000e+00 2.000000000000000000e+00 2.755899906158447266e+00
3.860000228881835938e+01 -7.967568933963775635e-02 0.000000000000000000e+00 -4.340067221164645161e-07 -8.000095188617706299e-02 0.000000000000000000e+00 6.000000000000000000e+00 8.191000000000000000e+03 0.000000000000000000e+00 2.000000000000000000e+00 2.755899906158447266e+00
3.879999923706054688e+01 -6.963199377059936523e-02 0.000000000000000000e+00 -3.058808601963391993e-07 -7.000392675399780273e-02 0.000000000000000000e+00 6.000000000000000000e+00 8.191000000000000000e+03 0.000000000000000000e+00 2.000000000000000000e+00 2.755899906158447266e+00
3.900000000000000000e+01 -5.966728925704956055e-02 0.000000000000000000e+00 -2.026515772968195961e-07 -5.999438837170600891e-02 0.000000000000000000e+00 6.000000000000000000e+00 8.191000000000000000e+03 0.000000000000000000e+00 2.000000000000000000e+00 2.755899906158447266e+00
3.920000076293945312e+01 -4.959826543927192688e-02 0.000000000000000000e+00 -1.186956239962455584e-07 -4.999735578894615173e-02 0.000000000000000000e+00 6.000000000000000000e+00 8.191000000000000000e+03 0.000000000000000000e+00 2.000000000000000000e+00 2.755899906158447266e+00
3.940000152587890625e+01 -3.960454836487770081e-02 0.000000000000000000e+00 -5.058601004748197738e-08 -4.000032320618629456e-02 0.000000000000000000e+00 6.000000000000000000e+00 8.191000000000000000e+03 0.000000000000000000e+00 2.000000000000000000e+00 2.755899906158447266e+00
3.960000228881835938e+01 -2.962660044431686401e-02 0.000000000000000000e+00 4.641947271011304110e-09 -3.000328317284584045e-02 0.000000000000000000e+00 5.000000000000000000e+00 8.191000000000000000e+03 0.000000000000000000e+00 2.000000000000000000e+00 2.755899906158447266e+00
3.979999923706054688e+01 -1.967589929699897766e-02 0.000000000000000000e+00 1.093948842623149176e-08 -1.999375596642494202e-02 0.000000000000000000e+00 4.000000000000000000e+00 6.908000000000000000e+03 0.000000000000000000e+00 2.000000000000000000e+00 2.755899906158447266e+00
4.000000000000000000e+01 -9.619008749723434448e-03 0.000000000000000000e+00 1.093948842623149176e-08 -9.996719658374786377e-03 0.000000000000000000e+00 4.000000000000000000e+00 6.908000000000000000e+03 0.000000000000000000e+00 2.000000000000000000e+00 2.755899906158447266e+00
4.020000076293945312e+01 3.022641467396169901e-04 0.000000000000000000e+00 1.093948842623149176e-08 3.129243850708007812e-07 0.000000000000000000e+00 4.000000000000000000e+00 7.164000000000000000e+03 0.000000000000000000e+00 2.000000000000000000e+00 2.755899906158447266e+00
4.040000152587890625e+01 1.032119709998369217e-02 0.000000000000000000e+00 1.091851729029258422e-07 9.997349232435226440e-03 0.000000000000000000e+00 5.000000000000000000e+00 7.164000000000000000e+03 0.000000000000000000e+00 2.000000000000000000e+00 2.755899906158447266e+00
4.060000228881835938e+01 2.034707739949226379e-02 0.000000000000000000e+00 1.804624218948447378e-07 1.999438367784023285e-02 0.000000000000000000e+00 6.000000000000000000e+00 8.191000000000000000e+03 0.000000000000000000e+00 2.000000000000000000e+00 2.755899906158447266e+00
4.079999923706054688e+01 2.971394732594490051e-02 0.000000000000000000e+00 2.031064525453984970e-07 3.000391460955142975e-02 0.000000000000000000e+00 6.000000000000000000e+00 6.143000000000000000e+03 0.000000000000000000e+00 2.000000000000000000e+00 2.755899906158447266e+00
4.100000000000000000e+01 4.041451960802078247e-02 0.000000000000000000e+00 2.241517194079278852e-07 4.000094905495643616e-02 0.000000000000000000e+00 6.000000000000000000e+00 8.191000000000000000e+03 0.000000000000000000e+00 2.000000000000000000e+00 2.755899906158447266e+00
4.120000076293945312e+01 5.042594671249389648e-02 0.000000000000000000e+00 2.430655570151429856e-07 4.999798536300659180e-02 0.000000000000000000e+00 6.000000000000000000e+00 8.191000000000000000e+03 0.000000000000000000e+00 2.000000000000000000e+00 2.755599975585937500e+00
4.140000152587890625e+01 6.040205433964729309e-02 0.000000000000000000e+00 2.601835547011432936e-07 5.999501794576644897e-02 0.000000000000000000e+00 6.000000000000000000e+00 8.191000000000000000e+03 0.000000000000000000e+00 2.000000000000000000e+00 2.755599975585937500e+00
4.160000228881835938e+01 7.040198147296905518e-02 0.000000000000000000e+00 2.769630214061180595e-07 7.000455260276794434e-02 0.000000000000000000e+00 6.000000000000000000e+00 8.191000000000000000e+03 0.000000000000000000e+00 2.000000000000000000e+00 2.755599975585937500e+00
4.179999923706054688e+01 8.041369169950485229e-02 0.000000000000000000e+00 2.927929756424418883e-07 8.000158518552780151e-02 0.000000000000000000e+00 6.000000000000000000e+00 8.191000000000000000e+03 0.000000000000000000e+00 2.000000000000000000e+00 2.755599975585937500e+00
4.200000000000000000e+01 9.038263559341430664e-02 0.000000000000000000e+00 3.081981105879094684e-07 8.999861776828765869e-02 0.000000000000000000e+00 6.000000000000000000e+00 8.191000000000000000e+03 0.000000000000000000e+00 2.000000000000000000e+00 2.755599975585937500e+00
4.220000076293945312e+01 1.003833413124084473e-01 0.000000000000000000e+00 3.228010996281227563e-07 9.999565780162811279e-02 0.000000000000000000e+00 6.000000000000000000e+00 8.191000000000000000e+03 0.000000000000000000e+00 2.000000000000000000e+00 2.755800008773803711e+00
4.240000152587890625e+01 1.104197278618812561e-01 0.000000000000000000e+00 3.377967061624076450e-07 1.100051850080490112e-01 0.000000000000000000e+00 6.000000000000000000e+00 8.191000000000000000e+03 0.000000000000000000e+00 2.000000000000000000e+00 2.755800008773803711e+00
4.260000228881835938e+01 1.203817874193191528e-01 0.000000000000000000e+00 3.519969595799921080e-07 1.200022250413894653e-01 0.000000000000000000e+00 6.000000000000000000e+00 8.191000000000000000e+03 0.000000000000000000e+00 2.000000000000000000e+00 2.755800008773803711e+00
4.279999923706054688e+01 1.304061710834503174e-01 0.000000000000000000e+00 3.676973108213132946e-07 1.299992501735687256e-01 0.000000000000000000e+00 6.000000000000000000e+00 8.191000000000000000e+03 0.000000000000000000e+00 2.000000000000000000e+00 2.755800008773803711e+00
4.300000000000000000e+01 1.403746902942657471e-01 0.000000000000000000e+00 3.841054763142892625e-07 1.399962902069091797e-01 0.000000000000000000e+00 6.000000000000000000e+00 8.191000000000000000e+03 0.000000000000000000e+00 2.000000000000000000e+00 2.755800008773803711e+00
4.320000076293945312e+01 1.503743827342987061e-01 0.000000000000000000e+00 4.021870836368179880e-07 1.500058174133300781e-01 0.000000000000000000e+00 6.000000000000000000e+00 8.191000000000000000e+03 0.000000000000000000e+00 2.000000000000000000e+00 2.755899906158447266e+00
4.340000152587890625e+01 1.603161841630935669e-01 0.000000000000000000e+00 4.221940628212905722e-07 1.600028574466705322e-01 0.000000000000000000e+00 6.000000000000000000e+00 8.191000000000000000e+03 0.000000000000000000e+00 2.000000000000000000e+00 2.755899906158447266e+00
4.360000228881835938e+01 1.703114062547683716e-01 0.000000000000000000e+00 4.436645895111723803e-07 1.699998974800109863e-01 0.000000000000000000e+00 6.000000000000000000e+00 8.191000000000000000e+03 0.000000000000000000e+00 2.000000000000000000e+00 2.755899906158447266e+00
4.379999923706054688e+01 1.803772300481796265e-01 0.000000000000000000e+00 4.693606570072006434e-07 1.799969226121902466e-01 0.000000000000000000e+00 6.000000000000000000e+00 8.191000000000000000e+03 0.000000000000000000e+00 2.000000000000000000e+00 2.755899906158447266e+00
4.400000000000000000e+01 1.903228759765625000e-01 0.000000000000000000e+00 4.992959361516113859e-07 1.899939626455307007e-01 0.000000000000000000e+00 6.000000000000000000e+00 8.191000000000000000e+03 0.000000000000000000e+00 2.000000000000000000e+00 2.755899906158447266e+00
4.420000076293945312e+01 2.003596574068069458e-01 0.000000000000000000e+00 5.346743705558765214e-07 2.000034898519515991e-01 0.000000000000000000e+00 6.000000000000000000e+00 8.191000000000000000e+03 0.000000000000000000e+00 2.000000000000000000e+00 2.755899906158447266e+00
4.440000152587890625e+01 2.104071378707885742e-01 0.000000000000000000e+00 5.757030407949059736e-07 2.100005298852920532e-01 0.000000000000000000e+00 6.000000000000000000e+00 8.191000000000000000e+03 0.000000000000000000e+00 2.000000000000000000e+00 2.755899906158447266e+00
4.460000228881835938e+01 2.204127907752990723e-01 0.000000000000000000e+00 6.209477305674226955e-07 2.199975699186325073e-01 0.000000000000000000e+00 6.000000000000000000e+00 8.191000000000000000e+03 0.000000000000000000e+00 2.000000000000000000e+00 2.755899906158447266e+00
4.479999923706054688e+01 2.303483039140701294e-01 0.000000000000000000e+00 6.720434271301201079e-07 2.299945950508117676e-01 0.000000000000000000e+00 6.000000000000000000e+00 8.191000000000000000e+03 0.000000000000000000e+00 2.000000000000000000e+00 2.755899906158447266e+00
4.500000000000000000e+01 2.403687387704849243e-01 0.000000000000000000e+00 7.273775395333359484e-07 2.400041371583938599e-01 0.000000000000000000e+00 6.000000000000000000e+00 8.191000000000000000e+03 0.000000000000000000e+00 2.000000000000000000e+00 2.755899906158447266e+00
4.520000076293945312e+01 2.504008114337921143e-01 0.000000000000000000e+00 7.857444757064513396e-07 2.500011622905731201e-01 0.000000000000000000e+00 6.000000000000000000e+00 8.191000000000000000e+03 0.000000000000000000e+00 2.000000000000000000e+00 2.755899906158447266e+00
4.540000152587890625e+01 2.603990733623504639e-01 0.000000000000000000e+00 8.445893513453484047e-07 2.599982023239135742e-01 0.000000000000000000e+00 6.000000000000000000e+00 8.191000000000000000e+03 0.000000000000000000e+00 2.000000000000000000e+00 2.755899906158447266e+00
4.560000228881835938e+01 2.703464329242706299e-01 0.000000000000000000e+00 9.055872851604362950e-07 2.699952423572540283e-01 0.000000000000000000e+00 6.000000000000000000e+00 8.191000000000000000e+03 0.000000000000000000e+00 2.000000000000000000e+00 2.755899906158447266e+00
4.579999923706054688e+01 2.803939580917358398e-01 0.000000000000000000e+00 9.692566891317255795e-07 2.800047695636749268e-01 0.000000000000000000e+00 7.000000000000000000e+00 8.191000000000000000e+03 0.000000000000000000e+00 2.000000000000000000e+00 2.755899906158447266e+00
4.600000000000000000e+01 2.904077768325805664e-01 0.000000000000000000e+00 1.031478518598305527e-06 2.900017797946929932e-01 0.000000000000000000e+00 7.000000000000000000e+00 8.191000000000000000e+03 0.000000000000000000e+00 2.000000000000000000e+00 2.755899906158447266e+00
4.620000076293945312e+01 3.004140555858612061e-01 0.000000000000000000e+00 1.105598585127154365e-06 2.999988198280334473e-01 0.000000000000000000e+00 7.000000000000000000e+00 8.191000000000000000e+03 0.000000000000000000e+00 2.000000000000000000e+00 2.756000041961669922e+00
4.640000152587890625e+01 2.904196381568908691e-01 0.000000000000000000e+00 6.766382512068958022e-07 2.900017797946929932e-01 0.000000000000000000e+00 7.000000000000000000e+00 8.191000000000000000e+03 0.000000000000000000e+00 2.000000000000000000e+00 2.756000041961669922e+00
4.660000228881835938e+01 2.803808748722076416e-01 0.000000000000000000e+00 4.541461464668827830e-07 2.800047695636749268e-01 0.000000000000000000e+00 6.000000000000000000e+00 8.191000000000000000e+03 0.000000000000000000e+00 2.000000000000000000e+00 2.756000041961669922e+00
4.679999923706054688e+01 2.703733146190643311e-01 0.000000000000000000e+00 3.038101112906588241e-07 2.699952423572540283e-01 0.000000000000000000e+00 6.000000000000000000e+00 8.191000000000000000e+03 0.000000000000000000e+00 2.000000000000000000e+00 2.756000041961669922e+00
4.700000000000000000e+01 2.603673934936523438e-01 0.000000000000000000e+00 1.905142283931127167e-07 2.599982023239135742e-01 0.000000000000000000e+00 6.000000000000000000e+00 8.191000000000000000e+03 0.000000000000000000e+00 2.000000000000000000e+00 2.756000041961669922e+00
4.720000076293945312e+01 2.503664195537567139e-01 0.000000000000000000e+00 9.967195779836401925e-08 2.500011622905731201e-01 0.000000000000000000e+00 6.000000000000000000e+00 8.191000000000000000e+03 0.000000000000000000e+00 2.000000000000000000e+00 2.755699872970581055e+00
4.740000152587890625e+01 2.403603792190551758e-01 0.000000000000000000e+00 2.734029003192972596e-08 2.400041371583938599e-01 0.000000000000000000e+00 6.000000000000000000e+00 8.191000000000000000e+03 0.000000000000000000e+00 2.000000000000000000e+00 2.755699872970581055e+00
4.760000228881835938e+01 2.303731292486190796e-01 0.000000000000000000e+00 -3.805557469149789540e-08 2.299945950508117676e-01 0.000000000000000000e+00 5.000000000000000000e+00 8.191000000000000000e+03 0.000000000000000000e+00 2.000000000000000000e+00 2.755699872970581055e+00
4.779999923706054688e+01 2.203482091426849365e-01 0.000000000000000000e+00 -8.253547889580659103e-08 2.199975699186325073e-01 0.000000000000000000e+00 5.000000000000000000e+00 8.190000000000000000e+03 0.000000000000000000e+00 2.000000000000000000e+00 2.755699872970581055e+00
4.800000000000000000e+01 2.103706896305084229e-01 0.000000000000000000e+00 -1.074148272550701222e-07 2.100005298852920532e-01 0.000000000000000000e+00 5.000000000000000000e+00 7.164000000000000000e+03 0.000000000000000000e+00 2.000000000000000000e+00 2.755699872970581055e+00
4.820000076293945312e+01 2.004189938306808472e-01 0.000000000000000000e+00 -1.353992615804600064e-07 2.000034898519515991e-01 0.000000000000000000e+00 6.000000000000000000e+00 8.191000000000000000e+03 0.000000000000000000e+00 2.000000000000000000e+00 2.755699872970581055e+00
4.840000152587890625e+01 1.902735084295272827e-01 0.000000000000000000e+00 -1.536601246243662899e-07 1.899939626455307007e-01 0.000000000000000000e+00 6.000000000000000000e+00 8.191000000000000000e+03 0.000000000000000000e+00 2.000000000000000000e+00 2.755699872970581055e+00
4.860000228881835938e+01 1.803986579179763794e-01 0.000000000000000000e+00 -1.685375963234037044e-07 1.799969226121902466e-01 0.000000000000000000e+00 6.000000000000000000e+00 8.191000000000000000e+03 0.000000000000000000e+00 2.000000000000000000e+00 2.755699872970581055e+00
4.879999923706054688e+01 1.703961789608001709e-01 0.000000000000000000e+00 -1.790554762237661635e-07 1.699998974800109863e-01 0.000000000000000000e+00 6.000000000000000000e+00 8.191000000000000000e+03 0.000000000000000000e+00 2.000000000000000000e+00 2.755699872970581055e+00
4.900000000000000000e+01 1.603895276784896851e-01 0.000000000000000000e+00 -1.887976281977898907e-07 1.600028574466705322e-01 0.000000000000000000e+00 6.000000000000000000e+00 8.191000000000000000e+03 0.000000000000000000e+00 2.000000000000000000e+00 2.755699872970581055e+00
4.920000076293945312e+01 1.503654718399047852e-01 0.000000000000000000e+00 -1.966428015975907329e-07 1.500058174133300781e-01 0.000000000000000000e+00 6.000000000000000000e+00 8.191000000000000000e+03 0.000000000000000000e+00 2.000000000000000000e+00 2.755800008773803711e+00
4.940000152587890625e+01 1.404313296079635620e-01 0.000000000000000000e+00 -2.047278684358389000e-07 1.399962902069091797e-01 0.000000000000000000e+00 6.000000000000000000e+00 8.191000000000000000e+03 0.000000000000000000e+00 2.000000000000000000e+00 2.755800008773803711e+00
4.960000228881835938e+01 1.303646117448806763e-01 0.000000000000000000e+00 -2.128327878381242044e-07 1.299992501735687256e-01 0.000000000000000000e+00 6.000000000000000000e+00 8.191000000000000000e+03 0.000000000000000000e+00 2.000000000000000000e+00 2.755800008773803711e+00
4.979999923706054688e+01 1.203968673944473267e-01 0.000000000000000000e+00 -2.203462230454533710e-07 1.200022250413894653e-01 0.000000000000000000e+00 6.000000000000000000e+00 8.191000000000000000e+03 0.000000000000000000e+00 2.000000000000000000e+00 2.755800008773803711e+00
5.000000000000000000e+01 1.104688867926597595e-01 0.000000000000000000e+00 -2.283324676000120235e-07 1.100051850080490112e-01 0.000000000000000000e+00 6.000000000000000000e+00 8.191000000000000000e+03 0.000000000000000000e+00 2.000000000000000000e+00 2.755800008773803711e+00
5.020000076293945312e+01 1.003276780247688293e-01 0.000000000000000000e+00 -2.368553992937449948e-07 9.999565780162811279e-02 0.000000000000000000e+00 6.000000000000000000e+00 8.191000000000000000e+03 0.000000000000000000e+00 2.000000000000000000e+00 2.755899906158447266e+00
5.040000152587890625e+01 9.042394906282424927e-02 0.000000000000000000e+00 -2.457147729728603736e-07 8.999861776828765869e-02 0.000000000000000000e+00 6.000000000000000000e+00 8.191000000000000000e+03 0.000000000000000000e+00 2.000000000000000000e+00 2.755899906158447266e+00
5.060000228881835938e+01 8.034245669841766357e-02 0.000000000000000000e+00 -2.550013107338600093e-07 8.000158518552780151e-02 0.000000000000000000e+00 6.000000000000000000e+00 8.191000000000000000e+03 0.000000000000000000e+00 2.000000000000000000e+00 2.755899906158447266e+00
5.079999923706054688e+01 7.042789459228515625e-02 0.000000000000000000e+00 -2.653887065662274836e-07 7.000455260276794434e-02 0.000000000000000000e+00 6.000000000000000000e+00 8.191000000000000000e+03 0.000000000000000000e+00 2.000000000000000000e+00 2.755899906158447266e+00
5.100000000000000000e+01 6.041141226887702942e-02 0.000000000000000000e+00 -2.775159373413771391e-07 5.999501794576644897e-02 0.000000000000000000e+00 6.000000000000000000e+00 8.191000000000000000e+03 0.000000000000000000e+00 2.000000000000000000e+00 2.755899906158447266e+00
5.120000076293945312e+01 5.036706849932670593e-02 0.000000000000000000e+00 -2.892813029120588908e-07 4.999798536300659180e-02 0.000000000000000000e+00 6.000000000000000000e+00 8.191000000000000000e+03 0.000000000000000000e+00 2.000000000000000000e+00 2.755800008773803711e+00
5.140000152587890625e+01 4.029708728194236755e-02 0.000000000000000000e+00 -3.036867610717308708e-07 4.000094905495643616e-02 0.000000000000000000e+00 6.000000000000000000e+00 8.191000000000000000e+03 0.000000000000000000e+00 2.000000000000000000e+00 2.755800008773803711e+00
5.160000228881835938e+01 3.041635081171989441e-02 0.000000000000000000e+00 -3.208429859569150722e-07 3.000391460955142975e-02 0.000000000000000000e+00 6.000000000000000000e+00 8.191000000000000000e+03 0.000000000000000000e+00 2.000000000000000000e+00 2.755800008773803711e+00
5.179999923706054688e+01 2.029871009290218353e-02 0.000000000000000000e+00 -3.404648225568962516e-07 1.999438367784023285e-02 0.000000000000000000e+00 6.000000000000000000e+00 8.191000000000000000e+03 0.000000000000000000e+00 2.000000000000000000e+00 2.755800008773803711e+00
5.200000000000000000e+01 1.033760141581296921e-02 0.000000000000000000e+00 -3.646136974566616118e-07 9.997349232435226440e-03 0.000000000000000000e+00 6.000000000000000000e+00 8.191000000000000000e+03 0.000000000000000000e+00 2.000000000000000000e+00 2.755800008773803711e+00
5.220000076293945312e+01 3.205430984962731600e-04 0.000000000000000000e+00 -3.944655588838941185e-07 3.129243850708007812e-07 0.000000000000000000e+00 6.000000000000000000e+00 8.191000000000000000e+03 0.000000000000000000e+00 2.000000000000000000e+00 2.755800008773803711e+00
5.240000152587890625e+01 -9.631735272705554962e-03 0.000000000000000000e+00 -4.321420874475734308e-07 -9.996719658374786377e-03 0.000000000000000000e+00 6.000000000000000000e+00 8.191000000000000000e+03 0.000000000000000000e+00 2.000000000000000000e+00 2.755800008773803711e+00
5.260000228881835938e+01 -1.969057321548461914e-02 0.000000000000000000e+00 -4.795722929884504993e-07 -1.999375596642494202e-02 0.000000000000000000e+00 6.000000000000000000e+00 6.143000000000000000e+03 0.000000000000000000e+00 2.000000000000000000e+00 2.755800008773803711e+00
5.279999923706054688e+01 -2.963293530046939850e-02 0.000000000000000000e+00 -5.391839295043610036e-07 -3.000328317284584045e-02 0.000000000000000000e+00 6.000000000000000000e+00 8.191000000000000000e+03 0.000000000000000000e+00 2.000000000000000000e+00 2.755800008773803711e+00
5.300000000000000000e+01 -3.966961428523063660e-02 0.000000000000000000e+00 -6.141844437479448970e-07 -4.000032320618629456e-02 0.000000000000000000e+00 6.000000000000000000e+00 8.191000000000000000e+03 0.000000000000000000e+00 2.000000000000000000e+00 2.755800008773803711e+00
5.320000076293945312e+01 -4.964683949947357178e-02 0.000000000000000000e+00 -7.073428491821687203e-07 -4.999735578894615173e-02 0.000000000000000000e+00 6.000000000000000000e+00 8.191000000000000000e+03 0.000000000000000000e+00 2.000000000000000000e+00 2.756000041961669922e+00
5.340000152587890625e+01 -5.962226912379264832e-02 0.000000000000000000e+00 -8.235646191678824835e-07 -5.999438837170600891e-02 0.000000000000000000e+00 6.000000000000000000e+00 8.191000000000000000e+03 0.000000000000000000e+00 2.000000000000000000e+00 2.756000041961669922e+00
5.360000228881835938e+01 -6.966537237167358398e-02 0.000000000000000000e+00 -9.681957635621074587e-07 -7.000392675399780273e-02 0.000000000000000000e+00 6.000000000000000000e+00 8.191000000000000000e+03 0.000000000000000000e+00 2.000000000000000000e+00 2.756000041961669922e+00
5.379999923706054688e+01 -7.965687662363052368e-02 0.000000000000000000e+00 -1.134963554250134621e-06 -8.000095188617706299e-02 0.000000000000000000e+00 7.000000000000000000e+00 8.191000000000000000e+03 0.000000000000000000e+00 2.000000000000000000e+00 2.756000041961669922e+00
5.400000000000000000e+01 -8.967867493629455566e-02 0.000000000000000000e+00 -1.356031134491786361e-06 -8.999799191951751709e-02 0.000000000000000000e+00 7.000000000000000000e+00 8.191000000000000000e+03 0.000000000000000000e+00 2.000000000000000000e+00 2.756000041961669922e+00
5.420000076293945312e+01 -9.961578249931335449e-02 0.000000000000000000e+00 -1.615816699995775707e-06 -9.999501705169677734e-02 0.000000000000000000e+00 7.000000000000000000e+00 8.191000000000000000e+03 0.000000000000000000e+00 2.000000000000000000e+00 2.755800008773803711e+00
5.440000152587890625e+01 -1.096427664160728455e-01 0.000000000000000000e+00 -1.938137756951618940e-06 -1.100045591592788696e-01 0.000000000000000000e+00 7.000000000000000000e+00 8.191000000000000000e+03 0.000000000000000000e+00 2.000000000000000000e+00 2.755800008773803711e+00
5.460000228881835938e+01 -1.196336522698402405e-01 0.000000000000000000e+00 -2.330926236027153209e-06 -1.200015842914581299e-01 0.000000000000000000e+00 7.000000000000000000e+00 8.191000000000000000e+03 0.000000000000000000e+00 2.000000000000000000e+00 2.755800008773803711e+00
5.479999923706054688e+01 -1.296601742506027222e-01 0.000000000000000000e+00 -2.808929821185301989e-06 -1.299986243247985840e-01 0.000000000000000000e+00 7.000000000000000000e+00 8.191000000000000000e+03 0.000000000000000000e+00 2.000000000000000000e+00 2.755800008773803711e+00
5.500000000000000000e+01 -1.396447271108627319e-01 0.000000000000000000e+00 -3.409282726352103055e-06 -1.399956643581390381e-01 0.000000000000000000e+00 7.000000000000000000e+00 8.191000000000000000e+03 0.000000000000000000e+00 2.000000000000000000e+00 2.755800008773803711e+00
5.520000076293945312e+01 -1.496552526950836182e-01 0.000000000000000000e+00 -4.139491920795990154e-06 -1.500051915645599365e-01 0.000000000000000000e+00 7.000000000000000000e+00 8.191000000000000000e+03 0.000000000000000000e+00 2.000000000000000000e+00 2.755800008773803711e+00
5.540000152587890625e+01 -1.596643626689910889e-01 0.000000000000000000e+00 -5.023171524953795597e-06 -1.600022166967391968e-01 0.000000000000000000e+00 7.000000000000000000e+00 8.191000000000000000e+03 0.000000000000000000e+00 2.000000000000000000e+00 2.755800008773803711e+00
5.560000228881835938e+01 -1.696235984563827515e-01 0.000000000000000000e+00 -6.062301054043928161e-06 -1.699992567300796509e-01 0.000000000000000000e+00 7.000000000000000000e+00 8.191000000000000000e+03 0.000000000000000000e+00 2.000000000000000000e+00 2.755800008773803711e+00
5.579999923706054688e+01 -1.796031147241592407e-01 0.000000000000000000e+00 -7.259130143211223185e-06 -1.799962967634201050e-01 0.000000000000000000e+00 7.000000000000000000e+00 8.191000000000000000e+03 0.000000000000000000e+00 2.000000000000000000e+00 2.755800008773803711e+00
5.600000000000000000e+01 -1.896446496248245239e-01 0.000000000000000000e+00 -8.554948180972132832e-06 -1.900058239698410034e-01 0.000000000000000000e+00 7.000000000000000000e+00 8.191000000000000000e+03 0.000000000000000000e+00 2.000000000000000000e+00 2.755800008773803711e+00
5.620000076293945312e+01 -1.997076719999313354e-01 0.000000000000000000e+00 -9.855406460701487958e-06 -2.000028640031814575e-01 0.000000000000000000e+00 7.000000000000000000e+00 8.191000000000000000e+03 0.000000000000000000e+00 2.000000000000000000e+00 2.755800008773803711e+00
5.640000152587890625e+01 -1.896623969078063965e-01 0.000000000000000000e+00 -7.236515102704288438e-06 -1.900058239698410034e-01 0.000000000000000000e+00 8.000000000000000000e+00 8.191000000000000000e+03 0.000000000000000000e+00 3.000000000000000000e+00 2.755800008773803711e+00
5.660000228881835938e+01 -1.797176748514175415e-01 0.000000000000000000e+00 -5.512884399649919942e-06 -1.799962967634201050e-01 0.000000000000000000e+00 7.000000000000000000e+00 8.191000000000000000e+03 0.000000000000000000e+00 3.000000000000000000e+00 2.755800008773803711e+00
5.679999923706054688e+01 -1.696488112211227417e-01 0.000000000000000000e+00 -4.248188815836329013e-06 -1.699992567300796509e-01 0.000000000000000000e+00 7.000000000000000000e+00 8.191000000000000000e+03 0.000000000000000000e+00 3.000000000000000000e+00 2.755800008773803711e+00
5.700000000000000000e+01 -1.596916019916534424e-01 0.000000000000000000e+00 -3.291668235760880634e-06 -1.600022166967391968e-01 0.000000000000000000e+00 7.000000000000000000e+00 8.191000000000000000e+03 0.000000000000000000e+00 3.000000000000000000e+00 2.755800008773803711e+00
5.720000076293945312e+01 -1.496360301971435547e-01 0.000000000000000000e+00 -2.560894927228218876e-06 -1.500051915645599365e-01 0.000000000000000000e+00 7.000000000000000000e+00 8.191000000000000000e+03 0.000000000000000000e+00 3.000000000000000000e+00 2.755800008773803711e+00
5.740000152587890625e+01 -1.396944075822830200e-01 0.000000000000000000e+00 -1.994132617255672812e-06 -1.399956643581390381e-01 0.000000000000000000e+00 7.000000000000000000e+00 8.191000000000000000e+03 0.000000000000000000e+00 3.000000000000000000e+00 2.755800008773803711e+00
5.760000228881835938e+01 -1.296764016151428223e-01 0.000000000000000000e+00 -1.544029942124325316e-06 -1.299986243247985840e-01 0.000000000000000000e+00 7.000000000000000000e+00 8.191000000000000000e+03 0.000000000000000000e+00 3.000000000000000000e+00 2.755800008773803711e+00
5.779999923706054688e+01 -1.196364760398864746e-01 0.000000000000000000e+00 -1.194031938211992383e-06 -1.200015842914581299e-01 0.000000000000000000e+00 7.000000000000000000e+00 8.191000000000000000e+03 0.000000000000000000e+00 3.000000000000000000e+00 2.755800008773803711e+00
5.800000000000000000e+01 -1.096546351909637451e-01 0.000000000000000000e+00 -9.146555726147198584e-07 -1.100045591592788696e-01 0.000000000000000000e+00 7.000000000000000000e+00 8.191000000000000000e+03 0.000000000000000000e+00 3.000000000000000000e+00 2.755800008773803711e+00
5.820000076293945312e+01 -9.962235391139984131e-02 0.000000000000000000e+00 -6.941791639292205218e-07 -9.999501705169677734e-02 0.000000000000000000e+00 7.000000000000000000e+00 8.191000000000000000e+03 0.000000000000000000e+00 3.000000000000000000e+00 2.755800008773803711e+00
5.840000152587890625e+01 -8.965623378753662109e-02 0.000000000000000000e+00 -5.233074489296996035e-07 -8.999799191951751709e-02 0.000000000000000000e+00 6.000000000000000000e+00 8.191000000000000000e+03 0.000000000000000000e+00 3.000000000000000000e+00 2.755800008773803711e+00
5.860000228881835938e+01 -7.971262931823730469e-02 0.000000000000000000e+00 -3.822973440037458204e-07 -8.000095188617706299e-02 0.000000000000000000e+00 6.000000000000000000e+00 8.191000000000000000e+03 0.000000000000000000e+00 3.000000000000000000e+00 2.755800008773803711e+00
5.879999923706054688e+01 -6.961219012737274170e-02 0.000000000000000000e+00 -2.687287121716508409e-07 -7.000392675399780273e-02 0.000000000000000000e+00 6.000000000000000000e+00 8.191000000000000000e+03 0.000000000000000000e+00 3.000000000000000000e+00 2.755800008773803711e+00
5.900000000000000000e+01 -5.962083116173744202e-02 0.000000000000000000e+00 -1.778959273224245408e-07 -5.999438837170600891e-02 0.000000000000000000e+00 6.000000000000000000e+00 8.191000000000000000e+03 0.000000000000000000e+00 3.000000000000000000e+00 2.755800008773803711e+00
5.920000076293945312e+01 -4.968758672475814819e-02 0.000000000000000000e+00 -1.046031670171032602e-07 -4.999735578894615173e-02 0.000000000000000000e+00 6.000000000000000000e+00 8.191000000000000000e+03 0.000000000000000000e+00 3.000000000000000000e+00 2.755800008773803711e+00
5.940000152587890625e+01 -3.966610878705978394e-02 0.000000000000000000e+00 -4.348647664187410555e-08 -4.000032320618629456e-02 0.000000000000000000e+00 6.000000000000000000e+00 8.191000000000000000e+03 0.000000000000000000e+00 3.000000000000000000e+00 2.755800008773803711e+00
5.960000228881835938e+01 -2.966368570923805237e-02 0.000000000000000000e+00 5.133208080820850228e-09 -3.000328317284584045e-02 0.000000000000000000e+00 5.000000000000000000e+00 8.191000000000000000e+03 0.000000000000000000e+00 3.000000000000000000e+00 2.755800008773803711e+00
5.979999923706054688e+01 -1.967999897897243500e-02 0.000000000000000000e+00 1.093948842623149176e-08 -1.999375596642494202e-02 0.000000000000000000e+00 4.000000000000000000e+00 6.908000000000000000e+03 0.000000000000000000e+00 3.000000000000000000e+00 2.755800008773803711e+00
6.000000000000000000e+01 -9.623594582080841064e-03 0.000000000000000000e+00 1.093948842623149176e-08 -9.996719658374786377e-03 0.000000000000000000e+00 4.000000000000000000e+00 6.908000000000000000e+03 0.000000000000000000e+00 3.000000000000000000e+00 2.755800008773803711e+00
6.020000076293945312e+01 3.210564900655299425e-04 0.000000000000000000e+00 1.093948842623149176e-08 3.129243850708007812e-07 0.000000000000000000e+00 4.000000000000000000e+00 7.164000000000000000e+03 0.000000000000000000e+00 3.000000000000000000e+00 2.755699872970581055e+00
