5.000000000000000000e-01 -1.157949119806289673e-02 -1.157949119806289673e-02 0.000000000000000000e+00 0.000000000000000000e+00 8.191000000000000000e+03 0.000000000000000000e+00 2.757400035858154297e+00
1.000000000000000000e+00 -1.155357994139194489e-02 -1.022315211594104767e-02 0.000000000000000000e+00 0.000000000000000000e+00 8.191000000000000000e+03 0.000000000000000000e+00 2.757400035858154297e+00
1.500000000000000000e+00 -1.139921229332685471e-02 -9.185732342302799225e-03 0.000000000000000000e+00 0.000000000000000000e+00 8.191000000000000000e+03 0.000000000000000000e+00 2.757200002670288086e+00
2.000000000000000000e+00 -1.098076999187469482e-02 -8.320333436131477356e-03 0.000000000000000000e+00 0.000000000000000000e+00 8.191000000000000000e+03 0.000000000000000000e+00 2.757200002670288086e+00
2.500000000000000000e+00 -1.027475111186504364e-02 -7.555735297501087189e-03 0.000000000000000000e+00 0.000000000000000000e+00 8.191000000000000000e+03 0.000000000000000000e+00 2.757400035858154297e+00
3.000000000000000000e+00 -9.406003169715404510e-03 -6.997705437242984772e-03 0.000000000000000000e+00 0.000000000000000000e+00 8.191000000000000000e+03 0.000000000000000000e+00 2.757400035858154297e+00
3.500000000000000000e+00 -8.531885221600532532e-03 -6.344459485262632370e-03 0.000000000000000000e+00 0.000000000000000000e+00 8.191000000000000000e+03 0.000000000000000000e+00 2.757499933242797852e+00
4.000000000000000000e+00 -7.745617069303989410e-03 -5.990967620164155960e-03 0.000000000000000000e+00 0.000000000000000000e+00 8.191000000000000000e+03 0.000000000000000000e+00 2.757499933242797852e+00
4.500000000000000000e+00 -7.071886677294969559e-03 -5.485786125063896179e-03 0.000000000000000000e+00 0.000000000000000000e+00 8.191000000000000000e+03 0.000000000000000000e+00 2.757599830627441406e+00
5.000000000000000000e+00 -6.499577779322862625e-03 -5.114198196679353714e-03 0.000000000000000000e+00 0.000000000000000000e+00 8.191000000000000000e+03 0.000000000000000000e+00 2.757599830627441406e+00
5.500000000000000000e+00 -6.003045476973056793e-03 -4.677451681345701218e-03 0.000000000000000000e+00 0.000000000000000000e+00 8.191000000000000000e+03 0.000000000000000000e+00 2.757400035858154297e+00
6.000000000000000000e+00 -5.556150805205106735e-03 -4.400654695928096771e-03 0.000000000000000000e+00 0.000000000000000000e+00 8.191000000000000000e+03 0.000000000000000000e+00 2.757400035858154297e+00
6.500000000000000000e+00 -5.146516952663660049e-03 -4.124443978071212769e-03 0.000000000000000000e+00 0.000000000000000000e+00 8.191000000000000000e+03 0.000000000000000000e+00 2.757599830627441406e+00
7.000000000000000000e+00 -4.776669666171073914e-03 -3.881374839693307877e-03 0.000000000000000000e+00 0.000000000000000000e+00 8.191000000000000000e+03 0.000000000000000000e+00 2.757599830627441406e+00
7.500000000000000000e+00 -4.450276959687471390e-03 -3.619844792410731316e-03 0.000000000000000000e+00 0.000000000000000000e+00 8.191000000000000000e+03 0.000000000000000000e+00 2.757200002670288086e+00
8.000000000000000000e+00 -4.160651937127113342e-03 -3.355594351887702942e-03 0.000000000000000000e+00 0.000000000000000000e+00 8.191000000000000000e+03 0.000000000000000000e+00 2.757200002670288086e+00
8.500000000000000000e+00 -3.894579596817493439e-03 -3.177748993039131165e-03 0.000000000000000000e+00 0.000000000000000000e+00 8.191000000000000000e+03 0.000000000000000000e+00 2.757499933242797852e+00
9.000000000000000000e+00 -3.646181197836995125e-03 -3.066399134695529938e-03 0.000000000000000000e+00 0.000000000000000000e+00 8.191000000000000000e+03 0.000000000000000000e+00 2.757499933242797852e+00
9.500000000000000000e+00 -3.420108463615179062e-03 -2.779733156785368919e-03 0.000000000000000000e+00 0.000000000000000000e+00 8.191000000000000000e+03 0.000000000000000000e+00 2.757099866867065430e+00
1.000000000000000000e+01 -3.215109230950474739e-03 -2.590273506939411163e-03 0.000000000000000000e+00 0.000000000000000000e+00 8.191000000000000000e+03 0.000000000000000000e+00 2.757099866867065430e+00
1.050000000000000000e+01 -3.018426941707730293e-03 -2.458298811689019203e-03 0.000000000000000000e+00 0.000000000000000000e+00 8.191000000000000000e+03 0.000000000000000000e+00 2.757499933242797852e+00
1.100000000000000000e+01 -2.824390539899468422e-03 -2.301333937793970108e-03 0.000000000000000000e+00 0.000000000000000000e+00 8.191000000000000000e+03 0.000000000000000000e+00 2.757499933242797852e+00
1.150000000000000000e+01 -2.640136983245611191e-03 -2.147262683138251305e-03 0.000000000000000000e+00 0.000000000000000000e+00 8.191000000000000000e+03 0.000000000000000000e+00 2.756999969482421875e+00
1.200000000000000000e+01 -2.473277039825916290e-03 -2.141764853149652481e-03 0.000000000000000000e+00 0.000000000000000000e+00 8.191000000000000000e+03 0.000000000000000000e+00 2.756999969482421875e+00
1.250000000000000000e+01 -2.327328082174062729e-03 -1.895753433927893639e-03 0.000000000000000000e+00 0.000000000000000000e+00 8.191000000000000000e+03 0.000000000000000000e+00 2.757499933242797852e+00
1.300000000000000000e+01 -2.199033973738551140e-03 -1.859854091890156269e-03 0.000000000000000000e+00 0.000000000000000000e+00 8.191000000000000000e+03 0.000000000000000000e+00 2.757499933242797852e+00
1.350000000000000000e+01 -2.077069133520126343e-03 -1.623761258088052273e-03 0.000000000000000000e+00 0.000000000000000000e+00 8.191000000000000000e+03 0.000000000000000000e+00 2.756999969482421875e+00
1.400000000000000000e+01 -1.950622536242008209e-03 -1.541453646495938301e-03 0.000000000000000000e+00 0.000000000000000000e+00 8.191000000000000000e+03 0.000000000000000000e+00 2.756999969482421875e+00
1.450000000000000000e+01 -1.816986477933824062e-03 -1.425295486114919186e-03 0.000000000000000000e+00 0.000000000000000000e+00 8.191000000000000000e+03 0.000000000000000000e+00 2.757499933242797852e+00
1.500000000000000000e+01 -1.683382317423820496e-03 -1.371193677186965942e-03 0.000000000000000000e+00 0.000000000000000000e+00 8.191000000000000000e+03 0.000000000000000000e+00 2.757499933242797852e+00
