5.000000000000000000e-01 7.077461481094360352e-02 7.077461481094360352e-02 0.000000000000000000e+00 0.000000000000000000e+00 8.191000000000000000e+03 0.000000000000000000e+00 2.757699966430664062e+00
1.000000000000000000e+00 7.083923369646072388e-02 7.415727525949478149e-02 0.000000000000000000e+00 0.000000000000000000e+00 8.191000000000000000e+03 0.000000000000000000e+00 2.756708621978759766e+00
1.500000000000000000e+00 7.123363763093948364e-02 7.723779231309890747e-02 0.000000000000000000e+00 0.000000000000000000e+00 8.191000000000000000e+03 0.000000000000000000e+00 2.756599903106689453e+00
2.000000000000000000e+00 7.234013825654983521e-02 8.012840151786804199e-02 0.000000000000000000e+00 0.000000000000000000e+00 8.191000000000000000e+03 0.000000000000000000e+00 2.756960391998291016e+00
2.500000000000000000e+00 7.429368048906326294e-02 8.263050764799118042e-02 0.000000000000000000e+00 0.000000000000000000e+00 8.191000000000000000e+03 0.000000000000000000e+00 2.756999969482421875e+00
3.000000000000000000e+00 7.683531194925308228e-02 8.493651449680328369e-02 0.000000000000000000e+00 0.000000000000000000e+00 8.191000000000000000e+03 0.000000000000000000e+00 2.757180213928222656e+00
3.500000000000000000e+00 7.955873757600784302e-02 8.697094023227691650e-02 0.000000000000000000e+00 0.000000000000000000e+00 8.191000000000000000e+03 0.000000000000000000e+00 2.757200002670288086e+00
4.000000000000000000e+00 8.216652274131774902e-02 8.868332952260971069e-02 0.000000000000000000e+00 0.000000000000000000e+00 8.191000000000000000e+03 0.000000000000000000e+00 2.757200002670288086e+00
4.500000000000000000e+00 8.452411741018295288e-02 9.034242480993270874e-02 0.000000000000000000e+00 0.000000000000000000e+00 8.191000000000000000e+03 0.000000000000000000e+00 2.757200002670288086e+00
5.000000000000000000e+00 8.660709112882614136e-02 9.170677512884140015e-02 0.000000000000000000e+00 0.000000000000000000e+00 8.191000000000000000e+03 0.000000000000000000e+00 2.757200002670288086e+00
5.500000000000000000e+00 8.843986690044403076e-02 9.290135651826858521e-02 0.000000000000000000e+00 0.000000000000000000e+00 8.191000000000000000e+03 0.000000000000000000e+00 2.757200002670288086e+00
6.000000000000000000e+00 9.005218744277954102e-02 9.395330399274826050e-02 0.000000000000000000e+00 0.000000000000000000e+00 8.191000000000000000e+03 0.000000000000000000e+00 2.757200002670288086e+00
6.500000000000000000e+00 9.146381914615631104e-02 9.478472173213958740e-02 0.000000000000000000e+00 0.000000000000000000e+00 8.191000000000000000e+03 0.000000000000000000e+00 2.757200002670288086e+00
7.000000000000000000e+00 9.269044548273086548e-02 9.563828259706497192e-02 0.000000000000000000e+00 0.000000000000000000e+00 8.191000000000000000e+03 0.000000000000000000e+00 2.757200002670288086e+00
7.500000000000000000e+00 9.375158697366714478e-02 9.624335914850234985e-02 0.000000000000000000e+00 0.000000000000000000e+00 8.191000000000000000e+03 0.000000000000000000e+00 2.757200002670288086e+00
8.000000000000000000e+00 9.466889500617980957e-02 9.681655466556549072e-02 0.000000000000000000e+00 0.000000000000000000e+00 8.191000000000000000e+03 0.000000000000000000e+00 2.757200002670288086e+00
8.500000000000000000e+00 9.545843303203582764e-02 9.725565463304519653e-02 0.000000000000000000e+00 0.000000000000000000e+00 8.191000000000000000e+03 0.000000000000000000e+00 2.757200002670288086e+00
9.000000000000000000e+00 9.613157063722610474e-02 9.767966717481613159e-02 0.000000000000000000e+00 0.000000000000000000e+00 8.191000000000000000e+03 0.000000000000000000e+00 2.757200002670288086e+00
9.500000000000000000e+00 9.670192003250122070e-02 9.800326079130172729e-02 0.000000000000000000e+00 0.000000000000000000e+00 8.191000000000000000e+03 0.000000000000000000e+00 2.757200002670288086e+00
1.000000000000000000e+01 9.718461334705352783e-02 9.825468808412551880e-02 0.000000000000000000e+00 0.000000000000000000e+00 8.191000000000000000e+03 0.000000000000000000e+00 2.757200002670288086e+00
1.050000000000000000e+01 9.759116172790527344e-02 9.849326312541961670e-02 0.000000000000000000e+00 0.000000000000000000e+00 8.191000000000000000e+03 0.000000000000000000e+00 2.757200002670288086e+00
1.100000000000000000e+01 9.792933613061904907e-02 9.863069653511047363e-02 0.000000000000000000e+00 0.000000000000000000e+00 8.191000000000000000e+03 0.000000000000000000e+00 2.757109880447387695e+00
1.150000000000000000e+01 9.820385277271270752e-02 9.866342693567276001e-02 0.000000000000000000e+00 0.000000000000000000e+00 8.191000000000000000e+03 0.000000000000000000e+00 2.757099866867065430e+00
1.200000000000000000e+01 9.841708838939666748e-02 9.887894988059997559e-02 0.000000000000000000e+00 0.000000000000000000e+00 8.191000000000000000e+03 0.000000000000000000e+00 2.757099866867065430e+00
1.250000000000000000e+01 9.857753664255142212e-02 9.883996099233627319e-02 0.000000000000000000e+00 0.000000000000000000e+00 8.191000000000000000e+03 0.000000000000000000e+00 2.757099866867065430e+00
1.300000000000000000e+01 9.869687259197235107e-02 9.880113601684570312e-02 0.000000000000000000e+00 0.000000000000000000e+00 8.191000000000000000e+03 0.000000000000000000e+00 2.757099866867065430e+00
1.350000000000000000e+01 9.877602756023406982e-02 9.881561249494552612e-02 0.000000000000000000e+00 0.000000000000000000e+00 8.191000000000000000e+03 0.000000000000000000e+00 2.757099866867065430e+00
1.400000000000000000e+01 9.881199896335601807e-02 9.871149808168411255e-02 0.000000000000000000e+00 0.000000000000000000e+00 8.191000000000000000e+03 0.000000000000000000e+00 2.757099866867065430e+00
1.450000000000000000e+01 9.881033748388290405e-02 9.868868440389633179e-02 0.000000000000000000e+00 0.000000000000000000e+00 8.191000000000000000e+03 0.000000000000000000e+00 2.757099866867065430e+00
1.500000000000000000e+01 9.878053516149520874e-02 9.856213629245758057e-02 0.000000000000000000e+00 0.000000000000000000e+00 8.191000000000000000e+03 0.000000000000000000e+00 2.757099866867065430e+00
