5.000000000000000000e-01 2.514115767553448677e-04 2.514115767553448677e-04 0.000000000000000000e+00 0.000000000000000000e+00 8.191000000000000000e+03 0.000000000000000000e+00 2.755199909210205078e+00
1.000000000000000000e+00 2.489725593477487564e-04 1.237382239196449518e-04 0.000000000000000000e+00 0.000000000000000000e+00 8.191000000000000000e+03 0.000000000000000000e+00 2.755199909210205078e+00
1.500000000000000000e+00 2.361658844165503979e-04 1.163315318990498781e-04 0.000000000000000000e+00 0.000000000000000000e+00 8.191000000000000000e+03 0.000000000000000000e+00 2.755199909210205078e+00
2.000000000000000000e+00 2.071975904982537031e-04 1.116932544391602278e-04 0.000000000000000000e+00 0.000000000000000000e+00 8.191000000000000000e+03 0.000000000000000000e+00 2.755199909210205078e+00
2.500000000000000000e+00 1.696112303761765361e-04 1.107364660128951073e-04 0.000000000000000000e+00 0.000000000000000000e+00 8.191000000000000000e+03 0.000000000000000000e+00 2.755199909210205078e+00
3.000000000000000000e+00 1.379018067382276058e-04 1.111276214942336082e-04 0.000000000000000000e+00 0.000000000000000000e+00 8.191000000000000000e+03 0.000000000000000000e+00 2.755499839782714844e+00
3.500000000000000000e+00 1.192077324958518147e-04 1.104823604691773653e-04 0.000000000000000000e+00 0.000000000000000000e+00 8.191000000000000000e+03 0.000000000000000000e+00 2.755499839782714844e+00
4.000000000000000000e+00 1.114343322115018964e-04 1.101272646337747574e-04 0.000000000000000000e+00 0.000000000000000000e+00 8.191000000000000000e+03 0.000000000000000000e+00 2.755599975585937500e+00
4.500000000000000000e+00 1.095011757570318878e-04 1.104855327866971493e-04 0.000000000000000000e+00 0.000000000000000000e+00 8.191000000000000000e+03 0.000000000000000000e+00 2.755599975585937500e+00
5.000000000000000000e+00 1.096112173399887979e-04 1.108781725633889437e-04 0.000000000000000000e+00 0.000000000000000000e+00 8.191000000000000000e+03 0.000000000000000000e+00 2.755499839782714844e+00
5.500000000000000000e+00 1.100640874938108027e-04 1.105002302210777998e-04 0.000000000000000000e+00 0.000000000000000000e+00 8.191000000000000000e+03 0.000000000000000000e+00 2.755499839782714844e+00
6.000000000000000000e+00 1.104144466808065772e-04 1.113617036025971174e-04 0.000000000000000000e+00 0.000000000000000000e+00 8.191000000000000000e+03 0.000000000000000000e+00 2.755499839782714844e+00
6.500000000000000000e+00 1.106615891330875456e-04 1.115443301387131214e-04 0.000000000000000000e+00 0.000000000000000000e+00 8.191000000000000000e+03 0.000000000000000000e+00 2.755499839782714844e+00
7.000000000000000000e+00 1.108990327338688076e-04 1.116681960411369801e-04 0.000000000000000000e+00 0.000000000000000000e+00 8.191000000000000000e+03 0.000000000000000000e+00 2.755499839782714844e+00
7.500000000000000000e+00 1.111668025259859860e-04 1.119267544709146023e-04 0.000000000000000000e+00 0.000000000000000000e+00 8.191000000000000000e+03 0.000000000000000000e+00 2.755499839782714844e+00
8.000000000000000000e+00 1.114278566092252731e-04 1.117399660870432854e-04 0.000000000000000000e+00 0.000000000000000000e+00 8.191000000000000000e+03 0.000000000000000000e+00 2.755499839782714844e+00
8.500000000000000000e+00 1.116396961151622236e-04 1.122922112699598074e-04 0.000000000000000000e+00 0.000000000000000000e+00 8.191000000000000000e+03 0.000000000000000000e+00 2.755499839782714844e+00
9.000000000000000000e+00 1.117883512051776052e-04 1.113220932893455029e-04 0.000000000000000000e+00 0.000000000000000000e+00 8.191000000000000000e+03 0.000000000000000000e+00 2.755499839782714844e+00
9.500000000000000000e+00 1.118548752856440842e-04 1.117115607485175133e-04 0.000000000000000000e+00 0.000000000000000000e+00 8.191000000000000000e+03 0.000000000000000000e+00 2.755499839782714844e+00
1.000000000000000000e+01 1.118253494496457279e-04 1.116741623263806105e-04 0.000000000000000000e+00 0.000000000000000000e+00 8.191000000000000000e+03 0.000000000000000000e+00 2.755499839782714844e+00
1.050000000000000000e+01 1.117455103667452931e-04 1.116182829719036818e-04 0.000000000000000000e+00 0.000000000000000000e+00 8.191000000000000000e+03 0.000000000000000000e+00 2.755499839782714844e+00
1.100000000000000000e+01 1.116825878852978349e-04 1.117127540055662394e-04 0.000000000000000000e+00 0.000000000000000000e+00 8.191000000000000000e+03 0.000000000000000000e+00 2.755499839782714844e+00
1.150000000000000000e+01 1.116589919547550380e-04 1.117419451475143433e-04 0.000000000000000000e+00 0.000000000000000000e+00 8.191000000000000000e+03 0.000000000000000000e+00 2.755499839782714844e+00
1.200000000000000000e+01 1.116663552238605917e-04 1.117339415941387415e-04 0.000000000000000000e+00 0.000000000000000000e+00 8.191000000000000000e+03 0.000000000000000000e+00 2.755499839782714844e+00
1.250000000000000000e+01 1.116829080274328589e-04 1.113601610995829105e-04 0.000000000000000000e+00 0.000000000000000000e+00 8.191000000000000000e+03 0.000000000000000000e+00 2.755499839782714844e+00
1.300000000000000000e+01 1.116716739488765597e-04 1.114688639063388109e-04 0.000000000000000000e+00 0.000000000000000000e+00 8.191000000000000000e+03 0.000000000000000000e+00 2.755499839782714844e+00
1.350000000000000000e+01 1.116142229875549674e-04 1.114453189074993134e-04 0.000000000000000000e+00 0.000000000000000000e+00 8.191000000000000000e+03 0.000000000000000000e+00 2.755499839782714844e+00
1.400000000000000000e+01 1.115441555157303810e-04 1.117784995585680008e-04 0.000000000000000000e+00 0.000000000000000000e+00 8.191000000000000000e+03 0.000000000000000000e+00 2.755499839782714844e+00
1.450000000000000000e+01 1.115113409468904138e-04 1.113396428991109133e-04 0.000000000000000000e+00 0.000000000000000000e+00 8.191000000000000000e+03 0.000000000000000000e+00 2.755499839782714844e+00
1.500000000000000000e+01 1.115082777687348425e-04 1.110928715206682682e-04 0.000000000000000000e+00 0.000000000000000000e+00 8.191000000000000000e+03 0.000000000000000000e+00 2.755499839782714844e+00
