5.000000000000000000e-01 1.028664335608482361e-01 1.028664335608482361e-01 0.000000000000000000e+00 0.000000000000000000e+00 8.191000000000000000e+03 0.000000000000000000e+00 2.755399942398071289e+00
1.000000000000000000e+00 1.028746291995048523e-01 1.032951474189758301e-01 0.000000000000000000e+00 0.000000000000000000e+00 8.191000000000000000e+03 0.000000000000000000e+00 2.755399942398071289e+00
1.500000000000000000e+00 1.029285937547683716e-01 1.038937047123908997e-01 0.000000000000000000e+00 0.000000000000000000e+00 8.191000000000000000e+03 0.000000000000000000e+00 2.755199909210205078e+00
2.000000000000000000e+00 1.030871868133544922e-01 1.041402369737625122e-01 0.000000000000000000e+00 0.000000000000000000e+00 8.191000000000000000e+03 0.000000000000000000e+00 2.755199909210205078e+00
2.500000000000000000e+00 1.033684238791465759e-01 1.044385060667991638e-01 0.000000000000000000e+00 0.000000000000000000e+00 8.191000000000000000e+03 0.000000000000000000e+00 2.755399942398071289e+00
3.000000000000000000e+00 1.037163138389587402e-01 1.045329272747039795e-01 0.000000000000000000e+00 0.000000000000000000e+00 8.191000000000000000e+03 0.000000000000000000e+00 2.755399942398071289e+00
3.500000000000000000e+00 1.040521711111068726e-01 1.048559099435806274e-01 0.000000000000000000e+00 0.000000000000000000e+00 8.191000000000000000e+03 0.000000000000000000e+00 2.755399942398071289e+00
4.000000000000000000e+00 1.043321639299392700e-01 1.047212854027748108e-01 0.000000000000000000e+00 0.000000000000000000e+00 8.191000000000000000e+03 0.000000000000000000e+00 2.755399942398071289e+00
4.500000000000000000e+00 1.045389324426651001e-01 1.045751869678497314e-01 0.000000000000000000e+00 0.000000000000000000e+00 8.191000000000000000e+03 0.000000000000000000e+00 2.755399942398071289e+00
5.000000000000000000e+00 1.046507880091667175e-01 1.043889224529266357e-01 0.000000000000000000e+00 0.000000000000000000e+00 8.191000000000000000e+03 0.000000000000000000e+00 2.755399942398071289e+00
5.500000000000000000e+00 1.046558544039726257e-01 1.043709963560104370e-01 0.000000000000000000e+00 0.000000000000000000e+00 8.191000000000000000e+03 0.000000000000000000e+00 2.755399942398071289e+00
6.000000000000000000e+00 1.045789420604705811e-01 1.041665971279144287e-01 0.000000000000000000e+00 0.000000000000000000e+00 8.191000000000000000e+03 0.000000000000000000e+00 2.755399942398071289e+00
6.500000000000000000e+00 1.044630482792854309e-01 1.040903478860855103e-01 0.000000000000000000e+00 0.000000000000000000e+00 8.191000000000000000e+03 0.000000000000000000e+00 2.755399942398071289e+00
7.000000000000000000e+00 1.043371111154556274e-01 1.039735302329063416e-01 0.000000000000000000e+00 0.000000000000000000e+00 8.191000000000000000e+03 0.000000000000000000e+00 2.755399942398071289e+00
7.500000000000000000e+00 1.042109429836273193e-01 1.037457287311553955e-01 0.000000000000000000e+00 0.000000000000000000e+00 8.191000000000000000e+03 0.000000000000000000e+00 2.755399942398071289e+00
8.000000000000000000e+00 1.040793806314468384e-01 1.035365387797355652e-01 0.000000000000000000e+00 0.000000000000000000e+00 8.191000000000000000e+03 0.000000000000000000e+00 2.755399942398071289e+00
8.500000000000000000e+00 1.039281561970710754e-01 1.032992973923683167e-01 0.000000000000000000e+00 0.000000000000000000e+00 8.191000000000000000e+03 0.000000000000000000e+00 2.755399942398071289e+00
9.000000000000000000e+00 1.037500575184822083e-01 1.031745523214340210e-01 0.000000000000000000e+00 0.000000000000000000e+00 8.191000000000000000e+03 0.000000000000000000e+00 2.755399942398071289e+00
9.500000000000000000e+00 1.035558730363845825e-01 1.030173376202583313e-01 0.000000000000000000e+00 0.000000000000000000e+00 8.191000000000000000e+03 0.000000000000000000e+00 2.755399942398071289e+00
1.000000000000000000e+01 1.033651009202003479e-01 1.028478071093559265e-01 0.000000000000000000e+00 0.000000000000000000e+00 8.191000000000000000e+03 0.000000000000000000e+00 2.755399942398071289e+00
1.050000000000000000e+01 1.031865254044532776e-01 1.026029959321022034e-01 0.000000000000000000e+00 0.000000000000000000e+00 8.191000000000000000e+03 0.000000000000000000e+00 2.755399942398071289e+00
1.100000000000000000e+01 1.030101180076599121e-01 1.023374050855636597e-01 0.000000000000000000e+00 0.000000000000000000e+00 8.191000000000000000e+03 0.000000000000000000e+00 2.755399942398071289e+00
1.150000000000000000e+01 1.028185412287712097e-01 1.021263226866722107e-01 0.000000000000000000e+00 0.000000000000000000e+00 8.191000000000000000e+03 0.000000000000000000e+00 2.755399942398071289e+00
1.200000000000000000e+01 1.026063561439514160e-01 1.019676998257637024e-01 0.000000000000000000e+00 0.000000000000000000e+00 8.191000000000000000e+03 0.000000000000000000e+00 2.755399942398071289e+00
1.250000000000000000e+01 1.023884043097496033e-01 1.018911153078079224e-01 0.000000000000000000e+00 0.000000000000000000e+00 8.191000000000000000e+03 0.000000000000000000e+00 2.755399942398071289e+00
1.300000000000000000e+01 1.021846607327461243e-01 1.015155762434005737e-01 0.000000000000000000e+00 0.000000000000000000e+00 8.191000000000000000e+03 0.000000000000000000e+00 2.755399942398071289e+00
1.350000000000000000e+01 1.019959449768066406e-01 1.014560163021087646e-01 0.000000000000000000e+00 0.000000000000000000e+00 8.191000000000000000e+03 0.000000000000000000e+00 2.755399942398071289e+00
1.400000000000000000e+01 1.018056869506835938e-01 1.010419502854347229e-01 0.000000000000000000e+00 0.000000000000000000e+00 8.191000000000000000e+03 0.000000000000000000e+00 2.755399942398071289e+00
1.450000000000000000e+01 1.016020476818084717e-01 1.010367572307586670e-01 0.000000000000000000e+00 0.000000000000000000e+00 8.191000000000000000e+03 0.000000000000000000e+00 2.755399942398071289e+00
1.500000000000000000e+01 1.013877391815185547e-01 1.006582528352737427e-01 0.000000000000000000e+00 0.000000000000000000e+00 8.191000000000000000e+03 0.000000000000000000e+00 2.755399942398071289e+00
