5.000000000000000000e-01 6.792690139263868332e-03 6.792690139263868332e-03 0.000000000000000000e+00 0.000000000000000000e+00 8.191000000000000000e+03 0.000000000000000000e+00 2.757299900054931641e+00
1.000000000000000000e+00 6.815743632614612579e-03 7.999433204531669617e-03 0.000000000000000000e+00 0.000000000000000000e+00 8.191000000000000000e+03 0.000000000000000000e+00 2.756500005722045898e+00
1.500000000000000000e+00 6.956549361348152161e-03 9.103768505156040192e-03 0.000000000000000000e+00 0.000000000000000000e+00 8.191000000000000000e+03 0.000000000000000000e+00 2.756500005722045898e+00
2.000000000000000000e+00 7.342475466430187225e-03 9.645817801356315613e-03 0.000000000000000000e+00 0.000000000000000000e+00 8.191000000000000000e+03 0.000000000000000000e+00 2.756999969482421875e+00
2.500000000000000000e+00 7.984309457242488861e-03 1.013329811394214630e-02 0.000000000000000000e+00 0.000000000000000000e+00 8.191000000000000000e+03 0.000000000000000000e+00 2.756999969482421875e+00
3.000000000000000000e+00 8.736765012145042419e-03 1.055141817778348923e-02 0.000000000000000000e+00 0.000000000000000000e+00 8.191000000000000000e+03 0.000000000000000000e+00 2.757400035858154297e+00
3.500000000000000000e+00 9.438306093215942383e-03 1.096995919942855835e-02 0.000000000000000000e+00 0.000000000000000000e+00 8.191000000000000000e+03 0.000000000000000000e+00 2.757400035858154297e+00
4.000000000000000000e+00 1.002195663750171661e-02 1.128030102699995041e-02 0.000000000000000000e+00 0.000000000000000000e+00 8.191000000000000000e+03 0.000000000000000000e+00 2.757299900054931641e+00
4.500000000000000000e+00 1.050010882318019867e-02 1.171542145311832428e-02 0.000000000000000000e+00 0.000000000000000000e+00 8.191000000000000000e+03 0.000000000000000000e+00 2.757299900054931641e+00
5.000000000000000000e+00 1.091727055609226227e-02 1.232906710356473923e-02 0.000000000000000000e+00 0.000000000000000000e+00 8.191000000000000000e+03 0.000000000000000000e+00 2.757299900054931641e+00
5.500000000000000000e+00 1.133245415985584259e-02 1.304364018142223358e-02 0.000000000000000000e+00 0.000000000000000000e+00 8.191000000000000000e+03 0.000000000000000000e+00 2.757299900054931641e+00
6.000000000000000000e+00 1.180495321750640869e-02 1.377314515411853790e-02 0.000000000000000000e+00 0.000000000000000000e+00 8.191000000000000000e+03 0.000000000000000000e+00 2.757299900054931641e+00
6.500000000000000000e+00 1.236988790333271027e-02 1.463635452091693878e-02 0.000000000000000000e+00 0.000000000000000000e+00 8.191000000000000000e+03 0.000000000000000000e+00 2.757299900054931641e+00
7.000000000000000000e+00 1.303029339760541916e-02 1.542898826301097870e-02 0.000000000000000000e+00 0.000000000000000000e+00 8.191000000000000000e+03 0.000000000000000000e+00 2.757299900054931641e+00
7.500000000000000000e+00 1.376963499933481216e-02 1.634093746542930603e-02 0.000000000000000000e+00 0.000000000000000000e+00 8.191000000000000000e+03 0.000000000000000000e+00 2.757299900054931641e+00
8.000000000000000000e+00 1.456339471042156219e-02 1.704422757029533386e-02 0.000000000000000000e+00 0.000000000000000000e+00 8.191000000000000000e+03 0.000000000000000000e+00 2.757299900054931641e+00
8.500000000000000000e+00 1.538410596549510956e-02 1.794901676476001740e-02 0.000000000000000000e+00 0.000000000000000000e+00 6.143000000000000000e+03 0.000000000000000000e+00 2.757299900054931641e+00
9.000000000000000000e+00 1.620914973318576813e-02 1.867628283798694611e-02 0.000000000000000000e+00 0.000000000000000000e+00 8.191000000000000000e+03 0.000000000000000000e+00 2.757299900054931641e+00
9.500000000000000000e+00 1.702515780925750732e-02 1.938430219888687134e-02 0.000000000000000000e+00 0.000000000000000000e+00 6.143000000000000000e+03 0.000000000000000000e+00 2.757299900054931641e+00
1.000000000000000000e+01 1.782013848423957825e-02 2.006120048463344574e-02 0.000000000000000000e+00 0.000000000000000000e+00 8.191000000000000000e+03 0.000000000000000000e+00 2.757099866867065430e+00
1.050000000000000000e+01 1.858158037066459656e-02 2.072566375136375427e-02 0.000000000000000000e+00 0.000000000000000000e+00 6.143000000000000000e+03 0.000000000000000000e+00 2.757099866867065430e+00
1.100000000000000000e+01 1.930358447134494781e-02 2.127979882061481476e-02 0.000000000000000000e+00 0.000000000000000000e+00 8.191000000000000000e+03 0.000000000000000000e+00 2.757099866867065430e+00
1.150000000000000000e+01 1.998494565486907959e-02 2.186543494462966919e-02 0.000000000000000000e+00 0.000000000000000000e+00 6.143000000000000000e+03 0.000000000000000000e+00 2.757099866867065430e+00
1.200000000000000000e+01 2.062453329563140869e-02 2.235640026628971100e-02 0.000000000000000000e+00 0.000000000000000000e+00 8.191000000000000000e+03 0.000000000000000000e+00 2.757099866867065430e+00
1.250000000000000000e+01 2.122178673744201660e-02 2.281961590051651001e-02 0.000000000000000000e+00 0.000000000000000000e+00 6.143000000000000000e+03 0.000000000000000000e+00 2.757099866867065430e+00
1.300000000000000000e+01 2.177741006016731262e-02 2.331244759261608124e-02 0.000000000000000000e+00 0.000000000000000000e+00 8.191000000000000000e+03 0.000000000000000000e+00 2.757099866867065430e+00
1.350000000000000000e+01 2.229633927345275879e-02 2.377125062048435211e-02 0.000000000000000000e+00 0.000000000000000000e+00 6.143000000000000000e+03 0.000000000000000000e+00 2.757099866867065430e+00
1.400000000000000000e+01 2.278824336826801300e-02 2.419070713222026825e-02 0.000000000000000000e+00 0.000000000000000000e+00 8.191000000000000000e+03 0.000000000000000000e+00 2.757099866867065430e+00
1.450000000000000000e+01 2.325871959328651428e-02 2.452890761196613312e-02 0.000000000000000000e+00 0.000000000000000000e+00 8.191000000000000000e+03 0.000000000000000000e+00 2.757099866867065430e+00
1.500000000000000000e+01 2.370414324104785919e-02 2.492884546518325806e-02 0.000000000000000000e+00 0.000000000000000000e+00 8.191000000000000000e+03 0.000000000000000000e+00 2.757099866867065430e+00
