5.000000000000000000e-01 3.064520715270191431e-04 3.064520715270191431e-04 0.000000000000000000e+00 0.000000000000000000e+00 8.191000000000000000e+03 0.000000000000000000e+00 2.754404544830322266e+00
1.000000000000000000e+00 3.030182851944118738e-04 1.267071056645363569e-04 0.000000000000000000e+00 0.000000000000000000e+00 8.191000000000000000e+03 0.000000000000000000e+00 2.754299879074096680e+00
1.500000000000000000e+00 2.849356969818472862e-04 1.135212660301476717e-04 0.000000000000000000e+00 0.000000000000000000e+00 8.191000000000000000e+03 0.000000000000000000e+00 2.754625558853149414e+00
2.000000000000000000e+00 2.439008676446974277e-04 1.081337686628103256e-04 0.000000000000000000e+00 0.000000000000000000e+00 8.191000000000000000e+03 0.000000000000000000e+00 2.754799842834472656e+00
2.500000000000000000e+00 1.905094250105321407e-04 1.077938650269061327e-04 0.000000000000000000e+00 0.000000000000000000e+00 8.191000000000000000e+03 0.000000000000000000e+00 2.754930257797241211e+00
3.000000000000000000e+00 1.454275770811364055e-04 1.070307916961610317e-04 0.000000000000000000e+00 0.000000000000000000e+00 8.191000000000000000e+03 0.000000000000000000e+00 2.754999876022338867e+00
3.500000000000000000e+00 1.189179092762060463e-04 1.069733407348394394e-04 0.000000000000000000e+00 0.000000000000000000e+00 8.191000000000000000e+03 0.000000000000000000e+00 2.755130290985107422e+00
4.000000000000000000e+00 1.079768844647333026e-04 1.069438003469258547e-04 0.000000000000000000e+00 0.000000000000000000e+00 8.191000000000000000e+03 0.000000000000000000e+00 2.755199909210205078e+00
4.500000000000000000e+00 1.053450978361070156e-04 1.062339579220861197e-04 0.000000000000000000e+00 0.000000000000000000e+00 8.191000000000000000e+03 0.000000000000000000e+00 2.755199909210205078e+00
5.000000000000000000e+00 1.055781976901926100e-04 1.065781980287283659e-04 0.000000000000000000e+00 0.000000000000000000e+00 8.191000000000000000e+03 0.000000000000000000e+00 2.755199909210205078e+00
5.500000000000000000e+00 1.061601797118782997e-04 1.064710086211562157e-04 0.000000000000000000e+00 0.000000000000000000e+00 8.191000000000000000e+03 0.000000000000000000e+00 2.755199909210205078e+00
6.000000000000000000e+00 1.064526077243499458e-04 1.064220850821584463e-04 0.000000000000000000e+00 0.000000000000000000e+00 8.191000000000000000e+03 0.000000000000000000e+00 2.755199909210205078e+00
6.500000000000000000e+00 1.065250253304839134e-04 1.068142300937324762e-04 0.000000000000000000e+00 0.000000000000000000e+00 8.191000000000000000e+03 0.000000000000000000e+00 2.755199909210205078e+00
7.000000000000000000e+00 1.065349497366696596e-04 1.064843672793358564e-04 0.000000000000000000e+00 0.000000000000000000e+00 8.191000000000000000e+03 0.000000000000000000e+00 2.755199909210205078e+00
7.500000000000000000e+00 1.065462784026749432e-04 1.061598013620823622e-04 0.000000000000000000e+00 0.000000000000000000e+00 8.191000000000000000e+03 0.000000000000000000e+00 2.755199909210205078e+00
8.000000000000000000e+00 1.065258984453976154e-04 1.061504881363362074e-04 0.000000000000000000e+00 0.000000000000000000e+00 8.191000000000000000e+03 0.000000000000000000e+00 2.755199909210205078e+00
8.500000000000000000e+00 1.064351454260759056e-04 1.059638161677867174e-04 0.000000000000000000e+00 0.000000000000000000e+00 8.191000000000000000e+03 0.000000000000000000e+00 2.755199909210205078e+00
9.000000000000000000e+00 1.062992669176310301e-04 1.061559596564620733e-04 0.000000000000000000e+00 0.000000000000000000e+00 8.191000000000000000e+03 0.000000000000000000e+00 2.755199909210205078e+00
9.500000000000000000e+00 1.061837392626330256e-04 1.064010430127382278e-04 0.000000000000000000e+00 0.000000000000000000e+00 8.191000000000000000e+03 0.000000000000000000e+00 2.755199909210205078e+00
1.000000000000000000e+01 1.061512884916737676e-04 1.067075645551085472e-04 0.000000000000000000e+00 0.000000000000000000e+00 8.191000000000000000e+03 0.000000000000000000e+00 2.755199909210205078e+00
1.050000000000000000e+01 1.062356750480830669e-04 1.070770085789263248e-04 0.000000000000000000e+00 0.000000000000000000e+00 8.191000000000000000e+03 0.000000000000000000e+00 2.755199909210205078e+00
1.100000000000000000e+01 1.064242678694427013e-04 1.069977297447621822e-04 0.000000000000000000e+00 0.000000000000000000e+00 8.191000000000000000e+03 0.000000000000000000e+00 2.755199909210205078e+00
1.150000000000000000e+01 1.066610639099963009e-04 1.073050952982157469e-04 0.000000000000000000e+00 0.000000000000000000e+00 8.191000000000000000e+03 0.000000000000000000e+00 2.755199909210205078e+00
1.200000000000000000e+01 1.068767378455959260e-04 1.069052668754011393e-04 0.000000000000000000e+00 0.000000000000000000e+00 8.191000000000000000e+03 0.000000000000000000e+00 2.755199909210205078e+00
1.250000000000000000e+01 1.070168000296689570e-04 1.069232530426234007e-04 0.000000000000000000e+00 0.000000000000000000e+00 8.191000000000000000e+03 0.000000000000000000e+00 2.755199909210205078e+00
1.300000000000000000e+01 1.070627695298753679e-04 1.071598089765757322e-04 0.000000000000000000e+00 0.000000000000000000e+00 8.191000000000000000e+03 0.000000000000000000e+00 2.755199909210205078e+00
1.350000000000000000e+01 1.070607686415314674e-04 1.074858300853520632e-04 0.000000000000000000e+00 0.000000000000000000e+00 8.191000000000000000e+03 0.000000000000000000e+00 2.755199909210205078e+00
1.400000000000000000e+01 1.070832004188559949e-04 1.069095742423087358e-04 0.000000000000000000e+00 0.000000000000000000e+00 8.191000000000000000e+03 0.000000000000000000e+00 2.755199909210205078e+00
1.450000000000000000e+01 1.071301958290860057e-04 1.070199359674006701e-04 0.000000000000000000e+00 0.000000000000000000e+00 8.191000000000000000e+03 0.000000000000000000e+00 2.755199909210205078e+00
1.500000000000000000e+01 1.071386068360880017e-04 1.068419660441577435e-04 0.000000000000000000e+00 0.000000000000000000e+00 8.191000000000000000e+03 0.000000000000000000e+00 2.755199909210205078e+00
