2.000000029802322388e-01 3.073527186643332243e-04 0.000000000000000000e+00 -5.127358235768042505e-07 3.129243850708007812e-07 0.000000000000000000e+00 7.000000000000000000e+00 8.191000000000000000e+03 0.000000000000000000e+00 0.000000000000000000e+00 2.755300045013427734e+00
4.000000059604644775e-01 1.013418752700090408e-02 0.000000000000000000e+00 -2.886618233333138051e-07 9.997349232435226440e-03 0.000000000000000000e+00 6.000000000000000000e+00 8.191000000000000000e+03 0.000000000000000000e+00 0.000000000000000000e+00 2.755300045013427734e+00
6.000000238418579102e-01 2.023259550333023071e-02 0.000000000000000000e+00 -1.716136353024921846e-07 1.999438367784023285e-02 0.000000000000000000e+00 6.000000000000000000e+00 8.191000000000000000e+03 0.000000000000000000e+00 0.000000000000000000e+00 2.755399942398071289e+00
8.000000119209289551e-01 2.894411236047744751e-02 0.000000000000000000e+00 -9.699757441694600857e-08 3.000391460955142975e-02 0.000000000000000000e+00 6.000000000000000000e+00 6.143000000000000000e+03 0.000000000000000000e+00 0.000000000000000000e+00 2.755399942398071289e+00
1.000000000000000000e+00 4.015929996967315674e-02 0.000000000000000000e+00 -4.459676361534548050e-08 4.000094905495643616e-02 0.000000000000000000e+00 6.000000000000000000e+00 8.191000000000000000e+03 0.000000000000000000e+00 0.000000000000000000e+00 2.755399942398071289e+00
1.200000047683715820e+00 5.011558532714843750e-02 0.000000000000000000e+00 -3.037615714518437926e-09 4.999798536300659180e-02 0.000000000000000000e+00 5.000000000000000000e+00 8.191000000000000000e+03 0.000000000000000000e+00 0.000000000000000000e+00 2.755399942398071289e+00
1.399999976158142090e+00 6.020588427782058716e-02 0.000000000000000000e+00 1.093948842623149176e-08 5.999501794576644897e-02 0.000000000000000000e+00 4.000000000000000000e+00 6.908000000000000000e+03 0.000000000000000000e+00 0.000000000000000000e+00 2.755399942398071289e+00
1.600000023841857910e+00 7.012496888637542725e-02 0.000000000000000000e+00 1.093948842623149176e-08 7.000455260276794434e-02 0.000000000000000000e+00 4.000000000000000000e+00 6.908000000000000000e+03 0.000000000000000000e+00 0.000000000000000000e+00 2.754699945449829102e+00
1.800000071525573730e+00 8.012932538986206055e-02 0.000000000000000000e+00 1.093948842623149176e-08 8.000158518552780151e-02 0.000000000000000000e+00 4.000000000000000000e+00 7.164000000000000000e+03 0.000000000000000000e+00 0.000000000000000000e+00 2.754699945449829102e+00
2.000000000000000000e+00 9.022717177867889404e-02 0.000000000000000000e+00 9.708729464819043642e-08 8.999861776828765869e-02 0.000000000000000000e+00 5.000000000000000000e+00 8.188000000000000000e+03 0.000000000000000000e+00 0.000000000000000000e+00 2.754699945449829102e+00
2.200000047683715820e+00 1.001615375280380249e-01 0.000000000000000000e+00 1.130178475250431802e-07 9.999565780162811279e-02 0.000000000000000000e+00 6.000000000000000000e+00 8.191000000000000000e+03 0.000000000000000000e+00 0.000000000000000000e+00 2.754699945449829102e+00
2.400000095367431641e+00 1.102245151996612549e-01 0.000000000000000000e+00 1.306409131984764826e-07 1.100051850080490112e-01 0.000000000000000000e+00 6.000000000000000000e+00 8.191000000000000000e+03 0.000000000000000000e+00 0.000000000000000000e+00 2.754699945449829102e+00
2.600000143051147461e+00 1.201477572321891785e-01 0.000000000000000000e+00 1.465400316646991996e-07 1.200022250413894653e-01 0.000000000000000000e+00 6.000000000000000000e+00 8.191000000000000000e+03 0.000000000000000000e+00 0.000000000000000000e+00 2.754499912261962891e+00
2.799999952316284180e+00 1.300597488880157471e-01 0.000000000000000000e+00 1.614610027900198475e-07 1.299992501735687256e-01 0.000000000000000000e+00 6.000000000000000000e+00 8.191000000000000000e+03 0.000000000000000000e+00 0.000000000000000000e+00 2.754499912261962891e+00
3.000000000000000000e+00 1.401496529579162598e-01 0.000000000000000000e+00 1.777235496547291405e-07 1.399962902069091797e-01 0.000000000000000000e+00 6.000000000000000000e+00 8.191000000000000000e+03 0.000000000000000000e+00 0.000000000000000000e+00 2.754499912261962891e+00
3.200000047683715820e+00 1.501465290784835815e-01 0.000000000000000000e+00 1.931792183995639789e-07 1.500058174133300781e-01 0.000000000000000000e+00 6.000000000000000000e+00 8.191000000000000000e+03 0.000000000000000000e+00 0.000000000000000000e+00 2.754499912261962891e+00
3.400000095367431641e+00 1.601029336452484131e-01 0.000000000000000000e+00 2.100996425724588335e-07 1.600028574466705322e-01 0.000000000000000000e+00 6.000000000000000000e+00 8.191000000000000000e+03 0.000000000000000000e+00 0.000000000000000000e+00 2.754499912261962891e+00
3.600000143051147461e+00 1.700548082590103149e-01 0.000000000000000000e+00 2.286530786932416959e-07 1.699998974800109863e-01 0.000000000000000000e+00 6.000000000000000000e+00 8.191000000000000000e+03 0.000000000000000000e+00 0.000000000000000000e+00 2.754199981689453125e+00
3.799999952316284180e+00 1.801010221242904663e-01 0.000000000000000000e+00 2.457502432662295178e-07 1.799969226121902466e-01 0.000000000000000000e+00 6.000000000000000000e+00 8.191000000000000000e+03 0.000000000000000000e+00 0.000000000000000000e+00 2.754199981689453125e+00
4.000000000000000000e+00 1.900400370359420776e-01 0.000000000000000000e+00 2.653400485996826319e-07 1.899939626455307007e-01 0.000000000000000000e+00 6.000000000000000000e+00 8.191000000000000000e+03 0.000000000000000000e+00 0.000000000000000000e+00 2.754199981689453125e+00
4.200000286102294922e+00 2.000067979097366333e-01 0.000000000000000000e+00 2.871339574994635768e-07 2.000034898519515991e-01 0.000000000000000000e+00 6.000000000000000000e+00 8.191000000000000000e+03 0.000000000000000000e+00 0.000000000000000000e+00 2.754199981689453125e+00
4.400000095367431641e+00 2.101146727800369263e-01 0.000000000000000000e+00 3.081134991589351557e-07 2.100005298852920532e-01 0.000000000000000000e+00 6.000000000000000000e+00 8.191000000000000000e+03 0.000000000000000000e+00 0.000000000000000000e+00 2.754199981689453125e+00
4.599999904632568359e+00 2.201321870088577271e-01 0.000000000000000000e+00 3.325750981275632512e-07 2.199975699186325073e-01 0.000000000000000000e+00 6.000000000000000000e+00 8.191000000000000000e+03 0.000000000000000000e+00 0.000000000000000000e+00 2.754199981689453125e+00
4.800000190734863281e+00 2.301046103239059448e-01 0.000000000000000000e+00 3.581733380997320637e-07 2.299945950508117676e-01 0.000000000000000000e+00 6.000000000000000000e+00 8.191000000000000000e+03 0.000000000000000000e+00 0.000000000000000000e+00 2.754199981689453125e+00
5.000000000000000000e+00 2.400858998298645020e-01 0.000000000000000000e+00 3.864346069804014405e-07 2.400041371583938599e-01 0.000000000000000000e+00 6.000000000000000000e+00 8.191000000000000000e+03 0.000000000000000000e+00 0.000000000000000000e+00 2.754199981689453125e+00
5.200000286102294922e+00 2.500271201133728027e-01 0.000000000000000000e+00 4.162795335105329286e-07 2.500011622905731201e-01 0.000000000000000000e+00 6.000000000000000000e+00 8.191000000000000000e+03 0.000000000000000000e+00 0.000000000000000000e+00 2.754199981689453125e+00
5.400000095367431641e+00 2.601507306098937988e-01 0.000000000000000000e+00 4.484980991037446074e-07 2.599982023239135742e-01 0.000000000000000000e+00 6.000000000000000000e+00 8.191000000000000000e+03 0.000000000000000000e+00 0.000000000000000000e+00 2.754199981689453125e+00
5.599999904632568359e+00 2.701782882213592529e-01 0.000000000000000000e+00 4.849828201258787885e-07 2.699952423572540283e-01 0.000000000000000000e+00 6.000000000000000000e+00 8.191000000000000000e+03 0.000000000000000000e+00 0.000000000000000000e+00 2.754600048065185547e+00
5.800000190734863281e+00 2.801922261714935303e-01 0.000000000000000000e+00 5.247993613011203706e-07 2.800047695636749268e-01 0.000000000000000000e+00 6.000000000000000000e+00 8.191000000000000000e+03 0.000000000000000000e+00 0.000000000000000000e+00 2.754600048065185547e+00
6.000000000000000000e+00 2.902456223964691162e-01 0.000000000000000000e+00 5.646822955895913765e-07 2.900017797946929932e-01 0.000000000000000000e+00 6.000000000000000000e+00 8.191000000000000000e+03 0.000000000000000000e+00 0.000000000000000000e+00 2.754600048065185547e+00
6.200000286102294922e+00 3.002265691757202148e-01 0.000000000000000000e+00 6.126626317382033449e-07 2.999988198280334473e-01 0.000000000000000000e+00 6.000000000000000000e+00 8.191000000000000000e+03 0.000000000000000000e+00 0.000000000000000000e+00 2.754600048065185547e+00
6.400000095367431641e+00 2.901215851306915283e-01 0.000000000000000000e+00 3.781483712828048738e-07 2.900017797946929932e-01 0.000000000000000000e+00 6.000000000000000000e+00 8.191000000000000000e+03 0.000000000000000000e+00 0.000000000000000000e+00 2.754600048065185547e+00
6.599999904632568359e+00 2.801247537136077881e-01 0.000000000000000000e+00 2.483864136593183503e-07 2.800047695636749268e-01 0.000000000000000000e+00 6.000000000000000000e+00 8.191000000000000000e+03 0.000000000000000000e+00 0.000000000000000000e+00 2.754699945449829102e+00
6.800000190734863281e+00 2.701877653598785400e-01 0.000000000000000000e+00 1.603626316182271694e-07 2.699952423572540283e-01 0.000000000000000000e+00 6.000000000000000000e+00 8.191000000000000000e+03 0.000000000000000000e+00 0.000000000000000000e+00 2.754699945449829102e+00
7.000000000000000000e+00 2.601321935653686523e-01 0.000000000000000000e+00 9.614717555450624786e-08 2.599982023239135742e-01 0.000000000000000000e+00 6.000000000000000000e+00 8.191000000000000000e+03 0.000000000000000000e+00 0.000000000000000000e+00 2.754699945449829102e+00
7.200000286102294922e+00 2.502567470073699951e-01 0.000000000000000000e+00 4.815373344513318443e-08 2.500011622905731201e-01 0.000000000000000000e+00 6.000000000000000000e+00 8.191000000000000000e+03 0.000000000000000000e+00 0.000000000000000000e+00 2.754699945449829102e+00
7.400000095367431641e+00 2.403024137020111084e-01 0.000000000000000000e+00 5.067926522883681173e-09 2.400041371583938599e-01 0.000000000000000000e+00 5.000000000000000000e+00 8.191000000000000000e+03 0.000000000000000000e+00 0.000000000000000000e+00 2.754699945449829102e+00
7.599999904632568359e+00 2.301791161298751831e-01 0.000000000000000000e+00 -1.094613644170294720e-08 2.299945950508117676e-01 0.000000000000000000e+00 4.000000000000000000e+00 6.908000000000000000e+03 0.000000000000000000e+00 0.000000000000000000e+00 2.754499912261962891e+00
7.800000190734863281e+00 2.200371623039245605e-01 0.000000000000000000e+00 -1.094613644170294720e-08 2.199975699186325073e-01 0.000000000000000000e+00 4.000000000000000000e+00 6.908000000000000000e+03 0.000000000000000000e+00 0.000000000000000000e+00 2.754499912261962891e+00
8.000000000000000000e+00 2.102202326059341431e-01 0.000000000000000000e+00 -1.094613644170294720e-08 2.100005298852920532e-01 0.000000000000000000e+00 4.000000000000000000e+00 7.164000000000000000e+03 0.000000000000000000e+00 0.000000000000000000e+00 2.754499912261962891e+00
8.199999809265136719e+00 2.001895755529403687e-01 0.000000000000000000e+00 -9.386147326040372718e-08 2.000034898519515991e-01 0.000000000000000000e+00 5.000000000000000000e+00 8.188000000000000000e+03 0.000000000000000000e+00 0.000000000000000000e+00 2.754499912261962891e+00
8.400000572204589844e+00 1.901126652956008911e-01 0.000000000000000000e+00 -1.068865103093230573e-07 1.899939626455307007e-01 0.000000000000000000e+00 6.000000000000000000e+00 8.191000000000000000e+03 0.000000000000000000e+00 0.000000000000000000e+00 2.754499912261962891e+00
8.600000381469726562e+00 1.800681948661804199e-01 0.000000000000000000e+00 -1.220014382852241397e-07 1.799969226121902466e-01 0.000000000000000000e+00 6.000000000000000000e+00 8.191000000000000000e+03 0.000000000000000000e+00 0.000000000000000000e+00 2.754099845886230469e+00
8.800000190734863281e+00 1.702471077442169189e-01 0.000000000000000000e+00 -1.342111772828502581e-07 1.699998974800109863e-01 0.000000000000000000e+00 6.000000000000000000e+00 8.191000000000000000e+03 0.000000000000000000e+00 0.000000000000000000e+00 2.754099845886230469e+00
9.000000000000000000e+00 1.601842194795608521e-01 0.000000000000000000e+00 -1.464463537104165880e-07 1.600028574466705322e-01 0.000000000000000000e+00 6.000000000000000000e+00 8.191000000000000000e+03 0.000000000000000000e+00 0.000000000000000000e+00 2.754099845886230469e+00
9.199999809265136719e+00 1.500798910856246948e-01 0.000000000000000000e+00 -1.568514562677592039e-07 1.500058174133300781e-01 0.000000000000000000e+00 6.000000000000000000e+00 8.191000000000000000e+03 0.000000000000000000e+00 0.000000000000000000e+00 2.754099845886230469e+00
9.400000572204589844e+00 1.402103900909423828e-01 0.000000000000000000e+00 -1.674723932865163079e-07 1.399962902069091797e-01 0.000000000000000000e+00 6.000000000000000000e+00 8.191000000000000000e+03 0.000000000000000000e+00 0.000000000000000000e+00 2.754099845886230469e+00
9.600000381469726562e+00 1.301839798688888550e-01 0.000000000000000000e+00 -1.775371600842845510e-07 1.299992501735687256e-01 0.000000000000000000e+00 6.000000000000000000e+00 8.191000000000000000e+03 0.000000000000000000e+00 0.000000000000000000e+00 2.754199981689453125e+00
9.800000190734863281e+00 1.200589463114738464e-01 0.000000000000000000e+00 -1.872205501740609179e-07 1.200022250413894653e-01 0.000000000000000000e+00 6.000000000000000000e+00 8.191000000000000000e+03 0.000000000000000000e+00 0.000000000000000000e+00 2.754199981689453125e+00
1.000000000000000000e+01 1.102102473378181458e-01 0.000000000000000000e+00 -1.972938719063677127e-07 1.100051850080490112e-01 0.000000000000000000e+00 6.000000000000000000e+00 8.191000000000000000e+03 0.000000000000000000e+00 0.000000000000000000e+00 2.754199981689453125e+00
1.019999980926513672e+01 9.984850883483886719e-02 0.000000000000000000e+00 -2.082401948655387969e-07 9.999565780162811279e-02 0.000000000000000000e+00 6.000000000000000000e+00 8.191000000000000000e+03 0.000000000000000000e+00 0.000000000000000000e+00 2.754199981689453125e+00
1.040000057220458984e+01 9.022758156061172485e-02 0.000000000000000000e+00 -2.178374103323221789e-07 8.999861776828765869e-02 0.000000000000000000e+00 6.000000000000000000e+00 8.191000000000000000e+03 0.000000000000000000e+00 0.000000000000000000e+00 2.754199981689453125e+00
1.060000038146972656e+01 8.021552860736846924e-02 0.000000000000000000e+00 -2.298387187238404294e-07 8.000158518552780151e-02 0.000000000000000000e+00 6.000000000000000000e+00 8.191000000000000000e+03 0.000000000000000000e+00 0.000000000000000000e+00 2.754499912261962891e+00
1.080000019073486328e+01 7.013973593711853027e-02 0.000000000000000000e+00 -2.430983840895351022e-07 7.000455260276794434e-02 0.000000000000000000e+00 6.000000000000000000e+00 8.191000000000000000e+03 0.000000000000000000e+00 0.000000000000000000e+00 2.754499912261962891e+00
1.100000000000000000e+01 6.030850484967231750e-02 0.000000000000000000e+00 -2.567801402619807050e-07 5.999501794576644897e-02 0.000000000000000000e+00 6.000000000000000000e+00 8.191000000000000000e+03 0.000000000000000000e+00 0.000000000000000000e+00 2.754499912261962891e+00
1.119999980926513672e+01 5.015333741903305054e-02 0.000000000000000000e+00 -2.731729864535736851e-07 4.999798536300659180e-02 0.000000000000000000e+00 6.000000000000000000e+00 8.191000000000000000e+03 0.000000000000000000e+00 0.000000000000000000e+00 2.754499912261962891e+00
1.140000057220458984e+01 4.014202579855918884e-02 0.000000000000000000e+00 -2.916753771842195420e-07 4.000094905495643616e-02 0.000000000000000000e+00 6.000000000000000000e+00 8.191000000000000000e+03 0.000000000000000000e+00 0.000000000000000000e+00 2.754499912261962891e+00
1.160000038146972656e+01 3.020337037742137909e-02 0.000000000000000000e+00 -3.127669856439752039e-07 3.000391460955142975e-02 0.000000000000000000e+00 6.000000000000000000e+00 8.191000000000000000e+03 0.000000000000000000e+00 0.000000000000000000e+00 2.754600048065185547e+00
1.180000019073486328e+01 2.022181078791618347e-02 0.000000000000000000e+00 -3.373420440766494721e-07 1.999438367784023285e-02 0.000000000000000000e+00 6.000000000000000000e+00 8.191000000000000000e+03 0.000000000000000000e+00 0.000000000000000000e+00 2.754600048065185547e+00
1.200000000000000000e+01 1.025064289569854736e-02 0.000000000000000000e+00 -3.651850590813410236e-07 9.997349232435226440e-03 0.000000000000000000e+00 6.000000000000000000e+00 8.191000000000000000e+03 0.000000000000000000e+00 0.000000000000000000e+00 2.754600048065185547e+00
1.219999980926513672e+01 1.410243567079305649e-04 0.000000000000000000e+00 -4.003069875579967629e-07 3.129243850708007812e-07 0.000000000000000000e+00 6.000000000000000000e+00 8.191000000000000000e+03 0.000000000000000000e+00 0.000000000000000000e+00 2.754600048065185547e+00
1.240000057220458984e+01 -9.827459231019020081e-03 0.000000000000000000e+00 -4.409909024616354145e-07 -9.996719658374786377e-03 0.000000000000000000e+00 6.000000000000000000e+00 8.191000000000000000e+03 0.000000000000000000e+00 0.000000000000000000e+00 2.754600048065185547e+00
1.260000038146972656e+01 -1.976140774786472321e-02 0.000000000000000000e+00 -4.866906806455517653e-07 -1.999375596642494202e-02 0.000000000000000000e+00 6.000000000000000000e+00 6.143000000000000000e+03 0.000000000000000000e+00 0.000000000000000000e+00 2.754699945449829102e+00
1.280000019073486328e+01 -2.985003404319286346e-02 0.000000000000000000e+00 -5.395093012339202687e-07 -3.000328317284584045e-02 0.000000000000000000e+00 6.000000000000000000e+00 8.191000000000000000e+03 0.000000000000000000e+00 0.000000000000000000e+00 2.754699945449829102e+00
1.300000000000000000e+01 -3.981316462159156799e-02 0.000000000000000000e+00 -5.992819751554634422e-07 -4.000032320618629456e-02 0.000000000000000000e+00 6.000000000000000000e+00 8.191000000000000000e+03 0.000000000000000000e+00 0.000000000000000000e+00 2.754699945449829102e+00
1.319999980926513672e+01 -4.990214109420776367e-02 0.000000000000000000e+00 -6.666434728685999289e-07 -4.999735578894615173e-02 0.000000000000000000e+00 6.000000000000000000e+00 8.191000000000000000e+03 0.000000000000000000e+00 0.000000000000000000e+00 2.754699945449829102e+00
1.340000057220458984e+01 -5.985230952501296997e-02 0.000000000000000000e+00 -7.374782171609695069e-07 -5.999438837170600891e-02 0.000000000000000000e+00 6.000000000000000000e+00 8.191000000000000000e+03 0.000000000000000000e+00 0.000000000000000000e+00 2.754699945449829102e+00
1.360000038146972656e+01 -6.990060210227966309e-02 0.000000000000000000e+00 -8.171606964424427133e-07 -7.000392675399780273e-02 0.000000000000000000e+00 6.000000000000000000e+00 8.191000000000000000e+03 0.000000000000000000e+00 0.000000000000000000e+00 2.754199981689453125e+00
1.380000019073486328e+01 -7.984677702188491821e-02 0.000000000000000000e+00 -9.053360940924903844e-07 -8.000095188617706299e-02 0.000000000000000000e+00 6.000000000000000000e+00 8.191000000000000000e+03 0.000000000000000000e+00 0.000000000000000000e+00 2.754199981689453125e+00
1.400000000000000000e+01 -8.990738540887832642e-02 0.000000000000000000e+00 -9.998096857088967226e-07 -8.999799191951751709e-02 0.000000000000000000e+00 7.000000000000000000e+00 8.191000000000000000e+03 0.000000000000000000e+00 0.000000000000000000e+00 2.754199981689453125e+00
1.419999980926513672e+01 -9.981445968151092529e-02 0.000000000000000000e+00 -1.101232214750780258e-06 -9.999501705169677734e-02 0.000000000000000000e+00 7.000000000000000000e+00 8.191000000000000000e+03 0.000000000000000000e+00 0.000000000000000000e+00 2.754199981689453125e+00
1.440000057220458984e+01 -1.098586544394493103e-01 0.000000000000000000e+00 -1.224094717144907918e-06 -1.100045591592788696e-01 0.000000000000000000e+00 7.000000000000000000e+00 8.191000000000000000e+03 0.000000000000000000e+00 0.000000000000000000e+00 2.754199981689453125e+00
1.460000038146972656e+01 -1.199170351028442383e-01 0.000000000000000000e+00 -1.355022959614871070e-06 -1.200015842914581299e-01 0.000000000000000000e+00 7.000000000000000000e+00 8.191000000000000000e+03 0.000000000000000000e+00 0.000000000000000000e+00 2.753999948501586914e+00
1.480000019073486328e+01 -1.297729760408401489e-01 0.000000000000000000e+00 -1.498719029768835753e-06 -1.299986243247985840e-01 0.000000000000000000e+00 7.000000000000000000e+00 8.191000000000000000e+03 0.000000000000000000e+00 0.000000000000000000e+00 2.753999948501586914e+00
1.500000000000000000e+01 -1.398082524538040161e-01 0.000000000000000000e+00 -1.658743713051080704e-06 -1.399956643581390381e-01 0.000000000000000000e+00 7.000000000000000000e+00 8.191000000000000000e+03 0.000000000000000000e+00 0.000000000000000000e+00 2.753999948501586914e+00
1.519999980926513672e+01 -1.499051004648208618e-01 0.000000000000000000e+00 -1.840681647991004866e-06 -1.500051915645599365e-01 0.000000000000000000e+00 7.000000000000000000e+00 8.191000000000000000e+03 0.000000000000000000e+00 0.000000000000000000e+00 2.753999948501586914e+00
1.540000057220458984e+01 -1.597746461629867554e-01 0.000000000000000000e+00 -2.037431386270327494e-06 -1.600022166967391968e-01 0.000000000000000000e+00 7.000000000000000000e+00 8.191000000000000000e+03 0.000000000000000000e+00 0.000000000000000000e+00 2.753999948501586914e+00
1.560000038146972656e+01 -1.697813719511032104e-01 0.000000000000000000e+00 -2.258429503854131326e-06 -1.699992567300796509e-01 0.000000000000000000e+00 7.000000000000000000e+00 8.191000000000000000e+03 0.000000000000000000e+00 0.000000000000000000e+00 2.754600048065185547e+00
1.580000019073486328e+01 -1.797677725553512573e-01 0.000000000000000000e+00 -2.498565436326316558e-06 -1.799962967634201050e-01 0.000000000000000000e+00 7.000000000000000000e+00 8.191000000000000000e+03 0.000000000000000000e+00 0.000000000000000000e+00 2.754600048065185547e+00
1.600000000000000000e+01 -1.898035407066345215e-01 0.000000000000000000e+00 -2.764185410342179239e-06 -1.900058239698410034e-01 0.000000000000000000e+00 7.000000000000000000e+00 8.191000000000000000e+03 0.000000000000000000e+00 0.000000000000000000e+00 2.754600048065185547e+00
1.620000076293945312e+01 -1.999115645885467529e-01 0.000000000000000000e+00 -3.051857447644579224e-06 -2.000028640031814575e-01 0.000000000000000000e+00 7.000000000000000000e+00 8.191000000000000000e+03 0.000000000000000000e+00 0.000000000000000000e+00 2.754600048065185547e+00
1.639999961853027344e+01 -1.898184120655059814e-01 0.000000000000000000e+00 -2.585740048743900843e-06 -1.900058239698410034e-01 0.000000000000000000e+00 7.000000000000000000e+00 8.191000000000000000e+03 0.000000000000000000e+00 1.000000000000000000e+00 2.754600048065185547e+00
1.660000038146972656e+01 -1.798219829797744751e-01 0.000000000000000000e+00 -2.216995881099137478e-06 -1.799962967634201050e-01 0.000000000000000000e+00 7.000000000000000000e+00 8.191000000000000000e+03 0.000000000000000000e+00 1.000000000000000000e+00 2.754600048065185547e+00
1.680000114440917969e+01 -1.698586642742156982e-01 0.000000000000000000e+00 -1.912770130729768425e-06 -1.699992567300796509e-01 0.000000000000000000e+00 7.000000000000000000e+00 8.191000000000000000e+03 0.000000000000000000e+00 1.000000000000000000e+00 2.754600048065185547e+00
1.700000000000000000e+01 -1.597674489021301270e-01 0.000000000000000000e+00 -1.648324314373894595e-06 -1.600022166967391968e-01 0.000000000000000000e+00 7.000000000000000000e+00 8.191000000000000000e+03 0.000000000000000000e+00 1.000000000000000000e+00 2.754600048065185547e+00
1.720000076293945312e+01 -1.499592810869216919e-01 0.000000000000000000e+00 -1.422912873749737628e-06 -1.500051915645599365e-01 0.000000000000000000e+00 7.000000000000000000e+00 8.191000000000000000e+03 0.000000000000000000e+00 1.000000000000000000e+00 2.754600048065185547e+00
1.739999961853027344e+01 -1.398514509201049805e-01 0.000000000000000000e+00 -1.220739136442716699e-06 -1.399956643581390381e-01 0.000000000000000000e+00 7.000000000000000000e+00 8.191000000000000000e+03 0.000000000000000000e+00 1.000000000000000000e+00 2.754600048065185547e+00
1.760000038146972656e+01 -1.298411041498184204e-01 0.000000000000000000e+00 -1.047081241267733276e-06 -1.299986243247985840e-01 0.000000000000000000e+00 7.000000000000000000e+00 8.191000000000000000e+03 0.000000000000000000e+00 1.000000000000000000e+00 2.754600048065185547e+00
1.780000114440917969e+01 -1.198978126049041748e-01 0.000000000000000000e+00 -8.923100836000230629e-07 -1.200015842914581299e-01 0.000000000000000000e+00 7.000000000000000000e+00 8.191000000000000000e+03 0.000000000000000000e+00 1.000000000000000000e+00 2.754600048065185547e+00
1.800000000000000000e+01 -1.097594574093818665e-01 0.000000000000000000e+00 -7.558462016277189832e-07 -1.100045591592788696e-01 0.000000000000000000e+00 7.000000000000000000e+00 8.191000000000000000e+03 0.000000000000000000e+00 1.000000000000000000e+00 2.754600048065185547e+00
1.820000076293945312e+01 -9.979693591594696045e-02 0.000000000000000000e+00 -6.337597824312979355e-07 -9.999501705169677734e-02 0.000000000000000000e+00 6.000000000000000000e+00 8.191000000000000000e+03 0.000000000000000000e+00 1.000000000000000000e+00 2.754600048065185547e+00
1.839999961853027344e+01 -8.987233042716979980e-02 0.000000000000000000e+00 -5.253891117718012538e-07 -8.999799191951751709e-02 0.000000000000000000e+00 6.000000000000000000e+00 8.191000000000000000e+03 0.000000000000000000e+00 1.000000000000000000e+00 2.754600048065185547e+00
1.860000038146972656e+01 -7.984410971403121948e-02 0.000000000000000000e+00 -4.278285530290304450e-07 -8.000095188617706299e-02 0.000000000000000000e+00 6.000000000000000000e+00 8.191000000000000000e+03 0.000000000000000000e+00 1.000000000000000000e+00 2.754099845886230469e+00
1.880000114440917969e+01 -6.983550637960433960e-02 0.000000000000000000e+00 -3.401526953439315548e-07 -7.000392675399780273e-02 0.000000000000000000e+00 6.000000000000000000e+00 8.191000000000000000e+03 0.000000000000000000e+00 1.000000000000000000e+00 2.754099845886230469e+00
1.900000000000000000e+01 -5.985089391469955444e-02 0.000000000000000000e+00 -2.626140371830842923e-07 -5.999438837170600891e-02 0.000000000000000000e+00 6.000000000000000000e+00 8.191000000000000000e+03 0.000000000000000000e+00 1.000000000000000000e+00 2.754099845886230469e+00
1.920000076293945312e+01 -4.990322515368461609e-02 0.000000000000000000e+00 -1.932217941202907241e-07 -4.999735578894615173e-02 0.000000000000000000e+00 6.000000000000000000e+00 8.191000000000000000e+03 0.000000000000000000e+00 1.000000000000000000e+00 2.754099845886230469e+00
1.939999961853027344e+01 -3.977665677666664124e-02 0.000000000000000000e+00 -1.307669776906550396e-07 -4.000032320618629456e-02 0.000000000000000000e+00 6.000000000000000000e+00 8.191000000000000000e+03 0.000000000000000000e+00 1.000000000000000000e+00 2.754099845886230469e+00
1.960000038146972656e+01 -2.984025143086910248e-02 0.000000000000000000e+00 -7.713357774719042936e-08 -3.000328317284584045e-02 0.000000000000000000e+00 6.000000000000000000e+00 8.191000000000000000e+03 0.000000000000000000e+00 1.000000000000000000e+00 2.754299879074096680e+00
1.980000114440917969e+01 -1.979963295161724091e-02 0.000000000000000000e+00 -2.726264369812270161e-08 -1.999375596642494202e-02 0.000000000000000000e+00 5.000000000000000000e+00 8.191000000000000000e+03 0.000000000000000000e+00 1.000000000000000000e+00 2.754299879074096680e+00
2.000000000000000000e+01 -9.856997989118099213e-03 0.000000000000000000e+00 1.400798765871513751e-08 -9.996719658374786377e-03 0.000000000000000000e+00 5.000000000000000000e+00 8.191000000000000000e+03 0.000000000000000000e+00 1.000000000000000000e+00 2.754299879074096680e+00
2.020000076293945312e+01 1.805991341825574636e-04 0.000000000000000000e+00 5.006162950849102344e-08 3.129243850708007812e-07 0.000000000000000000e+00 5.000000000000000000e+00 8.191000000000000000e+03 0.000000000000000000e+00 1.000000000000000000e+00 2.754299879074096680e+00
2.039999961853027344e+01 1.015232037752866745e-02 0.000000000000000000e+00 8.047627630958231748e-08 9.997349232435226440e-03 0.000000000000000000e+00 5.000000000000000000e+00 8.191000000000000000e+03 0.000000000000000000e+00 1.000000000000000000e+00 2.754299879074096680e+00
2.060000038146972656e+01 2.011826261878013611e-02 0.000000000000000000e+00 1.055206979572176351e-07 1.999438367784023285e-02 0.000000000000000000e+00 5.000000000000000000e+00 5.116000000000000000e+03 0.000000000000000000e+00 1.000000000000000000e+00 2.754600048065185547e+00
2.080000114440917969e+01 3.013111464679241180e-02 0.000000000000000000e+00 1.300208225529786432e-07 3.000391460955142975e-02 0.000000000000000000e+00 6.000000000000000000e+00 8.191000000000000000e+03 0.000000000000000000e+00 1.000000000000000000e+00 2.754600048065185547e+00
2.100000000000000000e+01 4.005206748843193054e-02 0.000000000000000000e+00 1.526862547507334966e-07 4.000094905495643616e-02 0.000000000000000000e+00 6.000000000000000000e+00 8.191000000000000000e+03 0.000000000000000000e+00 1.000000000000000000e+00 2.754600048065185547e+00
2.120000076293945312e+01 5.010846629738807678e-02 0.000000000000000000e+00 1.722432330097944941e-07 4.999798536300659180e-02 0.000000000000000000e+00 6.000000000000000000e+00 8.191000000000000000e+03 0.000000000000000000e+00 1.000000000000000000e+00 2.754600048065185547e+00
2.139999961853027344e+01 6.019380688667297363e-02 0.000000000000000000e+00 1.908640143710726989e-07 5.999501794576644897e-02 0.000000000000000000e+00 6.000000000000000000e+00 8.191000000000000000e+03 0.000000000000000000e+00 1.000000000000000000e+00 2.754600048065185547e+00
2.160000038146972656e+01 7.022121548652648926e-02 0.000000000000000000e+00 2.077297551750234561e-07 7.000455260276794434e-02 0.000000000000000000e+00 6.000000000000000000e+00 8.191000000000000000e+03 0.000000000000000000e+00 1.000000000000000000e+00 2.754600048065185547e+00
2.180000114440917969e+01 8.010975271463394165e-02 0.000000000000000000e+00 2.237611482769352733e-07 8.000158518552780151e-02 0.000000000000000000e+00 6.000000000000000000e+00 8.191000000000000000e+03 0.000000000000000000e+00 1.000000000000000000e+00 2.754600048065185547e+00
2.200000000000000000e+01 9.020679444074630737e-02 0.000000000000000000e+00 2.388600250924355350e-07 8.999861776828765869e-02 0.000000000000000000e+00 6.000000000000000000e+00 8.191000000000000000e+03 0.000000000000000000e+00 1.000000000000000000e+00 2.754600048065185547e+00
2.220000076293945312e+01 1.000945195555686951e-01 0.000000000000000000e+00 2.541605113037803676e-07 9.999565780162811279e-02 0.000000000000000000e+00 6.000000000000000000e+00 8.191000000000000000e+03 0.000000000000000000e+00 1.000000000000000000e+00 2.754600048065185547e+00
2.239999961853027344e+01 1.101125702261924744e-01 0.000000000000000000e+00 2.686969935439265100e-07 1.100051850080490112e-01 0.000000000000000000e+00 6.000000000000000000e+00 8.191000000000000000e+03 0.000000000000000000e+00 1.000000000000000000e+00 2.754600048065185547e+00
2.260000038146972656e+01 1.201038956642150879e-01 0.000000000000000000e+00 2.830510368312388891e-07 1.200022250413894653e-01 0.000000000000000000e+00 6.000000000000000000e+00 8.191000000000000000e+03 0.000000000000000000e+00 1.000000000000000000e+00 2.754199981689453125e+00
2.280000114440917969e+01 1.301770955324172974e-01 0.000000000000000000e+00 2.984216393997485284e-07 1.299992501735687256e-01 0.000000000000000000e+00 6.000000000000000000e+00 8.191000000000000000e+03 0.000000000000000000e+00 1.000000000000000000e+00 2.754199981689453125e+00
2.300000000000000000e+01 1.402039825916290283e-01 0.000000000000000000e+00 3.128989760625700001e-07 1.399962902069091797e-01 0.000000000000000000e+00 6.000000000000000000e+00 8.191000000000000000e+03 0.000000000000000000e+00 1.000000000000000000e+00 2.754199981689453125e+00
2.320000076293945312e+01 1.502074748277664185e-01 0.000000000000000000e+00 3.269383910264878068e-07 1.500058174133300781e-01 0.000000000000000000e+00 6.000000000000000000e+00 8.191000000000000000e+03 0.000000000000000000e+00 1.000000000000000000e+00 2.754199981689453125e+00
2.339999961853027344e+01 1.602665632963180542e-01 0.000000000000000000e+00 3.431891570926381974e-07 1.600028574466705322e-01 0.000000000000000000e+00 6.000000000000000000e+00 8.191000000000000000e+03 0.000000000000000000e+00 1.000000000000000000e+00 2.754199981689453125e+00
2.360000038146972656e+01 1.700599640607833862e-01 0.000000000000000000e+00 3.594547024476923980e-07 1.699998974800109863e-01 0.000000000000000000e+00 6.000000000000000000e+00 8.191000000000000000e+03 0.000000000000000000e+00 1.000000000000000000e+00 2.754400014877319336e+00
2.380000114440917969e+01 1.800748109817504883e-01 0.000000000000000000e+00 3.772887566810823046e-07 1.799969226121902466e-01 0.000000000000000000e+00 6.000000000000000000e+00 8.191000000000000000e+03 0.000000000000000000e+00 1.000000000000000000e+00 2.754400014877319336e+00
2.400000000000000000e+01 1.901835799217224121e-01 0.000000000000000000e+00 3.959605123782239389e-07 1.899939626455307007e-01 0.000000000000000000e+00 6.000000000000000000e+00 8.191000000000000000e+03 0.000000000000000000e+00 1.000000000000000000e+00 2.754400014877319336e+00
2.420000076293945312e+01 2.001647800207138062e-01 0.000000000000000000e+00 4.161182118878059555e-07 2.000034898519515991e-01 0.000000000000000000e+00 6.000000000000000000e+00 8.191000000000000000e+03 0.000000000000000000e+00 1.000000000000000000e+00 2.754400014877319336e+00
2.439999961853027344e+01 2.101608961820602417e-01 0.000000000000000000e+00 4.385213401292276103e-07 2.100005298852920532e-01 0.000000000000000000e+00 6.000000000000000000e+00 8.191000000000000000e+03 0.000000000000000000e+00 1.000000000000000000e+00 2.754400014877319336e+00
2.460000038146972656e+01 2.201718837022781372e-01 0.000000000000000000e+00 4.600025533818552503e-07 2.199975699186325073e-01 0.000000000000000000e+00 6.000000000000000000e+00 8.191000000000000000e+03 0.000000000000000000e+00 1.000000000000000000e+00 2.754600048065185547e+00
2.480000114440917969e+01 2.300933003425598145e-01 0.000000000000000000e+00 4.846850174544670153e-07 2.299945950508117676e-01 0.000000000000000000e+00 6.000000000000000000e+00 8.191000000000000000e+03 0.000000000000000000e+00 1.000000000000000000e+00 2.754600048065185547e+00
2.500000000000000000e+01 2.402907460927963257e-01 0.000000000000000000e+00 5.139532959219650365e-07 2.400041371583938599e-01 0.000000000000000000e+00 6.000000000000000000e+00 8.191000000000000000e+03 0.000000000000000000e+00 1.000000000000000000e+00 2.754600048065185547e+00
2.520000076293945312e+01 2.502217888832092285e-01 0.000000000000000000e+00 5.423459583653311711e-07 2.500011622905731201e-01 0.000000000000000000e+00 6.000000000000000000e+00 8.191000000000000000e+03 0.000000000000000000e+00 1.000000000000000000e+00 2.754600048065185547e+00
2.539999961853027344e+01 2.601862251758575439e-01 0.000000000000000000e+00 5.751946901000337675e-07 2.599982023239135742e-01 0.000000000000000000e+00 6.000000000000000000e+00 8.191000000000000000e+03 0.000000000000000000e+00 1.000000000000000000e+00 2.754600048065185547e+00
2.560000038146972656e+01 2.702703177928924561e-01 0.000000000000000000e+00 6.130517249403055757e-07 2.699952423572540283e-01 0.000000000000000000e+00 6.000000000000000000e+00 8.191000000000000000e+03 0.000000000000000000e+00 1.000000000000000000e+00 2.754099845886230469e+00
2.580000114440917969e+01 2.802421152591705322e-01 0.000000000000000000e+00 6.521440241158416029e-07 2.800047695636749268e-01 0.000000000000000000e+00 6.000000000000000000e+00 8.191000000000000000e+03 0.000000000000000000e+00 1.000000000000000000e+00 2.754099845886230469e+00
2.600000000000000000e+01 2.902790904045104980e-01 0.000000000000000000e+00 6.970851131882227492e-07 2.900017797946929932e-01 0.000000000000000000e+00 6.000000000000000000e+00 8.191000000000000000e+03 0.000000000000000000e+00 1.000000000000000000e+00 2.754099845886230469e+00
2.620000076293945312e+01 3.001857399940490723e-01 0.000000000000000000e+00 7.439552973664831370e-07 2.999988198280334473e-01 0.000000000000000000e+00 6.000000000000000000e+00 8.191000000000000000e+03 0.000000000000000000e+00 1.000000000000000000e+00 2.754099845886230469e+00
2.639999961853027344e+01 2.902391850948333740e-01 0.000000000000000000e+00 4.775417323799047153e-07 2.900017797946929932e-01 0.000000000000000000e+00 6.000000000000000000e+00 8.191000000000000000e+03 0.000000000000000000e+00 1.000000000000000000e+00 2.754099845886230469e+00
2.660000038146972656e+01 2.802369594573974609e-01 0.000000000000000000e+00 3.255272247315588174e-07 2.800047695636749268e-01 0.000000000000000000e+00 6.000000000000000000e+00 8.191000000000000000e+03 0.000000000000000000e+00 1.000000000000000000e+00 2.754400014877319336e+00
2.680000114440917969e+01 2.702018022537231445e-01 0.000000000000000000e+00 2.211984480027240352e-07 2.699952423572540283e-01 0.000000000000000000e+00 6.000000000000000000e+00 8.191000000000000000e+03 0.000000000000000000e+00 1.000000000000000000e+00 2.754400014877319336e+00
2.700000000000000000e+01 2.601989507675170898e-01 0.000000000000000000e+00 1.450363669164289604e-07 2.599982023239135742e-01 0.000000000000000000e+00 6.000000000000000000e+00 8.191000000000000000e+03 0.000000000000000000e+00 1.000000000000000000e+00 2.754400014877319336e+00
2.720000076293945312e+01 2.502917647361755371e-01 0.000000000000000000e+00 8.685152153020680998e-08 2.500011622905731201e-01 0.000000000000000000e+00 6.000000000000000000e+00 8.191000000000000000e+03 0.000000000000000000e+00 1.000000000000000000e+00 2.754400014877319336e+00
2.739999961853027344e+01 2.401170283555984497e-01 0.000000000000000000e+00 3.971064899133125436e-08 2.400041371583938599e-01 0.000000000000000000e+00 6.000000000000000000e+00 8.191000000000000000e+03 0.000000000000000000e+00 1.000000000000000000e+00 2.754400014877319336e+00
2.760000038146972656e+01 2.301663011312484741e-01 0.000000000000000000e+00 1.337930211064985997e-09 2.299945950508117676e-01 0.000000000000000000e+00 5.000000000000000000e+00 8.191000000000000000e+03 0.000000000000000000e+00 1.000000000000000000e+00 2.754400014877319336e+00
2.780000114440917969e+01 2.201322168111801147e-01 0.000000000000000000e+00 -1.094613644170294720e-08 2.199975699186325073e-01 0.000000000000000000e+00 4.000000000000000000e+00 6.908000000000000000e+03 0.000000000000000000e+00 1.000000000000000000e+00 2.754400014877319336e+00
2.800000000000000000e+01 2.101175487041473389e-01 0.000000000000000000e+00 -1.094613644170294720e-08 2.100005298852920532e-01 0.000000000000000000e+00 4.000000000000000000e+00 6.908000000000000000e+03 0.000000000000000000e+00 1.000000000000000000e+00 2.754400014877319336e+00
2.820000076293945312e+01 2.002551406621932983e-01 0.000000000000000000e+00 -1.094613644170294720e-08 2.000034898519515991e-01 0.000000000000000000e+00 4.000000000000000000e+00 7.164000000000000000e+03 0.000000000000000000e+00 1.000000000000000000e+00 2.754400014877319336e+00
2.839999961853027344e+01 1.901599466800689697e-01 0.000000000000000000e+00 -1.008187311413166753e-07 1.899939626455307007e-01 0.000000000000000000e+00 5.000000000000000000e+00 7.164000000000000000e+03 0.000000000000000000e+00 1.000000000000000000e+00 2.754400014877319336e+00
2.860000038146972656e+01 1.802318096160888672e-01 0.000000000000000000e+00 -1.205197293074888876e-07 1.799969226121902466e-01 0.000000000000000000e+00 6.000000000000000000e+00 8.191000000000000000e+03 0.000000000000000000e+00 1.000000000000000000e+00 2.753999948501586914e+00
2.880000114440917969e+01 1.703078150749206543e-01 0.000000000000000000e+00 -1.382431378260662314e-07 1.699998974800109863e-01 0.000000000000000000e+00 6.000000000000000000e+00 8.191000000000000000e+03 0.000000000000000000e+00 1.000000000000000000e+00 2.753999948501586914e+00
2.900000000000000000e+01 1.600937247276306152e-01 0.000000000000000000e+00 -1.533471021275545354e-07 1.600028574466705322e-01 0.000000000000000000e+00 6.000000000000000000e+00 8.191000000000000000e+03 0.000000000000000000e+00 1.000000000000000000e+00 2.753999948501586914e+00
2.920000076293945312e+01 1.501779556274414062e-01 0.000000000000000000e+00 -1.676456520272040507e-07 1.500058174133300781e-01 0.000000000000000000e+00 6.000000000000000000e+00 8.191000000000000000e+03 0.000000000000000000e+00 1.000000000000000000e+00 2.753999948501586914e+00
2.939999961853027344e+01 1.401908248662948608e-01 0.000000000000000000e+00 -1.817019352756688022e-07 1.399962902069091797e-01 0.000000000000000000e+00 6.000000000000000000e+00 8.191000000000000000e+03 0.000000000000000000e+00 1.000000000000000000e+00 2.753999948501586914e+00
2.960000038146972656e+01 1.301485300064086914e-01 0.000000000000000000e+00 -1.943215437449907768e-07 1.299992501735687256e-01 0.000000000000000000e+00 6.000000000000000000e+00 8.191000000000000000e+03 0.000000000000000000e+00 1.000000000000000000e+00 2.754600048065185547e+00
2.980000114440917969e+01 1.201794147491455078e-01 0.000000000000000000e+00 -2.074628469017625321e-07 1.200022250413894653e-01 0.000000000000000000e+00 6.000000000000000000e+00 8.191000000000000000e+03 0.000000000000000000e+00 1.000000000000000000e+00 2.754600048065185547e+00
3.000000000000000000e+01 1.101763695478439331e-01 0.000000000000000000e+00 -2.211003220509155653e-07 1.100051850080490112e-01 0.000000000000000000e+00 6.000000000000000000e+00 8.191000000000000000e+03 0.000000000000000000e+00 1.000000000000000000e+00 2.754600048065185547e+00
3.020000076293945312e+01 1.001220569014549255e-01 0.000000000000000000e+00 -2.343114005043389625e-07 9.999565780162811279e-02 0.000000000000000000e+00 6.000000000000000000e+00 8.191000000000000000e+03 0.000000000000000000e+00 1.000000000000000000e+00 2.754600048065185547e+00
3.039999961853027344e+01 9.016833454370498657e-02 0.000000000000000000e+00 -2.481952208199800225e-07 8.999861776828765869e-02 0.000000000000000000e+00 6.000000000000000000e+00 8.191000000000000000e+03 0.000000000000000000e+00 1.000000000000000000e+00 2.754600048065185547e+00
3.060000038146972656e+01 8.023986965417861938e-02 0.000000000000000000e+00 -2.620406007736164611e-07 8.000158518552780151e-02 0.000000000000000000e+00 6.000000000000000000e+00 8.191000000000000000e+03 0.000000000000000000e+00 1.000000000000000000e+00 2.754600048065185547e+00
3.080000114440917969e+01 7.014038413763046265e-02 0.000000000000000000e+00 -2.765175395325059071e-07 7.000455260276794434e-02 0.000000000000000000e+00 6.000000000000000000e+00 8.191000000000000000e+03 0.000000000000000000e+00 1.000000000000000000e+00 2.754600048065185547e+00
3.100000000000000000e+01 6.015738472342491150e-02 0.000000000000000000e+00 -2.934645806362823350e-07 5.999501794576644897e-02 0.000000000000000000e+00 6.000000000000000000e+00 8.191000000000000000e+03 0.000000000000000000e+00 1.000000000000000000e+00 2.754600048065185547e+00
3.120000076293945312e+01 5.033399537205696106e-02 0.000000000000000000e+00 -3.098068077633797657e-07 4.999798536300659180e-02 0.000000000000000000e+00 6.000000000000000000e+00 8.191000000000000000e+03 0.000000000000000000e+00 1.000000000000000000e+00 2.754600048065185547e+00
3.139999961853027344e+01 4.015638306736946106e-02 0.000000000000000000e+00 -3.298822264241607627e-07 4.000094905495643616e-02 0.000000000000000000e+00 6.000000000000000000e+00 8.191000000000000000e+03 0.000000000000000000e+00 1.000000000000000000e+00 2.754600048065185547e+00
3.160000038146972656e+01 3.011597134172916412e-02 0.000000000000000000e+00 -3.510901080971962074e-07 3.000391460955142975e-02 0.000000000000000000e+00 6.000000000000000000e+00 8.191000000000000000e+03 0.000000000000000000e+00 1.000000000000000000e+00 2.754199981689453125e+00
3.180000114440917969e+01 2.012017555534839630e-02 0.000000000000000000e+00 -3.754603028482961236e-07 1.999438367784023285e-02 0.000000000000000000e+00 6.000000000000000000e+00 8.191000000000000000e+03 0.000000000000000000e+00 1.000000000000000000e+00 2.754199981689453125e+00
3.200000000000000000e+01 1.003502216190099716e-02 0.000000000000000000e+00 -4.030984825931227533e-07 9.997349232435226440e-03 0.000000000000000000e+00 6.000000000000000000e+00 8.191000000000000000e+03 0.000000000000000000e+00 1.000000000000000000e+00 2.754199981689453125e+00
3.220000076293945312e+01 1.523824757896363735e-04 0.000000000000000000e+00 -4.350210360826167744e-07 3.129243850708007812e-07 0.000000000000000000e+00 6.000000000000000000e+00 8.191000000000000000e+03 0.000000000000000000e+00 1.000000000000000000e+00 2.754199981689453125e+00
3.240000152587890625e+01 -9.783244691789150238e-03 0.000000000000000000e+00 -4.706630249984300463e-07 -9.996719658374786377e-03 0.000000000000000000e+00 6.000000000000000000e+00 8.191000000000000000e+03 0.000000000000000000e+00 1.000000000000000000e+00 2.754199981689453125e+00
3.260000228881835938e+01 -1.979433372616767883e-02 0.000000000000000000e+00 -5.121326580592722166e-07 -1.999375596642494202e-02 0.000000000000000000e+00 6.000000000000000000e+00 6.143000000000000000e+03 0.000000000000000000e+00 1.000000000000000000e+00 2.754600048065185547e+00
3.279999923706054688e+01 -2.989718876779079437e-02 0.000000000000000000e+00 -5.587640998783172108e-07 -3.000328317284584045e-02 0.000000000000000000e+00 6.000000000000000000e+00 8.191000000000000000e+03 0.000000000000000000e+00 1.000000000000000000e+00 2.754600048065185547e+00
3.300000000000000000e+01 -3.991587832570075989e-02 0.000000000000000000e+00 -6.105694865254918113e-07 -4.000032320618629456e-02 0.000000000000000000e+00 6.000000000000000000e+00 8.191000000000000000e+03 0.000000000000000000e+00 1.000000000000000000e+00 2.754600048065185547e+00
3.320000076293945312e+01 -4.993605986237525940e-02 0.000000000000000000e+00 -6.690963232358626556e-07 -4.999735578894615173e-02 0.000000000000000000e+00 6.000000000000000000e+00 8.191000000000000000e+03 0.000000000000000000e+00 1.000000000000000000e+00 2.754600048065185547e+00
3.340000152587890625e+01 -5.987976863980293274e-02 0.000000000000000000e+00 -7.314575327654893044e-07 -5.999438837170600891e-02 0.000000000000000000e+00 6.000000000000000000e+00 8.191000000000000000e+03 0.000000000000000000e+00 1.000000000000000000e+00 2.754600048065185547e+00
3.360000228881835938e+01 -6.994298100471496582e-02 0.000000000000000000e+00 -7.989601726876571774e-07 -7.000392675399780273e-02 0.000000000000000000e+00 6.000000000000000000e+00 8.191000000000000000e+03 0.000000000000000000e+00 1.000000000000000000e+00 2.754099845886230469e+00
3.379999923706054688e+01 -7.975062727928161621e-02 0.000000000000000000e+00 -8.734555763112439308e-07 -8.000095188617706299e-02 0.000000000000000000e+00 6.000000000000000000e+00 8.191000000000000000e+03 0.000000000000000000e+00 1.000000000000000000e+00 2.754099845886230469e+00
3.400000000000000000e+01 -8.985090255737304688e-02 0.000000000000000000e+00 -9.558839337842073292e-07 -8.999799191951751709e-02 0.000000000000000000e+00 6.000000000000000000e+00 8.191000000000000000e+03 0.000000000000000000e+00 1.000000000000000000e+00 2.754099845886230469e+00
3.420000076293945312e+01 -9.981808066368103027e-02 0.000000000000000000e+00 -1.038880668602359947e-06 -9.999501705169677734e-02 0.000000000000000000e+00 7.000000000000000000e+00 8.191000000000000000e+03 0.000000000000000000e+00 1.000000000000000000e+00 2.754099845886230469e+00
3.440000152587890625e+01 -1.099740564823150635e-01 0.000000000000000000e+00 -1.138920424637035467e-06 -1.100045591592788696e-01 0.000000000000000000e+00 7.000000000000000000e+00 8.191000000000000000e+03 0.000000000000000000e+00 1.000000000000000000e+00 2.754099845886230469e+00
3.460000228881835938e+01 -1.200058832764625549e-01 0.000000000000000000e+00 -1.251443450200895313e-06 -1.200015842914581299e-01 0.000000000000000000e+00 7.000000000000000000e+00 8.191000000000000000e+03 0.000000000000000000e+00 1.000000000000000000e+00 2.753999948501586914e+00
3.479999923706054688e+01 -1.299154609441757202e-01 0.000000000000000000e+00 -1.379489390274102334e-06 -1.299986243247985840e-01 0.000000000000000000e+00 7.000000000000000000e+00 8.191000000000000000e+03 0.000000000000000000e+00 1.000000000000000000e+00 2.753999948501586914e+00
3.500000000000000000e+01 -1.398983597755432129e-01 0.000000000000000000e+00 -1.516633801657008007e-06 -1.399956643581390381e-01 0.000000000000000000e+00 7.000000000000000000e+00 8.191000000000000000e+03 0.000000000000000000e+00 1.000000000000000000e+00 2.753999948501586914e+00
3.520000076293945312e+01 -1.498557925224304199e-01 0.000000000000000000e+00 -1.678890839684754610e-06 -1.500051915645599365e-01 0.000000000000000000e+00 7.000000000000000000e+00 8.191000000000000000e+03 0.000000000000000000e+00 1.000000000000000000e+00 2.753999948501586914e+00
3.540000152587890625e+01 -1.599577516317367554e-01 0.000000000000000000e+00 -1.857431129792530555e-06 -1.600022166967391968e-01 0.000000000000000000e+00 7.000000000000000000e+00 8.191000000000000000e+03 0.000000000000000000e+00 1.000000000000000000e+00 2.753999948501586914e+00
3.560000228881835938e+01 -1.698421090841293335e-01 0.000000000000000000e+00 -2.048438318524858914e-06 -1.699992567300796509e-01 0.000000000000000000e+00 7.000000000000000000e+00 8.191000000000000000e+03 0.000000000000000000e+00 1.000000000000000000e+00 2.754600048065185547e+00
3.579999923706054688e+01 -1.798694282770156860e-01 0.000000000000000000e+00 -2.267976697112317197e-06 -1.799962967634201050e-01 0.000000000000000000e+00 7.000000000000000000e+00 8.191000000000000000e+03 0.000000000000000000e+00 1.000000000000000000e+00 2.754600048065185547e+00
3.600000000000000000e+01 -1.899978816509246826e-01 0.000000000000000000e+00 -2.512825858502765186e-06 -1.900058239698410034e-01 0.000000000000000000e+00 7.000000000000000000e+00 8.191000000000000000e+03 0.000000000000000000e+00 1.000000000000000000e+00 2.754600048065185547e+00
3.620000076293945312e+01 -1.998860836029052734e-01 0.000000000000000000e+00 -2.775890379780321382e-06 -2.000028640031814575e-01 0.000000000000000000e+00 7.000000000000000000e+00 8.191000000000000000e+03 0.000000000000000000e+00 1.000000000000000000e+00 2.754600048065185547e+00
3.640000152587890625e+01 -1.897460967302322388e-01 0.000000000000000000e+00 -2.348373072891263291e-06 -1.900058239698410034e-01 0.000000000000000000e+00 7.000000000000000000e+00 8.191000000000000000e+03 0.000000000000000000e+00 2.000000000000000000e+00 2.754600048065185547e+00
3.660000228881835938e+01 -1.798051744699478149e-01 0.000000000000000000e+00 -2.016553935391129926e-06 -1.799962967634201050e-01 0.000000000000000000e+00 7.000000000000000000e+00 8.191000000000000000e+03 0.000000000000000000e+00 2.000000000000000000e+00 2.754099845886230469e+00
3.679999923706054688e+01 -1.697418689727783203e-01 0.000000000000000000e+00 -1.735391037982481066e-06 -1.699992567300796509e-01 0.000000000000000000e+00 7.000000000000000000e+00 8.191000000000000000e+03 0.000000000000000000e+00 2.000000000000000000e+00 2.754099845886230469e+00
3.700000000000000000e+01 -1.598845422267913818e-01 0.000000000000000000e+00 -1.498483015893725678e-06 -1.600022166967391968e-01 0.000000000000000000e+00 7.000000000000000000e+00 8.191000000000000000e+03 0.000000000000000000e+00 2.000000000000000000e+00 2.754099845886230469e+00
3.720000076293945312e+01 -1.496864855289459229e-01 0.000000000000000000e+00 -1.288920543629501481e-06 -1.500051915645599365e-01 0.000000000000000000e+00 7.000000000000000000e+00 8.191000000000000000e+03 0.000000000000000000e+00 2.000000000000000000e+00 2.754099845886230469e+00
3.740000152587890625e+01 -1.397535055875778198e-01 0.000000000000000000e+00 -1.108468040911247954e-06 -1.399956643581390381e-01 0.000000000000000000e+00 7.000000000000000000e+00 8.191000000000000000e+03 0.000000000000000000e+00 2.000000000000000000e+00 2.754099845886230469e+00
3.760000228881835938e+01 -1.300077587366104126e-01 0.000000000000000000e+00 -9.476703439759148750e-07 -1.299986243247985840e-01 0.000000000000000000e+00 7.000000000000000000e+00 8.191000000000000000e+03 0.000000000000000000e+00 2.000000000000000000e+00 2.754499912261962891e+00
3.779999923706054688e+01 -1.198334321379661560e-01 0.000000000000000000e+00 -8.068110446401988156e-07 -1.200015842914581299e-01 0.000000000000000000e+00 7.000000000000000000e+00 8.191000000000000000e+03 0.000000000000000000e+00 2.000000000000000000e+00 2.754499912261962891e+00
3.800000000000000000e+01 -1.099396795034408569e-01 0.000000000000000000e+00 -6.879142233628954273e-07 -1.100045591592788696e-01 0.000000000000000000e+00 6.000000000000000000e+00 8.191000000000000000e+03 0.000000000000000000e+00 2.000000000000000000e+00 2.754499912261962891e+00
3.820000076293945312e+01 -9.986173361539840698e-02 0.000000000000000000e+00 -5.778746867690642830e-07 -9.999501705169677734e-02 0.000000000000000000e+00 6.000000000000000000e+00 8.191000000000000000e+03 0.000000000000000000e+00 2.000000000000000000e+00 2.754499912261962891e+00
3.840000152587890625e+01 -8.987805992364883423e-02 0.000000000000000000e+00 -4.776912874149275012e-07 -8.999799191951751709e-02 0.000000000000000000e+00 6.000000000000000000e+00 8.191000000000000000e+03 0.000000000000000000e+00 2.000000000000000000e+00 2.754499912261962891e+00
3.860000228881835938e+01 -7.989473640918731689e-02 0.000000000000000000e+00 -3.872941931604145793e-07 -8.000095188617706299e-02 0.000000000000000000e+00 6.000000000000000000e+00 8.191000000000000000e+03 0.000000000000000000e+00 2.000000000000000000e+00 2.754600048065185547e+00
3.879999923706054688e+01 -6.984861195087432861e-02 0.000000000000000000e+00 -3.061171298668341478e-07 -7.000392675399780273e-02 0.000000000000000000e+00 6.000000000000000000e+00 8.191000000000000000e+03 0.000000000000000000e+00 2.000000000000000000e+00 2.754600048065185547e+00
3.900000000000000000e+01 -5.992824584245681763e-02 0.000000000000000000e+00 -2.337237532401559292e-07 -5.999438837170600891e-02 0.000000000000000000e+00 6.000000000000000000e+00 8.191000000000000000e+03 0.000000000000000000e+00 2.000000000000000000e+00 2.754600048065185547e+00
3.920000076293945312e+01 -4.984394460916519165e-02 0.000000000000000000e+00 -1.682726349372387631e-07 -4.999735578894615173e-02 0.000000000000000000e+00 6.000000000000000000e+00 8.191000000000000000e+03 0.000000000000000000e+00 2.000000000000000000e+00 2.754600048065185547e+00
3.940000152587890625e+01 -3.991658985614776611e-02 0.000000000000000000e+00 -1.108988527676046942e-07 -4.000032320618629456e-02 0.000000000000000000e+00 6.000000000000000000e+00 8.191000000000000000e+03 0.000000000000000000e+00 2.000000000000000000e+00 2.754600048065185547e+00
3.960000228881835938e+01 -2.974997647106647491e-02 0.000000000000000000e+00 -5.919424239664294873e-08 -3.000328317284584045e-02 0.000000000000000000e+00 6.000000000000000000e+00 8.191000000000000000e+03 0.000000000000000000e+00 2.000000000000000000e+00 2.754099845886230469e+00
3.979999923706054688e+01 -1.980038173496723175e-02 0.000000000000000000e+00 -1.094704593640472012e-08 -1.999375596642494202e-02 0.000000000000000000e+00 5.000000000000000000e+00 8.191000000000000000e+03 0.000000000000000000e+00 2.000000000000000000e+00 2.754099845886230469e+00
4.000000000000000000e+01 -9.667933918535709381e-03 0.000000000000000000e+00 2.793054498795299878e-08 -9.996719658374786377e-03 0.000000000000000000e+00 5.000000000000000000e+00 8.191000000000000000e+03 0.000000000000000000e+00 2.000000000000000000e+00 2.754099845886230469e+00
4.020000076293945312e+01 8.149218047037720680e-07 0.000000000000000000e+00 6.200037461212559720e-08 3.129243850708007812e-07 0.000000000000000000e+00 5.000000000000000000e+00 8.191000000000000000e+03 0.000000000000000000e+00 2.000000000000000000e+00 2.754099845886230469e+00
4.040000152587890625e+01 1.020288467407226562e-02 0.000000000000000000e+00 9.163392888922317070e-08 9.997349232435226440e-03 0.000000000000000000e+00 5.000000000000000000e+00 8.190000000000000000e+03 0.000000000000000000e+00 2.000000000000000000e+00 2.754099845886230469e+00
4.060000228881835938e+01 2.007421292364597321e-02 0.000000000000000000e+00 1.158962419367526309e-07 1.999438367784023285e-02 0.000000000000000000e+00 6.000000000000000000e+00 6.143000000000000000e+03 0.000000000000000000e+00 2.000000000000000000e+00 2.754600048065185547e+00
4.079999923706054688e+01 3.008054383099079132e-02 0.000000000000000000e+00 1.395206652432534611e-07 3.000391460955142975e-02 0.000000000000000000e+00 6.000000000000000000e+00 8.191000000000000000e+03 0.000000000000000000e+00 2.000000000000000000e+00 2.754600048065185547e+00
4.100000000000000000e+01 4.025834053754806519e-02 0.000000000000000000e+00 1.610045927691317047e-07 4.000094905495643616e-02 0.000000000000000000e+00 6.000000000000000000e+00 8.191000000000000000e+03 0.000000000000000000e+00 2.000000000000000000e+00 2.754600048065185547e+00
4.120000076293945312e+01 5.003200843930244446e-02 0.000000000000000000e+00 1.798670155039872043e-07 4.999798536300659180e-02 0.000000000000000000e+00 6.000000000000000000e+00 8.191000000000000000e+03 0.000000000000000000e+00 2.000000000000000000e+00 2.754600048065185547e+00
4.140000152587890625e+01 6.028205901384353638e-02 0.000000000000000000e+00 1.982970871949873981e-07 5.999501794576644897e-02 0.000000000000000000e+00 6.000000000000000000e+00 8.191000000000000000e+03 0.000000000000000000e+00 2.000000000000000000e+00 2.754600048065185547e+00
4.160000228881835938e+01 7.019041478633880615e-02 0.000000000000000000e+00 2.156109815132367657e-07 7.000455260276794434e-02 0.000000000000000000e+00 6.000000000000000000e+00 8.191000000000000000e+03 0.000000000000000000e+00 2.000000000000000000e+00 2.754799842834472656e+00
4.179999923706054688e+01 8.020632714033126831e-02 0.000000000000000000e+00 2.318932246225813287e-07 8.000158518552780151e-02 0.000000000000000000e+00 6.000000000000000000e+00 8.191000000000000000e+03 0.000000000000000000e+00 2.000000000000000000e+00 2.754799842834472656e+00
4.200000000000000000e+01 9.007167071104049683e-02 0.000000000000000000e+00 2.489193491328478558e-07 8.999861776828765869e-02 0.000000000000000000e+00 6.000000000000000000e+00 8.191000000000000000e+03 0.000000000000000000e+00 2.000000000000000000e+00 2.754799842834472656e+00
4.220000076293945312e+01 1.001211702823638916e-01 0.000000000000000000e+00 2.647258838806010317e-07 9.999565780162811279e-02 0.000000000000000000e+00 6.000000000000000000e+00 8.191000000000000000e+03 0.000000000000000000e+00 2.000000000000000000e+00 2.754799842834472656e+00
4.240000152587890625e+01 1.100015640258789062e-01 0.000000000000000000e+00 2.801715766054257983e-07 1.100051850080490112e-01 0.000000000000000000e+00 6.000000000000000000e+00 8.191000000000000000e+03 0.000000000000000000e+00 2.000000000000000000e+00 2.754799842834472656e+00
4.260000228881835938e+01 1.202271953225135803e-01 0.000000000000000000e+00 2.961178040550294099e-07 1.200022250413894653e-01 0.000000000000000000e+00 6.000000000000000000e+00 8.191000000000000000e+03 0.000000000000000000e+00 2.000000000000000000e+00 2.754199981689453125e+00
4.279999923706054688e+01 1.301806271076202393e-01 0.000000000000000000e+00 3.119428413356217789e-07 1.299992501735687256e-01 0.000000000000000000e+00 6.000000000000000000e+00 8.191000000000000000e+03 0.000000000000000000e+00 2.000000000000000000e+00 2.754199981689453125e+00
4.300000000000000000e+01 1.401364803314208984e-01 0.000000000000000000e+00 3.270472461736062542e-07 1.399962902069091797e-01 0.000000000000000000e+00 6.000000000000000000e+00 8.191000000000000000e+03 0.000000000000000000e+00 2.000000000000000000e+00 2.754199981689453125e+00
4.320000076293945312e+01 1.503233760595321655e-01 0.000000000000000000e+00 3.444992557888326701e-07 1.500058174133300781e-01 0.000000000000000000e+00 6.000000000000000000e+00 8.191000000000000000e+03 0.000000000000000000e+00 2.000000000000000000e+00 2.754199981689453125e+00
4.340000152587890625e+01 1.601421236991882324e-01 0.000000000000000000e+00 3.610361147821095074e-07 1.600028574466705322e-01 0.000000000000000000e+00 6.000000000000000000e+00 8.191000000000000000e+03 0.000000000000000000e+00 2.000000000000000000e+00 2.754199981689453125e+00
4.360000228881835938e+01 1.701810806989669800e-01 0.000000000000000000e+00 3.796864973537594778e-07 1.699998974800109863e-01 0.000000000000000000e+00 6.000000000000000000e+00 8.191000000000000000e+03 0.000000000000000000e+00 2.000000000000000000e+00 2.754699945449829102e+00
4.379999923706054688e+01 1.802103221416473389e-01 0.000000000000000000e+00 3.978759082201577257e-07 1.799969226121902466e-01 0.000000000000000000e+00 6.000000000000000000e+00 8.191000000000000000e+03 0.000000000000000000e+00 2.000000000000000000e+00 2.754699945449829102e+00
4.400000000000000000e+01 1.901204437017440796e-01 0.000000000000000000e+00 4.160711455369892064e-07 1.899939626455307007e-01 0.000000000000000000e+00 6.000000000000000000e+00 8.191000000000000000e+03 0.000000000000000000e+00 2.000000000000000000e+00 2.754699945449829102e+00
4.420000076293945312e+01 2.000976949930191040e-01 0.000000000000000000e+00 4.386176897241966799e-07 2.000034898519515991e-01 0.000000000000000000e+00 6.000000000000000000e+00 8.191000000000000000e+03 0.000000000000000000e+00 2.000000000000000000e+00 2.754699945449829102e+00
4.440000152587890625e+01 2.101665288209915161e-01 0.000000000000000000e+00 4.606798142958723474e-07 2.100005298852920532e-01 0.000000000000000000e+00 6.000000000000000000e+00 8.191000000000000000e+03 0.000000000000000000e+00 2.000000000000000000e+00 2.754699945449829102e+00
4.460000228881835938e+01 2.200967520475387573e-01 0.000000000000000000e+00 4.822165919904364273e-07 2.199975699186325073e-01 0.000000000000000000e+00 6.000000000000000000e+00 8.191000000000000000e+03 0.000000000000000000e+00 2.000000000000000000e+00 2.754099845886230469e+00
4.479999923706054688e+01 2.301176786422729492e-01 0.000000000000000000e+00 5.086035912427178118e-07 2.299945950508117676e-01 0.000000000000000000e+00 6.000000000000000000e+00 8.191000000000000000e+03 0.000000000000000000e+00 2.000000000000000000e+00 2.754099845886230469e+00
4.500000000000000000e+01 2.402420043945312500e-01 0.000000000000000000e+00 5.360362251849437598e-07 2.400041371583938599e-01 0.000000000000000000e+00 6.000000000000000000e+00 8.191000000000000000e+03 0.000000000000000000e+00 2.000000000000000000e+00 2.754099845886230469e+00
4.520000076293945312e+01 2.501572370529174805e-01 0.000000000000000000e+00 5.679763717125752009e-07 2.500011622905731201e-01 0.000000000000000000e+00 6.000000000000000000e+00 8.191000000000000000e+03 0.000000000000000000e+00 2.000000000000000000e+00 2.754099845886230469e+00
4.540000152587890625e+01 2.601323723793029785e-01 0.000000000000000000e+00 6.007673505337152164e-07 2.599982023239135742e-01 0.000000000000000000e+00 6.000000000000000000e+00 8.191000000000000000e+03 0.000000000000000000e+00 2.000000000000000000e+00 2.754099845886230469e+00
4.560000228881835938e+01 2.701121866703033447e-01 0.000000000000000000e+00 6.362360522871313151e-07 2.699952423572540283e-01 0.000000000000000000e+00 6.000000000000000000e+00 8.191000000000000000e+03 0.000000000000000000e+00 2.000000000000000000e+00 2.754299879074096680e+00
4.579999923706054688e+01 2.801993787288665771e-01 0.000000000000000000e+00 6.803143719480431173e-07 2.800047695636749268e-01 0.000000000000000000e+00 6.000000000000000000e+00 8.191000000000000000e+03 0.000000000000000000e+00 2.000000000000000000e+00 2.754299879074096680e+00
4.600000000000000000e+01 2.901515662670135498e-01 0.000000000000000000e+00 7.272441280292696320e-07 2.900017797946929932e-01 0.000000000000000000e+00 6.000000000000000000e+00 8.191000000000000000e+03 0.000000000000000000e+00 2.000000000000000000e+00 2.754299879074096680e+00
4.620000076293945312e+01 3.002643585205078125e-01 0.000000000000000000e+00 7.769608032504038420e-07 2.999988198280334473e-01 0.000000000000000000e+00 6.000000000000000000e+00 8.191000000000000000e+03 0.000000000000000000e+00 2.000000000000000000e+00 2.754299879074096680e+00
4.640000152587890625e+01 2.902248501777648926e-01 0.000000000000000000e+00 5.034961532146553509e-07 2.900017797946929932e-01 0.000000000000000000e+00 6.000000000000000000e+00 8.191000000000000000e+03 0.000000000000000000e+00 2.000000000000000000e+00 2.754299879074096680e+00
4.660000228881835938e+01 2.802673280239105225e-01 0.000000000000000000e+00 3.479193821931403363e-07 2.800047695636749268e-01 0.000000000000000000e+00 6.000000000000000000e+00 8.191000000000000000e+03 0.000000000000000000e+00 2.000000000000000000e+00 2.754600048065185547e+00
4.679999923706054688e+01 2.702341377735137939e-01 0.000000000000000000e+00 2.393526301602832973e-07 2.699952423572540283e-01 0.000000000000000000e+00 6.000000000000000000e+00 8.191000000000000000e+03 0.000000000000000000e+00 2.000000000000000000e+00 2.754600048065185547e+00
4.700000000000000000e+01 2.601324617862701416e-01 0.000000000000000000e+00 1.617353007077326765e-07 2.599982023239135742e-01 0.000000000000000000e+00 6.000000000000000000e+00 8.191000000000000000e+03 0.000000000000000000e+00 2.000000000000000000e+00 2.754600048065185547e+00
4.720000076293945312e+01 2.502343058586120605e-01 0.000000000000000000e+00 1.007560399557405617e-07 2.500011622905731201e-01 0.000000000000000000e+00 6.000000000000000000e+00 8.191000000000000000e+03 0.000000000000000000e+00 2.000000000000000000e+00 2.754600048065185547e+00
4.740000152587890625e+01 2.401760220527648926e-01 0.000000000000000000e+00 5.193195562469554716e-08 2.400041371583938599e-01 0.000000000000000000e+00 6.000000000000000000e+00 8.191000000000000000e+03 0.000000000000000000e+00 2.000000000000000000e+00 2.754600048065185547e+00
4.760000228881835938e+01 2.301979959011077881e-01 0.000000000000000000e+00 8.776059878812247916e-09 2.299945950508117676e-01 0.000000000000000000e+00 5.000000000000000000e+00 8.191000000000000000e+03 0.000000000000000000e+00 2.000000000000000000e+00 2.753999948501586914e+00
4.779999923706054688e+01 2.201899439096450806e-01 0.000000000000000000e+00 -2.492159012490446912e-08 2.199975699186325073e-01 0.000000000000000000e+00 5.000000000000000000e+00 8.191000000000000000e+03 0.000000000000000000e+00 2.000000000000000000e+00 2.753999948501586914e+00
4.800000000000000000e+01 2.102247923612594604e-01 0.000000000000000000e+00 -5.346756282165188168e-08 2.100005298852920532e-01 0.000000000000000000e+00 5.000000000000000000e+00 8.191000000000000000e+03 0.000000000000000000e+00 2.000000000000000000e+00 2.753999948501586914e+00
4.820000076293945312e+01 2.002514451742172241e-01 0.000000000000000000e+00 -7.838313820229814155e-08 2.000034898519515991e-01 0.000000000000000000e+00 5.000000000000000000e+00 8.191000000000000000e+03 0.000000000000000000e+00 2.000000000000000000e+00 2.753999948501586914e+00
4.840000152587890625e+01 1.902334094047546387e-01 0.000000000000000000e+00 -1.000766403080888267e-07 1.899939626455307007e-01 0.000000000000000000e+00 5.000000000000000000e+00 7.164000000000000000e+03 0.000000000000000000e+00 2.000000000000000000e+00 2.753999948501586914e+00
4.860000228881835938e+01 1.800372004508972168e-01 0.000000000000000000e+00 -1.171518775322510919e-07 1.799969226121902466e-01 0.000000000000000000e+00 6.000000000000000000e+00 8.191000000000000000e+03 0.000000000000000000e+00 2.000000000000000000e+00 2.754299879074096680e+00
4.879999923706054688e+01 1.701993346214294434e-01 0.000000000000000000e+00 -1.344720033102930756e-07 1.699998974800109863e-01 0.000000000000000000e+00 6.000000000000000000e+00 8.191000000000000000e+03 0.000000000000000000e+00 2.000000000000000000e+00 2.754299879074096680e+00
4.900000000000000000e+01 1.600276082754135132e-01 0.000000000000000000e+00 -1.513086260729323840e-07 1.600028574466705322e-01 0.000000000000000000e+00 6.000000000000000000e+00 8.191000000000000000e+03 0.000000000000000000e+00 2.000000000000000000e+00 2.754299879074096680e+00
4.920000076293945312e+01 1.501719951629638672e-01 0.000000000000000000e+00 -1.656959085494236206e-07 1.500058174133300781e-01 0.000000000000000000e+00 6.000000000000000000e+00 8.191000000000000000e+03 0.000000000000000000e+00 2.000000000000000000e+00 2.754299879074096680e+00
4.940000152587890625e+01 1.401586979627609253e-01 0.000000000000000000e+00 -1.804636866609143908e-07 1.399962902069091797e-01 0.000000000000000000e+00 6.000000000000000000e+00 8.191000000000000000e+03 0.000000000000000000e+00 2.000000000000000000e+00 2.754299879074096680e+00
4.960000228881835938e+01 1.300754100084304810e-01 0.000000000000000000e+00 -1.945788881130283698e-07 1.299992501735687256e-01 0.000000000000000000e+00 6.000000000000000000e+00 8.191000000000000000e+03 0.000000000000000000e+00 2.000000000000000000e+00 2.754600048065185547e+00
4.979999923706054688e+01 1.201028227806091309e-01 0.000000000000000000e+00 -2.079615768479925464e-07 1.200022250413894653e-01 0.000000000000000000e+00 6.000000000000000000e+00 8.191000000000000000e+03 0.000000000000000000e+00 2.000000000000000000e+00 2.754600048065185547e+00
5.000000000000000000e+01 1.101899892091751099e-01 0.000000000000000000e+00 -2.206266884741125978e-07 1.100051850080490112e-01 0.000000000000000000e+00 6.000000000000000000e+00 8.191000000000000000e+03 0.000000000000000000e+00 2.000000000000000000e+00 2.754600048065185547e+00
5.020000076293945312e+01 1.000916585326194763e-01 0.000000000000000000e+00 -2.358219433062913595e-07 9.999565780162811279e-02 0.000000000000000000e+00 6.000000000000000000e+00 8.191000000000000000e+03 0.000000000000000000e+00 2.000000000000000000e+00 2.754600048065185547e+00
5.040000152587890625e+01 9.010189026594161987e-02 0.000000000000000000e+00 -2.492987789537437493e-07 8.999861776828765869e-02 0.000000000000000000e+00 6.000000000000000000e+00 8.191000000000000000e+03 0.000000000000000000e+00 2.000000000000000000e+00 2.754600048065185547e+00
5.060000228881835938e+01 8.010859042406082153e-02 0.000000000000000000e+00 -2.630331437103450298e-07 8.000158518552780151e-02 0.000000000000000000e+00 6.000000000000000000e+00 8.191000000000000000e+03 0.000000000000000000e+00 2.000000000000000000e+00 2.754099845886230469e+00
5.079999923706054688e+01 7.030741870403289795e-02 0.000000000000000000e+00 -2.793669011680322001e-07 7.000455260276794434e-02 0.000000000000000000e+00 6.000000000000000000e+00 8.191000000000000000e+03 0.000000000000000000e+00 2.000000000000000000e+00 2.754099845886230469e+00
5.100000000000000000e+01 6.015728414058685303e-02 0.000000000000000000e+00 -2.961401435186417075e-07 5.999501794576644897e-02 0.000000000000000000e+00 6.000000000000000000e+00 8.191000000000000000e+03 0.000000000000000000e+00 2.000000000000000000e+00 2.754099845886230469e+00
5.120000076293945312e+01 5.018512159585952759e-02 0.000000000000000000e+00 -3.137876376513304422e-07 4.999798536300659180e-02 0.000000000000000000e+00 6.000000000000000000e+00 8.191000000000000000e+03 0.000000000000000000e+00 2.000000000000000000e+00 2.754099845886230469e+00
5.140000152587890625e+01 4.007719829678535461e-02 0.000000000000000000e+00 -3.327016031562379794e-07 4.000094905495643616e-02 0.000000000000000000e+00 6.000000000000000000e+00 8.191000000000000000e+03 0.000000000000000000e+00 2.000000000000000000e+00 2.754099845886230469e+00
5.160000228881835938e+01 3.021003305912017822e-02 0.000000000000000000e+00 -3.543680691109329928e-07 3.000391460955142975e-02 0.000000000000000000e+00 6.000000000000000000e+00 8.191000000000000000e+03 0.000000000000000000e+00 2.000000000000000000e+00 2.754600048065185547e+00
5.179999923706054688e+01 2.029365301132202148e-02 0.000000000000000000e+00 -3.791454616930423072e-07 1.999438367784023285e-02 0.000000000000000000e+00 6.000000000000000000e+00 8.191000000000000000e+03 0.000000000000000000e+00 2.000000000000000000e+00 2.754600048065185547e+00
5.200000000000000000e+01 1.023608446121215820e-02 0.000000000000000000e+00 -4.054121518493047915e-07 9.997349232435226440e-03 0.000000000000000000e+00 6.000000000000000000e+00 8.191000000000000000e+03 0.000000000000000000e+00 2.000000000000000000e+00 2.754600048065185547e+00
5.220000076293945312e+01 3.201595682185143232e-04 0.000000000000000000e+00 -4.353497615738888271e-07 3.129243850708007812e-07 0.000000000000000000e+00 6.000000000000000000e+00 8.191000000000000000e+03 0.000000000000000000e+00 2.000000000000000000e+00 2.754600048065185547e+00
5.240000152587890625e+01 -9.809175506234169006e-03 0.000000000000000000e+00 -4.714266879091155715e-07 -9.996719658374786377e-03 0.000000000000000000e+00 6.000000000000000000e+00 8.191000000000000000e+03 0.000000000000000000e+00 2.000000000000000000e+00 2.754600048065185547e+00
5.260000228881835938e+01 -1.991162821650505066e-02 0.000000000000000000e+00 -5.099749955661536660e-07 -1.999375596642494202e-02 0.000000000000000000e+00 6.000000000000000000e+00 6.143000000000000000e+03 0.000000000000000000e+00 2.000000000000000000e+00 2.754499912261962891e+00
5.279999923706054688e+01 -2.991049550473690033e-02 0.000000000000000000e+00 -5.548051262849185150e-07 -3.000328317284584045e-02 0.000000000000000000e+00 6.000000000000000000e+00 8.191000000000000000e+03 0.000000000000000000e+00 2.000000000000000000e+00 2.754499912261962891e+00
5.300000000000000000e+01 -3.998875617980957031e-02 0.000000000000000000e+00 -6.028604957464267500e-07 -4.000032320618629456e-02 0.000000000000000000e+00 6.000000000000000000e+00 8.191000000000000000e+03 0.000000000000000000e+00 2.000000000000000000e+00 2.754499912261962891e+00
5.320000076293945312e+01 -4.977593198418617249e-02 0.000000000000000000e+00 -6.570512027792574372e-07 -4.999735578894615173e-02 0.000000000000000000e+00 6.000000000000000000e+00 8.191000000000000000e+03 0.000000000000000000e+00 2.000000000000000000e+00 2.754499912261962891e+00
5.340000152587890625e+01 -5.978417396545410156e-02 0.000000000000000000e+00 -7.154488343985576648e-07 -5.999438837170600891e-02 0.000000000000000000e+00 6.000000000000000000e+00 8.191000000000000000e+03 0.000000000000000000e+00 2.000000000000000000e+00 2.754499912261962891e+00
5.360000228881835938e+01 -6.991279870271682739e-02 0.000000000000000000e+00 -7.789533924551506061e-07 -7.000392675399780273e-02 0.000000000000000000e+00 6.000000000000000000e+00 8.191000000000000000e+03 0.000000000000000000e+00 2.000000000000000000e+00 2.754199981689453125e+00
5.379999923706054688e+01 -7.984619587659835815e-02 0.000000000000000000e+00 -8.475633421767270193e-07 -8.000095188617706299e-02 0.000000000000000000e+00 6.000000000000000000e+00 8.191000000000000000e+03 0.000000000000000000e+00 2.000000000000000000e+00 2.754199981689453125e+00
5.400000000000000000e+01 -8.985719829797744751e-02 0.000000000000000000e+00 -9.256891075892781373e-07 -8.999799191951751709e-02 0.000000000000000000e+00 6.000000000000000000e+00 8.191000000000000000e+03 0.000000000000000000e+00 2.000000000000000000e+00 2.754199981689453125e+00
5.420000076293945312e+01 -9.976295381784439087e-02 0.000000000000000000e+00 -1.008922481560148299e-06 -9.999501705169677734e-02 0.000000000000000000e+00 7.000000000000000000e+00 8.191000000000000000e+03 0.000000000000000000e+00 2.000000000000000000e+00 2.754199981689453125e+00
5.440000152587890625e+01 -1.098681390285491943e-01 0.000000000000000000e+00 -1.102893065763055347e-06 -1.100045591592788696e-01 0.000000000000000000e+00 7.000000000000000000e+00 8.191000000000000000e+03 0.000000000000000000e+00 2.000000000000000000e+00 2.754199981689453125e+00
5.460000228881835938e+01 -1.198163703083992004e-01 0.000000000000000000e+00 -1.211221160701825283e-06 -1.200015842914581299e-01 0.000000000000000000e+00 7.000000000000000000e+00 8.191000000000000000e+03 0.000000000000000000e+00 2.000000000000000000e+00 2.754400014877319336e+00
5.479999923706054688e+01 -1.298468708992004395e-01 0.000000000000000000e+00 -1.331027988271671347e-06 -1.299986243247985840e-01 0.000000000000000000e+00 7.000000000000000000e+00 8.191000000000000000e+03 0.000000000000000000e+00 2.000000000000000000e+00 2.754400014877319336e+00
5.500000000000000000e+01 -1.399570852518081665e-01 0.000000000000000000e+00 -1.465915715925802942e-06 -1.399956643581390381e-01 0.000000000000000000e+00 7.000000000000000000e+00 8.191000000000000000e+03 0.000000000000000000e+00 2.000000000000000000e+00 2.754400014877319336e+00
5.520000076293945312e+01 -1.500056385993957520e-01 0.000000000000000000e+00 -1.619688305254385341e-06 -1.500051915645599365e-01 0.000000000000000000e+00 7.000000000000000000e+00 8.191000000000000000e+03 0.000000000000000000e+00 2.000000000000000000e+00 2.754400014877319336e+00
5.540000152587890625e+01 -1.598545461893081665e-01 0.000000000000000000e+00 -1.788561462490179110e-06 -1.600022166967391968e-01 0.000000000000000000e+00 7.000000000000000000e+00 8.191000000000000000e+03 0.000000000000000000e+00 2.000000000000000000e+00 2.754400014877319336e+00
5.560000228881835938e+01 -1.698200404644012451e-01 0.000000000000000000e+00 -1.976764451683266088e-06 -1.699992567300796509e-01 0.000000000000000000e+00 7.000000000000000000e+00 8.191000000000000000e+03 0.000000000000000000e+00 2.000000000000000000e+00 2.754099845886230469e+00
5.579999923706054688e+01 -1.799623072147369385e-01 0.000000000000000000e+00 -2.188552343795890920e-06 -1.799962967634201050e-01 0.000000000000000000e+00 7.000000000000000000e+00 8.191000000000000000e+03 0.000000000000000000e+00 2.000000000000000000e+00 2.754099845886230469e+00
5.600000000000000000e+01 -1.898741126060485840e-01 0.000000000000000000e+00 -2.421297267574118450e-06 -1.900058239698410034e-01 0.000000000000000000e+00 7.000000000000000000e+00 8.191000000000000000e+03 0.000000000000000000e+00 2.000000000000000000e+00 2.754099845886230469e+00
5.620000076293945312e+01 -1.998582631349563599e-01 0.000000000000000000e+00 -2.682970489331637509e-06 -2.000028640031814575e-01 0.000000000000000000e+00 7.000000000000000000e+00 8.191000000000000000e+03 0.000000000000000000e+00 2.000000000000000000e+00 2.754099845886230469e+00
5.640000152587890625e+01 -1.999317407608032227e-01 0.000000000000000000e+00 -2.595314526843139902e-06 -2.000028640031814575e-01 0.000000000000000000e+00 7.000000000000000000e+00 8.191000000000000000e+03 0.000000000000000000e+00 3.000000000000000000e+00 2.754099845886230469e+00
