5.000000000000000000e-01 3.117226005997508764e-04 3.117226005997508764e-04 0.000000000000000000e+00 0.000000000000000000e+00 8.191000000000000000e+03 0.000000000000000000e+00 2.754899978637695312e+00
1.000000000000000000e+00 3.086090437136590481e-04 1.487400732003152370e-04 0.000000000000000000e+00 0.000000000000000000e+00 8.191000000000000000e+03 0.000000000000000000e+00 2.754899978637695312e+00
1.500000000000000000e+00 2.920843544416129589e-04 1.300612348131835461e-04 0.000000000000000000e+00 0.000000000000000000e+00 8.191000000000000000e+03 0.000000000000000000e+00 2.754899978637695312e+00
2.000000000000000000e+00 2.541837748140096664e-04 1.238356344401836395e-04 0.000000000000000000e+00 0.000000000000000000e+00 8.191000000000000000e+03 0.000000000000000000e+00 2.754899978637695312e+00
2.500000000000000000e+00 2.041860716417431831e-04 1.250753994099795818e-04 0.000000000000000000e+00 0.000000000000000000e+00 8.191000000000000000e+03 0.000000000000000000e+00 2.755100011825561523e+00
3.000000000000000000e+00 1.612995547475293279e-04 1.244384911842644215e-04 0.000000000000000000e+00 0.000000000000000000e+00 8.191000000000000000e+03 0.000000000000000000e+00 2.755100011825561523e+00
3.500000000000000000e+00 1.357427827315405011e-04 1.248738844878971577e-04 0.000000000000000000e+00 0.000000000000000000e+00 8.191000000000000000e+03 0.000000000000000000e+00 2.755199909210205078e+00
4.000000000000000000e+00 1.251757203135639429e-04 1.239207922481000423e-04 0.000000000000000000e+00 0.000000000000000000e+00 8.191000000000000000e+03 0.000000000000000000e+00 2.755199909210205078e+00
4.500000000000000000e+00 1.227234606631100178e-04 1.240413112100213766e-04 0.000000000000000000e+00 0.000000000000000000e+00 8.191000000000000000e+03 0.000000000000000000e+00 2.755199909210205078e+00
5.000000000000000000e+00 1.230330817634239793e-04 1.237909018527716398e-04 0.000000000000000000e+00 0.000000000000000000e+00 8.191000000000000000e+03 0.000000000000000000e+00 2.755199909210205078e+00
5.500000000000000000e+00 1.236175448866561055e-04 1.234062656294554472e-04 0.000000000000000000e+00 0.000000000000000000e+00 8.191000000000000000e+03 0.000000000000000000e+00 2.755199909210205078e+00
6.000000000000000000e+00 1.238542608916759491e-04 1.239498378708958626e-04 0.000000000000000000e+00 0.000000000000000000e+00 8.191000000000000000e+03 0.000000000000000000e+00 2.755199909210205078e+00
6.500000000000000000e+00 1.238457043655216694e-04 1.240056008100509644e-04 0.000000000000000000e+00 0.000000000000000000e+00 8.191000000000000000e+03 0.000000000000000000e+00 2.755199909210205078e+00
7.000000000000000000e+00 1.237967517226934433e-04 1.233023940585553646e-04 0.000000000000000000e+00 0.000000000000000000e+00 8.191000000000000000e+03 0.000000000000000000e+00 2.755199909210205078e+00
7.500000000000000000e+00 1.237610122188925743e-04 1.233603688888251781e-04 0.000000000000000000e+00 0.000000000000000000e+00 8.191000000000000000e+03 0.000000000000000000e+00 2.755199909210205078e+00
8.000000000000000000e+00 1.236871612491086125e-04 1.236244861502200365e-04 0.000000000000000000e+00 0.000000000000000000e+00 8.191000000000000000e+03 0.000000000000000000e+00 2.755199909210205078e+00
8.500000000000000000e+00 1.235818199347704649e-04 1.232975919265300035e-04 0.000000000000000000e+00 0.000000000000000000e+00 8.191000000000000000e+03 0.000000000000000000e+00 2.755199909210205078e+00
9.000000000000000000e+00 1.235004019690677524e-04 1.235540257766842842e-04 0.000000000000000000e+00 0.000000000000000000e+00 8.191000000000000000e+03 0.000000000000000000e+00 2.755199909210205078e+00
9.500000000000000000e+00 1.234631490660831332e-04 1.235483505297452211e-04 0.000000000000000000e+00 0.000000000000000000e+00 8.191000000000000000e+03 0.000000000000000000e+00 2.755199909210205078e+00
1.000000000000000000e+01 1.234544470207765698e-04 1.230530033353716135e-04 0.000000000000000000e+00 0.000000000000000000e+00 8.191000000000000000e+03 0.000000000000000000e+00 2.755199909210205078e+00
1.050000000000000000e+01 1.234354131156578660e-04 1.232773647643625736e-04 0.000000000000000000e+00 0.000000000000000000e+00 8.191000000000000000e+03 0.000000000000000000e+00 2.755199909210205078e+00
1.100000000000000000e+01 1.233751827385276556e-04 1.231083006132394075e-04 0.000000000000000000e+00 0.000000000000000000e+00 8.191000000000000000e+03 0.000000000000000000e+00 2.755199909210205078e+00
1.150000000000000000e+01 1.232873764820396900e-04 1.229752379003912210e-04 0.000000000000000000e+00 0.000000000000000000e+00 8.191000000000000000e+03 0.000000000000000000e+00 2.755199909210205078e+00
1.200000000000000000e+01 1.231915957760065794e-04 1.226925523951649666e-04 0.000000000000000000e+00 0.000000000000000000e+00 8.191000000000000000e+03 0.000000000000000000e+00 2.755199909210205078e+00
1.250000000000000000e+01 1.230763300554826856e-04 1.225529995281249285e-04 0.000000000000000000e+00 0.000000000000000000e+00 8.191000000000000000e+03 0.000000000000000000e+00 2.755199909210205078e+00
1.300000000000000000e+01 1.229364133905619383e-04 1.228484907187521458e-04 0.000000000000000000e+00 0.000000000000000000e+00 8.191000000000000000e+03 0.000000000000000000e+00 2.755199909210205078e+00
1.350000000000000000e+01 1.228127803187817335e-04 1.228767214342951775e-04 0.000000000000000000e+00 0.000000000000000000e+00 8.191000000000000000e+03 0.000000000000000000e+00 2.755199909210205078e+00
1.400000000000000000e+01 1.227614993695169687e-04 1.230362977366894484e-04 0.000000000000000000e+00 0.000000000000000000e+00 8.191000000000000000e+03 0.000000000000000000e+00 2.755199909210205078e+00
1.450000000000000000e+01 1.228048349730670452e-04 1.235935778822749853e-04 0.000000000000000000e+00 0.000000000000000000e+00 8.191000000000000000e+03 0.000000000000000000e+00 2.755199909210205078e+00
1.500000000000000000e+01 1.229550543939694762e-04 1.243890728801488876e-04 0.000000000000000000e+00 0.000000000000000000e+00 8.191000000000000000e+03 0.000000000000000000e+00 2.755199909210205078e+00
