5.000000000000000000e-01 -6.061028689146041870e-02 -6.061028689146041870e-02 0.000000000000000000e+00 0.000000000000000000e+00 8.191000000000000000e+03 0.000000000000000000e+00 2.757200002670288086e+00
1.000000000000000000e+00 -6.059321761131286621e-02 -5.971715226769447327e-02 0.000000000000000000e+00 0.000000000000000000e+00 8.191000000000000000e+03 0.000000000000000000e+00 2.757200002670288086e+00
1.500000000000000000e+00 -6.049345061182975769e-02 -5.913256853818893433e-02 0.000000000000000000e+00 0.000000000000000000e+00 8.191000000000000000e+03 0.000000000000000000e+00 2.757200002670288086e+00
2.000000000000000000e+00 -6.022910401225090027e-02 -5.863706022500991821e-02 0.000000000000000000e+00 0.000000000000000000e+00 8.191000000000000000e+03 0.000000000000000000e+00 2.757099866867065430e+00
2.500000000000000000e+00 -5.979546904563903809e-02 -5.824708566069602966e-02 0.000000000000000000e+00 0.000000000000000000e+00 8.191000000000000000e+03 0.000000000000000000e+00 2.757099866867065430e+00
3.000000000000000000e+00 -5.927761644124984741e-02 -5.783631280064582825e-02 0.000000000000000000e+00 0.000000000000000000e+00 8.191000000000000000e+03 0.000000000000000000e+00 2.757200002670288086e+00
3.500000000000000000e+00 -5.876782909035682678e-02 -5.753125995397567749e-02 0.000000000000000000e+00 0.000000000000000000e+00 8.191000000000000000e+03 0.000000000000000000e+00 2.757200002670288086e+00
4.000000000000000000e+00 -5.831187963485717773e-02 -5.723372101783752441e-02 0.000000000000000000e+00 0.000000000000000000e+00 8.191000000000000000e+03 0.000000000000000000e+00 2.757200002670288086e+00
4.500000000000000000e+00 -5.791907012462615967e-02 -5.705631896853446960e-02 0.000000000000000000e+00 0.000000000000000000e+00 8.191000000000000000e+03 0.000000000000000000e+00 2.757200002670288086e+00
5.000000000000000000e+00 -5.758691206574440002e-02 -5.685458332300186157e-02 0.000000000000000000e+00 0.000000000000000000e+00 8.191000000000000000e+03 0.000000000000000000e+00 2.757200002670288086e+00
5.500000000000000000e+00 -5.730978399515151978e-02 -5.665675923228263855e-02 0.000000000000000000e+00 0.000000000000000000e+00 8.191000000000000000e+03 0.000000000000000000e+00 2.757200002670288086e+00
6.000000000000000000e+00 -5.707687139511108398e-02 -5.653116479516029358e-02 0.000000000000000000e+00 0.000000000000000000e+00 8.191000000000000000e+03 0.000000000000000000e+00 2.757200002670288086e+00
6.500000000000000000e+00 -5.687365680932998657e-02 -5.625719204545021057e-02 0.000000000000000000e+00 0.000000000000000000e+00 8.191000000000000000e+03 0.000000000000000000e+00 2.757200002670288086e+00
7.000000000000000000e+00 -5.668470636010169983e-02 -5.611609667539596558e-02 0.000000000000000000e+00 0.000000000000000000e+00 8.191000000000000000e+03 0.000000000000000000e+00 2.757200002670288086e+00
7.500000000000000000e+00 -5.649833008646965027e-02 -5.595476552844047546e-02 0.000000000000000000e+00 0.000000000000000000e+00 8.191000000000000000e+03 0.000000000000000000e+00 2.757200002670288086e+00
8.000000000000000000e+00 -5.631342530250549316e-02 -5.577759072184562683e-02 0.000000000000000000e+00 0.000000000000000000e+00 8.191000000000000000e+03 0.000000000000000000e+00 2.757200002670288086e+00
8.500000000000000000e+00 -5.613537132740020752e-02 -5.565903708338737488e-02 0.000000000000000000e+00 0.000000000000000000e+00 8.191000000000000000e+03 0.000000000000000000e+00 2.757200002670288086e+00
9.000000000000000000e+00 -5.596734583377838135e-02 -5.548850074410438538e-02 0.000000000000000000e+00 0.000000000000000000e+00 8.191000000000000000e+03 0.000000000000000000e+00 2.757200002670288086e+00
9.500000000000000000e+00 -5.580884218215942383e-02 -5.535469576716423035e-02 0.000000000000000000e+00 0.000000000000000000e+00 8.191000000000000000e+03 0.000000000000000000e+00 2.757200002670288086e+00
1.000000000000000000e+01 -5.565823987126350403e-02 -5.526759847998619080e-02 0.000000000000000000e+00 0.000000000000000000e+00 8.191000000000000000e+03 0.000000000000000000e+00 2.757200002670288086e+00
1.050000000000000000e+01 -5.551701411604881287e-02 -5.516019463539123535e-02 0.000000000000000000e+00 0.000000000000000000e+00 8.191000000000000000e+03 0.000000000000000000e+00 2.757200002670288086e+00
1.100000000000000000e+01 -5.538817495107650757e-02 -5.501604452729225159e-02 0.000000000000000000e+00 0.000000000000000000e+00 8.191000000000000000e+03 0.000000000000000000e+00 2.757200002670288086e+00
1.150000000000000000e+01 -5.526885390281677246e-02 -5.489993840456008911e-02 0.000000000000000000e+00 0.000000000000000000e+00 8.191000000000000000e+03 0.000000000000000000e+00 2.757200002670288086e+00
1.200000000000000000e+01 -5.514948070049285889e-02 -5.467586219310760498e-02 0.000000000000000000e+00 0.000000000000000000e+00 8.191000000000000000e+03 0.000000000000000000e+00 2.757200002670288086e+00
1.250000000000000000e+01 -5.502201244235038757e-02 -5.468347296118736267e-02 0.000000000000000000e+00 0.000000000000000000e+00 8.191000000000000000e+03 0.000000000000000000e+00 2.757200002670288086e+00
1.300000000000000000e+01 -5.489075556397438049e-02 -5.456825345754623413e-02 0.000000000000000000e+00 0.000000000000000000e+00 8.191000000000000000e+03 0.000000000000000000e+00 2.757200002670288086e+00
1.350000000000000000e+01 -5.476987361907958984e-02 -5.447148904204368591e-02 0.000000000000000000e+00 0.000000000000000000e+00 8.191000000000000000e+03 0.000000000000000000e+00 2.757200002670288086e+00
1.400000000000000000e+01 -5.466488748788833618e-02 -5.434946343302726746e-02 0.000000000000000000e+00 0.000000000000000000e+00 8.191000000000000000e+03 0.000000000000000000e+00 2.757200002670288086e+00
1.450000000000000000e+01 -5.456691235303878784e-02 -5.423258244991302490e-02 0.000000000000000000e+00 0.000000000000000000e+00 8.191000000000000000e+03 0.000000000000000000e+00 2.757200002670288086e+00
1.500000000000000000e+01 -5.446372553706169128e-02 -5.402910336852073669e-02 0.000000000000000000e+00 0.000000000000000000e+00 8.191000000000000000e+03 0.000000000000000000e+00 2.757099866867065430e+00
