2.000000029802322388e-01 2.281009801663458347e-05 0.000000000000000000e+00 -2.196113513264208450e-07 3.129243850708007812e-07 0.000000000000000000e+00 6.000000000000000000e+00 8.191000000000000000e+03 0.000000000000000000e+00 0.000000000000000000e+00 2.757099866867065430e+00
4.000000059604644775e-01 1.000676024705171585e-02 0.000000000000000000e+00 -1.316118982686020900e-07 9.997349232435226440e-03 0.000000000000000000e+00 6.000000000000000000e+00 8.191000000000000000e+03 0.000000000000000000e+00 0.000000000000000000e+00 2.757099866867065430e+00
6.000000238418579102e-01 2.001888304948806763e-02 0.000000000000000000e+00 -8.568803622210907633e-08 1.999438367784023285e-02 0.000000000000000000e+00 6.000000000000000000e+00 8.191000000000000000e+03 0.000000000000000000e+00 0.000000000000000000e+00 2.757099866867065430e+00
8.000000119209289551e-01 2.973363548517227173e-02 0.000000000000000000e+00 -5.382382894936199591e-08 3.000391460955142975e-02 0.000000000000000000e+00 6.000000000000000000e+00 6.143000000000000000e+03 0.000000000000000000e+00 0.000000000000000000e+00 2.757099866867065430e+00
1.000000000000000000e+00 4.004002735018730164e-02 0.000000000000000000e+00 -2.175931079761994624e-08 4.000094905495643616e-02 0.000000000000000000e+00 5.000000000000000000e+00 8.191000000000000000e+03 0.000000000000000000e+00 0.000000000000000000e+00 2.757099866867065430e+00
1.200000047683715820e+00 5.000519379973411560e-02 0.000000000000000000e+00 8.591745648267590241e-10 4.999798536300659180e-02 0.000000000000000000e+00 5.000000000000000000e+00 8.191000000000000000e+03 0.000000000000000000e+00 0.000000000000000000e+00 2.756834030151367188e+00
1.399999976158142090e+00 6.012763828039169312e-02 0.000000000000000000e+00 1.093948842623149176e-08 5.999501794576644897e-02 0.000000000000000000e+00 4.000000000000000000e+00 6.908000000000000000e+03 0.000000000000000000e+00 0.000000000000000000e+00 2.756299972534179688e+00
1.600000023841857910e+00 6.999783217906951904e-02 0.000000000000000000e+00 1.093948842623149176e-08 7.000455260276794434e-02 0.000000000000000000e+00 4.000000000000000000e+00 6.908000000000000000e+03 0.000000000000000000e+00 0.000000000000000000e+00 2.756299972534179688e+00
1.800000071525573730e+00 8.000731468200683594e-02 0.000000000000000000e+00 1.093948842623149176e-08 8.000158518552780151e-02 0.000000000000000000e+00 4.000000000000000000e+00 7.164000000000000000e+03 0.000000000000000000e+00 0.000000000000000000e+00 2.756299972534179688e+00
2.000000000000000000e+00 9.001433849334716797e-02 0.000000000000000000e+00 1.091717081180831883e-07 8.999861776828765869e-02 0.000000000000000000e+00 5.000000000000000000e+00 7.164000000000000000e+03 0.000000000000000000e+00 0.000000000000000000e+00 2.756299972534179688e+00
2.200000047683715820e+00 1.000302731990814209e-01 0.000000000000000000e+00 1.710736654558786540e-07 9.999565780162811279e-02 0.000000000000000000e+00 6.000000000000000000e+00 8.191000000000000000e+03 0.000000000000000000e+00 0.000000000000000000e+00 2.756333112716674805e+00
2.400000095367431641e+00 1.100219562649726868e-01 0.000000000000000000e+00 2.421577960376453120e-07 1.100051850080490112e-01 0.000000000000000000e+00 6.000000000000000000e+00 8.191000000000000000e+03 0.000000000000000000e+00 0.000000000000000000e+00 2.756399869918823242e+00
2.600000143051147461e+00 1.200308725237846375e-01 0.000000000000000000e+00 3.428457091558811953e-07 1.200022250413894653e-01 0.000000000000000000e+00 6.000000000000000000e+00 8.191000000000000000e+03 0.000000000000000000e+00 0.000000000000000000e+00 2.756399869918823242e+00
2.799999952316284180e+00 1.299965083599090576e-01 0.000000000000000000e+00 4.824265147362893913e-07 1.299992501735687256e-01 0.000000000000000000e+00 6.000000000000000000e+00 8.191000000000000000e+03 0.000000000000000000e+00 0.000000000000000000e+00 2.756399869918823242e+00
3.000000000000000000e+00 1.399678736925125122e-01 0.000000000000000000e+00 6.765742455172585323e-07 1.399962902069091797e-01 0.000000000000000000e+00 6.000000000000000000e+00 8.191000000000000000e+03 0.000000000000000000e+00 0.000000000000000000e+00 2.756399869918823242e+00
3.200000047683715820e+00 1.500441133975982666e-01 0.000000000000000000e+00 9.496444022261130158e-07 1.500058174133300781e-01 0.000000000000000000e+00 6.000000000000000000e+00 8.191000000000000000e+03 0.000000000000000000e+00 0.000000000000000000e+00 2.756366729736328125e+00
3.400000095367431641e+00 1.600341498851776123e-01 0.000000000000000000e+00 1.318523231930157635e-06 1.600028574466705322e-01 0.000000000000000000e+00 7.000000000000000000e+00 8.191000000000000000e+03 0.000000000000000000e+00 0.000000000000000000e+00 2.756299972534179688e+00
3.600000143051147461e+00 1.699860990047454834e-01 0.000000000000000000e+00 1.830452902140677907e-06 1.699998974800109863e-01 0.000000000000000000e+00 7.000000000000000000e+00 8.191000000000000000e+03 0.000000000000000000e+00 0.000000000000000000e+00 2.756299972534179688e+00
3.799999952316284180e+00 1.800484508275985718e-01 0.000000000000000000e+00 2.486383891664445400e-06 1.799969226121902466e-01 0.000000000000000000e+00 7.000000000000000000e+00 8.191000000000000000e+03 0.000000000000000000e+00 0.000000000000000000e+00 2.756299972534179688e+00
4.000000000000000000e+00 1.900095343589782715e-01 0.000000000000000000e+00 3.305151039967313409e-06 1.899939626455307007e-01 0.000000000000000000e+00 7.000000000000000000e+00 8.191000000000000000e+03 0.000000000000000000e+00 0.000000000000000000e+00 2.756299972534179688e+00
4.200000286102294922e+00 2.000184655189514160e-01 0.000000000000000000e+00 4.289163371140602976e-06 2.000034898519515991e-01 0.000000000000000000e+00 7.000000000000000000e+00 8.191000000000000000e+03 0.000000000000000000e+00 0.000000000000000000e+00 2.756299972534179688e+00
4.400000095367431641e+00 2.100486606359481812e-01 0.000000000000000000e+00 5.368464371713344008e-06 2.100005298852920532e-01 0.000000000000000000e+00 7.000000000000000000e+00 8.191000000000000000e+03 0.000000000000000000e+00 0.000000000000000000e+00 2.756299972534179688e+00
4.599999904632568359e+00 2.200247049331665039e-01 0.000000000000000000e+00 6.479280273197218776e-06 2.199975699186325073e-01 0.000000000000000000e+00 7.000000000000000000e+00 8.191000000000000000e+03 0.000000000000000000e+00 0.000000000000000000e+00 2.756299972534179688e+00
4.800000190734863281e+00 2.300494909286499023e-01 0.000000000000000000e+00 7.511953754146816209e-06 2.299945950508117676e-01 0.000000000000000000e+00 7.000000000000000000e+00 8.191000000000000000e+03 0.000000000000000000e+00 0.000000000000000000e+00 2.756299972534179688e+00
5.000000000000000000e+00 2.400189489126205444e-01 0.000000000000000000e+00 8.377302037843037397e-06 2.400041371583938599e-01 0.000000000000000000e+00 7.000000000000000000e+00 8.191000000000000000e+03 0.000000000000000000e+00 0.000000000000000000e+00 2.756299972534179688e+00
5.200000286102294922e+00 2.500683069229125977e-01 0.000000000000000000e+00 8.989338311948813498e-06 2.500011622905731201e-01 0.000000000000000000e+00 7.000000000000000000e+00 8.191000000000000000e+03 0.000000000000000000e+00 0.000000000000000000e+00 2.756299972534179688e+00
5.400000095367431641e+00 2.599915862083435059e-01 0.000000000000000000e+00 9.341724762634839863e-06 2.599982023239135742e-01 0.000000000000000000e+00 8.000000000000000000e+00 8.191000000000000000e+03 0.000000000000000000e+00 0.000000000000000000e+00 2.756299972534179688e+00
5.599999904632568359e+00 2.699912488460540771e-01 0.000000000000000000e+00 9.443679118703585118e-06 2.699952423572540283e-01 0.000000000000000000e+00 8.000000000000000000e+00 8.191000000000000000e+03 0.000000000000000000e+00 0.000000000000000000e+00 2.756299972534179688e+00
5.800000190734863281e+00 2.800819277763366699e-01 0.000000000000000000e+00 9.348827006760984659e-06 2.800047695636749268e-01 0.000000000000000000e+00 8.000000000000000000e+00 8.191000000000000000e+03 0.000000000000000000e+00 0.000000000000000000e+00 2.756299972534179688e+00
6.000000000000000000e+00 2.899960279464721680e-01 0.000000000000000000e+00 9.122798473981674761e-06 2.900017797946929932e-01 0.000000000000000000e+00 8.000000000000000000e+00 8.191000000000000000e+03 0.000000000000000000e+00 0.000000000000000000e+00 2.756299972534179688e+00
6.200000286102294922e+00 3.000274598598480225e-01 0.000000000000000000e+00 8.863882612786255777e-06 2.999988198280334473e-01 0.000000000000000000e+00 8.000000000000000000e+00 8.191000000000000000e+03 0.000000000000000000e+00 0.000000000000000000e+00 2.756333112716674805e+00
6.400000095367431641e+00 2.900410294532775879e-01 0.000000000000000000e+00 7.184941296145552769e-06 2.900017797946929932e-01 0.000000000000000000e+00 8.000000000000000000e+00 8.191000000000000000e+03 0.000000000000000000e+00 0.000000000000000000e+00 2.756399869918823242e+00
6.599999904632568359e+00 2.800468802452087402e-01 0.000000000000000000e+00 5.931854957452742383e-06 2.800047695636749268e-01 0.000000000000000000e+00 7.000000000000000000e+00 8.191000000000000000e+03 0.000000000000000000e+00 0.000000000000000000e+00 2.756399869918823242e+00
6.800000190734863281e+00 2.699870467185974121e-01 0.000000000000000000e+00 4.723638994619250298e-06 2.699952423572540283e-01 0.000000000000000000e+00 7.000000000000000000e+00 8.191000000000000000e+03 0.000000000000000000e+00 0.000000000000000000e+00 2.756399869918823242e+00
7.000000000000000000e+00 2.599883973598480225e-01 0.000000000000000000e+00 3.467106125754071400e-06 2.599982023239135742e-01 0.000000000000000000e+00 7.000000000000000000e+00 8.191000000000000000e+03 0.000000000000000000e+00 0.000000000000000000e+00 2.756399869918823242e+00
7.200000286102294922e+00 2.500388324260711670e-01 0.000000000000000000e+00 2.145714006474008784e-06 2.500011622905731201e-01 0.000000000000000000e+00 7.000000000000000000e+00 8.191000000000000000e+03 0.000000000000000000e+00 0.000000000000000000e+00 2.756266832351684570e+00
7.400000095367431641e+00 2.399899959564208984e-01 0.000000000000000000e+00 7.745672405690129381e-07 2.400041371583938599e-01 0.000000000000000000e+00 7.000000000000000000e+00 8.191000000000000000e+03 0.000000000000000000e+00 0.000000000000000000e+00 2.756000041961669922e+00
7.599999904632568359e+00 2.300274521112442017e-01 0.000000000000000000e+00 -5.898060635445290245e-07 2.299945950508117676e-01 0.000000000000000000e+00 6.000000000000000000e+00 8.191000000000000000e+03 0.000000000000000000e+00 0.000000000000000000e+00 2.756000041961669922e+00
7.800000190734863281e+00 2.199902981519699097e-01 0.000000000000000000e+00 -1.093766627491277177e-06 2.199975699186325073e-01 0.000000000000000000e+00 6.000000000000000000e+00 7.164000000000000000e+03 0.000000000000000000e+00 0.000000000000000000e+00 2.756000041961669922e+00
8.000000000000000000e+00 2.100488841533660889e-01 0.000000000000000000e+00 -2.846445340765058063e-06 2.100005298852920532e-01 0.000000000000000000e+00 7.000000000000000000e+00 8.191000000000000000e+03 0.000000000000000000e+00 0.000000000000000000e+00 2.756000041961669922e+00
8.199999809265136719e+00 2.000696063041687012e-01 0.000000000000000000e+00 -3.606727659644093364e-06 2.000034898519515991e-01 0.000000000000000000e+00 7.000000000000000000e+00 8.191000000000000000e+03 0.000000000000000000e+00 0.000000000000000000e+00 2.756000041961669922e+00
8.400000572204589844e+00 1.900236606597900391e-01 0.000000000000000000e+00 -4.052060376125155017e-06 1.899939626455307007e-01 0.000000000000000000e+00 7.000000000000000000e+00 8.191000000000000000e+03 0.000000000000000000e+00 0.000000000000000000e+00 2.756000041961669922e+00
8.600000381469726562e+00 1.800276190042495728e-01 0.000000000000000000e+00 -4.222434199618874118e-06 1.799969226121902466e-01 0.000000000000000000e+00 7.000000000000000000e+00 8.191000000000000000e+03 0.000000000000000000e+00 0.000000000000000000e+00 2.756000041961669922e+00
8.800000190734863281e+00 1.700648516416549683e-01 0.000000000000000000e+00 -4.177882146905176342e-06 1.699998974800109863e-01 0.000000000000000000e+00 7.000000000000000000e+00 8.191000000000000000e+03 0.000000000000000000e+00 0.000000000000000000e+00 2.756000041961669922e+00
9.000000000000000000e+00 1.600331366062164307e-01 0.000000000000000000e+00 -3.995769930043024942e-06 1.600028574466705322e-01 0.000000000000000000e+00 7.000000000000000000e+00 8.191000000000000000e+03 0.000000000000000000e+00 0.000000000000000000e+00 2.756000041961669922e+00
9.199999809265136719e+00 1.500404626131057739e-01 0.000000000000000000e+00 -3.742192120625986718e-06 1.500058174133300781e-01 0.000000000000000000e+00 7.000000000000000000e+00 8.191000000000000000e+03 0.000000000000000000e+00 0.000000000000000000e+00 2.756066322326660156e+00
9.400000572204589844e+00 1.400344073772430420e-01 0.000000000000000000e+00 -3.458981154835782945e-06 1.399962902069091797e-01 0.000000000000000000e+00 7.000000000000000000e+00 8.191000000000000000e+03 0.000000000000000000e+00 0.000000000000000000e+00 2.756199836730957031e+00
9.600000381469726562e+00 1.300255209207534790e-01 0.000000000000000000e+00 -3.166697524648043327e-06 1.299992501735687256e-01 0.000000000000000000e+00 7.000000000000000000e+00 8.191000000000000000e+03 0.000000000000000000e+00 0.000000000000000000e+00 2.756199836730957031e+00
9.800000190734863281e+00 1.200340688228607178e-01 0.000000000000000000e+00 -2.901085508710821159e-06 1.200022250413894653e-01 0.000000000000000000e+00 7.000000000000000000e+00 8.191000000000000000e+03 0.000000000000000000e+00 0.000000000000000000e+00 2.756199836730957031e+00
1.000000000000000000e+01 1.100274920463562012e-01 0.000000000000000000e+00 -2.656690639923908748e-06 1.100051850080490112e-01 0.000000000000000000e+00 7.000000000000000000e+00 8.191000000000000000e+03 0.000000000000000000e+00 0.000000000000000000e+00 2.756199836730957031e+00
1.019999980926513672e+01 1.000046432018280029e-01 0.000000000000000000e+00 -2.431447228445904329e-06 9.999565780162811279e-02 0.000000000000000000e+00 7.000000000000000000e+00 8.191000000000000000e+03 0.000000000000000000e+00 0.000000000000000000e+00 2.756199836730957031e+00
1.040000057220458984e+01 9.008484333753585815e-02 0.000000000000000000e+00 -2.229484152849181555e-06 8.999861776828765869e-02 0.000000000000000000e+00 7.000000000000000000e+00 8.191000000000000000e+03 0.000000000000000000e+00 0.000000000000000000e+00 2.756199836730957031e+00
1.060000038146972656e+01 8.006558567285537720e-02 0.000000000000000000e+00 -2.060716724372468889e-06 8.000158518552780151e-02 0.000000000000000000e+00 7.000000000000000000e+00 8.191000000000000000e+03 0.000000000000000000e+00 0.000000000000000000e+00 2.756199836730957031e+00
1.080000019073486328e+01 7.000073790550231934e-02 0.000000000000000000e+00 -1.910708988361875527e-06 7.000455260276794434e-02 0.000000000000000000e+00 7.000000000000000000e+00 8.191000000000000000e+03 0.000000000000000000e+00 0.000000000000000000e+00 2.756199836730957031e+00
1.100000000000000000e+01 6.000097468495368958e-02 0.000000000000000000e+00 -1.777530883373401593e-06 5.999501794576644897e-02 0.000000000000000000e+00 7.000000000000000000e+00 8.191000000000000000e+03 0.000000000000000000e+00 0.000000000000000000e+00 2.756199836730957031e+00
1.119999980926513672e+01 4.998927190899848938e-02 0.000000000000000000e+00 -1.658615019550779834e-06 4.999798536300659180e-02 0.000000000000000000e+00 7.000000000000000000e+00 8.191000000000000000e+03 0.000000000000000000e+00 0.000000000000000000e+00 2.756166696548461914e+00
1.140000057220458984e+01 4.003218933939933777e-02 0.000000000000000000e+00 -1.559287738928105682e-06 4.000094905495643616e-02 0.000000000000000000e+00 7.000000000000000000e+00 8.191000000000000000e+03 0.000000000000000000e+00 0.000000000000000000e+00 2.756099939346313477e+00
1.160000038146972656e+01 3.004866279661655426e-02 0.000000000000000000e+00 -1.465373429709870834e-06 3.000391460955142975e-02 0.000000000000000000e+00 7.000000000000000000e+00 8.191000000000000000e+03 0.000000000000000000e+00 0.000000000000000000e+00 2.756099939346313477e+00
1.180000019073486328e+01 1.997759938240051270e-02 0.000000000000000000e+00 -1.388675286762008909e-06 1.999438367784023285e-02 0.000000000000000000e+00 7.000000000000000000e+00 8.191000000000000000e+03 0.000000000000000000e+00 0.000000000000000000e+00 2.756099939346313477e+00
1.200000000000000000e+01 9.988610632717609406e-03 0.000000000000000000e+00 -1.318438876296568196e-06 9.997349232435226440e-03 0.000000000000000000e+00 7.000000000000000000e+00 8.191000000000000000e+03 0.000000000000000000e+00 0.000000000000000000e+00 2.756099939346313477e+00
1.219999980926513672e+01 3.191764699295163155e-05 0.000000000000000000e+00 -1.265539253836323041e-06 3.129243850708007812e-07 0.000000000000000000e+00 7.000000000000000000e+00 8.191000000000000000e+03 0.000000000000000000e+00 0.000000000000000000e+00 2.756099939346313477e+00
1.240000057220458984e+01 -1.002033613622188568e-02 0.000000000000000000e+00 -1.216910618495603558e-06 -9.996719658374786377e-03 0.000000000000000000e+00 7.000000000000000000e+00 8.191000000000000000e+03 0.000000000000000000e+00 0.000000000000000000e+00 2.756099939346313477e+00
1.260000038146972656e+01 -2.003671228885650635e-02 0.000000000000000000e+00 -1.180474328066338785e-06 -1.999375596642494202e-02 0.000000000000000000e+00 7.000000000000000000e+00 8.191000000000000000e+03 0.000000000000000000e+00 0.000000000000000000e+00 2.756099939346313477e+00
1.280000019073486328e+01 -2.982622757554054260e-02 0.000000000000000000e+00 -1.148189539890154265e-06 -3.000328317284584045e-02 0.000000000000000000e+00 7.000000000000000000e+00 6.143000000000000000e+03 0.000000000000000000e+00 0.000000000000000000e+00 2.756099939346313477e+00
1.300000000000000000e+01 -3.993748128414154053e-02 0.000000000000000000e+00 -1.125317680816806387e-06 -4.000032320618629456e-02 0.000000000000000000e+00 7.000000000000000000e+00 8.191000000000000000e+03 0.000000000000000000e+00 0.000000000000000000e+00 2.756099939346313477e+00
1.319999980926513672e+01 -5.002867057919502258e-02 0.000000000000000000e+00 -1.117029796660062857e-06 -4.999735578894615173e-02 0.000000000000000000e+00 7.000000000000000000e+00 8.191000000000000000e+03 0.000000000000000000e+00 0.000000000000000000e+00 2.756166219711303711e+00
1.340000057220458984e+01 -6.001163646578788757e-02 0.000000000000000000e+00 -1.119498506341187749e-06 -5.999438837170600891e-02 0.000000000000000000e+00 7.000000000000000000e+00 8.191000000000000000e+03 0.000000000000000000e+00 0.000000000000000000e+00 2.756299972534179688e+00
1.360000038146972656e+01 -7.003537565469741821e-02 0.000000000000000000e+00 -1.133523824137228075e-06 -7.000392675399780273e-02 0.000000000000000000e+00 7.000000000000000000e+00 8.191000000000000000e+03 0.000000000000000000e+00 0.000000000000000000e+00 2.756299972534179688e+00
1.380000019073486328e+01 -7.999258488416671753e-02 0.000000000000000000e+00 -1.162393118647742085e-06 -8.000095188617706299e-02 0.000000000000000000e+00 7.000000000000000000e+00 8.191000000000000000e+03 0.000000000000000000e+00 0.000000000000000000e+00 2.756299972534179688e+00
1.400000000000000000e+01 -8.998548984527587891e-02 0.000000000000000000e+00 -1.200337123918870930e-06 -8.999799191951751709e-02 0.000000000000000000e+00 7.000000000000000000e+00 8.191000000000000000e+03 0.000000000000000000e+00 0.000000000000000000e+00 2.756299972534179688e+00
1.419999980926513672e+01 -1.000188216567039490e-01 0.000000000000000000e+00 -1.259430973732378334e-06 -9.999501705169677734e-02 0.000000000000000000e+00 7.000000000000000000e+00 8.191000000000000000e+03 0.000000000000000000e+00 0.000000000000000000e+00 2.756233453750610352e+00
1.440000057220458984e+01 -1.100004091858863831e-01 0.000000000000000000e+00 -1.338515176030341536e-06 -1.100045591592788696e-01 0.000000000000000000e+00 7.000000000000000000e+00 8.191000000000000000e+03 0.000000000000000000e+00 0.000000000000000000e+00 2.756099939346313477e+00
1.460000038146972656e+01 -1.199973151087760925e-01 0.000000000000000000e+00 -1.438558570043824147e-06 -1.200015842914581299e-01 0.000000000000000000e+00 7.000000000000000000e+00 8.191000000000000000e+03 0.000000000000000000e+00 0.000000000000000000e+00 2.756099939346313477e+00
1.480000019073486328e+01 -1.300105005502700806e-01 0.000000000000000000e+00 -1.558367216603073757e-06 -1.299986243247985840e-01 0.000000000000000000e+00 7.000000000000000000e+00 8.191000000000000000e+03 0.000000000000000000e+00 0.000000000000000000e+00 2.756099939346313477e+00
1.500000000000000000e+01 -1.400193274021148682e-01 0.000000000000000000e+00 -1.696208414614375215e-06 -1.399956643581390381e-01 0.000000000000000000e+00 7.000000000000000000e+00 8.191000000000000000e+03 0.000000000000000000e+00 0.000000000000000000e+00 2.756099939346313477e+00
1.519999980926513672e+01 -1.499746441841125488e-01 0.000000000000000000e+00 -1.867767650765017606e-06 -1.500051915645599365e-01 0.000000000000000000e+00 7.000000000000000000e+00 8.191000000000000000e+03 0.000000000000000000e+00 0.000000000000000000e+00 2.756099939346313477e+00
1.540000057220458984e+01 -1.600044816732406616e-01 0.000000000000000000e+00 -2.044067059614462778e-06 -1.600022166967391968e-01 0.000000000000000000e+00 7.000000000000000000e+00 8.191000000000000000e+03 0.000000000000000000e+00 0.000000000000000000e+00 2.756099939346313477e+00
1.560000038146972656e+01 -1.700283885002136230e-01 0.000000000000000000e+00 -2.230979816886247136e-06 -1.699992567300796509e-01 0.000000000000000000e+00 7.000000000000000000e+00 8.191000000000000000e+03 0.000000000000000000e+00 0.000000000000000000e+00 2.756099939346313477e+00
1.580000019073486328e+01 -1.800064742565155029e-01 0.000000000000000000e+00 -2.417147015876253136e-06 -1.799962967634201050e-01 0.000000000000000000e+00 7.000000000000000000e+00 8.191000000000000000e+03 0.000000000000000000e+00 0.000000000000000000e+00 2.756099939346313477e+00
1.600000000000000000e+01 -1.900522857904434204e-01 0.000000000000000000e+00 -2.610096544231055304e-06 -1.900058239698410034e-01 0.000000000000000000e+00 7.000000000000000000e+00 8.191000000000000000e+03 0.000000000000000000e+00 0.000000000000000000e+00 2.756099939346313477e+00
1.620000076293945312e+01 -1.999845504760742188e-01 0.000000000000000000e+00 -2.801318260026164353e-06 -2.000028640031814575e-01 0.000000000000000000e+00 7.000000000000000000e+00 8.191000000000000000e+03 0.000000000000000000e+00 0.000000000000000000e+00 2.756099939346313477e+00
1.639999961853027344e+01 -1.899843513965606689e-01 0.000000000000000000e+00 -2.234220801256014965e-06 -1.900058239698410034e-01 0.000000000000000000e+00 7.000000000000000000e+00 8.191000000000000000e+03 0.000000000000000000e+00 1.000000000000000000e+00 2.756099939346313477e+00
1.660000038146972656e+01 -1.800156384706497192e-01 0.000000000000000000e+00 -1.850493731581082102e-06 -1.799962967634201050e-01 0.000000000000000000e+00 7.000000000000000000e+00 8.191000000000000000e+03 0.000000000000000000e+00 1.000000000000000000e+00 2.756099939346313477e+00
1.680000114440917969e+01 -1.700251698493957520e-01 0.000000000000000000e+00 -1.562874786031898111e-06 -1.699992567300796509e-01 0.000000000000000000e+00 7.000000000000000000e+00 8.191000000000000000e+03 0.000000000000000000e+00 1.000000000000000000e+00 2.756099939346313477e+00
1.700000000000000000e+01 -1.600350290536880493e-01 0.000000000000000000e+00 -1.342380528512876481e-06 -1.600022166967391968e-01 0.000000000000000000e+00 7.000000000000000000e+00 8.191000000000000000e+03 0.000000000000000000e+00 1.000000000000000000e+00 2.756099939346313477e+00
1.720000076293945312e+01 -1.499764770269393921e-01 0.000000000000000000e+00 -1.167183540928817820e-06 -1.500051915645599365e-01 0.000000000000000000e+00 7.000000000000000000e+00 8.191000000000000000e+03 0.000000000000000000e+00 1.000000000000000000e+00 2.756099939346313477e+00
1.739999961853027344e+01 -1.400745809078216553e-01 0.000000000000000000e+00 -1.022540345729794353e-06 -1.399956643581390381e-01 0.000000000000000000e+00 7.000000000000000000e+00 8.191000000000000000e+03 0.000000000000000000e+00 1.000000000000000000e+00 2.756099939346313477e+00
1.760000038146972656e+01 -1.300352811813354492e-01 0.000000000000000000e+00 -9.051703955265111290e-07 -1.299986243247985840e-01 0.000000000000000000e+00 7.000000000000000000e+00 8.191000000000000000e+03 0.000000000000000000e+00 1.000000000000000000e+00 2.756099939346313477e+00
1.780000114440917969e+01 -1.200426816940307617e-01 0.000000000000000000e+00 -7.950082476781972218e-07 -1.200015842914581299e-01 0.000000000000000000e+00 7.000000000000000000e+00 8.191000000000000000e+03 0.000000000000000000e+00 1.000000000000000000e+00 2.756099939346313477e+00
1.800000000000000000e+01 -1.100380793213844299e-01 0.000000000000000000e+00 -7.163876034610439092e-07 -1.100045591592788696e-01 0.000000000000000000e+00 6.000000000000000000e+00 8.191000000000000000e+03 0.000000000000000000e+00 1.000000000000000000e+00 2.756099939346313477e+00
1.820000076293945312e+01 -1.000178307294845581e-01 0.000000000000000000e+00 -6.415872348952689208e-07 -9.999501705169677734e-02 0.000000000000000000e+00 6.000000000000000000e+00 8.191000000000000000e+03 0.000000000000000000e+00 1.000000000000000000e+00 2.756066799163818359e+00
1.839999961853027344e+01 -8.999165892601013184e-02 0.000000000000000000e+00 -5.774656415269419085e-07 -8.999799191951751709e-02 0.000000000000000000e+00 6.000000000000000000e+00 8.191000000000000000e+03 0.000000000000000000e+00 1.000000000000000000e+00 2.756000041961669922e+00
1.860000038146972656e+01 -7.995267212390899658e-02 0.000000000000000000e+00 -5.235653475210710894e-07 -8.000095188617706299e-02 0.000000000000000000e+00 6.000000000000000000e+00 8.191000000000000000e+03 0.000000000000000000e+00 1.000000000000000000e+00 2.756000041961669922e+00
1.880000114440917969e+01 -7.001347839832305908e-02 0.000000000000000000e+00 -4.758943816796090687e-07 -7.000392675399780273e-02 0.000000000000000000e+00 6.000000000000000000e+00 8.191000000000000000e+03 0.000000000000000000e+00 1.000000000000000000e+00 2.756000041961669922e+00
1.900000000000000000e+01 -6.003338471055030823e-02 0.000000000000000000e+00 -4.342071235896582948e-07 -5.999438837170600891e-02 0.000000000000000000e+00 6.000000000000000000e+00 8.191000000000000000e+03 0.000000000000000000e+00 1.000000000000000000e+00 2.756000041961669922e+00
1.920000076293945312e+01 -5.000953748822212219e-02 0.000000000000000000e+00 -3.985099681358406087e-07 -4.999735578894615173e-02 0.000000000000000000e+00 6.000000000000000000e+00 8.191000000000000000e+03 0.000000000000000000e+00 1.000000000000000000e+00 2.756033182144165039e+00
1.939999961853027344e+01 -4.002672061324119568e-02 0.000000000000000000e+00 -3.667206840418657521e-07 -4.000032320618629456e-02 0.000000000000000000e+00 6.000000000000000000e+00 8.191000000000000000e+03 0.000000000000000000e+00 1.000000000000000000e+00 2.756099939346313477e+00
1.960000038146972656e+01 -3.000997751951217651e-02 0.000000000000000000e+00 -3.391144502984388964e-07 -3.000328317284584045e-02 0.000000000000000000e+00 6.000000000000000000e+00 8.191000000000000000e+03 0.000000000000000000e+00 1.000000000000000000e+00 2.756099939346313477e+00
1.980000114440917969e+01 -1.999340206384658813e-02 0.000000000000000000e+00 -3.140726789752079640e-07 -1.999375596642494202e-02 0.000000000000000000e+00 6.000000000000000000e+00 8.191000000000000000e+03 0.000000000000000000e+00 1.000000000000000000e+00 2.756099939346313477e+00
2.000000000000000000e+01 -1.002286374568939209e-02 0.000000000000000000e+00 -2.917334995800047182e-07 -9.996719658374786377e-03 0.000000000000000000e+00 6.000000000000000000e+00 8.191000000000000000e+03 0.000000000000000000e+00 1.000000000000000000e+00 2.756099939346313477e+00
2.020000076293945312e+01 3.650240250863134861e-05 0.000000000000000000e+00 -2.706934481011558091e-07 3.129243850708007812e-07 0.000000000000000000e+00 6.000000000000000000e+00 8.191000000000000000e+03 0.000000000000000000e+00 1.000000000000000000e+00 2.756099939346313477e+00
2.039999961853027344e+01 1.001521944999694824e-02 0.000000000000000000e+00 -2.518006283480644925e-07 9.997349232435226440e-03 0.000000000000000000e+00 6.000000000000000000e+00 8.191000000000000000e+03 0.000000000000000000e+00 1.000000000000000000e+00 2.756099939346313477e+00
2.060000038146972656e+01 2.004798501729965210e-02 0.000000000000000000e+00 -2.326745232039684197e-07 1.999438367784023285e-02 0.000000000000000000e+00 6.000000000000000000e+00 8.191000000000000000e+03 0.000000000000000000e+00 1.000000000000000000e+00 2.756099939346313477e+00
2.080000114440917969e+01 2.969986759126186371e-02 0.000000000000000000e+00 -2.145746549331306596e-07 3.000391460955142975e-02 0.000000000000000000e+00 6.000000000000000000e+00 6.143000000000000000e+03 0.000000000000000000e+00 1.000000000000000000e+00 2.756099939346313477e+00
2.100000000000000000e+01 4.003125429153442383e-02 0.000000000000000000e+00 -1.954553994210073142e-07 4.000094905495643616e-02 0.000000000000000000e+00 6.000000000000000000e+00 8.191000000000000000e+03 0.000000000000000000e+00 1.000000000000000000e+00 2.756099939346313477e+00
2.120000076293945312e+01 5.001110211014747620e-02 0.000000000000000000e+00 -1.762106336400393047e-07 4.999798536300659180e-02 0.000000000000000000e+00 6.000000000000000000e+00 8.191000000000000000e+03 0.000000000000000000e+00 1.000000000000000000e+00 2.756133079528808594e+00
2.139999961853027344e+01 6.005168333649635315e-02 0.000000000000000000e+00 -1.539158063224022044e-07 5.999501794576644897e-02 0.000000000000000000e+00 6.000000000000000000e+00 8.191000000000000000e+03 0.000000000000000000e+00 1.000000000000000000e+00 2.756199836730957031e+00
2.160000038146972656e+01 6.999660283327102661e-02 0.000000000000000000e+00 -1.282193977658607764e-07 7.000455260276794434e-02 0.000000000000000000e+00 6.000000000000000000e+00 8.191000000000000000e+03 0.000000000000000000e+00 1.000000000000000000e+00 2.756199836730957031e+00
2.180000114440917969e+01 8.000918477773666382e-02 0.000000000000000000e+00 -9.775310161330708070e-08 8.000158518552780151e-02 0.000000000000000000e+00 6.000000000000000000e+00 8.191000000000000000e+03 0.000000000000000000e+00 1.000000000000000000e+00 2.756199836730957031e+00
2.200000000000000000e+01 9.000462293624877930e-02 0.000000000000000000e+00 -5.961125282283319393e-08 8.999861776828765869e-02 0.000000000000000000e+00 6.000000000000000000e+00 8.191000000000000000e+03 0.000000000000000000e+00 1.000000000000000000e+00 2.756199836730957031e+00
2.220000076293945312e+01 1.000349670648574829e-01 0.000000000000000000e+00 -1.116277381640884414e-08 9.999565780162811279e-02 0.000000000000000000e+00 5.000000000000000000e+00 8.191000000000000000e+03 0.000000000000000000e+00 1.000000000000000000e+00 2.756133556365966797e+00
2.239999961853027344e+01 1.100384965538978577e-01 0.000000000000000000e+00 5.681899750697994023e-08 1.100051850080490112e-01 0.000000000000000000e+00 5.000000000000000000e+00 8.191000000000000000e+03 0.000000000000000000e+00 1.000000000000000000e+00 2.756000041961669922e+00
2.260000038146972656e+01 1.200701668858528137e-01 0.000000000000000000e+00 1.091851729029258422e-07 1.200022250413894653e-01 0.000000000000000000e+00 5.000000000000000000e+00 7.164000000000000000e+03 0.000000000000000000e+00 1.000000000000000000e+00 2.756000041961669922e+00
2.280000114440917969e+01 1.300205588340759277e-01 0.000000000000000000e+00 2.738548516845185077e-07 1.299992501735687256e-01 0.000000000000000000e+00 6.000000000000000000e+00 8.191000000000000000e+03 0.000000000000000000e+00 1.000000000000000000e+00 2.756000041961669922e+00
2.300000000000000000e+01 1.400095224380493164e-01 0.000000000000000000e+00 4.498534451613522833e-07 1.399962902069091797e-01 0.000000000000000000e+00 6.000000000000000000e+00 8.191000000000000000e+03 0.000000000000000000e+00 1.000000000000000000e+00 2.756000041961669922e+00
2.320000076293945312e+01 1.500029116868972778e-01 0.000000000000000000e+00 6.956275342417939100e-07 1.500058174133300781e-01 0.000000000000000000e+00 6.000000000000000000e+00 8.191000000000000000e+03 0.000000000000000000e+00 1.000000000000000000e+00 2.756000041961669922e+00
2.339999961853027344e+01 1.600198447704315186e-01 0.000000000000000000e+00 1.033667331284959801e-06 1.600028574466705322e-01 0.000000000000000000e+00 6.000000000000000000e+00 7.164000000000000000e+03 0.000000000000000000e+00 1.000000000000000000e+00 2.756000041961669922e+00
2.360000038146972656e+01 1.700134575366973877e-01 0.000000000000000000e+00 1.501018687122268602e-06 1.699998974800109863e-01 0.000000000000000000e+00 7.000000000000000000e+00 8.191000000000000000e+03 0.000000000000000000e+00 1.000000000000000000e+00 2.756000041961669922e+00
2.380000114440917969e+01 1.799789220094680786e-01 0.000000000000000000e+00 2.107455429722904228e-06 1.799969226121902466e-01 0.000000000000000000e+00 7.000000000000000000e+00 8.191000000000000000e+03 0.000000000000000000e+00 1.000000000000000000e+00 2.756000041961669922e+00
2.400000000000000000e+01 1.899973601102828979e-01 0.000000000000000000e+00 2.886254605982685462e-06 1.899939626455307007e-01 0.000000000000000000e+00 7.000000000000000000e+00 8.191000000000000000e+03 0.000000000000000000e+00 1.000000000000000000e+00 2.756000041961669922e+00
2.420000076293945312e+01 2.000089883804321289e-01 0.000000000000000000e+00 3.825264229817548767e-06 2.000034898519515991e-01 0.000000000000000000e+00 7.000000000000000000e+00 8.191000000000000000e+03 0.000000000000000000e+00 1.000000000000000000e+00 2.756000041961669922e+00
2.439999961853027344e+01 2.100579887628555298e-01 0.000000000000000000e+00 4.895320671494118869e-06 2.100005298852920532e-01 0.000000000000000000e+00 7.000000000000000000e+00 8.191000000000000000e+03 0.000000000000000000e+00 1.000000000000000000e+00 2.756000041961669922e+00
2.460000038146972656e+01 2.200006842613220215e-01 0.000000000000000000e+00 6.024097274348605424e-06 2.199975699186325073e-01 0.000000000000000000e+00 7.000000000000000000e+00 8.191000000000000000e+03 0.000000000000000000e+00 1.000000000000000000e+00 2.756000041961669922e+00
2.480000114440917969e+01 2.300433665513992310e-01 0.000000000000000000e+00 7.109699708962580189e-06 2.299945950508117676e-01 0.000000000000000000e+00 7.000000000000000000e+00 8.191000000000000000e+03 0.000000000000000000e+00 1.000000000000000000e+00 2.756000041961669922e+00
2.500000000000000000e+01 2.400333434343338013e-01 0.000000000000000000e+00 8.050705218920484185e-06 2.400041371583938599e-01 0.000000000000000000e+00 7.000000000000000000e+00 8.191000000000000000e+03 0.000000000000000000e+00 1.000000000000000000e+00 2.756000041961669922e+00
2.520000076293945312e+01 2.500005066394805908e-01 0.000000000000000000e+00 8.763855475990567356e-06 2.500011622905731201e-01 0.000000000000000000e+00 7.000000000000000000e+00 8.191000000000000000e+03 0.000000000000000000e+00 1.000000000000000000e+00 2.756000041961669922e+00
2.539999961853027344e+01 2.600399553775787354e-01 0.000000000000000000e+00 9.210514690494164824e-06 2.599982023239135742e-01 0.000000000000000000e+00 7.000000000000000000e+00 8.191000000000000000e+03 0.000000000000000000e+00 1.000000000000000000e+00 2.756000041961669922e+00
2.560000038146972656e+01 2.700258195400238037e-01 0.000000000000000000e+00 9.413289262738544494e-06 2.699952423572540283e-01 0.000000000000000000e+00 8.000000000000000000e+00 8.191000000000000000e+03 0.000000000000000000e+00 1.000000000000000000e+00 2.756000041961669922e+00
2.580000114440917969e+01 2.800753116607666016e-01 0.000000000000000000e+00 9.339853932033292949e-06 2.800047695636749268e-01 0.000000000000000000e+00 8.000000000000000000e+00 8.191000000000000000e+03 0.000000000000000000e+00 1.000000000000000000e+00 2.756000041961669922e+00
2.600000000000000000e+01 2.900978326797485352e-01 0.000000000000000000e+00 9.168975338980089873e-06 2.900017797946929932e-01 0.000000000000000000e+00 8.000000000000000000e+00 8.191000000000000000e+03 0.000000000000000000e+00 1.000000000000000000e+00 2.756000041961669922e+00
2.620000076293945312e+01 3.000137805938720703e-01 0.000000000000000000e+00 8.873911610862705857e-06 2.999988198280334473e-01 0.000000000000000000e+00 8.000000000000000000e+00 8.191000000000000000e+03 0.000000000000000000e+00 1.000000000000000000e+00 2.756033182144165039e+00
2.639999961853027344e+01 2.900696694850921631e-01 0.000000000000000000e+00 7.096425179042853415e-06 2.900017797946929932e-01 0.000000000000000000e+00 8.000000000000000000e+00 8.191000000000000000e+03 0.000000000000000000e+00 1.000000000000000000e+00 2.756099939346313477e+00
2.660000038146972656e+01 2.800350785255432129e-01 0.000000000000000000e+00 5.770998996013076976e-06 2.800047695636749268e-01 0.000000000000000000e+00 7.000000000000000000e+00 8.191000000000000000e+03 0.000000000000000000e+00 1.000000000000000000e+00 2.756099939346313477e+00
2.680000114440917969e+01 2.699966728687286377e-01 0.000000000000000000e+00 4.480341885937377810e-06 2.699952423572540283e-01 0.000000000000000000e+00 7.000000000000000000e+00 8.191000000000000000e+03 0.000000000000000000e+00 1.000000000000000000e+00 2.756099939346313477e+00
2.700000000000000000e+01 2.600061595439910889e-01 0.000000000000000000e+00 3.152792260152637027e-06 2.599982023239135742e-01 0.000000000000000000e+00 7.000000000000000000e+00 8.191000000000000000e+03 0.000000000000000000e+00 1.000000000000000000e+00 2.756099939346313477e+00
2.720000076293945312e+01 2.499749958515167236e-01 0.000000000000000000e+00 1.776614681148203090e-06 2.500011622905731201e-01 0.000000000000000000e+00 7.000000000000000000e+00 8.191000000000000000e+03 0.000000000000000000e+00 1.000000000000000000e+00 2.756000041961669922e+00
2.739999961853027344e+01 2.399925291538238525e-01 0.000000000000000000e+00 3.756280477773543680e-07 2.400041371583938599e-01 0.000000000000000000e+00 7.000000000000000000e+00 8.191000000000000000e+03 0.000000000000000000e+00 1.000000000000000000e+00 2.755800008773803711e+00
2.760000038146972656e+01 2.300538420677185059e-01 0.000000000000000000e+00 -9.709610822028480470e-07 2.299945950508117676e-01 0.000000000000000000e+00 6.000000000000000000e+00 7.164000000000000000e+03 0.000000000000000000e+00 1.000000000000000000e+00 2.755800008773803711e+00
2.780000114440917969e+01 2.200117260217666626e-01 0.000000000000000000e+00 -2.184516006309422664e-06 2.199975699186325073e-01 0.000000000000000000e+00 7.000000000000000000e+00 8.191000000000000000e+03 0.000000000000000000e+00 1.000000000000000000e+00 2.755800008773803711e+00
2.800000000000000000e+01 2.100598216056823730e-01 0.000000000000000000e+00 -3.161922904837410897e-06 2.100005298852920532e-01 0.000000000000000000e+00 7.000000000000000000e+00 8.191000000000000000e+03 0.000000000000000000e+00 1.000000000000000000e+00 2.755800008773803711e+00
2.820000076293945312e+01 2.000018507242202759e-01 0.000000000000000000e+00 -3.834254584944574162e-06 2.000034898519515991e-01 0.000000000000000000e+00 7.000000000000000000e+00 8.191000000000000000e+03 0.000000000000000000e+00 1.000000000000000000e+00 2.755800008773803711e+00
2.839999961853027344e+01 1.899790018796920776e-01 0.000000000000000000e+00 -4.211683517496567219e-06 1.899939626455307007e-01 0.000000000000000000e+00 7.000000000000000000e+00 8.191000000000000000e+03 0.000000000000000000e+00 1.000000000000000000e+00 2.755800008773803711e+00
2.860000038146972656e+01 1.800606995820999146e-01 0.000000000000000000e+00 -4.319854269851930439e-06 1.799969226121902466e-01 0.000000000000000000e+00 7.000000000000000000e+00 8.191000000000000000e+03 0.000000000000000000e+00 1.000000000000000000e+00 2.755800008773803711e+00
2.880000114440917969e+01 1.700803488492965698e-01 0.000000000000000000e+00 -4.234180778439622372e-06 1.699998974800109863e-01 0.000000000000000000e+00 7.000000000000000000e+00 8.191000000000000000e+03 0.000000000000000000e+00 1.000000000000000000e+00 2.755800008773803711e+00
2.900000000000000000e+01 1.600291430950164795e-01 0.000000000000000000e+00 -4.028634975838940591e-06 1.600028574466705322e-01 0.000000000000000000e+00 7.000000000000000000e+00 8.191000000000000000e+03 0.000000000000000000e+00 1.000000000000000000e+00 2.755800008773803711e+00
2.920000076293945312e+01 1.500667184591293335e-01 0.000000000000000000e+00 -3.769988552448921837e-06 1.500058174133300781e-01 0.000000000000000000e+00 7.000000000000000000e+00 8.191000000000000000e+03 0.000000000000000000e+00 1.000000000000000000e+00 2.755866289138793945e+00
2.939999961853027344e+01 1.400540769100189209e-01 0.000000000000000000e+00 -3.477627615211531520e-06 1.399962902069091797e-01 0.000000000000000000e+00 7.000000000000000000e+00 8.191000000000000000e+03 0.000000000000000000e+00 1.000000000000000000e+00 2.756000041961669922e+00
2.960000038146972656e+01 1.300257593393325806e-01 0.000000000000000000e+00 -3.194982582499505952e-06 1.299992501735687256e-01 0.000000000000000000e+00 7.000000000000000000e+00 8.191000000000000000e+03 0.000000000000000000e+00 1.000000000000000000e+00 2.756000041961669922e+00
2.980000114440917969e+01 1.200404539704322815e-01 0.000000000000000000e+00 -2.933182713604765013e-06 1.200022250413894653e-01 0.000000000000000000e+00 7.000000000000000000e+00 8.191000000000000000e+03 0.000000000000000000e+00 1.000000000000000000e+00 2.756000041961669922e+00
3.000000000000000000e+01 1.100185438990592957e-01 0.000000000000000000e+00 -2.691773488550097682e-06 1.100051850080490112e-01 0.000000000000000000e+00 7.000000000000000000e+00 8.191000000000000000e+03 0.000000000000000000e+00 1.000000000000000000e+00 2.756000041961669922e+00
3.020000076293945312e+01 1.000107526779174805e-01 0.000000000000000000e+00 -2.479707745806081221e-06 9.999565780162811279e-02 0.000000000000000000e+00 7.000000000000000000e+00 8.191000000000000000e+03 0.000000000000000000e+00 1.000000000000000000e+00 2.756000041961669922e+00
3.039999961853027344e+01 9.001113474369049072e-02 0.000000000000000000e+00 -2.291065129611524753e-06 8.999861776828765869e-02 0.000000000000000000e+00 7.000000000000000000e+00 8.191000000000000000e+03 0.000000000000000000e+00 1.000000000000000000e+00 2.756000041961669922e+00
3.060000038146972656e+01 8.002483099699020386e-02 0.000000000000000000e+00 -2.124305183315300383e-06 8.000158518552780151e-02 0.000000000000000000e+00 7.000000000000000000e+00 8.191000000000000000e+03 0.000000000000000000e+00 1.000000000000000000e+00 2.756000041961669922e+00
3.080000114440917969e+01 7.005603611469268799e-02 0.000000000000000000e+00 -1.974456608877517283e-06 7.000455260276794434e-02 0.000000000000000000e+00 7.000000000000000000e+00 8.191000000000000000e+03 0.000000000000000000e+00 1.000000000000000000e+00 2.756000041961669922e+00
3.100000000000000000e+01 6.001295149326324463e-02 0.000000000000000000e+00 -1.847212161010247655e-06 5.999501794576644897e-02 0.000000000000000000e+00 7.000000000000000000e+00 8.191000000000000000e+03 0.000000000000000000e+00 1.000000000000000000e+00 2.756000041961669922e+00
3.120000076293945312e+01 5.001622810959815979e-02 0.000000000000000000e+00 -1.731532165649696253e-06 4.999798536300659180e-02 0.000000000000000000e+00 7.000000000000000000e+00 8.191000000000000000e+03 0.000000000000000000e+00 1.000000000000000000e+00 2.755966663360595703e+00
3.139999961853027344e+01 4.000632464885711670e-02 0.000000000000000000e+00 -1.635010448808316141e-06 4.000094905495643616e-02 0.000000000000000000e+00 7.000000000000000000e+00 8.191000000000000000e+03 0.000000000000000000e+00 1.000000000000000000e+00 2.755899906158447266e+00
3.160000038146972656e+01 3.005254454910755157e-02 0.000000000000000000e+00 -1.543604639664408751e-06 3.000391460955142975e-02 0.000000000000000000e+00 7.000000000000000000e+00 8.191000000000000000e+03 0.000000000000000000e+00 1.000000000000000000e+00 2.755899906158447266e+00
3.180000114440917969e+01 2.000479027628898621e-02 0.000000000000000000e+00 -1.470918505219742656e-06 1.999438367784023285e-02 0.000000000000000000e+00 7.000000000000000000e+00 8.191000000000000000e+03 0.000000000000000000e+00 1.000000000000000000e+00 2.755899906158447266e+00
3.200000000000000000e+01 1.002550777047872543e-02 0.000000000000000000e+00 -1.408686671311443206e-06 9.997349232435226440e-03 0.000000000000000000e+00 7.000000000000000000e+00 8.191000000000000000e+03 0.000000000000000000e+00 1.000000000000000000e+00 2.755899906158447266e+00
3.220000076293945312e+01 5.210575181990861893e-06 0.000000000000000000e+00 -1.349899321212433279e-06 3.129243850708007812e-07 0.000000000000000000e+00 7.000000000000000000e+00 8.191000000000000000e+03 0.000000000000000000e+00 1.000000000000000000e+00 2.755899906158447266e+00
3.240000152587890625e+01 -1.005004439502954483e-02 0.000000000000000000e+00 -1.298942152061499655e-06 -9.996719658374786377e-03 0.000000000000000000e+00 7.000000000000000000e+00 8.191000000000000000e+03 0.000000000000000000e+00 1.000000000000000000e+00 2.755899906158447266e+00
3.260000228881835938e+01 -2.004859410226345062e-02 0.000000000000000000e+00 -1.266142476197273936e-06 -1.999375596642494202e-02 0.000000000000000000e+00 7.000000000000000000e+00 8.191000000000000000e+03 0.000000000000000000e+00 1.000000000000000000e+00 2.755899906158447266e+00
3.279999923706054688e+01 -2.980576641857624054e-02 0.000000000000000000e+00 -1.234609385392104741e-06 -3.000328317284584045e-02 0.000000000000000000e+00 7.000000000000000000e+00 6.143000000000000000e+03 0.000000000000000000e+00 1.000000000000000000e+00 2.755899906158447266e+00
3.300000000000000000e+01 -3.998728841543197632e-02 0.000000000000000000e+00 -1.213008545164484531e-06 -4.000032320618629456e-02 0.000000000000000000e+00 7.000000000000000000e+00 8.191000000000000000e+03 0.000000000000000000e+00 1.000000000000000000e+00 2.755899906158447266e+00
3.320000076293945312e+01 -5.003561452031135559e-02 0.000000000000000000e+00 -1.199980829369451385e-06 -4.999735578894615173e-02 0.000000000000000000e+00 7.000000000000000000e+00 8.191000000000000000e+03 0.000000000000000000e+00 1.000000000000000000e+00 2.755966424942016602e+00
3.340000152587890625e+01 -5.997582897543907166e-02 0.000000000000000000e+00 -1.202075623041309882e-06 -5.999438837170600891e-02 0.000000000000000000e+00 7.000000000000000000e+00 8.191000000000000000e+03 0.000000000000000000e+00 1.000000000000000000e+00 2.756099939346313477e+00
3.360000228881835938e+01 -7.000650465488433838e-02 0.000000000000000000e+00 -1.207449486173572950e-06 -7.000392675399780273e-02 0.000000000000000000e+00 7.000000000000000000e+00 8.191000000000000000e+03 0.000000000000000000e+00 1.000000000000000000e+00 2.756099939346313477e+00
3.379999923706054688e+01 -8.002257347106933594e-02 0.000000000000000000e+00 -1.233671696354576852e-06 -8.000095188617706299e-02 0.000000000000000000e+00 7.000000000000000000e+00 8.191000000000000000e+03 0.000000000000000000e+00 1.000000000000000000e+00 2.756099939346313477e+00
3.400000000000000000e+01 -9.001828730106353760e-02 0.000000000000000000e+00 -1.268251708097523078e-06 -8.999799191951751709e-02 0.000000000000000000e+00 7.000000000000000000e+00 8.191000000000000000e+03 0.000000000000000000e+00 1.000000000000000000e+00 2.756099939346313477e+00
3.420000076293945312e+01 -1.000290364027023315e-01 0.000000000000000000e+00 -1.320124965786817484e-06 -9.999501705169677734e-02 0.000000000000000000e+00 7.000000000000000000e+00 8.191000000000000000e+03 0.000000000000000000e+00 1.000000000000000000e+00 2.756033420562744141e+00
3.440000152587890625e+01 -1.099856495857238770e-01 0.000000000000000000e+00 -1.390120246469450649e-06 -1.100045591592788696e-01 0.000000000000000000e+00 7.000000000000000000e+00 8.191000000000000000e+03 0.000000000000000000e+00 1.000000000000000000e+00 2.755899906158447266e+00
3.460000228881835938e+01 -1.199856698513031006e-01 0.000000000000000000e+00 -1.472874373575905338e-06 -1.200015842914581299e-01 0.000000000000000000e+00 7.000000000000000000e+00 8.191000000000000000e+03 0.000000000000000000e+00 1.000000000000000000e+00 2.755899906158447266e+00
3.479999923706054688e+01 -1.299838125705718994e-01 0.000000000000000000e+00 -1.572288169882085640e-06 -1.299986243247985840e-01 0.000000000000000000e+00 7.000000000000000000e+00 8.191000000000000000e+03 0.000000000000000000e+00 1.000000000000000000e+00 2.755899906158447266e+00
3.500000000000000000e+01 -1.400631815195083618e-01 0.000000000000000000e+00 -1.695758442110673059e-06 -1.399956643581390381e-01 0.000000000000000000e+00 7.000000000000000000e+00 8.191000000000000000e+03 0.000000000000000000e+00 1.000000000000000000e+00 2.755899906158447266e+00
3.520000076293945312e+01 -1.499633938074111938e-01 0.000000000000000000e+00 -1.831388772188802250e-06 -1.500051915645599365e-01 0.000000000000000000e+00 7.000000000000000000e+00 8.191000000000000000e+03 0.000000000000000000e+00 1.000000000000000000e+00 2.755899906158447266e+00
3.540000152587890625e+01 -1.600210815668106079e-01 0.000000000000000000e+00 -1.980052502403850667e-06 -1.600022166967391968e-01 0.000000000000000000e+00 7.000000000000000000e+00 8.191000000000000000e+03 0.000000000000000000e+00 1.000000000000000000e+00 2.755899906158447266e+00
3.560000228881835938e+01 -1.699759066104888916e-01 0.000000000000000000e+00 -2.134275746357161552e-06 -1.699992567300796509e-01 0.000000000000000000e+00 7.000000000000000000e+00 8.191000000000000000e+03 0.000000000000000000e+00 1.000000000000000000e+00 2.755899906158447266e+00
3.579999923706054688e+01 -1.800294816493988037e-01 0.000000000000000000e+00 -2.296889078934327699e-06 -1.799962967634201050e-01 0.000000000000000000e+00 7.000000000000000000e+00 8.191000000000000000e+03 0.000000000000000000e+00 1.000000000000000000e+00 2.755899906158447266e+00
3.600000000000000000e+01 -1.899894922971725464e-01 0.000000000000000000e+00 -2.465816123731201515e-06 -1.900058239698410034e-01 0.000000000000000000e+00 7.000000000000000000e+00 8.191000000000000000e+03 0.000000000000000000e+00 1.000000000000000000e+00 2.755899906158447266e+00
3.620000076293945312e+01 -2.000248432159423828e-01 0.000000000000000000e+00 -2.654735681062447838e-06 -2.000028640031814575e-01 0.000000000000000000e+00 7.000000000000000000e+00 8.191000000000000000e+03 0.000000000000000000e+00 1.000000000000000000e+00 2.755866765975952148e+00
3.640000152587890625e+01 -1.900170445442199707e-01 0.000000000000000000e+00 -2.129779431925271638e-06 -1.900058239698410034e-01 0.000000000000000000e+00 7.000000000000000000e+00 8.191000000000000000e+03 0.000000000000000000e+00 2.000000000000000000e+00 2.755800008773803711e+00
3.660000228881835938e+01 -1.800218522548675537e-01 0.000000000000000000e+00 -1.774454631231492385e-06 -1.799962967634201050e-01 0.000000000000000000e+00 7.000000000000000000e+00 8.191000000000000000e+03 0.000000000000000000e+00 2.000000000000000000e+00 2.755800008773803711e+00
3.679999923706054688e+01 -1.700294166803359985e-01 0.000000000000000000e+00 -1.511507434770464897e-06 -1.699992567300796509e-01 0.000000000000000000e+00 7.000000000000000000e+00 8.191000000000000000e+03 0.000000000000000000e+00 2.000000000000000000e+00 2.755800008773803711e+00
3.700000000000000000e+01 -1.599444299936294556e-01 0.000000000000000000e+00 -1.308426135437912308e-06 -1.600022166967391968e-01 0.000000000000000000e+00 7.000000000000000000e+00 8.191000000000000000e+03 0.000000000000000000e+00 2.000000000000000000e+00 2.755800008773803711e+00
3.720000076293945312e+01 -1.500143110752105713e-01 0.000000000000000000e+00 -1.157707629317883402e-06 -1.500051915645599365e-01 0.000000000000000000e+00 7.000000000000000000e+00 8.191000000000000000e+03 0.000000000000000000e+00 2.000000000000000000e+00 2.755833148956298828e+00
3.740000152587890625e+01 -1.400045752525329590e-01 0.000000000000000000e+00 -1.025284632305556443e-06 -1.399956643581390381e-01 0.000000000000000000e+00 7.000000000000000000e+00 8.191000000000000000e+03 0.000000000000000000e+00 2.000000000000000000e+00 2.755899906158447266e+00
3.760000228881835938e+01 -1.299662292003631592e-01 0.000000000000000000e+00 -9.177004471894179005e-07 -1.299986243247985840e-01 0.000000000000000000e+00 7.000000000000000000e+00 8.191000000000000000e+03 0.000000000000000000e+00 2.000000000000000000e+00 2.755899906158447266e+00
3.779999923706054688e+01 -1.199651062488555908e-01 0.000000000000000000e+00 -8.312052841574768536e-07 -1.200015842914581299e-01 0.000000000000000000e+00 7.000000000000000000e+00 8.191000000000000000e+03 0.000000000000000000e+00 2.000000000000000000e+00 2.755899906158447266e+00
3.800000000000000000e+01 -1.100028902292251587e-01 0.000000000000000000e+00 -7.498462082367041148e-07 -1.100045591592788696e-01 0.000000000000000000e+00 7.000000000000000000e+00 8.191000000000000000e+03 0.000000000000000000e+00 2.000000000000000000e+00 2.755899906158447266e+00
3.820000076293945312e+01 -1.000371277332305908e-01 0.000000000000000000e+00 -6.803195446991594508e-07 -9.999501705169677734e-02 0.000000000000000000e+00 6.000000000000000000e+00 8.191000000000000000e+03 0.000000000000000000e+00 2.000000000000000000e+00 2.755866765975952148e+00
3.840000152587890625e+01 -8.996055275201797485e-02 0.000000000000000000e+00 -6.215589678504329640e-07 -8.999799191951751709e-02 0.000000000000000000e+00 6.000000000000000000e+00 8.191000000000000000e+03 0.000000000000000000e+00 2.000000000000000000e+00 2.755800008773803711e+00
3.860000228881835938e+01 -7.999953627586364746e-02 0.000000000000000000e+00 -5.703993792849360034e-07 -8.000095188617706299e-02 0.000000000000000000e+00 6.000000000000000000e+00 8.191000000000000000e+03 0.000000000000000000e+00 2.000000000000000000e+00 2.755800008773803711e+00
3.879999923706054688e+01 -7.001139223575592041e-02 0.000000000000000000e+00 -5.268616973808093462e-07 -7.000392675399780273e-02 0.000000000000000000e+00 6.000000000000000000e+00 8.191000000000000000e+03 0.000000000000000000e+00 2.000000000000000000e+00 2.755800008773803711e+00
3.900000000000000000e+01 -6.003024801611900330e-02 0.000000000000000000e+00 -4.876042680734826718e-07 -5.999438837170600891e-02 0.000000000000000000e+00 6.000000000000000000e+00 8.191000000000000000e+03 0.000000000000000000e+00 2.000000000000000000e+00 2.755800008773803711e+00
3.920000076293945312e+01 -4.997749626636505127e-02 0.000000000000000000e+00 -4.526518182501604315e-07 -4.999735578894615173e-02 0.000000000000000000e+00 6.000000000000000000e+00 8.191000000000000000e+03 0.000000000000000000e+00 2.000000000000000000e+00 2.755833148956298828e+00
3.940000152587890625e+01 -3.993521258234977722e-02 0.000000000000000000e+00 -4.216504692067246651e-07 -4.000032320618629456e-02 0.000000000000000000e+00 6.000000000000000000e+00 8.191000000000000000e+03 0.000000000000000000e+00 2.000000000000000000e+00 2.755899906158447266e+00
3.960000228881835938e+01 -2.999794296920299530e-02 0.000000000000000000e+00 -3.940033650451368885e-07 -3.000328317284584045e-02 0.000000000000000000e+00 6.000000000000000000e+00 8.191000000000000000e+03 0.000000000000000000e+00 2.000000000000000000e+00 2.755899906158447266e+00
3.979999923706054688e+01 -1.997353509068489075e-02 0.000000000000000000e+00 -3.693749306421523215e-07 -1.999375596642494202e-02 0.000000000000000000e+00 6.000000000000000000e+00 8.191000000000000000e+03 0.000000000000000000e+00 2.000000000000000000e+00 2.755899906158447266e+00
4.000000000000000000e+01 -9.982309304177761078e-03 0.000000000000000000e+00 -3.467388296485296451e-07 -9.996719658374786377e-03 0.000000000000000000e+00 6.000000000000000000e+00 8.191000000000000000e+03 0.000000000000000000e+00 2.000000000000000000e+00 2.755899906158447266e+00
4.020000076293945312e+01 4.963052924722433090e-05 0.000000000000000000e+00 -3.251000748605292756e-07 3.129243850708007812e-07 0.000000000000000000e+00 6.000000000000000000e+00 8.191000000000000000e+03 0.000000000000000000e+00 2.000000000000000000e+00 2.755866765975952148e+00
4.040000152587890625e+01 1.004701666533946991e-02 0.000000000000000000e+00 -3.062461075842293212e-07 9.997349232435226440e-03 0.000000000000000000e+00 6.000000000000000000e+00 8.191000000000000000e+03 0.000000000000000000e+00 2.000000000000000000e+00 2.755800008773803711e+00
4.060000228881835938e+01 1.998913846909999847e-02 0.000000000000000000e+00 -2.864732664420444053e-07 1.999438367784023285e-02 0.000000000000000000e+00 6.000000000000000000e+00 8.191000000000000000e+03 0.000000000000000000e+00 2.000000000000000000e+00 2.755800008773803711e+00
4.079999923706054688e+01 2.974843233823776245e-02 0.000000000000000000e+00 -2.666607201717852149e-07 3.000391460955142975e-02 0.000000000000000000e+00 6.000000000000000000e+00 6.143000000000000000e+03 0.000000000000000000e+00 2.000000000000000000e+00 2.755800008773803711e+00
4.100000000000000000e+01 4.006060212850570679e-02 0.000000000000000000e+00 -2.477960947544488590e-07 4.000094905495643616e-02 0.000000000000000000e+00 6.000000000000000000e+00 8.191000000000000000e+03 0.000000000000000000e+00 2.000000000000000000e+00 2.755800008773803711e+00
4.120000076293945312e+01 5.002924427390098572e-02 0.000000000000000000e+00 -2.273448700407243450e-07 4.999798536300659180e-02 0.000000000000000000e+00 6.000000000000000000e+00 8.191000000000000000e+03 0.000000000000000000e+00 2.000000000000000000e+00 2.755866289138793945e+00
4.140000152587890625e+01 6.003020703792572021e-02 0.000000000000000000e+00 -2.051275487247039564e-07 5.999501794576644897e-02 0.000000000000000000e+00 6.000000000000000000e+00 8.191000000000000000e+03 0.000000000000000000e+00 2.000000000000000000e+00 2.756000041961669922e+00
4.160000228881835938e+01 7.000634819269180298e-02 0.000000000000000000e+00 -1.790218675523647107e-07 7.000455260276794434e-02 0.000000000000000000e+00 6.000000000000000000e+00 8.191000000000000000e+03 0.000000000000000000e+00 2.000000000000000000e+00 2.756000041961669922e+00
4.179999923706054688e+01 8.002083748579025269e-02 0.000000000000000000e+00 -1.487740064476383850e-07 8.000158518552780151e-02 0.000000000000000000e+00 6.000000000000000000e+00 8.191000000000000000e+03 0.000000000000000000e+00 2.000000000000000000e+00 2.756000041961669922e+00
4.200000000000000000e+01 8.999506384134292603e-02 0.000000000000000000e+00 -1.112736853770002199e-07 8.999861776828765869e-02 0.000000000000000000e+00 6.000000000000000000e+00 8.191000000000000000e+03 0.000000000000000000e+00 2.000000000000000000e+00 2.756000041961669922e+00
4.220000076293945312e+01 9.998948127031326294e-02 0.000000000000000000e+00 -6.150749243261088850e-08 9.999565780162811279e-02 0.000000000000000000e+00 6.000000000000000000e+00 8.191000000000000000e+03 0.000000000000000000e+00 2.000000000000000000e+00 2.755933523178100586e+00
4.240000152587890625e+01 1.100104078650474548e-01 0.000000000000000000e+00 -1.572845298447589357e-09 1.100051850080490112e-01 0.000000000000000000e+00 5.000000000000000000e+00 8.191000000000000000e+03 0.000000000000000000e+00 2.000000000000000000e+00 2.755800008773803711e+00
4.260000228881835938e+01 1.200473159551620483e-01 0.000000000000000000e+00 1.093948842623149176e-08 1.200022250413894653e-01 0.000000000000000000e+00 4.000000000000000000e+00 6.908000000000000000e+03 0.000000000000000000e+00 2.000000000000000000e+00 2.755800008773803711e+00
4.279999923706054688e+01 1.299897730350494385e-01 0.000000000000000000e+00 1.093948842623149176e-08 1.299992501735687256e-01 0.000000000000000000e+00 4.000000000000000000e+00 6.908000000000000000e+03 0.000000000000000000e+00 2.000000000000000000e+00 2.755800008773803711e+00
4.300000000000000000e+01 1.399830579757690430e-01 0.000000000000000000e+00 1.093948842623149176e-08 1.399962902069091797e-01 0.000000000000000000e+00 4.000000000000000000e+00 7.164000000000000000e+03 0.000000000000000000e+00 2.000000000000000000e+00 2.755800008773803711e+00
4.320000076293945312e+01 1.500365734100341797e-01 0.000000000000000000e+00 1.091851729029258422e-07 1.500058174133300781e-01 0.000000000000000000e+00 5.000000000000000000e+00 7.164000000000000000e+03 0.000000000000000000e+00 2.000000000000000000e+00 2.755800008773803711e+00
4.340000152587890625e+01 1.599950939416885376e-01 0.000000000000000000e+00 9.494543746768613346e-07 1.600028574466705322e-01 0.000000000000000000e+00 6.000000000000000000e+00 8.191000000000000000e+03 0.000000000000000000e+00 2.000000000000000000e+00 2.755800008773803711e+00
4.360000228881835938e+01 1.700056791305541992e-01 0.000000000000000000e+00 1.404442059538268950e-06 1.699998974800109863e-01 0.000000000000000000e+00 7.000000000000000000e+00 8.191000000000000000e+03 0.000000000000000000e+00 2.000000000000000000e+00 2.755800008773803711e+00
4.379999923706054688e+01 1.800910234451293945e-01 0.000000000000000000e+00 1.995407728827558458e-06 1.799969226121902466e-01 0.000000000000000000e+00 7.000000000000000000e+00 8.191000000000000000e+03 0.000000000000000000e+00 2.000000000000000000e+00 2.755800008773803711e+00
4.400000000000000000e+01 1.900188177824020386e-01 0.000000000000000000e+00 2.760751613095635548e-06 1.899939626455307007e-01 0.000000000000000000e+00 7.000000000000000000e+00 8.191000000000000000e+03 0.000000000000000000e+00 2.000000000000000000e+00 2.755800008773803711e+00
4.420000076293945312e+01 2.000650614500045776e-01 0.000000000000000000e+00 3.693259714054875076e-06 2.000034898519515991e-01 0.000000000000000000e+00 7.000000000000000000e+00 8.191000000000000000e+03 0.000000000000000000e+00 2.000000000000000000e+00 2.755700111389160156e+00
4.440000152587890625e+01 2.100437879562377930e-01 0.000000000000000000e+00 4.757075657835230231e-06 2.100005298852920532e-01 0.000000000000000000e+00 7.000000000000000000e+00 8.191000000000000000e+03 0.000000000000000000e+00 2.000000000000000000e+00 2.755499839782714844e+00
4.460000228881835938e+01 2.200657874345779419e-01 0.000000000000000000e+00 5.893076831853250042e-06 2.199975699186325073e-01 0.000000000000000000e+00 7.000000000000000000e+00 8.191000000000000000e+03 0.000000000000000000e+00 2.000000000000000000e+00 2.755499839782714844e+00
4.479999923706054688e+01 2.300461530685424805e-01 0.000000000000000000e+00 7.002924121479736641e-06 2.299945950508117676e-01 0.000000000000000000e+00 7.000000000000000000e+00 8.191000000000000000e+03 0.000000000000000000e+00 2.000000000000000000e+00 2.755499839782714844e+00
4.500000000000000000e+01 2.400450706481933594e-01 0.000000000000000000e+00 7.982768693182151765e-06 2.400041371583938599e-01 0.000000000000000000e+00 7.000000000000000000e+00 8.191000000000000000e+03 0.000000000000000000e+00 2.000000000000000000e+00 2.755499839782714844e+00
4.520000076293945312e+01 2.500243186950683594e-01 0.000000000000000000e+00 8.726864507480058819e-06 2.500011622905731201e-01 0.000000000000000000e+00 7.000000000000000000e+00 8.191000000000000000e+03 0.000000000000000000e+00 2.000000000000000000e+00 2.755599737167358398e+00
4.540000152587890625e+01 2.600283324718475342e-01 0.000000000000000000e+00 9.209181371261365712e-06 2.599982023239135742e-01 0.000000000000000000e+00 7.000000000000000000e+00 8.191000000000000000e+03 0.000000000000000000e+00 2.000000000000000000e+00 2.755800008773803711e+00
4.560000228881835938e+01 2.700086534023284912e-01 0.000000000000000000e+00 9.426373253518249840e-06 2.699952423572540283e-01 0.000000000000000000e+00 8.000000000000000000e+00 8.191000000000000000e+03 0.000000000000000000e+00 2.000000000000000000e+00 2.755800008773803711e+00
4.579999923706054688e+01 2.800261080265045166e-01 0.000000000000000000e+00 9.417486580787226558e-06 2.800047695636749268e-01 0.000000000000000000e+00 8.000000000000000000e+00 8.191000000000000000e+03 0.000000000000000000e+00 2.000000000000000000e+00 2.755800008773803711e+00
4.600000000000000000e+01 2.900413870811462402e-01 0.000000000000000000e+00 9.231700460077263415e-06 2.900017797946929932e-01 0.000000000000000000e+00 8.000000000000000000e+00 8.191000000000000000e+03 0.000000000000000000e+00 2.000000000000000000e+00 2.755800008773803711e+00
4.620000076293945312e+01 3.000248074531555176e-01 0.000000000000000000e+00 8.945837180363014340e-06 2.999988198280334473e-01 0.000000000000000000e+00 8.000000000000000000e+00 8.191000000000000000e+03 0.000000000000000000e+00 2.000000000000000000e+00 2.755833148956298828e+00
4.640000152587890625e+01 2.900582849979400635e-01 0.000000000000000000e+00 7.175919563451316208e-06 2.900017797946929932e-01 0.000000000000000000e+00 8.000000000000000000e+00 8.191000000000000000e+03 0.000000000000000000e+00 2.000000000000000000e+00 2.755899906158447266e+00
4.660000228881835938e+01 2.800324857234954834e-01 0.000000000000000000e+00 5.749342562921810895e-06 2.800047695636749268e-01 0.000000000000000000e+00 7.000000000000000000e+00 8.191000000000000000e+03 0.000000000000000000e+00 2.000000000000000000e+00 2.755899906158447266e+00
4.679999923706054688e+01 2.700303196907043457e-01 0.000000000000000000e+00 4.419995093485340476e-06 2.699952423572540283e-01 0.000000000000000000e+00 7.000000000000000000e+00 8.191000000000000000e+03 0.000000000000000000e+00 2.000000000000000000e+00 2.755899906158447266e+00
4.700000000000000000e+01 2.600350677967071533e-01 0.000000000000000000e+00 3.064118800466530956e-06 2.599982023239135742e-01 0.000000000000000000e+00 7.000000000000000000e+00 8.191000000000000000e+03 0.000000000000000000e+00 2.000000000000000000e+00 2.755899906158447266e+00
4.720000076293945312e+01 2.499945163726806641e-01 0.000000000000000000e+00 1.661667511143605225e-06 2.500011622905731201e-01 0.000000000000000000e+00 7.000000000000000000e+00 8.191000000000000000e+03 0.000000000000000000e+00 2.000000000000000000e+00 2.755800008773803711e+00
4.740000152587890625e+01 2.400334030389785767e-01 0.000000000000000000e+00 2.415953588297270471e-07 2.400041371583938599e-01 0.000000000000000000e+00 7.000000000000000000e+00 8.191000000000000000e+03 0.000000000000000000e+00 2.000000000000000000e+00 2.755599975585937500e+00
4.760000228881835938e+01 2.300018221139907837e-01 0.000000000000000000e+00 -1.062634964910103008e-06 2.299945950508117676e-01 0.000000000000000000e+00 6.000000000000000000e+00 7.164000000000000000e+03 0.000000000000000000e+00 2.000000000000000000e+00 2.755599975585937500e+00
4.779999923706054688e+01 2.200712263584136963e-01 0.000000000000000000e+00 -2.309550836798734963e-06 2.199975699186325073e-01 0.000000000000000000e+00 7.000000000000000000e+00 8.191000000000000000e+03 0.000000000000000000e+00 2.000000000000000000e+00 2.755599975585937500e+00
4.800000000000000000e+01 2.100037783384323120e-01 0.000000000000000000e+00 -3.273353740951279178e-06 2.100005298852920532e-01 0.000000000000000000e+00 7.000000000000000000e+00 8.191000000000000000e+03 0.000000000000000000e+00 2.000000000000000000e+00 2.755599975585937500e+00
4.820000076293945312e+01 2.000506222248077393e-01 0.000000000000000000e+00 -3.926704266632441431e-06 2.000034898519515991e-01 0.000000000000000000e+00 7.000000000000000000e+00 8.191000000000000000e+03 0.000000000000000000e+00 2.000000000000000000e+00 2.755599975585937500e+00
4.840000152587890625e+01 1.900084465742111206e-01 0.000000000000000000e+00 -4.270110821380512789e-06 1.899939626455307007e-01 0.000000000000000000e+00 7.000000000000000000e+00 8.191000000000000000e+03 0.000000000000000000e+00 2.000000000000000000e+00 2.755599975585937500e+00
4.860000228881835938e+01 1.800283491611480713e-01 0.000000000000000000e+00 -4.354133125161752105e-06 1.799969226121902466e-01 0.000000000000000000e+00 7.000000000000000000e+00 8.191000000000000000e+03 0.000000000000000000e+00 2.000000000000000000e+00 2.755599975585937500e+00
4.879999923706054688e+01 1.699890196323394775e-01 0.000000000000000000e+00 -4.259412889950908720e-06 1.699998974800109863e-01 0.000000000000000000e+00 7.000000000000000000e+00 8.191000000000000000e+03 0.000000000000000000e+00 2.000000000000000000e+00 2.755599975585937500e+00
4.900000000000000000e+01 1.600843071937561035e-01 0.000000000000000000e+00 -4.045434252475388348e-06 1.600028574466705322e-01 0.000000000000000000e+00 7.000000000000000000e+00 8.191000000000000000e+03 0.000000000000000000e+00 2.000000000000000000e+00 2.755599975585937500e+00
4.920000076293945312e+01 1.500462740659713745e-01 0.000000000000000000e+00 -3.776268613364663906e-06 1.500058174133300781e-01 0.000000000000000000e+00 7.000000000000000000e+00 8.191000000000000000e+03 0.000000000000000000e+00 2.000000000000000000e+00 2.755666255950927734e+00
4.940000152587890625e+01 1.400257349014282227e-01 0.000000000000000000e+00 -3.485522256596595980e-06 1.399962902069091797e-01 0.000000000000000000e+00 7.000000000000000000e+00 8.191000000000000000e+03 0.000000000000000000e+00 2.000000000000000000e+00 2.755800008773803711e+00
4.960000228881835938e+01 1.300730705261230469e-01 0.000000000000000000e+00 -3.210682280041510239e-06 1.299992501735687256e-01 0.000000000000000000e+00 7.000000000000000000e+00 8.191000000000000000e+03 0.000000000000000000e+00 2.000000000000000000e+00 2.755800008773803711e+00
4.979999923706054688e+01 1.201037839055061340e-01 0.000000000000000000e+00 -2.948283281511976384e-06 1.200022250413894653e-01 0.000000000000000000e+00 7.000000000000000000e+00 8.191000000000000000e+03 0.000000000000000000e+00 2.000000000000000000e+00 2.755800008773803711e+00
5.000000000000000000e+01 1.099882498383522034e-01 0.000000000000000000e+00 -2.709004320422536694e-06 1.100051850080490112e-01 0.000000000000000000e+00 7.000000000000000000e+00 8.191000000000000000e+03 0.000000000000000000e+00 2.000000000000000000e+00 2.755800008773803711e+00
5.020000076293945312e+01 9.998616576194763184e-02 0.000000000000000000e+00 -2.500212758604902774e-06 9.999565780162811279e-02 0.000000000000000000e+00 7.000000000000000000e+00 8.191000000000000000e+03 0.000000000000000000e+00 2.000000000000000000e+00 2.755800008773803711e+00
5.040000152587890625e+01 9.000694006681442261e-02 0.000000000000000000e+00 -2.313598770342650823e-06 8.999861776828765869e-02 0.000000000000000000e+00 7.000000000000000000e+00 8.191000000000000000e+03 0.000000000000000000e+00 2.000000000000000000e+00 2.755800008773803711e+00
5.060000228881835938e+01 7.999740540981292725e-02 0.000000000000000000e+00 -2.144326344932778738e-06 8.000158518552780151e-02 0.000000000000000000e+00 7.000000000000000000e+00 8.191000000000000000e+03 0.000000000000000000e+00 2.000000000000000000e+00 2.755800008773803711e+00
5.079999923706054688e+01 6.998448073863983154e-02 0.000000000000000000e+00 -2.001210532398545183e-06 7.000455260276794434e-02 0.000000000000000000e+00 7.000000000000000000e+00 8.191000000000000000e+03 0.000000000000000000e+00 2.000000000000000000e+00 2.755800008773803711e+00
5.100000000000000000e+01 6.002988293766975403e-02 0.000000000000000000e+00 -1.869400648502050899e-06 5.999501794576644897e-02 0.000000000000000000e+00 7.000000000000000000e+00 8.191000000000000000e+03 0.000000000000000000e+00 2.000000000000000000e+00 2.755800008773803711e+00
5.120000076293945312e+01 5.007174238562583923e-02 0.000000000000000000e+00 -1.759236170073563699e-06 4.999798536300659180e-02 0.000000000000000000e+00 7.000000000000000000e+00 8.191000000000000000e+03 0.000000000000000000e+00 2.000000000000000000e+00 2.755766630172729492e+00
5.140000152587890625e+01 3.998830169439315796e-02 0.000000000000000000e+00 -1.663837451815197710e-06 4.000094905495643616e-02 0.000000000000000000e+00 7.000000000000000000e+00 8.191000000000000000e+03 0.000000000000000000e+00 2.000000000000000000e+00 2.755699872970581055e+00
5.160000228881835938e+01 2.998306229710578918e-02 0.000000000000000000e+00 -1.575555529598204885e-06 3.000391460955142975e-02 0.000000000000000000e+00 7.000000000000000000e+00 8.191000000000000000e+03 0.000000000000000000e+00 2.000000000000000000e+00 2.755699872970581055e+00
5.179999923706054688e+01 2.003499120473861694e-02 0.000000000000000000e+00 -1.503206931374734268e-06 1.999438367784023285e-02 0.000000000000000000e+00 7.000000000000000000e+00 8.191000000000000000e+03 0.000000000000000000e+00 2.000000000000000000e+00 2.755699872970581055e+00
5.200000000000000000e+01 1.000607386231422424e-02 0.000000000000000000e+00 -1.434102273378812242e-06 9.997349232435226440e-03 0.000000000000000000e+00 7.000000000000000000e+00 8.191000000000000000e+03 0.000000000000000000e+00 2.000000000000000000e+00 2.755699872970581055e+00
5.220000076293945312e+01 6.197224138304591179e-06 0.000000000000000000e+00 -1.379362174702691846e-06 3.129243850708007812e-07 0.000000000000000000e+00 7.000000000000000000e+00 8.191000000000000000e+03 0.000000000000000000e+00 2.000000000000000000e+00 2.755699872970581055e+00
5.240000152587890625e+01 -1.000759843736886978e-02 0.000000000000000000e+00 -1.331807538917928468e-06 -9.996719658374786377e-03 0.000000000000000000e+00 7.000000000000000000e+00 8.191000000000000000e+03 0.000000000000000000e+00 2.000000000000000000e+00 2.755699872970581055e+00
5.260000228881835938e+01 -1.996458321809768677e-02 0.000000000000000000e+00 -1.295059632866468746e-06 -1.999375596642494202e-02 0.000000000000000000e+00 7.000000000000000000e+00 8.191000000000000000e+03 0.000000000000000000e+00 2.000000000000000000e+00 2.755699872970581055e+00
5.279999923706054688e+01 -2.982148341834545135e-02 0.000000000000000000e+00 -1.264173874915286433e-06 -3.000328317284584045e-02 0.000000000000000000e+00 7.000000000000000000e+00 6.143000000000000000e+03 0.000000000000000000e+00 2.000000000000000000e+00 2.755699872970581055e+00
5.300000000000000000e+01 -3.998349606990814209e-02 0.000000000000000000e+00 -1.241067366208881140e-06 -4.000032320618629456e-02 0.000000000000000000e+00 7.000000000000000000e+00 8.191000000000000000e+03 0.000000000000000000e+00 2.000000000000000000e+00 2.755699872970581055e+00
5.320000076293945312e+01 -4.999966546893119812e-02 0.000000000000000000e+00 -1.226353106176247820e-06 -4.999735578894615173e-02 0.000000000000000000e+00 7.000000000000000000e+00 8.191000000000000000e+03 0.000000000000000000e+00 2.000000000000000000e+00 2.755766391754150391e+00
5.340000152587890625e+01 -5.997267365455627441e-02 0.000000000000000000e+00 -1.222179889737162739e-06 -5.999438837170600891e-02 0.000000000000000000e+00 7.000000000000000000e+00 8.191000000000000000e+03 0.000000000000000000e+00 2.000000000000000000e+00 2.755899906158447266e+00
5.360000228881835938e+01 -7.001067698001861572e-02 0.000000000000000000e+00 -1.232528916261799168e-06 -7.000392675399780273e-02 0.000000000000000000e+00 7.000000000000000000e+00 8.191000000000000000e+03 0.000000000000000000e+00 2.000000000000000000e+00 2.755899906158447266e+00
5.379999923706054688e+01 -8.000864088535308838e-02 0.000000000000000000e+00 -1.250929358320718165e-06 -8.000095188617706299e-02 0.000000000000000000e+00 7.000000000000000000e+00 8.191000000000000000e+03 0.000000000000000000e+00 2.000000000000000000e+00 2.755899906158447266e+00
5.400000000000000000e+01 -9.001491963863372803e-02 0.000000000000000000e+00 -1.288802423005108722e-06 -8.999799191951751709e-02 0.000000000000000000e+00 7.000000000000000000e+00 8.191000000000000000e+03 0.000000000000000000e+00 2.000000000000000000e+00 2.755899906158447266e+00
5.420000076293945312e+01 -9.998241811990737915e-02 0.000000000000000000e+00 -1.328815415035933256e-06 -9.999501705169677734e-02 0.000000000000000000e+00 7.000000000000000000e+00 8.191000000000000000e+03 0.000000000000000000e+00 2.000000000000000000e+00 2.755833625793457031e+00
5.440000152587890625e+01 -1.099999323487281799e-01 0.000000000000000000e+00 -1.390689249092247337e-06 -1.100045591592788696e-01 0.000000000000000000e+00 7.000000000000000000e+00 8.191000000000000000e+03 0.000000000000000000e+00 2.000000000000000000e+00 2.755699872970581055e+00
5.460000228881835938e+01 -1.200163662433624268e-01 0.000000000000000000e+00 -1.467659103582263924e-06 -1.200015842914581299e-01 0.000000000000000000e+00 7.000000000000000000e+00 8.191000000000000000e+03 0.000000000000000000e+00 2.000000000000000000e+00 2.755699872970581055e+00
5.479999923706054688e+01 -1.299971789121627808e-01 0.000000000000000000e+00 -1.563143541716272011e-06 -1.299986243247985840e-01 0.000000000000000000e+00 7.000000000000000000e+00 8.191000000000000000e+03 0.000000000000000000e+00 2.000000000000000000e+00 2.755699872970581055e+00
5.500000000000000000e+01 -1.399701833724975586e-01 0.000000000000000000e+00 -1.667800233917660080e-06 -1.399956643581390381e-01 0.000000000000000000e+00 7.000000000000000000e+00 8.191000000000000000e+03 0.000000000000000000e+00 2.000000000000000000e+00 2.755699872970581055e+00
5.520000076293945312e+01 -1.499905288219451904e-01 0.000000000000000000e+00 -1.785022618605580647e-06 -1.500051915645599365e-01 0.000000000000000000e+00 7.000000000000000000e+00 8.191000000000000000e+03 0.000000000000000000e+00 2.000000000000000000e+00 2.755699872970581055e+00
5.540000152587890625e+01 -1.600152999162673950e-01 0.000000000000000000e+00 -1.917406734719406813e-06 -1.600022166967391968e-01 0.000000000000000000e+00 7.000000000000000000e+00 8.191000000000000000e+03 0.000000000000000000e+00 2.000000000000000000e+00 2.755699872970581055e+00
5.560000228881835938e+01 -1.699968576431274414e-01 0.000000000000000000e+00 -2.054530796158360317e-06 -1.699992567300796509e-01 0.000000000000000000e+00 7.000000000000000000e+00 8.191000000000000000e+03 0.000000000000000000e+00 2.000000000000000000e+00 2.755699872970581055e+00
5.579999923706054688e+01 -1.800073087215423584e-01 0.000000000000000000e+00 -2.203209078288637102e-06 -1.799962967634201050e-01 0.000000000000000000e+00 7.000000000000000000e+00 8.191000000000000000e+03 0.000000000000000000e+00 2.000000000000000000e+00 2.755699872970581055e+00
5.600000000000000000e+01 -1.900075972080230713e-01 0.000000000000000000e+00 -2.363759449508506805e-06 -1.900058239698410034e-01 0.000000000000000000e+00 7.000000000000000000e+00 8.191000000000000000e+03 0.000000000000000000e+00 2.000000000000000000e+00 2.755699872970581055e+00
5.620000076293945312e+01 -2.000094056129455566e-01 0.000000000000000000e+00 -2.547958956711227074e-06 -2.000028640031814575e-01 0.000000000000000000e+00 7.000000000000000000e+00 8.191000000000000000e+03 0.000000000000000000e+00 2.000000000000000000e+00 2.755699872970581055e+00
5.640000152587890625e+01 -1.900170594453811646e-01 0.000000000000000000e+00 -2.048931719400570728e-06 -1.900058239698410034e-01 0.000000000000000000e+00 7.000000000000000000e+00 8.191000000000000000e+03 0.000000000000000000e+00 3.000000000000000000e+00 2.755699872970581055e+00
5.660000228881835938e+01 -1.799703985452651978e-01 0.000000000000000000e+00 -1.711189952402492054e-06 -1.799962967634201050e-01 0.000000000000000000e+00 7.000000000000000000e+00 8.191000000000000000e+03 0.000000000000000000e+00 3.000000000000000000e+00 2.755699872970581055e+00
5.679999923706054688e+01 -1.700165122747421265e-01 0.000000000000000000e+00 -1.467113293074362446e-06 -1.699992567300796509e-01 0.000000000000000000e+00 7.000000000000000000e+00 8.191000000000000000e+03 0.000000000000000000e+00 3.000000000000000000e+00 2.755699872970581055e+00
5.700000000000000000e+01 -1.600151956081390381e-01 0.000000000000000000e+00 -1.274339410883840173e-06 -1.600022166967391968e-01 0.000000000000000000e+00 7.000000000000000000e+00 8.191000000000000000e+03 0.000000000000000000e+00 3.000000000000000000e+00 2.755699872970581055e+00
5.720000076293945312e+01 -1.499884277582168579e-01 0.000000000000000000e+00 -1.129890733864158392e-06 -1.500051915645599365e-01 0.000000000000000000e+00 7.000000000000000000e+00 8.191000000000000000e+03 0.000000000000000000e+00 3.000000000000000000e+00 2.755699872970581055e+00
5.740000152587890625e+01 -1.400226503610610962e-01 0.000000000000000000e+00 -1.009940660878783092e-06 -1.399956643581390381e-01 0.000000000000000000e+00 7.000000000000000000e+00 8.191000000000000000e+03 0.000000000000000000e+00 3.000000000000000000e+00 2.755699872970581055e+00
5.760000228881835938e+01 -1.299781948328018188e-01 0.000000000000000000e+00 -9.072098237083991989e-07 -1.299986243247985840e-01 0.000000000000000000e+00 7.000000000000000000e+00 8.191000000000000000e+03 0.000000000000000000e+00 3.000000000000000000e+00 2.755699872970581055e+00
5.779999923706054688e+01 -1.200509518384933472e-01 0.000000000000000000e+00 -8.236947905970737338e-07 -1.200015842914581299e-01 0.000000000000000000e+00 7.000000000000000000e+00 8.191000000000000000e+03 0.000000000000000000e+00 3.000000000000000000e+00 2.755699872970581055e+00
5.800000000000000000e+01 -1.099963560700416565e-01 0.000000000000000000e+00 -7.604073175571102183e-07 -1.100045591592788696e-01 0.000000000000000000e+00 7.000000000000000000e+00 8.191000000000000000e+03 0.000000000000000000e+00 3.000000000000000000e+00 2.755699872970581055e+00
5.820000076293945312e+01 -1.000288948416709900e-01 0.000000000000000000e+00 -6.968680281715933233e-07 -9.999501705169677734e-02 0.000000000000000000e+00 6.000000000000000000e+00 8.191000000000000000e+03 0.000000000000000000e+00 3.000000000000000000e+00 2.755699872970581055e+00
5.840000152587890625e+01 -9.001702815294265747e-02 0.000000000000000000e+00 -6.428624601539922878e-07 -8.999799191951751709e-02 0.000000000000000000e+00 6.000000000000000000e+00 8.191000000000000000e+03 0.000000000000000000e+00 3.000000000000000000e+00 2.755699872970581055e+00
5.860000228881835938e+01 -7.998112589120864868e-02 0.000000000000000000e+00 -5.953479558229446411e-07 -8.000095188617706299e-02 0.000000000000000000e+00 6.000000000000000000e+00 8.191000000000000000e+03 0.000000000000000000e+00 3.000000000000000000e+00 2.755699872970581055e+00
5.879999923706054688e+01 -6.999820470809936523e-02 0.000000000000000000e+00 -5.527922439796384424e-07 -7.000392675399780273e-02 0.000000000000000000e+00 6.000000000000000000e+00 8.191000000000000000e+03 0.000000000000000000e+00 3.000000000000000000e+00 2.755699872970581055e+00
5.900000000000000000e+01 -6.003995239734649658e-02 0.000000000000000000e+00 -5.154475388735590968e-07 -5.999438837170600891e-02 0.000000000000000000e+00 6.000000000000000000e+00 8.191000000000000000e+03 0.000000000000000000e+00 3.000000000000000000e+00 2.755699872970581055e+00
5.920000076293945312e+01 -4.999249055981636047e-02 0.000000000000000000e+00 -4.825816972697793972e-07 -4.999735578894615173e-02 0.000000000000000000e+00 6.000000000000000000e+00 8.191000000000000000e+03 0.000000000000000000e+00 3.000000000000000000e+00 2.755699872970581055e+00
5.940000152587890625e+01 -3.998977690935134888e-02 0.000000000000000000e+00 -4.525698216184537159e-07 -4.000032320618629456e-02 0.000000000000000000e+00 6.000000000000000000e+00 8.191000000000000000e+03 0.000000000000000000e+00 3.000000000000000000e+00 2.755699872970581055e+00
5.960000228881835938e+01 -2.999162115156650543e-02 0.000000000000000000e+00 -4.263127379999787081e-07 -3.000328317284584045e-02 0.000000000000000000e+00 6.000000000000000000e+00 8.191000000000000000e+03 0.000000000000000000e+00 3.000000000000000000e+00 2.755699872970581055e+00
5.979999923706054688e+01 -1.998120546340942383e-02 0.000000000000000000e+00 -4.015354875264165457e-07 -1.999375596642494202e-02 0.000000000000000000e+00 6.000000000000000000e+00 8.191000000000000000e+03 0.000000000000000000e+00 3.000000000000000000e+00 2.755699872970581055e+00
6.000000000000000000e+01 -1.003309991210699081e-02 0.000000000000000000e+00 -3.796408805101236794e-07 -9.996719658374786377e-03 0.000000000000000000e+00 6.000000000000000000e+00 8.191000000000000000e+03 0.000000000000000000e+00 3.000000000000000000e+00 2.755699872970581055e+00
6.020000076293945312e+01 3.588927211239933968e-05 0.000000000000000000e+00 -3.578140592708223267e-07 3.129243850708007812e-07 0.000000000000000000e+00 6.000000000000000000e+00 8.191000000000000000e+03 0.000000000000000000e+00 3.000000000000000000e+00 2.755699872970581055e+00
