5.000000000000000000e-01 -9.553667157888412476e-03 -9.553667157888412476e-03 0.000000000000000000e+00 0.000000000000000000e+00 8.191000000000000000e+03 0.000000000000000000e+00 2.757299900054931641e+00
1.000000000000000000e+00 -9.493653662502765656e-03 -6.412248592823743820e-03 0.000000000000000000e+00 0.000000000000000000e+00 8.191000000000000000e+03 0.000000000000000000e+00 2.756581068038940430e+00
1.500000000000000000e+00 -9.126138873398303986e-03 -3.486813511699438095e-03 0.000000000000000000e+00 0.000000000000000000e+00 8.191000000000000000e+03 0.000000000000000000e+00 2.756399869918823242e+00
2.000000000000000000e+00 -8.092662319540977478e-03 -8.295327425003051758e-04 0.000000000000000000e+00 0.000000000000000000e+00 8.191000000000000000e+03 0.000000000000000000e+00 2.756799459457397461e+00
2.500000000000000000e+00 -6.262545473873615265e-03 1.722157816402614117e-03 0.000000000000000000e+00 0.000000000000000000e+00 8.191000000000000000e+03 0.000000000000000000e+00 2.756899833679199219e+00
3.000000000000000000e+00 -3.862610552459955215e-03 4.124769940972328186e-03 0.000000000000000000e+00 0.000000000000000000e+00 8.191000000000000000e+03 0.000000000000000000e+00 2.757139682769775391e+00
3.500000000000000000e+00 -1.244634622707962990e-03 6.313696969300508499e-03 0.000000000000000000e+00 0.000000000000000000e+00 8.191000000000000000e+03 0.000000000000000000e+00 2.757200002670288086e+00
4.000000000000000000e+00 1.339874346740543842e-03 8.441759273409843445e-03 0.000000000000000000e+00 0.000000000000000000e+00 8.191000000000000000e+03 0.000000000000000000e+00 2.757200002670288086e+00
4.500000000000000000e+00 3.777733305469155312e-03 1.029560156166553497e-02 0.000000000000000000e+00 0.000000000000000000e+00 8.191000000000000000e+03 0.000000000000000000e+00 2.757200002670288086e+00
5.000000000000000000e+00 6.039981264621019363e-03 1.206568442285060883e-02 0.000000000000000000e+00 0.000000000000000000e+00 8.191000000000000000e+03 0.000000000000000000e+00 2.757200002670288086e+00
5.500000000000000000e+00 8.127271197736263275e-03 1.362383458763360977e-02 0.000000000000000000e+00 0.000000000000000000e+00 8.191000000000000000e+03 0.000000000000000000e+00 2.757200002670288086e+00
6.000000000000000000e+00 1.004520989954471588e-02 1.506296359002590179e-02 0.000000000000000000e+00 0.000000000000000000e+00 8.191000000000000000e+03 0.000000000000000000e+00 2.757200002670288086e+00
6.500000000000000000e+00 1.180027704685926437e-02 1.638146303594112396e-02 0.000000000000000000e+00 0.000000000000000000e+00 8.191000000000000000e+03 0.000000000000000000e+00 2.757200002670288086e+00
7.000000000000000000e+00 1.340189203619956970e-02 1.759107783436775208e-02 0.000000000000000000e+00 0.000000000000000000e+00 8.191000000000000000e+03 0.000000000000000000e+00 2.757200002670288086e+00
7.500000000000000000e+00 1.486396417021751404e-02 1.872148923575878143e-02 0.000000000000000000e+00 0.000000000000000000e+00 8.191000000000000000e+03 0.000000000000000000e+00 2.757200002670288086e+00
8.000000000000000000e+00 1.620398461818695068e-02 1.981278136372566223e-02 0.000000000000000000e+00 0.000000000000000000e+00 6.143000000000000000e+03 0.000000000000000000e+00 2.757200002670288086e+00
8.500000000000000000e+00 1.744094491004943848e-02 2.077922411262989044e-02 0.000000000000000000e+00 0.000000000000000000e+00 8.191000000000000000e+03 0.000000000000000000e+00 2.757200002670288086e+00
9.000000000000000000e+00 1.859184540808200836e-02 2.177743986248970032e-02 0.000000000000000000e+00 0.000000000000000000e+00 6.143000000000000000e+03 0.000000000000000000e+00 2.757200002670288086e+00
9.500000000000000000e+00 1.966903358697891235e-02 2.259367518126964569e-02 0.000000000000000000e+00 0.000000000000000000e+00 8.191000000000000000e+03 0.000000000000000000e+00 2.757200002670288086e+00
1.000000000000000000e+01 2.067921683192253113e-02 2.345147170126438141e-02 0.000000000000000000e+00 0.000000000000000000e+00 6.143000000000000000e+03 0.000000000000000000e+00 2.757200002670288086e+00
1.050000000000000000e+01 2.162638492882251740e-02 2.427562512457370758e-02 0.000000000000000000e+00 0.000000000000000000e+00 8.191000000000000000e+03 0.000000000000000000e+00 2.757200002670288086e+00
1.100000000000000000e+01 2.251888066530227661e-02 2.504552900791168213e-02 0.000000000000000000e+00 0.000000000000000000e+00 8.191000000000000000e+03 0.000000000000000000e+00 2.757120132446289062e+00
1.150000000000000000e+01 2.336861565709114075e-02 2.580592781305313110e-02 0.000000000000000000e+00 0.000000000000000000e+00 8.191000000000000000e+03 0.000000000000000000e+00 2.757099866867065430e+00
1.200000000000000000e+01 2.418339811265468597e-02 2.649993263185024261e-02 0.000000000000000000e+00 0.000000000000000000e+00 8.191000000000000000e+03 0.000000000000000000e+00 2.757019996643066406e+00
1.250000000000000000e+01 2.496338263154029846e-02 2.709983661770820618e-02 0.000000000000000000e+00 0.000000000000000000e+00 8.191000000000000000e+03 0.000000000000000000e+00 2.756999969482421875e+00
1.300000000000000000e+01 2.570263110101222992e-02 2.774484641849994659e-02 0.000000000000000000e+00 0.000000000000000000e+00 8.191000000000000000e+03 0.000000000000000000e+00 2.756920099258422852e+00
1.350000000000000000e+01 2.639825642108917236e-02 2.839332818984985352e-02 0.000000000000000000e+00 0.000000000000000000e+00 8.191000000000000000e+03 0.000000000000000000e+00 2.756899833679199219e+00
1.400000000000000000e+01 2.705752104520797729e-02 2.890890091657638550e-02 0.000000000000000000e+00 0.000000000000000000e+00 8.191000000000000000e+03 0.000000000000000000e+00 2.756899833679199219e+00
1.450000000000000000e+01 2.768677659332752228e-02 2.939370088279247284e-02 0.000000000000000000e+00 0.000000000000000000e+00 8.191000000000000000e+03 0.000000000000000000e+00 2.756899833679199219e+00
1.500000000000000000e+01 2.828276157379150391e-02 2.998608909547328949e-02 0.000000000000000000e+00 0.000000000000000000e+00 8.191000000000000000e+03 0.000000000000000000e+00 2.756899833679199219e+00
