5.000000000000000000e-01 -1.229492053389549255e-01 -1.229492053389549255e-01 0.000000000000000000e+00 0.000000000000000000e+00 8.191000000000000000e+03 0.000000000000000000e+00 2.757400035858154297e+00
1.000000000000000000e+00 -1.229240968823432922e-01 -1.216352060437202454e-01 0.000000000000000000e+00 0.000000000000000000e+00 8.191000000000000000e+03 0.000000000000000000e+00 2.757400035858154297e+00
1.500000000000000000e+00 -1.227768510580062866e-01 -1.207510977983474731e-01 0.000000000000000000e+00 0.000000000000000000e+00 8.191000000000000000e+03 0.000000000000000000e+00 2.757200002670288086e+00
2.000000000000000000e+00 -1.223843768239021301e-01 -1.199592277407646179e-01 0.000000000000000000e+00 0.000000000000000000e+00 8.191000000000000000e+03 0.000000000000000000e+00 2.757200002670288086e+00
2.500000000000000000e+00 -1.217337250709533691e-01 -1.193260550498962402e-01 0.000000000000000000e+00 0.000000000000000000e+00 8.191000000000000000e+03 0.000000000000000000e+00 2.757400035858154297e+00
3.000000000000000000e+00 -1.209470182657241821e-01 -1.188057437539100647e-01 0.000000000000000000e+00 0.000000000000000000e+00 8.191000000000000000e+03 0.000000000000000000e+00 2.757400035858154297e+00
3.500000000000000000e+00 -1.201694607734680176e-01 -1.183607578277587891e-01 0.000000000000000000e+00 0.000000000000000000e+00 8.191000000000000000e+03 0.000000000000000000e+00 2.757400035858154297e+00
4.000000000000000000e+00 -1.194836497306823730e-01 -1.179015114903450012e-01 0.000000000000000000e+00 0.000000000000000000e+00 8.191000000000000000e+03 0.000000000000000000e+00 2.757400035858154297e+00
4.500000000000000000e+00 -1.189031004905700684e-01 -1.174999028444290161e-01 0.000000000000000000e+00 0.000000000000000000e+00 8.191000000000000000e+03 0.000000000000000000e+00 2.757400035858154297e+00
5.000000000000000000e+00 -1.184055805206298828e-01 -1.172111034393310547e-01 0.000000000000000000e+00 0.000000000000000000e+00 8.191000000000000000e+03 0.000000000000000000e+00 2.757400035858154297e+00
5.500000000000000000e+00 -1.179704368114471436e-01 -1.169467270374298096e-01 0.000000000000000000e+00 0.000000000000000000e+00 8.191000000000000000e+03 0.000000000000000000e+00 2.757400035858154297e+00
6.000000000000000000e+00 -1.175910085439682007e-01 -1.166845932602882385e-01 0.000000000000000000e+00 0.000000000000000000e+00 8.191000000000000000e+03 0.000000000000000000e+00 2.757400035858154297e+00
6.500000000000000000e+00 -1.172625944018363953e-01 -1.164329871535301208e-01 0.000000000000000000e+00 0.000000000000000000e+00 8.191000000000000000e+03 0.000000000000000000e+00 2.757400035858154297e+00
7.000000000000000000e+00 -1.169746145606040955e-01 -1.162716895341873169e-01 0.000000000000000000e+00 0.000000000000000000e+00 8.191000000000000000e+03 0.000000000000000000e+00 2.757400035858154297e+00
7.500000000000000000e+00 -1.167172268033027649e-01 -1.160289794206619263e-01 0.000000000000000000e+00 0.000000000000000000e+00 8.191000000000000000e+03 0.000000000000000000e+00 2.757400035858154297e+00
8.000000000000000000e+00 -1.164836063981056213e-01 -1.158342286944389343e-01 0.000000000000000000e+00 0.000000000000000000e+00 8.191000000000000000e+03 0.000000000000000000e+00 2.757400035858154297e+00
8.500000000000000000e+00 -1.162683367729187012e-01 -1.157717779278755188e-01 0.000000000000000000e+00 0.000000000000000000e+00 8.191000000000000000e+03 0.000000000000000000e+00 2.757299900054931641e+00
9.000000000000000000e+00 -1.160729229450225830e-01 -1.155957132577896118e-01 0.000000000000000000e+00 0.000000000000000000e+00 8.191000000000000000e+03 0.000000000000000000e+00 2.757299900054931641e+00
9.500000000000000000e+00 -1.159037426114082336e-01 -1.155469268560409546e-01 0.000000000000000000e+00 0.000000000000000000e+00 8.191000000000000000e+03 0.000000000000000000e+00 2.757400035858154297e+00
1.000000000000000000e+01 -1.157621815800666809e-01 -1.154386997222900391e-01 0.000000000000000000e+00 0.000000000000000000e+00 8.191000000000000000e+03 0.000000000000000000e+00 2.757400035858154297e+00
1.050000000000000000e+01 -1.156444996595382690e-01 -1.153855696320533752e-01 0.000000000000000000e+00 0.000000000000000000e+00 8.191000000000000000e+03 0.000000000000000000e+00 2.757299900054931641e+00
1.100000000000000000e+01 -1.155462488532066345e-01 -1.153244227170944214e-01 0.000000000000000000e+00 0.000000000000000000e+00 8.191000000000000000e+03 0.000000000000000000e+00 2.757299900054931641e+00
1.150000000000000000e+01 -1.154643967747688293e-01 -1.153110861778259277e-01 0.000000000000000000e+00 0.000000000000000000e+00 8.191000000000000000e+03 0.000000000000000000e+00 2.757299900054931641e+00
1.200000000000000000e+01 -1.153983175754547119e-01 -1.152711883187294006e-01 0.000000000000000000e+00 0.000000000000000000e+00 8.191000000000000000e+03 0.000000000000000000e+00 2.757299900054931641e+00
1.250000000000000000e+01 -1.153459250926971436e-01 -1.151665970683097839e-01 0.000000000000000000e+00 0.000000000000000000e+00 8.191000000000000000e+03 0.000000000000000000e+00 2.757299900054931641e+00
1.300000000000000000e+01 -1.153002828359603882e-01 -1.152071282267570496e-01 0.000000000000000000e+00 0.000000000000000000e+00 8.191000000000000000e+03 0.000000000000000000e+00 2.757299900054931641e+00
1.350000000000000000e+01 -1.152568012475967407e-01 -1.151449680328369141e-01 0.000000000000000000e+00 0.000000000000000000e+00 8.191000000000000000e+03 0.000000000000000000e+00 2.757299900054931641e+00
1.400000000000000000e+01 -1.152168586850166321e-01 -1.150810122489929199e-01 0.000000000000000000e+00 0.000000000000000000e+00 8.191000000000000000e+03 0.000000000000000000e+00 2.757299900054931641e+00
1.450000000000000000e+01 -1.151794344186782837e-01 -1.150620579719543457e-01 0.000000000000000000e+00 0.000000000000000000e+00 8.191000000000000000e+03 0.000000000000000000e+00 2.757299900054931641e+00
1.500000000000000000e+01 -1.151412278413772583e-01 -1.150508671998977661e-01 0.000000000000000000e+00 0.000000000000000000e+00 8.191000000000000000e+03 0.000000000000000000e+00 2.757299900054931641e+00
