5.000000000000000000e-01 8.567795157432556152e-03 8.567795157432556152e-03 0.000000000000000000e+00 0.000000000000000000e+00 8.191000000000000000e+03 0.000000000000000000e+00 2.755599975585937500e+00
1.000000000000000000e+00 8.547002449631690979e-03 7.479398977011442184e-03 0.000000000000000000e+00 0.000000000000000000e+00 8.191000000000000000e+03 0.000000000000000000e+00 2.755599975585937500e+00
1.500000000000000000e+00 8.424190804362297058e-03 6.702430080622434616e-03 0.000000000000000000e+00 0.000000000000000000e+00 8.191000000000000000e+03 0.000000000000000000e+00 2.755599975585937500e+00
2.000000000000000000e+00 8.089370094239711761e-03 5.769963841885328293e-03 0.000000000000000000e+00 0.000000000000000000e+00 8.191000000000000000e+03 0.000000000000000000e+00 2.755499839782714844e+00
2.500000000000000000e+00 7.513091899454593658e-03 5.242388229817152023e-03 0.000000000000000000e+00 0.000000000000000000e+00 8.191000000000000000e+03 0.000000000000000000e+00 2.755499839782714844e+00
3.000000000000000000e+00 6.784186232835054398e-03 4.623993765562772751e-03 0.000000000000000000e+00 0.000000000000000000e+00 8.191000000000000000e+03 0.000000000000000000e+00 2.755800008773803711e+00
3.500000000000000000e+00 6.033044308423995972e-03 4.204182419925928116e-03 0.000000000000000000e+00 0.000000000000000000e+00 8.191000000000000000e+03 0.000000000000000000e+00 2.755800008773803711e+00
4.000000000000000000e+00 5.351930391043424606e-03 3.901430871337652206e-03 0.000000000000000000e+00 0.000000000000000000e+00 8.191000000000000000e+03 0.000000000000000000e+00 2.755800008773803711e+00
4.500000000000000000e+00 4.777569323778152466e-03 3.492450108751654625e-03 0.000000000000000000e+00 0.000000000000000000e+00 8.191000000000000000e+03 0.000000000000000000e+00 2.755800008773803711e+00
5.000000000000000000e+00 4.309256095439195633e-03 3.415631828829646111e-03 0.000000000000000000e+00 0.000000000000000000e+00 8.191000000000000000e+03 0.000000000000000000e+00 2.755800008773803711e+00
5.500000000000000000e+00 3.935570828616619110e-03 3.289853455498814583e-03 0.000000000000000000e+00 0.000000000000000000e+00 8.191000000000000000e+03 0.000000000000000000e+00 2.755800008773803711e+00
6.000000000000000000e+00 3.650062717497348785e-03 3.100622678175568581e-03 0.000000000000000000e+00 0.000000000000000000e+00 8.191000000000000000e+03 0.000000000000000000e+00 2.755800008773803711e+00
6.500000000000000000e+00 3.438231535255908966e-03 2.964299404993653297e-03 0.000000000000000000e+00 0.000000000000000000e+00 8.191000000000000000e+03 0.000000000000000000e+00 2.755800008773803711e+00
7.000000000000000000e+00 3.271677298471331596e-03 2.892004791647195816e-03 0.000000000000000000e+00 0.000000000000000000e+00 8.191000000000000000e+03 0.000000000000000000e+00 2.755800008773803711e+00
7.500000000000000000e+00 3.132634097710251808e-03 2.973609836772084236e-03 0.000000000000000000e+00 0.000000000000000000e+00 8.191000000000000000e+03 0.000000000000000000e+00 2.755800008773803711e+00
8.000000000000000000e+00 3.025909420102834702e-03 2.847988158464431763e-03 0.000000000000000000e+00 0.000000000000000000e+00 8.191000000000000000e+03 0.000000000000000000e+00 2.755800008773803711e+00
8.500000000000000000e+00 2.957625314593315125e-03 2.919288584962487221e-03 0.000000000000000000e+00 0.000000000000000000e+00 8.191000000000000000e+03 0.000000000000000000e+00 2.755800008773803711e+00
9.000000000000000000e+00 2.922096755355596542e-03 2.984271850436925888e-03 0.000000000000000000e+00 0.000000000000000000e+00 8.191000000000000000e+03 0.000000000000000000e+00 2.755800008773803711e+00
9.500000000000000000e+00 2.913295291364192963e-03 2.969135763123631477e-03 0.000000000000000000e+00 0.000000000000000000e+00 8.191000000000000000e+03 0.000000000000000000e+00 2.755800008773803711e+00
1.000000000000000000e+01 2.926255809143185616e-03 3.003439866006374359e-03 0.000000000000000000e+00 0.000000000000000000e+00 8.191000000000000000e+03 0.000000000000000000e+00 2.755800008773803711e+00
1.050000000000000000e+01 2.951163100078701973e-03 3.070492763072252274e-03 0.000000000000000000e+00 0.000000000000000000e+00 8.191000000000000000e+03 0.000000000000000000e+00 2.755800008773803711e+00
1.100000000000000000e+01 2.982328645884990692e-03 3.152662422508001328e-03 0.000000000000000000e+00 0.000000000000000000e+00 8.191000000000000000e+03 0.000000000000000000e+00 2.755800008773803711e+00
1.150000000000000000e+01 3.024668199941515923e-03 3.291908651590347290e-03 0.000000000000000000e+00 0.000000000000000000e+00 8.191000000000000000e+03 0.000000000000000000e+00 2.755800008773803711e+00
1.200000000000000000e+01 3.083354793488979340e-03 3.218106459826231003e-03 0.000000000000000000e+00 0.000000000000000000e+00 8.191000000000000000e+03 0.000000000000000000e+00 2.755800008773803711e+00
1.250000000000000000e+01 3.151550889015197754e-03 3.376178909093141556e-03 0.000000000000000000e+00 0.000000000000000000e+00 8.191000000000000000e+03 0.000000000000000000e+00 2.755800008773803711e+00
1.300000000000000000e+01 3.217308316379785538e-03 3.383143804967403412e-03 0.000000000000000000e+00 0.000000000000000000e+00 8.191000000000000000e+03 0.000000000000000000e+00 2.755800008773803711e+00
1.350000000000000000e+01 3.278742078691720963e-03 3.510720562189817429e-03 0.000000000000000000e+00 0.000000000000000000e+00 8.191000000000000000e+03 0.000000000000000000e+00 2.755800008773803711e+00
1.400000000000000000e+01 3.340676194056868553e-03 3.491070121526718140e-03 0.000000000000000000e+00 0.000000000000000000e+00 8.191000000000000000e+03 0.000000000000000000e+00 2.755800008773803711e+00
1.450000000000000000e+01 3.404286690056324005e-03 3.651547012850642204e-03 0.000000000000000000e+00 0.000000000000000000e+00 8.191000000000000000e+03 0.000000000000000000e+00 2.755800008773803711e+00
1.500000000000000000e+01 3.469925140962004662e-03 3.699562977999448776e-03 0.000000000000000000e+00 0.000000000000000000e+00 8.191000000000000000e+03 0.000000000000000000e+00 2.755800008773803711e+00
