2.000000029802322388e-01 2.368008426856249571e-04 0.000000000000000000e+00 -4.180263317721255589e-07 3.129243850708007812e-07 0.000000000000000000e+00 8.000000000000000000e+00 8.191000000000000000e+03 0.000000000000000000e+00 0.000000000000000000e+00 2.755800008773803711e+00
4.000000059604644775e-01 1.015053316950798035e-02 0.000000000000000000e+00 1.122334310821315739e-06 9.997349232435226440e-03 0.000000000000000000e+00 7.000000000000000000e+00 8.191000000000000000e+03 0.000000000000000000e+00 0.000000000000000000e+00 2.755800008773803711e+00
6.000000238418579102e-01 2.014853619039058685e-02 0.000000000000000000e+00 2.656085598573554307e-06 1.999438367784023285e-02 0.000000000000000000e+00 7.000000000000000000e+00 8.191000000000000000e+03 0.000000000000000000e+00 0.000000000000000000e+00 2.755800008773803711e+00
8.000000119209289551e-01 2.916184440255165100e-02 0.000000000000000000e+00 4.309547875891439617e-06 3.000391460955142975e-02 0.000000000000000000e+00 7.000000000000000000e+00 6.143000000000000000e+03 0.000000000000000000e+00 0.000000000000000000e+00 2.755800008773803711e+00
1.000000000000000000e+00 4.014588519930839539e-02 0.000000000000000000e+00 6.088605459808604792e-06 4.000094905495643616e-02 0.000000000000000000e+00 7.000000000000000000e+00 8.191000000000000000e+03 0.000000000000000000e+00 0.000000000000000000e+00 2.755800008773803711e+00
1.200000047683715820e+00 5.028950423002243042e-02 0.000000000000000000e+00 7.928721970529295504e-06 4.999798536300659180e-02 0.000000000000000000e+00 7.000000000000000000e+00 8.191000000000000000e+03 0.000000000000000000e+00 0.000000000000000000e+00 2.754899978637695312e+00
1.399999976158142090e+00 6.018660590052604675e-02 0.000000000000000000e+00 9.731576028570998460e-06 5.999501794576644897e-02 0.000000000000000000e+00 7.000000000000000000e+00 8.191000000000000000e+03 0.000000000000000000e+00 0.000000000000000000e+00 2.754899978637695312e+00
1.600000023841857910e+00 7.023036479949951172e-02 0.000000000000000000e+00 1.140934637078316882e-05 7.000455260276794434e-02 0.000000000000000000e+00 8.000000000000000000e+00 8.191000000000000000e+03 0.000000000000000000e+00 0.000000000000000000e+00 2.754899978637695312e+00
1.800000071525573730e+00 8.019986748695373535e-02 0.000000000000000000e+00 1.282943412661552429e-05 8.000158518552780151e-02 0.000000000000000000e+00 8.000000000000000000e+00 8.191000000000000000e+03 0.000000000000000000e+00 0.000000000000000000e+00 2.754899978637695312e+00
2.000000000000000000e+00 9.020523726940155029e-02 0.000000000000000000e+00 1.390253510180627927e-05 8.999861776828765869e-02 0.000000000000000000e+00 8.000000000000000000e+00 8.191000000000000000e+03 0.000000000000000000e+00 0.000000000000000000e+00 2.754899978637695312e+00
2.200000047683715820e+00 1.001589074730873108e-01 0.000000000000000000e+00 1.466063440602738410e-05 9.999565780162811279e-02 0.000000000000000000e+00 8.000000000000000000e+00 8.191000000000000000e+03 0.000000000000000000e+00 0.000000000000000000e+00 2.755100011825561523e+00
2.400000095367431641e+00 1.102196425199508667e-01 0.000000000000000000e+00 1.513580809842096642e-05 1.100051850080490112e-01 0.000000000000000000e+00 8.000000000000000000e+00 8.191000000000000000e+03 0.000000000000000000e+00 0.000000000000000000e+00 2.755100011825561523e+00
2.600000143051147461e+00 1.201999709010124207e-01 0.000000000000000000e+00 1.528705615783110261e-05 1.200022250413894653e-01 0.000000000000000000e+00 8.000000000000000000e+00 8.191000000000000000e+03 0.000000000000000000e+00 0.000000000000000000e+00 2.755100011825561523e+00
2.799999952316284180e+00 1.300125420093536377e-01 0.000000000000000000e+00 1.530076406197622418e-05 1.299992501735687256e-01 0.000000000000000000e+00 8.000000000000000000e+00 8.191000000000000000e+03 0.000000000000000000e+00 0.000000000000000000e+00 2.755100011825561523e+00
3.000000000000000000e+00 1.401832550764083862e-01 0.000000000000000000e+00 1.517019973107380792e-05 1.399962902069091797e-01 0.000000000000000000e+00 8.000000000000000000e+00 8.191000000000000000e+03 0.000000000000000000e+00 0.000000000000000000e+00 2.755100011825561523e+00
3.200000047683715820e+00 1.501290500164031982e-01 0.000000000000000000e+00 1.497521589044481516e-05 1.500058174133300781e-01 0.000000000000000000e+00 8.000000000000000000e+00 8.191000000000000000e+03 0.000000000000000000e+00 0.000000000000000000e+00 2.754999876022338867e+00
3.400000095367431641e+00 1.601670086383819580e-01 0.000000000000000000e+00 1.473319662181893364e-05 1.600028574466705322e-01 0.000000000000000000e+00 8.000000000000000000e+00 8.191000000000000000e+03 0.000000000000000000e+00 0.000000000000000000e+00 2.754999876022338867e+00
3.600000143051147461e+00 1.702024340629577637e-01 0.000000000000000000e+00 1.449657520424807444e-05 1.699998974800109863e-01 0.000000000000000000e+00 8.000000000000000000e+00 8.191000000000000000e+03 0.000000000000000000e+00 0.000000000000000000e+00 2.754999876022338867e+00
3.799999952316284180e+00 1.802006959915161133e-01 0.000000000000000000e+00 1.425241407559951767e-05 1.799969226121902466e-01 0.000000000000000000e+00 8.000000000000000000e+00 8.191000000000000000e+03 0.000000000000000000e+00 0.000000000000000000e+00 2.754999876022338867e+00
4.000000000000000000e+00 1.900475770235061646e-01 0.000000000000000000e+00 1.401171357429120690e-05 1.899939626455307007e-01 0.000000000000000000e+00 8.000000000000000000e+00 8.191000000000000000e+03 0.000000000000000000e+00 0.000000000000000000e+00 2.754999876022338867e+00
4.200000286102294922e+00 2.001873850822448730e-01 0.000000000000000000e+00 1.383727612846996635e-05 2.000034898519515991e-01 0.000000000000000000e+00 8.000000000000000000e+00 8.191000000000000000e+03 0.000000000000000000e+00 0.000000000000000000e+00 2.754999876022338867e+00
4.400000095367431641e+00 2.102028131484985352e-01 0.000000000000000000e+00 1.365835305477958173e-05 2.100005298852920532e-01 0.000000000000000000e+00 8.000000000000000000e+00 8.191000000000000000e+03 0.000000000000000000e+00 0.000000000000000000e+00 2.754999876022338867e+00
4.599999904632568359e+00 2.202296108007431030e-01 0.000000000000000000e+00 1.348809564660768956e-05 2.199975699186325073e-01 0.000000000000000000e+00 8.000000000000000000e+00 8.191000000000000000e+03 0.000000000000000000e+00 0.000000000000000000e+00 2.754999876022338867e+00
4.800000190734863281e+00 2.301675230264663696e-01 0.000000000000000000e+00 1.334214994130888954e-05 2.299945950508117676e-01 0.000000000000000000e+00 8.000000000000000000e+00 8.191000000000000000e+03 0.000000000000000000e+00 0.000000000000000000e+00 2.754999876022338867e+00
5.000000000000000000e+00 2.400802373886108398e-01 0.000000000000000000e+00 1.320836963714100420e-05 2.400041371583938599e-01 0.000000000000000000e+00 8.000000000000000000e+00 8.191000000000000000e+03 0.000000000000000000e+00 0.000000000000000000e+00 2.754999876022338867e+00
5.200000286102294922e+00 2.502232491970062256e-01 0.000000000000000000e+00 1.311099549639038742e-05 2.500011622905731201e-01 0.000000000000000000e+00 8.000000000000000000e+00 8.191000000000000000e+03 0.000000000000000000e+00 0.000000000000000000e+00 2.754999876022338867e+00
5.400000095367431641e+00 2.601820528507232666e-01 0.000000000000000000e+00 1.300244275626027957e-05 2.599982023239135742e-01 0.000000000000000000e+00 8.000000000000000000e+00 8.191000000000000000e+03 0.000000000000000000e+00 0.000000000000000000e+00 2.754999876022338867e+00
5.599999904632568359e+00 2.699961066246032715e-01 0.000000000000000000e+00 1.288473049498861656e-05 2.699952423572540283e-01 0.000000000000000000e+00 8.000000000000000000e+00 8.191000000000000000e+03 0.000000000000000000e+00 0.000000000000000000e+00 2.754999876022338867e+00
5.800000190734863281e+00 2.801803648471832275e-01 0.000000000000000000e+00 1.282507946598343551e-05 2.800047695636749268e-01 0.000000000000000000e+00 8.000000000000000000e+00 8.191000000000000000e+03 0.000000000000000000e+00 0.000000000000000000e+00 2.754999876022338867e+00
6.000000000000000000e+00 2.901844084262847900e-01 0.000000000000000000e+00 1.274608712265035138e-05 2.900017797946929932e-01 0.000000000000000000e+00 8.000000000000000000e+00 8.191000000000000000e+03 0.000000000000000000e+00 0.000000000000000000e+00 2.754999876022338867e+00
6.200000286102294922e+00 3.002000153064727783e-01 0.000000000000000000e+00 1.268792402697727084e-05 2.999988198280334473e-01 0.000000000000000000e+00 8.000000000000000000e+00 8.191000000000000000e+03 0.000000000000000000e+00 0.000000000000000000e+00 2.755100011825561523e+00
6.400000095367431641e+00 2.901599109172821045e-01 0.000000000000000000e+00 1.232154409080976620e-05 2.900017797946929932e-01 0.000000000000000000e+00 8.000000000000000000e+00 8.191000000000000000e+03 0.000000000000000000e+00 0.000000000000000000e+00 2.755100011825561523e+00
6.599999904632568359e+00 2.801547944545745850e-01 0.000000000000000000e+00 1.206898923555854708e-05 2.800047695636749268e-01 0.000000000000000000e+00 8.000000000000000000e+00 8.191000000000000000e+03 0.000000000000000000e+00 0.000000000000000000e+00 2.755100011825561523e+00
6.800000190734863281e+00 2.701577544212341309e-01 0.000000000000000000e+00 1.184903157991357148e-05 2.699952423572540283e-01 0.000000000000000000e+00 8.000000000000000000e+00 8.191000000000000000e+03 0.000000000000000000e+00 0.000000000000000000e+00 2.755100011825561523e+00
7.000000000000000000e+00 2.600563168525695801e-01 0.000000000000000000e+00 1.169507686427095905e-05 2.599982023239135742e-01 0.000000000000000000e+00 8.000000000000000000e+00 8.191000000000000000e+03 0.000000000000000000e+00 0.000000000000000000e+00 2.755100011825561523e+00
7.200000286102294922e+00 2.501606643199920654e-01 0.000000000000000000e+00 1.155350764747709036e-05 2.500011622905731201e-01 0.000000000000000000e+00 8.000000000000000000e+00 8.191000000000000000e+03 0.000000000000000000e+00 0.000000000000000000e+00 2.754799842834472656e+00
7.400000095367431641e+00 2.401620000600814819e-01 0.000000000000000000e+00 1.139912819780874997e-05 2.400041371583938599e-01 0.000000000000000000e+00 8.000000000000000000e+00 8.191000000000000000e+03 0.000000000000000000e+00 0.000000000000000000e+00 2.754799842834472656e+00
7.599999904632568359e+00 2.301691472530364990e-01 0.000000000000000000e+00 1.130196051235543564e-05 2.299945950508117676e-01 0.000000000000000000e+00 8.000000000000000000e+00 8.191000000000000000e+03 0.000000000000000000e+00 0.000000000000000000e+00 2.754799842834472656e+00
7.800000190734863281e+00 2.201952934265136719e-01 0.000000000000000000e+00 1.119345233746571466e-05 2.199975699186325073e-01 0.000000000000000000e+00 8.000000000000000000e+00 8.191000000000000000e+03 0.000000000000000000e+00 0.000000000000000000e+00 2.754799842834472656e+00
8.000000000000000000e+00 2.101608514785766602e-01 0.000000000000000000e+00 1.104650255001615733e-05 2.100005298852920532e-01 0.000000000000000000e+00 8.000000000000000000e+00 8.191000000000000000e+03 0.000000000000000000e+00 0.000000000000000000e+00 2.754799842834472656e+00
8.199999809265136719e+00 2.001282870769500732e-01 0.000000000000000000e+00 1.091741705749882385e-05 2.000034898519515991e-01 0.000000000000000000e+00 8.000000000000000000e+00 8.191000000000000000e+03 0.000000000000000000e+00 0.000000000000000000e+00 2.754799842834472656e+00
8.400000572204589844e+00 1.901275664567947388e-01 0.000000000000000000e+00 1.073059684131294489e-05 1.899939626455307007e-01 0.000000000000000000e+00 8.000000000000000000e+00 8.191000000000000000e+03 0.000000000000000000e+00 0.000000000000000000e+00 2.754799842834472656e+00
8.600000381469726562e+00 1.802490800619125366e-01 0.000000000000000000e+00 1.061346938513452187e-05 1.799969226121902466e-01 0.000000000000000000e+00 8.000000000000000000e+00 8.191000000000000000e+03 0.000000000000000000e+00 0.000000000000000000e+00 2.754799842834472656e+00
8.800000190734863281e+00 1.701579242944717407e-01 0.000000000000000000e+00 1.038316804624628276e-05 1.699998974800109863e-01 0.000000000000000000e+00 8.000000000000000000e+00 8.191000000000000000e+03 0.000000000000000000e+00 0.000000000000000000e+00 2.754799842834472656e+00
9.000000000000000000e+00 1.601076871156692505e-01 0.000000000000000000e+00 1.010941559798084199e-05 1.600028574466705322e-01 0.000000000000000000e+00 8.000000000000000000e+00 8.191000000000000000e+03 0.000000000000000000e+00 0.000000000000000000e+00 2.754799842834472656e+00
9.199999809265136719e+00 1.500806659460067749e-01 0.000000000000000000e+00 9.728201803227420896e-06 1.500058174133300781e-01 0.000000000000000000e+00 8.000000000000000000e+00 8.191000000000000000e+03 0.000000000000000000e+00 0.000000000000000000e+00 2.754999876022338867e+00
9.400000572204589844e+00 1.401809453964233398e-01 0.000000000000000000e+00 9.255830264010000974e-06 1.399962902069091797e-01 0.000000000000000000e+00 8.000000000000000000e+00 8.191000000000000000e+03 0.000000000000000000e+00 0.000000000000000000e+00 2.754999876022338867e+00
9.600000381469726562e+00 1.301762312650680542e-01 0.000000000000000000e+00 8.617751518613658845e-06 1.299992501735687256e-01 0.000000000000000000e+00 8.000000000000000000e+00 8.191000000000000000e+03 0.000000000000000000e+00 0.000000000000000000e+00 2.754999876022338867e+00
9.800000190734863281e+00 1.200950071215629578e-01 0.000000000000000000e+00 7.754537364235147834e-06 1.200022250413894653e-01 0.000000000000000000e+00 8.000000000000000000e+00 8.191000000000000000e+03 0.000000000000000000e+00 0.000000000000000000e+00 2.754999876022338867e+00
1.000000000000000000e+01 1.100473627448081970e-01 0.000000000000000000e+00 6.656508048763498664e-06 1.100051850080490112e-01 0.000000000000000000e+00 7.000000000000000000e+00 8.191000000000000000e+03 0.000000000000000000e+00 0.000000000000000000e+00 2.754999876022338867e+00
1.019999980926513672e+01 1.001749709248542786e-01 0.000000000000000000e+00 5.267956112220417708e-06 9.999565780162811279e-02 0.000000000000000000e+00 7.000000000000000000e+00 8.191000000000000000e+03 0.000000000000000000e+00 0.000000000000000000e+00 2.754999876022338867e+00
1.040000057220458984e+01 9.008930623531341553e-02 0.000000000000000000e+00 3.574758920876774937e-06 8.999861776828765869e-02 0.000000000000000000e+00 7.000000000000000000e+00 8.191000000000000000e+03 0.000000000000000000e+00 0.000000000000000000e+00 2.754999876022338867e+00
1.060000038146972656e+01 8.013718575239181519e-02 0.000000000000000000e+00 1.626073753868695349e-06 8.000158518552780151e-02 0.000000000000000000e+00 7.000000000000000000e+00 8.191000000000000000e+03 0.000000000000000000e+00 0.000000000000000000e+00 2.754999876022338867e+00
1.080000019073486328e+01 7.021436095237731934e-02 0.000000000000000000e+00 -5.285242536956502590e-07 7.000455260276794434e-02 0.000000000000000000e+00 7.000000000000000000e+00 8.191000000000000000e+03 0.000000000000000000e+00 0.000000000000000000e+00 2.754999876022338867e+00
1.100000000000000000e+01 6.003631278872489929e-02 0.000000000000000000e+00 -1.093766627491277177e-06 5.999501794576644897e-02 0.000000000000000000e+00 6.000000000000000000e+00 7.164000000000000000e+03 0.000000000000000000e+00 0.000000000000000000e+00 2.754999876022338867e+00
1.119999980926513672e+01 5.019927769899368286e-02 0.000000000000000000e+00 -4.783717940881615505e-06 4.999798536300659180e-02 0.000000000000000000e+00 7.000000000000000000e+00 8.191000000000000000e+03 0.000000000000000000e+00 0.000000000000000000e+00 2.754899978637695312e+00
1.140000057220458984e+01 4.012260213494300842e-02 0.000000000000000000e+00 -6.563280749105615541e-06 4.000094905495643616e-02 0.000000000000000000e+00 7.000000000000000000e+00 8.191000000000000000e+03 0.000000000000000000e+00 0.000000000000000000e+00 2.754899978637695312e+00
1.160000038146972656e+01 3.021883405745029449e-02 0.000000000000000000e+00 -7.903005098341964185e-06 3.000391460955142975e-02 0.000000000000000000e+00 7.000000000000000000e+00 8.191000000000000000e+03 0.000000000000000000e+00 0.000000000000000000e+00 2.754899978637695312e+00
1.180000019073486328e+01 2.014180086553096771e-02 0.000000000000000000e+00 -8.781516953604295850e-06 1.999438367784023285e-02 0.000000000000000000e+00 7.000000000000000000e+00 8.191000000000000000e+03 0.000000000000000000e+00 0.000000000000000000e+00 2.754899978637695312e+00
1.200000000000000000e+01 1.007019635289907455e-02 0.000000000000000000e+00 -9.199439773510675877e-06 9.997349232435226440e-03 0.000000000000000000e+00 7.000000000000000000e+00 8.191000000000000000e+03 0.000000000000000000e+00 0.000000000000000000e+00 2.754899978637695312e+00
1.219999980926513672e+01 6.340479012578725815e-05 0.000000000000000000e+00 -9.213906196237076074e-06 3.129243850708007812e-07 0.000000000000000000e+00 8.000000000000000000e+00 8.191000000000000000e+03 0.000000000000000000e+00 0.000000000000000000e+00 2.754899978637695312e+00
1.240000057220458984e+01 -9.880345314741134644e-03 0.000000000000000000e+00 -9.034288268594536930e-06 -9.996719658374786377e-03 0.000000000000000000e+00 8.000000000000000000e+00 8.191000000000000000e+03 0.000000000000000000e+00 0.000000000000000000e+00 2.754899978637695312e+00
1.260000038146972656e+01 -1.988642290234565735e-02 0.000000000000000000e+00 -8.701643309905193746e-06 -1.999375596642494202e-02 0.000000000000000000e+00 8.000000000000000000e+00 6.143000000000000000e+03 0.000000000000000000e+00 0.000000000000000000e+00 2.754899978637695312e+00
1.280000019073486328e+01 -2.991287782788276672e-02 0.000000000000000000e+00 -8.282973794848658144e-06 -3.000328317284584045e-02 0.000000000000000000e+00 8.000000000000000000e+00 8.191000000000000000e+03 0.000000000000000000e+00 0.000000000000000000e+00 2.754899978637695312e+00
1.300000000000000000e+01 -3.990269079804420471e-02 0.000000000000000000e+00 -7.880041266616899520e-06 -4.000032320618629456e-02 0.000000000000000000e+00 8.000000000000000000e+00 8.191000000000000000e+03 0.000000000000000000e+00 0.000000000000000000e+00 2.754899978637695312e+00
1.319999980926513672e+01 -4.987998306751251221e-02 0.000000000000000000e+00 -7.531621577072655782e-06 -4.999735578894615173e-02 0.000000000000000000e+00 7.000000000000000000e+00 8.191000000000000000e+03 0.000000000000000000e+00 0.000000000000000000e+00 2.755100011825561523e+00
1.340000057220458984e+01 -5.998434871435165405e-02 0.000000000000000000e+00 -7.206373993540182710e-06 -5.999438837170600891e-02 0.000000000000000000e+00 7.000000000000000000e+00 8.191000000000000000e+03 0.000000000000000000e+00 0.000000000000000000e+00 2.755100011825561523e+00
1.360000038146972656e+01 -6.979653239250183105e-02 0.000000000000000000e+00 -6.935300007171463221e-06 -7.000392675399780273e-02 0.000000000000000000e+00 7.000000000000000000e+00 8.191000000000000000e+03 0.000000000000000000e+00 0.000000000000000000e+00 2.755100011825561523e+00
1.380000019073486328e+01 -7.988232374191284180e-02 0.000000000000000000e+00 -6.716620191582478583e-06 -8.000095188617706299e-02 0.000000000000000000e+00 7.000000000000000000e+00 8.191000000000000000e+03 0.000000000000000000e+00 0.000000000000000000e+00 2.755100011825561523e+00
1.400000000000000000e+01 -8.985913544893264771e-02 0.000000000000000000e+00 -6.585269602510379627e-06 -8.999799191951751709e-02 0.000000000000000000e+00 7.000000000000000000e+00 8.191000000000000000e+03 0.000000000000000000e+00 0.000000000000000000e+00 2.755100011825561523e+00
1.419999980926513672e+01 -9.979280829429626465e-02 0.000000000000000000e+00 -6.501872576336609200e-06 -9.999501705169677734e-02 0.000000000000000000e+00 7.000000000000000000e+00 8.191000000000000000e+03 0.000000000000000000e+00 0.000000000000000000e+00 2.754999876022338867e+00
1.440000057220458984e+01 -1.099286526441574097e-01 0.000000000000000000e+00 -6.449775355577003211e-06 -1.100045591592788696e-01 0.000000000000000000e+00 7.000000000000000000e+00 8.191000000000000000e+03 0.000000000000000000e+00 0.000000000000000000e+00 2.754999876022338867e+00
1.460000038146972656e+01 -1.198069602251052856e-01 0.000000000000000000e+00 -6.472800578194437549e-06 -1.200015842914581299e-01 0.000000000000000000e+00 7.000000000000000000e+00 8.191000000000000000e+03 0.000000000000000000e+00 0.000000000000000000e+00 2.754999876022338867e+00
1.480000019073486328e+01 -1.298584640026092529e-01 0.000000000000000000e+00 -6.548983947141095996e-06 -1.299986243247985840e-01 0.000000000000000000e+00 7.000000000000000000e+00 8.191000000000000000e+03 0.000000000000000000e+00 0.000000000000000000e+00 2.754999876022338867e+00
1.500000000000000000e+01 -1.398155540227890015e-01 0.000000000000000000e+00 -6.640727406193036586e-06 -1.399956643581390381e-01 0.000000000000000000e+00 7.000000000000000000e+00 8.191000000000000000e+03 0.000000000000000000e+00 0.000000000000000000e+00 2.754999876022338867e+00
1.519999980926513672e+01 -1.499130427837371826e-01 0.000000000000000000e+00 -6.804079930589068681e-06 -1.500051915645599365e-01 0.000000000000000000e+00 7.000000000000000000e+00 8.191000000000000000e+03 0.000000000000000000e+00 0.000000000000000000e+00 2.754899978637695312e+00
1.540000057220458984e+01 -1.598455458879470825e-01 0.000000000000000000e+00 -6.992228918534237891e-06 -1.600022166967391968e-01 0.000000000000000000e+00 7.000000000000000000e+00 8.191000000000000000e+03 0.000000000000000000e+00 0.000000000000000000e+00 2.754899978637695312e+00
1.560000038146972656e+01 -1.699000149965286255e-01 0.000000000000000000e+00 -7.245263077493291348e-06 -1.699992567300796509e-01 0.000000000000000000e+00 7.000000000000000000e+00 8.191000000000000000e+03 0.000000000000000000e+00 0.000000000000000000e+00 2.754899978637695312e+00
1.580000019073486328e+01 -1.798891872167587280e-01 0.000000000000000000e+00 -7.520276085415389389e-06 -1.799962967634201050e-01 0.000000000000000000e+00 7.000000000000000000e+00 8.191000000000000000e+03 0.000000000000000000e+00 0.000000000000000000e+00 2.754899978637695312e+00
1.600000000000000000e+01 -1.899070739746093750e-01 0.000000000000000000e+00 -7.838190867914818227e-06 -1.900058239698410034e-01 0.000000000000000000e+00 7.000000000000000000e+00 8.191000000000000000e+03 0.000000000000000000e+00 0.000000000000000000e+00 2.754899978637695312e+00
1.620000076293945312e+01 -1.999293118715286255e-01 0.000000000000000000e+00 -8.204496225516777486e-06 -2.000028640031814575e-01 0.000000000000000000e+00 7.000000000000000000e+00 8.191000000000000000e+03 0.000000000000000000e+00 0.000000000000000000e+00 2.754899978637695312e+00
1.639999961853027344e+01 -1.899017393589019775e-01 0.000000000000000000e+00 -7.446795279975049198e-06 -1.900058239698410034e-01 0.000000000000000000e+00 7.000000000000000000e+00 8.191000000000000000e+03 0.000000000000000000e+00 1.000000000000000000e+00 2.754899978637695312e+00
1.660000038146972656e+01 -1.799423843622207642e-01 0.000000000000000000e+00 -6.809817932662554085e-06 -1.799962967634201050e-01 0.000000000000000000e+00 7.000000000000000000e+00 8.191000000000000000e+03 0.000000000000000000e+00 1.000000000000000000e+00 2.754899978637695312e+00
1.680000114440917969e+01 -1.698945015668869019e-01 0.000000000000000000e+00 -6.274154657148756087e-06 -1.699992567300796509e-01 0.000000000000000000e+00 7.000000000000000000e+00 8.191000000000000000e+03 0.000000000000000000e+00 1.000000000000000000e+00 2.754899978637695312e+00
1.700000000000000000e+01 -1.597774326801300049e-01 0.000000000000000000e+00 -5.781052095699124038e-06 -1.600022166967391968e-01 0.000000000000000000e+00 7.000000000000000000e+00 8.191000000000000000e+03 0.000000000000000000e+00 1.000000000000000000e+00 2.754899978637695312e+00
1.720000076293945312e+01 -1.500049382448196411e-01 0.000000000000000000e+00 -5.367154699342790991e-06 -1.500051915645599365e-01 0.000000000000000000e+00 7.000000000000000000e+00 8.191000000000000000e+03 0.000000000000000000e+00 1.000000000000000000e+00 2.754999876022338867e+00
1.739999961853027344e+01 -1.397463828325271606e-01 0.000000000000000000e+00 -4.969911969965323806e-06 -1.399956643581390381e-01 0.000000000000000000e+00 7.000000000000000000e+00 8.191000000000000000e+03 0.000000000000000000e+00 1.000000000000000000e+00 2.754999876022338867e+00
1.760000038146972656e+01 -1.299213916063308716e-01 0.000000000000000000e+00 -4.624655502993846312e-06 -1.299986243247985840e-01 0.000000000000000000e+00 7.000000000000000000e+00 8.191000000000000000e+03 0.000000000000000000e+00 1.000000000000000000e+00 2.754999876022338867e+00
1.780000114440917969e+01 -1.197982877492904663e-01 0.000000000000000000e+00 -4.306730716052697971e-06 -1.200015842914581299e-01 0.000000000000000000e+00 7.000000000000000000e+00 8.191000000000000000e+03 0.000000000000000000e+00 1.000000000000000000e+00 2.754999876022338867e+00
1.800000000000000000e+01 -1.099391058087348938e-01 0.000000000000000000e+00 -4.024934696644777432e-06 -1.100045591592788696e-01 0.000000000000000000e+00 7.000000000000000000e+00 8.191000000000000000e+03 0.000000000000000000e+00 1.000000000000000000e+00 2.754999876022338867e+00
1.820000076293945312e+01 -9.981495141983032227e-02 0.000000000000000000e+00 -3.735077370947692543e-06 -9.999501705169677734e-02 0.000000000000000000e+00 7.000000000000000000e+00 8.191000000000000000e+03 0.000000000000000000e+00 1.000000000000000000e+00 2.754899978637695312e+00
1.839999961853027344e+01 -8.993110060691833496e-02 0.000000000000000000e+00 -3.486055220491834916e-06 -8.999799191951751709e-02 0.000000000000000000e+00 7.000000000000000000e+00 8.191000000000000000e+03 0.000000000000000000e+00 1.000000000000000000e+00 2.754899978637695312e+00
1.860000038146972656e+01 -7.985118031501770020e-02 0.000000000000000000e+00 -3.234738414903404191e-06 -8.000095188617706299e-02 0.000000000000000000e+00 7.000000000000000000e+00 8.191000000000000000e+03 0.000000000000000000e+00 1.000000000000000000e+00 2.754899978637695312e+00
1.880000114440917969e+01 -6.982904672622680664e-02 0.000000000000000000e+00 -2.977335270770709030e-06 -7.000392675399780273e-02 0.000000000000000000e+00 7.000000000000000000e+00 8.191000000000000000e+03 0.000000000000000000e+00 1.000000000000000000e+00 2.754899978637695312e+00
1.900000000000000000e+01 -5.988960713148117065e-02 0.000000000000000000e+00 -2.713727553782518953e-06 -5.999438837170600891e-02 0.000000000000000000e+00 7.000000000000000000e+00 8.191000000000000000e+03 0.000000000000000000e+00 1.000000000000000000e+00 2.754899978637695312e+00
1.920000076293945312e+01 -4.984650015830993652e-02 0.000000000000000000e+00 -2.424191961836186238e-06 -4.999735578894615173e-02 0.000000000000000000e+00 7.000000000000000000e+00 8.191000000000000000e+03 0.000000000000000000e+00 1.000000000000000000e+00 2.754899978637695312e+00
1.939999961853027344e+01 -3.977065160870552063e-02 0.000000000000000000e+00 -2.095847094096825458e-06 -4.000032320618629456e-02 0.000000000000000000e+00 7.000000000000000000e+00 8.191000000000000000e+03 0.000000000000000000e+00 1.000000000000000000e+00 2.754899978637695312e+00
1.960000038146972656e+01 -2.982319891452789307e-02 0.000000000000000000e+00 -1.694238676464010496e-06 -3.000328317284584045e-02 0.000000000000000000e+00 7.000000000000000000e+00 8.191000000000000000e+03 0.000000000000000000e+00 1.000000000000000000e+00 2.754899978637695312e+00
1.980000114440917969e+01 -1.990890130400657654e-02 0.000000000000000000e+00 -1.193435309687629342e-06 -1.999375596642494202e-02 0.000000000000000000e+00 7.000000000000000000e+00 8.191000000000000000e+03 0.000000000000000000e+00 1.000000000000000000e+00 2.754899978637695312e+00
2.000000000000000000e+01 -9.941404685378074646e-03 0.000000000000000000e+00 -5.761605166298977565e-07 -9.996719658374786377e-03 0.000000000000000000e+00 7.000000000000000000e+00 8.191000000000000000e+03 0.000000000000000000e+00 1.000000000000000000e+00 2.754899978637695312e+00
2.020000076293945312e+01 1.629976613912731409e-04 0.000000000000000000e+00 2.282620528148981975e-07 3.129243850708007812e-07 0.000000000000000000e+00 6.000000000000000000e+00 8.191000000000000000e+03 0.000000000000000000e+00 1.000000000000000000e+00 2.754899978637695312e+00
2.039999961853027344e+01 1.017430145293474197e-02 0.000000000000000000e+00 1.093100422622228507e-06 9.997349232435226440e-03 0.000000000000000000e+00 6.000000000000000000e+00 7.164000000000000000e+03 0.000000000000000000e+00 1.000000000000000000e+00 2.754899978637695312e+00
2.060000038146972656e+01 2.018613368272781372e-02 0.000000000000000000e+00 2.470413164701312780e-06 1.999438367784023285e-02 0.000000000000000000e+00 7.000000000000000000e+00 6.143000000000000000e+03 0.000000000000000000e+00 1.000000000000000000e+00 2.754899978637695312e+00
2.080000114440917969e+01 3.022610582411289215e-02 0.000000000000000000e+00 3.962752089137211442e-06 3.000391460955142975e-02 0.000000000000000000e+00 7.000000000000000000e+00 8.191000000000000000e+03 0.000000000000000000e+00 1.000000000000000000e+00 2.754899978637695312e+00
2.100000000000000000e+01 4.027132689952850342e-02 0.000000000000000000e+00 5.647764737659599632e-06 4.000094905495643616e-02 0.000000000000000000e+00 7.000000000000000000e+00 8.191000000000000000e+03 0.000000000000000000e+00 1.000000000000000000e+00 2.754899978637695312e+00
2.120000076293945312e+01 5.022260546684265137e-02 0.000000000000000000e+00 7.482765795430168509e-06 4.999798536300659180e-02 0.000000000000000000e+00 7.000000000000000000e+00 8.191000000000000000e+03 0.000000000000000000e+00 1.000000000000000000e+00 2.755199909210205078e+00
2.139999961853027344e+01 6.009866297245025635e-02 0.000000000000000000e+00 9.351177141070365906e-06 5.999501794576644897e-02 0.000000000000000000e+00 7.000000000000000000e+00 8.191000000000000000e+03 0.000000000000000000e+00 1.000000000000000000e+00 2.755199909210205078e+00
2.160000038146972656e+01 7.020418345928192139e-02 0.000000000000000000e+00 1.116622752306284383e-05 7.000455260276794434e-02 0.000000000000000000e+00 8.000000000000000000e+00 8.191000000000000000e+03 0.000000000000000000e+00 1.000000000000000000e+00 2.755199909210205078e+00
2.180000114440917969e+01 8.017137646675109863e-02 0.000000000000000000e+00 1.272550798603333533e-05 8.000158518552780151e-02 0.000000000000000000e+00 8.000000000000000000e+00 8.191000000000000000e+03 0.000000000000000000e+00 1.000000000000000000e+00 2.755199909210205078e+00
2.200000000000000000e+01 9.017176181077957153e-02 0.000000000000000000e+00 1.401432928105350584e-05 8.999861776828765869e-02 0.000000000000000000e+00 8.000000000000000000e+00 8.191000000000000000e+03 0.000000000000000000e+00 1.000000000000000000e+00 2.755199909210205078e+00
2.220000076293945312e+01 1.000996530055999756e-01 0.000000000000000000e+00 1.494779371569165960e-05 9.999565780162811279e-02 0.000000000000000000e+00 8.000000000000000000e+00 8.191000000000000000e+03 0.000000000000000000e+00 1.000000000000000000e+00 2.754999876022338867e+00
2.239999961853027344e+01 1.101819500327110291e-01 0.000000000000000000e+00 1.555621201987378299e-05 1.100051850080490112e-01 0.000000000000000000e+00 8.000000000000000000e+00 8.191000000000000000e+03 0.000000000000000000e+00 1.000000000000000000e+00 2.754999876022338867e+00
2.260000038146972656e+01 1.201719492673873901e-01 0.000000000000000000e+00 1.586260623298585415e-05 1.200022250413894653e-01 0.000000000000000000e+00 8.000000000000000000e+00 8.191000000000000000e+03 0.000000000000000000e+00 1.000000000000000000e+00 2.754999876022338867e+00
2.280000114440917969e+01 1.300794780254364014e-01 0.000000000000000000e+00 1.588963641552254558e-05 1.299992501735687256e-01 0.000000000000000000e+00 8.000000000000000000e+00 8.191000000000000000e+03 0.000000000000000000e+00 1.000000000000000000e+00 2.754999876022338867e+00
2.300000000000000000e+01 1.401709169149398804e-01 0.000000000000000000e+00 1.582929508003871888e-05 1.399962902069091797e-01 0.000000000000000000e+00 8.000000000000000000e+00 8.191000000000000000e+03 0.000000000000000000e+00 1.000000000000000000e+00 2.754999876022338867e+00
2.320000076293945312e+01 1.502584666013717651e-01 0.000000000000000000e+00 1.559597149025648832e-05 1.500058174133300781e-01 0.000000000000000000e+00 8.000000000000000000e+00 8.191000000000000000e+03 0.000000000000000000e+00 1.000000000000000000e+00 2.754899978637695312e+00
2.339999961853027344e+01 1.601655632257461548e-01 0.000000000000000000e+00 1.533640352135989815e-05 1.600028574466705322e-01 0.000000000000000000e+00 8.000000000000000000e+00 8.191000000000000000e+03 0.000000000000000000e+00 1.000000000000000000e+00 2.754899978637695312e+00
2.360000038146972656e+01 1.701730787754058838e-01 0.000000000000000000e+00 1.496731147199170664e-05 1.699998974800109863e-01 0.000000000000000000e+00 8.000000000000000000e+00 8.191000000000000000e+03 0.000000000000000000e+00 1.000000000000000000e+00 2.754899978637695312e+00
2.380000114440917969e+01 1.801018565893173218e-01 0.000000000000000000e+00 1.466478806833038107e-05 1.799969226121902466e-01 0.000000000000000000e+00 8.000000000000000000e+00 8.191000000000000000e+03 0.000000000000000000e+00 1.000000000000000000e+00 2.754899978637695312e+00
2.400000000000000000e+01 1.901983767747879028e-01 0.000000000000000000e+00 1.439319294149754569e-05 1.899939626455307007e-01 0.000000000000000000e+00 8.000000000000000000e+00 8.191000000000000000e+03 0.000000000000000000e+00 1.000000000000000000e+00 2.754899978637695312e+00
2.420000076293945312e+01 2.001833766698837280e-01 0.000000000000000000e+00 1.408332263963529840e-05 2.000034898519515991e-01 0.000000000000000000e+00 8.000000000000000000e+00 8.191000000000000000e+03 0.000000000000000000e+00 1.000000000000000000e+00 2.754999876022338867e+00
2.439999961853027344e+01 2.102749645709991455e-01 0.000000000000000000e+00 1.385961968480842188e-05 2.100005298852920532e-01 0.000000000000000000e+00 8.000000000000000000e+00 8.191000000000000000e+03 0.000000000000000000e+00 1.000000000000000000e+00 2.754999876022338867e+00
2.460000038146972656e+01 2.200950384140014648e-01 0.000000000000000000e+00 1.363947376376017928e-05 2.199975699186325073e-01 0.000000000000000000e+00 8.000000000000000000e+00 8.191000000000000000e+03 0.000000000000000000e+00 1.000000000000000000e+00 2.754999876022338867e+00
2.480000114440917969e+01 2.302549332380294800e-01 0.000000000000000000e+00 1.341529787168838084e-05 2.299945950508117676e-01 0.000000000000000000e+00 8.000000000000000000e+00 8.191000000000000000e+03 0.000000000000000000e+00 1.000000000000000000e+00 2.754999876022338867e+00
2.500000000000000000e+01 2.402127534151077271e-01 0.000000000000000000e+00 1.324888762610498816e-05 2.400041371583938599e-01 0.000000000000000000e+00 8.000000000000000000e+00 8.191000000000000000e+03 0.000000000000000000e+00 1.000000000000000000e+00 2.754999876022338867e+00
2.520000076293945312e+01 2.501472234725952148e-01 0.000000000000000000e+00 1.311583491769852117e-05 2.500011622905731201e-01 0.000000000000000000e+00 8.000000000000000000e+00 8.191000000000000000e+03 0.000000000000000000e+00 1.000000000000000000e+00 2.754999876022338867e+00
2.539999961853027344e+01 2.601110935211181641e-01 0.000000000000000000e+00 1.296469326916849241e-05 2.599982023239135742e-01 0.000000000000000000e+00 8.000000000000000000e+00 8.191000000000000000e+03 0.000000000000000000e+00 1.000000000000000000e+00 2.754999876022338867e+00
2.560000038146972656e+01 2.701762020587921143e-01 0.000000000000000000e+00 1.286758470087079331e-05 2.699952423572540283e-01 0.000000000000000000e+00 8.000000000000000000e+00 8.191000000000000000e+03 0.000000000000000000e+00 1.000000000000000000e+00 2.754999876022338867e+00
2.580000114440917969e+01 2.802024185657501221e-01 0.000000000000000000e+00 1.276945022254949436e-05 2.800047695636749268e-01 0.000000000000000000e+00 8.000000000000000000e+00 8.191000000000000000e+03 0.000000000000000000e+00 1.000000000000000000e+00 2.754999876022338867e+00
2.600000000000000000e+01 2.901054918766021729e-01 0.000000000000000000e+00 1.268826872546924278e-05 2.900017797946929932e-01 0.000000000000000000e+00 8.000000000000000000e+00 8.191000000000000000e+03 0.000000000000000000e+00 1.000000000000000000e+00 2.754999876022338867e+00
2.620000076293945312e+01 3.002056479454040527e-01 0.000000000000000000e+00 1.263517788174794987e-05 2.999988198280334473e-01 0.000000000000000000e+00 8.000000000000000000e+00 8.191000000000000000e+03 0.000000000000000000e+00 1.000000000000000000e+00 2.754999876022338867e+00
2.639999961853027344e+01 2.902196347713470459e-01 0.000000000000000000e+00 1.221121601702179760e-05 2.900017797946929932e-01 0.000000000000000000e+00 8.000000000000000000e+00 8.191000000000000000e+03 0.000000000000000000e+00 1.000000000000000000e+00 2.754999876022338867e+00
2.660000038146972656e+01 2.801130414009094238e-01 0.000000000000000000e+00 1.195952700072666630e-05 2.800047695636749268e-01 0.000000000000000000e+00 8.000000000000000000e+00 8.191000000000000000e+03 0.000000000000000000e+00 1.000000000000000000e+00 2.754999876022338867e+00
2.680000114440917969e+01 2.701492607593536377e-01 0.000000000000000000e+00 1.172231623058905825e-05 2.699952423572540283e-01 0.000000000000000000e+00 8.000000000000000000e+00 8.191000000000000000e+03 0.000000000000000000e+00 1.000000000000000000e+00 2.754999876022338867e+00
2.700000000000000000e+01 2.600600421428680420e-01 0.000000000000000000e+00 1.152544155047507957e-05 2.599982023239135742e-01 0.000000000000000000e+00 8.000000000000000000e+00 8.191000000000000000e+03 0.000000000000000000e+00 1.000000000000000000e+00 2.754999876022338867e+00
2.720000076293945312e+01 2.501364350318908691e-01 0.000000000000000000e+00 1.133283603849122301e-05 2.500011622905731201e-01 0.000000000000000000e+00 8.000000000000000000e+00 8.191000000000000000e+03 0.000000000000000000e+00 1.000000000000000000e+00 2.754699945449829102e+00
2.739999961853027344e+01 2.403112798929214478e-01 0.000000000000000000e+00 1.120949309552088380e-05 2.400041371583938599e-01 0.000000000000000000e+00 8.000000000000000000e+00 8.191000000000000000e+03 0.000000000000000000e+00 1.000000000000000000e+00 2.754699945449829102e+00
2.760000038146972656e+01 2.302822172641754150e-01 0.000000000000000000e+00 1.105568117054644972e-05 2.299945950508117676e-01 0.000000000000000000e+00 8.000000000000000000e+00 8.191000000000000000e+03 0.000000000000000000e+00 1.000000000000000000e+00 2.754699945449829102e+00
2.780000114440917969e+01 2.201296836137771606e-01 0.000000000000000000e+00 1.085165240510832518e-05 2.199975699186325073e-01 0.000000000000000000e+00 8.000000000000000000e+00 8.191000000000000000e+03 0.000000000000000000e+00 1.000000000000000000e+00 2.754699945449829102e+00
2.800000000000000000e+01 2.101914584636688232e-01 0.000000000000000000e+00 1.069242352969013155e-05 2.100005298852920532e-01 0.000000000000000000e+00 8.000000000000000000e+00 8.191000000000000000e+03 0.000000000000000000e+00 1.000000000000000000e+00 2.754699945449829102e+00
2.820000076293945312e+01 2.001540660858154297e-01 0.000000000000000000e+00 1.053168125508818775e-05 2.000034898519515991e-01 0.000000000000000000e+00 8.000000000000000000e+00 8.191000000000000000e+03 0.000000000000000000e+00 1.000000000000000000e+00 2.754799842834472656e+00
2.839999961853027344e+01 1.901823282241821289e-01 0.000000000000000000e+00 1.034458819049177691e-05 1.899939626455307007e-01 0.000000000000000000e+00 8.000000000000000000e+00 8.191000000000000000e+03 0.000000000000000000e+00 1.000000000000000000e+00 2.754799842834472656e+00
2.860000038146972656e+01 1.801914274692535400e-01 0.000000000000000000e+00 1.014777717500692233e-05 1.799969226121902466e-01 0.000000000000000000e+00 8.000000000000000000e+00 8.191000000000000000e+03 0.000000000000000000e+00 1.000000000000000000e+00 2.754799842834472656e+00
2.880000114440917969e+01 1.702404767274856567e-01 0.000000000000000000e+00 9.903978025249671191e-06 1.699998974800109863e-01 0.000000000000000000e+00 8.000000000000000000e+00 8.191000000000000000e+03 0.000000000000000000e+00 1.000000000000000000e+00 2.754799842834472656e+00
2.900000000000000000e+01 1.601341217756271362e-01 0.000000000000000000e+00 9.572921953804325312e-06 1.600028574466705322e-01 0.000000000000000000e+00 8.000000000000000000e+00 8.191000000000000000e+03 0.000000000000000000e+00 1.000000000000000000e+00 2.754799842834472656e+00
2.920000076293945312e+01 1.501943022012710571e-01 0.000000000000000000e+00 9.153834980679675937e-06 1.500058174133300781e-01 0.000000000000000000e+00 8.000000000000000000e+00 8.191000000000000000e+03 0.000000000000000000e+00 1.000000000000000000e+00 2.754999876022338867e+00
2.939999961853027344e+01 1.402339041233062744e-01 0.000000000000000000e+00 8.628145224065519869e-06 1.399962902069091797e-01 0.000000000000000000e+00 8.000000000000000000e+00 8.191000000000000000e+03 0.000000000000000000e+00 1.000000000000000000e+00 2.754999876022338867e+00
2.960000038146972656e+01 1.301983296871185303e-01 0.000000000000000000e+00 7.907775398052763194e-06 1.299992501735687256e-01 0.000000000000000000e+00 8.000000000000000000e+00 8.191000000000000000e+03 0.000000000000000000e+00 1.000000000000000000e+00 2.754999876022338867e+00
2.980000114440917969e+01 1.200859174132347107e-01 0.000000000000000000e+00 6.919752195244655013e-06 1.200022250413894653e-01 0.000000000000000000e+00 7.000000000000000000e+00 8.191000000000000000e+03 0.000000000000000000e+00 1.000000000000000000e+00 2.754999876022338867e+00
3.000000000000000000e+01 1.102239266037940979e-01 0.000000000000000000e+00 5.696951575373532251e-06 1.100051850080490112e-01 0.000000000000000000e+00 7.000000000000000000e+00 8.191000000000000000e+03 0.000000000000000000e+00 1.000000000000000000e+00 2.754999876022338867e+00
3.020000076293945312e+01 1.001425385475158691e-01 0.000000000000000000e+00 4.173349680058890954e-06 9.999565780162811279e-02 0.000000000000000000e+00 7.000000000000000000e+00 8.191000000000000000e+03 0.000000000000000000e+00 1.000000000000000000e+00 2.754899978637695312e+00
3.039999961853027344e+01 9.016894549131393433e-02 0.000000000000000000e+00 2.334486225663567893e-06 8.999861776828765869e-02 0.000000000000000000e+00 7.000000000000000000e+00 8.191000000000000000e+03 0.000000000000000000e+00 1.000000000000000000e+00 2.754899978637695312e+00
3.060000038146972656e+01 8.007579296827316284e-02 0.000000000000000000e+00 2.348137684293760685e-07 8.000158518552780151e-02 0.000000000000000000e+00 7.000000000000000000e+00 8.191000000000000000e+03 0.000000000000000000e+00 1.000000000000000000e+00 2.754899978637695312e+00
3.080000114440917969e+01 7.014823704957962036e-02 0.000000000000000000e+00 -1.093766627491277177e-06 7.000455260276794434e-02 0.000000000000000000e+00 6.000000000000000000e+00 7.164000000000000000e+03 0.000000000000000000e+00 1.000000000000000000e+00 2.754899978637695312e+00
3.100000000000000000e+01 6.020563840866088867e-02 0.000000000000000000e+00 -4.299438842281233519e-06 5.999501794576644897e-02 0.000000000000000000e+00 7.000000000000000000e+00 8.191000000000000000e+03 0.000000000000000000e+00 1.000000000000000000e+00 2.754899978637695312e+00
3.120000076293945312e+01 5.015714094042778015e-02 0.000000000000000000e+00 -6.383526852005161345e-06 4.999798536300659180e-02 0.000000000000000000e+00 7.000000000000000000e+00 8.191000000000000000e+03 0.000000000000000000e+00 1.000000000000000000e+00 2.754899978637695312e+00
3.139999961853027344e+01 4.004456102848052979e-02 0.000000000000000000e+00 -8.138517841871362180e-06 4.000094905495643616e-02 0.000000000000000000e+00 7.000000000000000000e+00 8.191000000000000000e+03 0.000000000000000000e+00 1.000000000000000000e+00 2.754899978637695312e+00
3.160000038146972656e+01 3.012576140463352203e-02 0.000000000000000000e+00 -9.410660823050420731e-06 3.000391460955142975e-02 0.000000000000000000e+00 7.000000000000000000e+00 8.191000000000000000e+03 0.000000000000000000e+00 1.000000000000000000e+00 2.754899978637695312e+00
3.180000114440917969e+01 2.010777033865451813e-02 0.000000000000000000e+00 -1.016103578876936808e-05 1.999438367784023285e-02 0.000000000000000000e+00 8.000000000000000000e+00 8.191000000000000000e+03 0.000000000000000000e+00 1.000000000000000000e+00 2.754899978637695312e+00
3.200000000000000000e+01 1.019693911075592041e-02 0.000000000000000000e+00 -1.049221191351534799e-05 9.997349232435226440e-03 0.000000000000000000e+00 8.000000000000000000e+00 8.191000000000000000e+03 0.000000000000000000e+00 1.000000000000000000e+00 2.754899978637695312e+00
3.220000076293945312e+01 1.660782436374574900e-04 0.000000000000000000e+00 -1.043783595378044993e-05 3.129243850708007812e-07 0.000000000000000000e+00 8.000000000000000000e+00 8.191000000000000000e+03 0.000000000000000000e+00 1.000000000000000000e+00 2.754899978637695312e+00
3.240000152587890625e+01 -9.867494925856590271e-03 0.000000000000000000e+00 -1.020431500364793465e-05 -9.996719658374786377e-03 0.000000000000000000e+00 8.000000000000000000e+00 8.191000000000000000e+03 0.000000000000000000e+00 1.000000000000000000e+00 2.754899978637695312e+00
3.260000228881835938e+01 -1.983459293842315674e-02 0.000000000000000000e+00 -9.794214747671503574e-06 -1.999375596642494202e-02 0.000000000000000000e+00 8.000000000000000000e+00 6.143000000000000000e+03 0.000000000000000000e+00 1.000000000000000000e+00 2.754899978637695312e+00
3.279999923706054688e+01 -2.991259470582008362e-02 0.000000000000000000e+00 -9.327854968432802707e-06 -3.000328317284584045e-02 0.000000000000000000e+00 8.000000000000000000e+00 8.191000000000000000e+03 0.000000000000000000e+00 1.000000000000000000e+00 2.754899978637695312e+00
3.300000000000000000e+01 -3.987727686762809753e-02 0.000000000000000000e+00 -8.827496458252426237e-06 -4.000032320618629456e-02 0.000000000000000000e+00 8.000000000000000000e+00 8.191000000000000000e+03 0.000000000000000000e+00 1.000000000000000000e+00 2.754899978637695312e+00
3.320000076293945312e+01 -4.981707036495208740e-02 0.000000000000000000e+00 -8.398755198868457228e-06 -4.999735578894615173e-02 0.000000000000000000e+00 8.000000000000000000e+00 8.191000000000000000e+03 0.000000000000000000e+00 1.000000000000000000e+00 2.755100011825561523e+00
3.340000152587890625e+01 -5.978909507393836975e-02 0.000000000000000000e+00 -8.029173841350711882e-06 -5.999438837170600891e-02 0.000000000000000000e+00 8.000000000000000000e+00 8.191000000000000000e+03 0.000000000000000000e+00 1.000000000000000000e+00 2.755100011825561523e+00
3.360000228881835938e+01 -6.986292451620101929e-02 0.000000000000000000e+00 -7.742100024188403040e-06 -7.000392675399780273e-02 0.000000000000000000e+00 7.000000000000000000e+00 8.191000000000000000e+03 0.000000000000000000e+00 1.000000000000000000e+00 2.755100011825561523e+00
3.379999923706054688e+01 -7.980787754058837891e-02 0.000000000000000000e+00 -7.478788575099315494e-06 -8.000095188617706299e-02 0.000000000000000000e+00 7.000000000000000000e+00 8.191000000000000000e+03 0.000000000000000000e+00 1.000000000000000000e+00 2.755100011825561523e+00
3.400000000000000000e+01 -8.992160856723785400e-02 0.000000000000000000e+00 -7.310297860385617241e-06 -8.999799191951751709e-02 0.000000000000000000e+00 7.000000000000000000e+00 8.191000000000000000e+03 0.000000000000000000e+00 1.000000000000000000e+00 2.755100011825561523e+00
3.420000076293945312e+01 -9.993034601211547852e-02 0.000000000000000000e+00 -7.164405360526870936e-06 -9.999501705169677734e-02 0.000000000000000000e+00 7.000000000000000000e+00 8.191000000000000000e+03 0.000000000000000000e+00 1.000000000000000000e+00 2.754899978637695312e+00
3.440000152587890625e+01 -1.099332571029663086e-01 0.000000000000000000e+00 -7.087695848895236850e-06 -1.100045591592788696e-01 0.000000000000000000e+00 7.000000000000000000e+00 8.191000000000000000e+03 0.000000000000000000e+00 1.000000000000000000e+00 2.754899978637695312e+00
3.460000228881835938e+01 -1.199233531951904297e-01 0.000000000000000000e+00 -7.060335974529152736e-06 -1.200015842914581299e-01 0.000000000000000000e+00 7.000000000000000000e+00 8.191000000000000000e+03 0.000000000000000000e+00 1.000000000000000000e+00 2.754899978637695312e+00
3.479999923706054688e+01 -1.298735737800598145e-01 0.000000000000000000e+00 -7.086375262588262558e-06 -1.299986243247985840e-01 0.000000000000000000e+00 7.000000000000000000e+00 8.191000000000000000e+03 0.000000000000000000e+00 1.000000000000000000e+00 2.754899978637695312e+00
3.500000000000000000e+01 -1.398886442184448242e-01 0.000000000000000000e+00 -7.157157142501091585e-06 -1.399956643581390381e-01 0.000000000000000000e+00 7.000000000000000000e+00 8.191000000000000000e+03 0.000000000000000000e+00 1.000000000000000000e+00 2.754899978637695312e+00
3.520000076293945312e+01 -1.498242914676666260e-01 0.000000000000000000e+00 -7.258262940013082698e-06 -1.500051915645599365e-01 0.000000000000000000e+00 7.000000000000000000e+00 8.191000000000000000e+03 0.000000000000000000e+00 1.000000000000000000e+00 2.754899978637695312e+00
3.540000152587890625e+01 -1.598653495311737061e-01 0.000000000000000000e+00 -7.398522939183749259e-06 -1.600022166967391968e-01 0.000000000000000000e+00 7.000000000000000000e+00 8.191000000000000000e+03 0.000000000000000000e+00 1.000000000000000000e+00 2.754899978637695312e+00
3.560000228881835938e+01 -1.698204725980758667e-01 0.000000000000000000e+00 -7.622270913998363540e-06 -1.699992567300796509e-01 0.000000000000000000e+00 7.000000000000000000e+00 8.191000000000000000e+03 0.000000000000000000e+00 1.000000000000000000e+00 2.754899978637695312e+00
3.579999923706054688e+01 -1.798145025968551636e-01 0.000000000000000000e+00 -7.834313692001160234e-06 -1.799962967634201050e-01 0.000000000000000000e+00 7.000000000000000000e+00 8.191000000000000000e+03 0.000000000000000000e+00 1.000000000000000000e+00 2.754899978637695312e+00
3.600000000000000000e+01 -1.898938417434692383e-01 0.000000000000000000e+00 -8.103818800009321421e-06 -1.900058239698410034e-01 0.000000000000000000e+00 7.000000000000000000e+00 8.191000000000000000e+03 0.000000000000000000e+00 1.000000000000000000e+00 2.754899978637695312e+00
3.620000076293945312e+01 -1.998856663703918457e-01 0.000000000000000000e+00 -8.433417860942427069e-06 -2.000028640031814575e-01 0.000000000000000000e+00 7.000000000000000000e+00 8.191000000000000000e+03 0.000000000000000000e+00 1.000000000000000000e+00 2.754899978637695312e+00
3.640000152587890625e+01 -1.898034065961837769e-01 0.000000000000000000e+00 -7.694446139794308692e-06 -1.900058239698410034e-01 0.000000000000000000e+00 7.000000000000000000e+00 8.191000000000000000e+03 0.000000000000000000e+00 2.000000000000000000e+00 2.754899978637695312e+00
3.660000228881835938e+01 -1.797945797443389893e-01 0.000000000000000000e+00 -7.078304861352080479e-06 -1.799962967634201050e-01 0.000000000000000000e+00 7.000000000000000000e+00 8.191000000000000000e+03 0.000000000000000000e+00 2.000000000000000000e+00 2.754899978637695312e+00
3.679999923706054688e+01 -1.699779033660888672e-01 0.000000000000000000e+00 -6.544767984451027587e-06 -1.699992567300796509e-01 0.000000000000000000e+00 7.000000000000000000e+00 8.191000000000000000e+03 0.000000000000000000e+00 2.000000000000000000e+00 2.754899978637695312e+00
3.700000000000000000e+01 -1.598078608512878418e-01 0.000000000000000000e+00 -6.069582013878971338e-06 -1.600022166967391968e-01 0.000000000000000000e+00 7.000000000000000000e+00 8.191000000000000000e+03 0.000000000000000000e+00 2.000000000000000000e+00 2.754899978637695312e+00
3.720000076293945312e+01 -1.499642580747604370e-01 0.000000000000000000e+00 -5.658288955601165071e-06 -1.500051915645599365e-01 0.000000000000000000e+00 7.000000000000000000e+00 8.191000000000000000e+03 0.000000000000000000e+00 2.000000000000000000e+00 2.754899978637695312e+00
3.740000152587890625e+01 -1.399009674787521362e-01 0.000000000000000000e+00 -5.270365818432765082e-06 -1.399956643581390381e-01 0.000000000000000000e+00 7.000000000000000000e+00 8.191000000000000000e+03 0.000000000000000000e+00 2.000000000000000000e+00 2.754899978637695312e+00
3.760000228881835938e+01 -1.298379898071289062e-01 0.000000000000000000e+00 -4.928965154249453917e-06 -1.299986243247985840e-01 0.000000000000000000e+00 7.000000000000000000e+00 8.191000000000000000e+03 0.000000000000000000e+00 2.000000000000000000e+00 2.754899978637695312e+00
3.779999923706054688e+01 -1.197528690099716187e-01 0.000000000000000000e+00 -4.627336693374672905e-06 -1.200015842914581299e-01 0.000000000000000000e+00 7.000000000000000000e+00 8.191000000000000000e+03 0.000000000000000000e+00 2.000000000000000000e+00 2.754899978637695312e+00
3.800000000000000000e+01 -1.098698675632476807e-01 0.000000000000000000e+00 -4.324062047089682892e-06 -1.100045591592788696e-01 0.000000000000000000e+00 7.000000000000000000e+00 8.191000000000000000e+03 0.000000000000000000e+00 2.000000000000000000e+00 2.754899978637695312e+00
3.820000076293945312e+01 -9.992963820695877075e-02 0.000000000000000000e+00 -4.048693881486542523e-06 -9.999501705169677734e-02 0.000000000000000000e+00 7.000000000000000000e+00 8.191000000000000000e+03 0.000000000000000000e+00 2.000000000000000000e+00 2.754899978637695312e+00
3.840000152587890625e+01 -8.994204550981521606e-02 0.000000000000000000e+00 -3.800503009188105352e-06 -8.999799191951751709e-02 0.000000000000000000e+00 7.000000000000000000e+00 8.191000000000000000e+03 0.000000000000000000e+00 2.000000000000000000e+00 2.754899978637695312e+00
3.860000228881835938e+01 -7.980994880199432373e-02 0.000000000000000000e+00 -3.540250645528431050e-06 -8.000095188617706299e-02 0.000000000000000000e+00 7.000000000000000000e+00 8.191000000000000000e+03 0.000000000000000000e+00 2.000000000000000000e+00 2.754899978637695312e+00
3.879999923706054688e+01 -6.992876529693603516e-02 0.000000000000000000e+00 -3.296573822808568366e-06 -7.000392675399780273e-02 0.000000000000000000e+00 7.000000000000000000e+00 8.191000000000000000e+03 0.000000000000000000e+00 2.000000000000000000e+00 2.754899978637695312e+00
3.900000000000000000e+01 -5.986176058650016785e-02 0.000000000000000000e+00 -3.035716190424864180e-06 -5.999438837170600891e-02 0.000000000000000000e+00 7.000000000000000000e+00 8.191000000000000000e+03 0.000000000000000000e+00 2.000000000000000000e+00 2.754899978637695312e+00
3.920000076293945312e+01 -4.978701472282409668e-02 0.000000000000000000e+00 -2.741317530308151618e-06 -4.999735578894615173e-02 0.000000000000000000e+00 7.000000000000000000e+00 8.191000000000000000e+03 0.000000000000000000e+00 2.000000000000000000e+00 2.754899978637695312e+00
3.940000152587890625e+01 -3.980044275522232056e-02 0.000000000000000000e+00 -2.418459416730911471e-06 -4.000032320618629456e-02 0.000000000000000000e+00 7.000000000000000000e+00 8.191000000000000000e+03 0.000000000000000000e+00 2.000000000000000000e+00 2.754899978637695312e+00
3.960000228881835938e+01 -2.983990311622619629e-02 0.000000000000000000e+00 -2.025215280809788965e-06 -3.000328317284584045e-02 0.000000000000000000e+00 7.000000000000000000e+00 8.191000000000000000e+03 0.000000000000000000e+00 2.000000000000000000e+00 2.754899978637695312e+00
3.979999923706054688e+01 -1.980917342007160187e-02 0.000000000000000000e+00 -1.546117118778056465e-06 -1.999375596642494202e-02 0.000000000000000000e+00 7.000000000000000000e+00 8.191000000000000000e+03 0.000000000000000000e+00 2.000000000000000000e+00 2.754899978637695312e+00
4.000000000000000000e+01 -9.800182655453681946e-03 0.000000000000000000e+00 -9.435935908186365850e-07 -9.996719658374786377e-03 0.000000000000000000e+00 7.000000000000000000e+00 8.191000000000000000e+03 0.000000000000000000e+00 2.000000000000000000e+00 2.754899978637695312e+00
4.020000076293945312e+01 1.327426289208233356e-04 0.000000000000000000e+00 -1.710863841708487598e-07 3.129243850708007812e-07 0.000000000000000000e+00 7.000000000000000000e+00 8.191000000000000000e+03 0.000000000000000000e+00 2.000000000000000000e+00 2.754899978637695312e+00
4.040000152587890625e+01 1.020268630236387253e-02 0.000000000000000000e+00 8.141737453115638345e-07 9.997349232435226440e-03 0.000000000000000000e+00 6.000000000000000000e+00 8.191000000000000000e+03 0.000000000000000000e+00 2.000000000000000000e+00 2.754899978637695312e+00
4.060000228881835938e+01 2.011963352560997009e-02 0.000000000000000000e+00 1.093102355298469774e-06 1.999438367784023285e-02 0.000000000000000000e+00 6.000000000000000000e+00 5.116000000000000000e+03 0.000000000000000000e+00 2.000000000000000000e+00 2.754899978637695312e+00
4.079999923706054688e+01 3.004202619194984436e-02 0.000000000000000000e+00 3.494631982903229073e-06 3.000391460955142975e-02 0.000000000000000000e+00 7.000000000000000000e+00 8.191000000000000000e+03 0.000000000000000000e+00 2.000000000000000000e+00 2.754899978637695312e+00
4.100000000000000000e+01 4.001821577548980713e-02 0.000000000000000000e+00 5.197917289478937164e-06 4.000094905495643616e-02 0.000000000000000000e+00 7.000000000000000000e+00 8.191000000000000000e+03 0.000000000000000000e+00 2.000000000000000000e+00 2.754899978637695312e+00
4.120000076293945312e+01 5.012245103716850281e-02 0.000000000000000000e+00 7.044315680104773492e-06 4.999798536300659180e-02 0.000000000000000000e+00 7.000000000000000000e+00 8.191000000000000000e+03 0.000000000000000000e+00 2.000000000000000000e+00 2.755100011825561523e+00
4.140000152587890625e+01 6.010411307215690613e-02 0.000000000000000000e+00 8.979212907433975488e-06 5.999501794576644897e-02 0.000000000000000000e+00 7.000000000000000000e+00 8.191000000000000000e+03 0.000000000000000000e+00 2.000000000000000000e+00 2.755100011825561523e+00
4.160000228881835938e+01 7.011299580335617065e-02 0.000000000000000000e+00 1.088002500182483345e-05 7.000455260276794434e-02 0.000000000000000000e+00 8.000000000000000000e+00 8.191000000000000000e+03 0.000000000000000000e+00 2.000000000000000000e+00 2.755100011825561523e+00
4.179999923706054688e+01 8.015248179435729980e-02 0.000000000000000000e+00 1.257520489161834121e-05 8.000158518552780151e-02 0.000000000000000000e+00 8.000000000000000000e+00 8.191000000000000000e+03 0.000000000000000000e+00 2.000000000000000000e+00 2.755100011825561523e+00
4.200000000000000000e+01 9.016969054937362671e-02 0.000000000000000000e+00 1.396465722791617736e-05 8.999861776828765869e-02 0.000000000000000000e+00 8.000000000000000000e+00 8.191000000000000000e+03 0.000000000000000000e+00 2.000000000000000000e+00 2.755100011825561523e+00
4.220000076293945312e+01 1.001636981964111328e-01 0.000000000000000000e+00 1.511414757260354236e-05 9.999565780162811279e-02 0.000000000000000000e+00 8.000000000000000000e+00 8.191000000000000000e+03 0.000000000000000000e+00 2.000000000000000000e+00 2.754899978637695312e+00
4.240000152587890625e+01 1.100934222340583801e-01 0.000000000000000000e+00 1.583801713422872126e-05 1.100051850080490112e-01 0.000000000000000000e+00 8.000000000000000000e+00 8.191000000000000000e+03 0.000000000000000000e+00 2.000000000000000000e+00 2.754899978637695312e+00
4.260000228881835938e+01 1.201233640313148499e-01 0.000000000000000000e+00 1.624511969566810876e-05 1.200022250413894653e-01 0.000000000000000000e+00 8.000000000000000000e+00 8.191000000000000000e+03 0.000000000000000000e+00 2.000000000000000000e+00 2.754899978637695312e+00
4.279999923706054688e+01 1.301681101322174072e-01 0.000000000000000000e+00 1.644993244553916156e-05 1.299992501735687256e-01 0.000000000000000000e+00 8.000000000000000000e+00 8.191000000000000000e+03 0.000000000000000000e+00 2.000000000000000000e+00 2.754899978637695312e+00
4.300000000000000000e+01 1.400975883007049561e-01 0.000000000000000000e+00 1.639377842366229743e-05 1.399962902069091797e-01 0.000000000000000000e+00 8.000000000000000000e+00 8.191000000000000000e+03 0.000000000000000000e+00 2.000000000000000000e+00 2.754899978637695312e+00
4.320000076293945312e+01 1.502846926450729370e-01 0.000000000000000000e+00 1.618739042896777391e-05 1.500058174133300781e-01 0.000000000000000000e+00 8.000000000000000000e+00 8.191000000000000000e+03 0.000000000000000000e+00 2.000000000000000000e+00 2.754899978637695312e+00
4.340000152587890625e+01 1.600838005542755127e-01 0.000000000000000000e+00 1.586674807185772806e-05 1.600028574466705322e-01 0.000000000000000000e+00 8.000000000000000000e+00 8.191000000000000000e+03 0.000000000000000000e+00 2.000000000000000000e+00 2.754899978637695312e+00
4.360000228881835938e+01 1.701332479715347290e-01 0.000000000000000000e+00 1.556348979647736996e-05 1.699998974800109863e-01 0.000000000000000000e+00 8.000000000000000000e+00 8.191000000000000000e+03 0.000000000000000000e+00 2.000000000000000000e+00 2.754899978637695312e+00
4.379999923706054688e+01 1.802007108926773071e-01 0.000000000000000000e+00 1.524294293631101027e-05 1.799969226121902466e-01 0.000000000000000000e+00 8.000000000000000000e+00 8.191000000000000000e+03 0.000000000000000000e+00 2.000000000000000000e+00 2.754899978637695312e+00
4.400000000000000000e+01 1.901776194572448730e-01 0.000000000000000000e+00 1.486334076616913080e-05 1.899939626455307007e-01 0.000000000000000000e+00 8.000000000000000000e+00 8.191000000000000000e+03 0.000000000000000000e+00 2.000000000000000000e+00 2.754899978637695312e+00
4.420000076293945312e+01 2.001457512378692627e-01 0.000000000000000000e+00 1.455892652302281931e-05 2.000034898519515991e-01 0.000000000000000000e+00 8.000000000000000000e+00 8.191000000000000000e+03 0.000000000000000000e+00 2.000000000000000000e+00 2.754899978637695312e+00
4.440000152587890625e+01 2.102407664060592651e-01 0.000000000000000000e+00 1.422961304342607036e-05 2.100005298852920532e-01 0.000000000000000000e+00 8.000000000000000000e+00 8.191000000000000000e+03 0.000000000000000000e+00 2.000000000000000000e+00 2.754899978637695312e+00
4.460000228881835938e+01 2.202423512935638428e-01 0.000000000000000000e+00 1.398755830450681970e-05 2.199975699186325073e-01 0.000000000000000000e+00 8.000000000000000000e+00 8.191000000000000000e+03 0.000000000000000000e+00 2.000000000000000000e+00 2.754899978637695312e+00
4.479999923706054688e+01 2.301938384771347046e-01 0.000000000000000000e+00 1.372302813251735643e-05 2.299945950508117676e-01 0.000000000000000000e+00 8.000000000000000000e+00 8.191000000000000000e+03 0.000000000000000000e+00 2.000000000000000000e+00 2.754899978637695312e+00
4.500000000000000000e+01 2.401417344808578491e-01 0.000000000000000000e+00 1.348290879832347855e-05 2.400041371583938599e-01 0.000000000000000000e+00 8.000000000000000000e+00 8.191000000000000000e+03 0.000000000000000000e+00 2.000000000000000000e+00 2.754899978637695312e+00
4.520000076293945312e+01 2.500973343849182129e-01 0.000000000000000000e+00 1.333530508418334648e-05 2.500011622905731201e-01 0.000000000000000000e+00 8.000000000000000000e+00 8.191000000000000000e+03 0.000000000000000000e+00 2.000000000000000000e+00 2.754999876022338867e+00
4.540000152587890625e+01 2.600851356983184814e-01 0.000000000000000000e+00 1.311563119088532403e-05 2.599982023239135742e-01 0.000000000000000000e+00 8.000000000000000000e+00 8.191000000000000000e+03 0.000000000000000000e+00 2.000000000000000000e+00 2.754999876022338867e+00
4.560000228881835938e+01 2.700746059417724609e-01 0.000000000000000000e+00 1.299939413001993671e-05 2.699952423572540283e-01 0.000000000000000000e+00 8.000000000000000000e+00 8.191000000000000000e+03 0.000000000000000000e+00 2.000000000000000000e+00 2.754999876022338867e+00
4.579999923706054688e+01 2.802093029022216797e-01 0.000000000000000000e+00 1.288921885134186596e-05 2.800047695636749268e-01 0.000000000000000000e+00 8.000000000000000000e+00 8.191000000000000000e+03 0.000000000000000000e+00 2.000000000000000000e+00 2.754999876022338867e+00
4.600000000000000000e+01 2.901775240898132324e-01 0.000000000000000000e+00 1.276684997719712555e-05 2.900017797946929932e-01 0.000000000000000000e+00 8.000000000000000000e+00 8.191000000000000000e+03 0.000000000000000000e+00 2.000000000000000000e+00 2.754999876022338867e+00
4.620000076293945312e+01 3.002592623233795166e-01 0.000000000000000000e+00 1.267009884031722322e-05 2.999988198280334473e-01 0.000000000000000000e+00 8.000000000000000000e+00 8.191000000000000000e+03 0.000000000000000000e+00 2.000000000000000000e+00 2.754999876022338867e+00
4.640000152587890625e+01 2.901186347007751465e-01 0.000000000000000000e+00 1.223328763444442302e-05 2.900017797946929932e-01 0.000000000000000000e+00 8.000000000000000000e+00 8.191000000000000000e+03 0.000000000000000000e+00 2.000000000000000000e+00 2.754999876022338867e+00
4.660000228881835938e+01 2.800105214118957520e-01 0.000000000000000000e+00 1.194876494992058724e-05 2.800047695636749268e-01 0.000000000000000000e+00 8.000000000000000000e+00 8.191000000000000000e+03 0.000000000000000000e+00 2.000000000000000000e+00 2.754999876022338867e+00
4.679999923706054688e+01 2.702022492885589600e-01 0.000000000000000000e+00 1.176521072920877486e-05 2.699952423572540283e-01 0.000000000000000000e+00 8.000000000000000000e+00 8.191000000000000000e+03 0.000000000000000000e+00 2.000000000000000000e+00 2.754999876022338867e+00
4.700000000000000000e+01 2.600910067558288574e-01 0.000000000000000000e+00 1.149596482719061896e-05 2.599982023239135742e-01 0.000000000000000000e+00 8.000000000000000000e+00 8.191000000000000000e+03 0.000000000000000000e+00 2.000000000000000000e+00 2.754999876022338867e+00
4.720000076293945312e+01 2.501469254493713379e-01 0.000000000000000000e+00 1.136089940700912848e-05 2.500011622905731201e-01 0.000000000000000000e+00 8.000000000000000000e+00 8.191000000000000000e+03 0.000000000000000000e+00 2.000000000000000000e+00 2.754799842834472656e+00
4.740000152587890625e+01 2.402328550815582275e-01 0.000000000000000000e+00 1.122160665545379743e-05 2.400041371583938599e-01 0.000000000000000000e+00 8.000000000000000000e+00 8.191000000000000000e+03 0.000000000000000000e+00 2.000000000000000000e+00 2.754799842834472656e+00
4.760000228881835938e+01 2.301399409770965576e-01 0.000000000000000000e+00 1.104597595258383080e-05 2.299945950508117676e-01 0.000000000000000000e+00 8.000000000000000000e+00 8.191000000000000000e+03 0.000000000000000000e+00 2.000000000000000000e+00 2.754799842834472656e+00
4.779999923706054688e+01 2.201267033815383911e-01 0.000000000000000000e+00 1.087883629224961624e-05 2.199975699186325073e-01 0.000000000000000000e+00 8.000000000000000000e+00 8.191000000000000000e+03 0.000000000000000000e+00 2.000000000000000000e+00 2.754799842834472656e+00
4.800000000000000000e+01 2.100936174392700195e-01 0.000000000000000000e+00 1.070233975042356178e-05 2.100005298852920532e-01 0.000000000000000000e+00 8.000000000000000000e+00 8.191000000000000000e+03 0.000000000000000000e+00 2.000000000000000000e+00 2.754799842834472656e+00
4.820000076293945312e+01 2.001503705978393555e-01 0.000000000000000000e+00 1.050916853273520246e-05 2.000034898519515991e-01 0.000000000000000000e+00 8.000000000000000000e+00 8.191000000000000000e+03 0.000000000000000000e+00 2.000000000000000000e+00 2.754699945449829102e+00
4.840000152587890625e+01 1.901912540197372437e-01 0.000000000000000000e+00 1.033479293255368248e-05 1.899939626455307007e-01 0.000000000000000000e+00 8.000000000000000000e+00 8.191000000000000000e+03 0.000000000000000000e+00 2.000000000000000000e+00 2.754699945449829102e+00
4.860000228881835938e+01 1.802185773849487305e-01 0.000000000000000000e+00 1.008474555419525132e-05 1.799969226121902466e-01 0.000000000000000000e+00 8.000000000000000000e+00 8.191000000000000000e+03 0.000000000000000000e+00 2.000000000000000000e+00 2.754699945449829102e+00
4.879999923706054688e+01 1.701359450817108154e-01 0.000000000000000000e+00 9.768581548996735364e-06 1.699998974800109863e-01 0.000000000000000000e+00 8.000000000000000000e+00 8.191000000000000000e+03 0.000000000000000000e+00 2.000000000000000000e+00 2.754699945449829102e+00
4.900000000000000000e+01 1.601777076721191406e-01 0.000000000000000000e+00 9.385942576045636088e-06 1.600028574466705322e-01 0.000000000000000000e+00 8.000000000000000000e+00 8.191000000000000000e+03 0.000000000000000000e+00 2.000000000000000000e+00 2.754699945449829102e+00
4.920000076293945312e+01 1.501062065362930298e-01 0.000000000000000000e+00 8.882037036528345197e-06 1.500058174133300781e-01 0.000000000000000000e+00 8.000000000000000000e+00 8.191000000000000000e+03 0.000000000000000000e+00 2.000000000000000000e+00 2.754999876022338867e+00
4.940000152587890625e+01 1.401609182357788086e-01 0.000000000000000000e+00 8.287166565423831344e-06 1.399962902069091797e-01 0.000000000000000000e+00 8.000000000000000000e+00 8.191000000000000000e+03 0.000000000000000000e+00 2.000000000000000000e+00 2.754999876022338867e+00
4.960000228881835938e+01 1.301293075084686279e-01 0.000000000000000000e+00 7.496063972212141380e-06 1.299992501735687256e-01 0.000000000000000000e+00 8.000000000000000000e+00 8.191000000000000000e+03 0.000000000000000000e+00 2.000000000000000000e+00 2.754999876022338867e+00
4.979999923706054688e+01 1.201722845435142517e-01 0.000000000000000000e+00 6.406256943591870368e-06 1.200022250413894653e-01 0.000000000000000000e+00 7.000000000000000000e+00 8.191000000000000000e+03 0.000000000000000000e+00 2.000000000000000000e+00 2.754999876022338867e+00
5.000000000000000000e+01 1.101214215159416199e-01 0.000000000000000000e+00 5.082461484562372789e-06 1.100051850080490112e-01 0.000000000000000000e+00 7.000000000000000000e+00 8.191000000000000000e+03 0.000000000000000000e+00 2.000000000000000000e+00 2.754999876022338867e+00
5.020000076293945312e+01 1.001279205083847046e-01 0.000000000000000000e+00 3.459789468251983635e-06 9.999565780162811279e-02 0.000000000000000000e+00 7.000000000000000000e+00 8.191000000000000000e+03 0.000000000000000000e+00 2.000000000000000000e+00 2.754899978637695312e+00
5.040000152587890625e+01 9.009462594985961914e-02 0.000000000000000000e+00 1.526088567516126204e-06 8.999861776828765869e-02 0.000000000000000000e+00 7.000000000000000000e+00 8.191000000000000000e+03 0.000000000000000000e+00 2.000000000000000000e+00 2.754899978637695312e+00
5.060000228881835938e+01 8.008650690317153931e-02 0.000000000000000000e+00 -6.500380322904675268e-07 8.000158518552780151e-02 0.000000000000000000e+00 7.000000000000000000e+00 8.191000000000000000e+03 0.000000000000000000e+00 2.000000000000000000e+00 2.754899978637695312e+00
5.079999923706054688e+01 7.010291516780853271e-02 0.000000000000000000e+00 -1.093766627491277177e-06 7.000455260276794434e-02 0.000000000000000000e+00 6.000000000000000000e+00 7.164000000000000000e+03 0.000000000000000000e+00 2.000000000000000000e+00 2.754899978637695312e+00
5.100000000000000000e+01 6.016743555665016174e-02 0.000000000000000000e+00 -5.252531991573050618e-06 5.999501794576644897e-02 0.000000000000000000e+00 7.000000000000000000e+00 8.191000000000000000e+03 0.000000000000000000e+00 2.000000000000000000e+00 2.754899978637695312e+00
5.120000076293945312e+01 5.010542273521423340e-02 0.000000000000000000e+00 -7.330881999223493040e-06 4.999798536300659180e-02 0.000000000000000000e+00 7.000000000000000000e+00 8.191000000000000000e+03 0.000000000000000000e+00 2.000000000000000000e+00 2.754899978637695312e+00
5.140000152587890625e+01 4.019394889473915100e-02 0.000000000000000000e+00 -8.995996722660493106e-06 4.000094905495643616e-02 0.000000000000000000e+00 7.000000000000000000e+00 8.191000000000000000e+03 0.000000000000000000e+00 2.000000000000000000e+00 2.754899978637695312e+00
5.160000228881835938e+01 3.010841645300388336e-02 0.000000000000000000e+00 -1.022841934172902256e-05 3.000391460955142975e-02 0.000000000000000000e+00 8.000000000000000000e+00 8.191000000000000000e+03 0.000000000000000000e+00 2.000000000000000000e+00 2.754899978637695312e+00
5.179999923706054688e+01 2.022426389157772064e-02 0.000000000000000000e+00 -1.092379898182116449e-05 1.999438367784023285e-02 0.000000000000000000e+00 8.000000000000000000e+00 8.191000000000000000e+03 0.000000000000000000e+00 2.000000000000000000e+00 2.754899978637695312e+00
5.200000000000000000e+01 1.016933098435401917e-02 0.000000000000000000e+00 -1.120864180848002434e-05 9.997349232435226440e-03 0.000000000000000000e+00 8.000000000000000000e+00 8.191000000000000000e+03 0.000000000000000000e+00 2.000000000000000000e+00 2.754899978637695312e+00
5.220000076293945312e+01 1.067051198333501816e-05 0.000000000000000000e+00 -1.115962550102267414e-05 3.129243850708007812e-07 0.000000000000000000e+00 8.000000000000000000e+00 8.191000000000000000e+03 0.000000000000000000e+00 2.000000000000000000e+00 2.754899978637695312e+00
5.240000152587890625e+01 -9.962764568626880646e-03 0.000000000000000000e+00 -1.087407326849643141e-05 -9.996719658374786377e-03 0.000000000000000000e+00 8.000000000000000000e+00 8.191000000000000000e+03 0.000000000000000000e+00 2.000000000000000000e+00 2.754899978637695312e+00
5.260000228881835938e+01 -1.983969472348690033e-02 0.000000000000000000e+00 -1.040636834659380838e-05 -1.999375596642494202e-02 0.000000000000000000e+00 8.000000000000000000e+00 6.143000000000000000e+03 0.000000000000000000e+00 2.000000000000000000e+00 2.754899978637695312e+00
5.279999923706054688e+01 -2.987802587449550629e-02 0.000000000000000000e+00 -9.895641596813220531e-06 -3.000328317284584045e-02 0.000000000000000000e+00 8.000000000000000000e+00 8.191000000000000000e+03 0.000000000000000000e+00 2.000000000000000000e+00 2.754899978637695312e+00
5.300000000000000000e+01 -3.982922062277793884e-02 0.000000000000000000e+00 -9.355066140415146947e-06 -4.000032320618629456e-02 0.000000000000000000e+00 8.000000000000000000e+00 8.191000000000000000e+03 0.000000000000000000e+00 2.000000000000000000e+00 2.754899978637695312e+00
5.320000076293945312e+01 -4.979397356510162354e-02 0.000000000000000000e+00 -8.908534255169797689e-06 -4.999735578894615173e-02 0.000000000000000000e+00 8.000000000000000000e+00 8.191000000000000000e+03 0.000000000000000000e+00 2.000000000000000000e+00 2.755100011825561523e+00
5.340000152587890625e+01 -5.983469635248184204e-02 0.000000000000000000e+00 -8.544186130166053772e-06 -5.999438837170600891e-02 0.000000000000000000e+00 8.000000000000000000e+00 8.191000000000000000e+03 0.000000000000000000e+00 2.000000000000000000e+00 2.755100011825561523e+00
5.360000228881835938e+01 -6.990048289299011230e-02 0.000000000000000000e+00 -8.156567673722747713e-06 -7.000392675399780273e-02 0.000000000000000000e+00 8.000000000000000000e+00 8.191000000000000000e+03 0.000000000000000000e+00 2.000000000000000000e+00 2.755100011825561523e+00
5.379999923706054688e+01 -7.993584126234054565e-02 0.000000000000000000e+00 -7.882449608587194234e-06 -8.000095188617706299e-02 0.000000000000000000e+00 8.000000000000000000e+00 8.191000000000000000e+03 0.000000000000000000e+00 2.000000000000000000e+00 2.755100011825561523e+00
5.400000000000000000e+01 -8.989686518907546997e-02 0.000000000000000000e+00 -7.696931788814254105e-06 -8.999799191951751709e-02 0.000000000000000000e+00 7.000000000000000000e+00 8.191000000000000000e+03 0.000000000000000000e+00 2.000000000000000000e+00 2.755100011825561523e+00
5.420000076293945312e+01 -9.982872009277343750e-02 0.000000000000000000e+00 -7.537234523624647409e-06 -9.999501705169677734e-02 0.000000000000000000e+00 7.000000000000000000e+00 8.191000000000000000e+03 0.000000000000000000e+00 2.000000000000000000e+00 2.754899978637695312e+00
5.440000152587890625e+01 -1.098819896578788757e-01 0.000000000000000000e+00 -7.440346962539479136e-06 -1.100045591592788696e-01 0.000000000000000000e+00 7.000000000000000000e+00 8.191000000000000000e+03 0.000000000000000000e+00 2.000000000000000000e+00 2.754899978637695312e+00
5.460000228881835938e+01 -1.198946386575698853e-01 0.000000000000000000e+00 -7.393325176963116974e-06 -1.200015842914581299e-01 0.000000000000000000e+00 7.000000000000000000e+00 8.191000000000000000e+03 0.000000000000000000e+00 2.000000000000000000e+00 2.754899978637695312e+00
5.479999923706054688e+01 -1.298530995845794678e-01 0.000000000000000000e+00 -7.385018761851824820e-06 -1.299986243247985840e-01 0.000000000000000000e+00 7.000000000000000000e+00 8.191000000000000000e+03 0.000000000000000000e+00 2.000000000000000000e+00 2.754899978637695312e+00
5.500000000000000000e+01 -1.398156583309173584e-01 0.000000000000000000e+00 -7.450310476997401565e-06 -1.399956643581390381e-01 0.000000000000000000e+00 7.000000000000000000e+00 8.191000000000000000e+03 0.000000000000000000e+00 2.000000000000000000e+00 2.754899978637695312e+00
5.520000076293945312e+01 -1.498340964317321777e-01 0.000000000000000000e+00 -7.525725322921061888e-06 -1.500051915645599365e-01 0.000000000000000000e+00 7.000000000000000000e+00 8.191000000000000000e+03 0.000000000000000000e+00 2.000000000000000000e+00 2.754999876022338867e+00
5.540000152587890625e+01 -1.598027944564819336e-01 0.000000000000000000e+00 -7.669380465813446790e-06 -1.600022166967391968e-01 0.000000000000000000e+00 7.000000000000000000e+00 8.191000000000000000e+03 0.000000000000000000e+00 2.000000000000000000e+00 2.754999876022338867e+00
5.560000228881835938e+01 -1.698829978704452515e-01 0.000000000000000000e+00 -7.858771823521237820e-06 -1.699992567300796509e-01 0.000000000000000000e+00 7.000000000000000000e+00 8.191000000000000000e+03 0.000000000000000000e+00 2.000000000000000000e+00 2.754999876022338867e+00
5.579999923706054688e+01 -1.798360347747802734e-01 0.000000000000000000e+00 -8.064806024776771665e-06 -1.799962967634201050e-01 0.000000000000000000e+00 7.000000000000000000e+00 8.191000000000000000e+03 0.000000000000000000e+00 2.000000000000000000e+00 2.754999876022338867e+00
5.600000000000000000e+01 -1.898806840181350708e-01 0.000000000000000000e+00 -8.324562259076628834e-06 -1.900058239698410034e-01 0.000000000000000000e+00 7.000000000000000000e+00 8.191000000000000000e+03 0.000000000000000000e+00 2.000000000000000000e+00 2.754999876022338867e+00
5.620000076293945312e+01 -1.997911632061004639e-01 0.000000000000000000e+00 -8.620697371952701360e-06 -2.000028640031814575e-01 0.000000000000000000e+00 7.000000000000000000e+00 8.191000000000000000e+03 0.000000000000000000e+00 2.000000000000000000e+00 2.754899978637695312e+00
5.640000152587890625e+01 -1.998681724071502686e-01 0.000000000000000000e+00 -8.382923624594695866e-06 -2.000028640031814575e-01 0.000000000000000000e+00 7.000000000000000000e+00 8.191000000000000000e+03 0.000000000000000000e+00 3.000000000000000000e+00 2.754899978637695312e+00
