2.000000029802322388e-01 -6.058455619495362043e-05 0.000000000000000000e+00 -1.809947036690573441e-07 3.129243850708007812e-07 0.000000000000000000e+00 6.000000000000000000e+00 8.191000000000000000e+03 0.000000000000000000e+00 0.000000000000000000e+00 2.757299900054931641e+00
4.000000059604644775e-01 9.942962788045406342e-03 0.000000000000000000e+00 -8.653178440454212250e-08 9.997349232435226440e-03 0.000000000000000000e+00 6.000000000000000000e+00 8.191000000000000000e+03 0.000000000000000000e+00 0.000000000000000000e+00 2.757299900054931641e+00
6.000000238418579102e-01 2.002458646893501282e-02 0.000000000000000000e+00 -3.308005247504297586e-08 1.999438367784023285e-02 0.000000000000000000e+00 6.000000000000000000e+00 8.191000000000000000e+03 0.000000000000000000e+00 0.000000000000000000e+00 2.757299900054931641e+00
8.000000119209289551e-01 2.966557815670967102e-02 0.000000000000000000e+00 1.339759858609568255e-08 3.000391460955142975e-02 0.000000000000000000e+00 5.000000000000000000e+00 6.143000000000000000e+03 0.000000000000000000e+00 0.000000000000000000e+00 2.757299900054931641e+00
1.000000000000000000e+00 4.003303125500679016e-02 0.000000000000000000e+00 5.301010475022849278e-08 4.000094905495643616e-02 0.000000000000000000e+00 5.000000000000000000e+00 8.191000000000000000e+03 0.000000000000000000e+00 0.000000000000000000e+00 2.757299900054931641e+00
1.200000047683715820e+00 4.995463043451309204e-02 0.000000000000000000e+00 9.679842349896716769e-08 4.999798536300659180e-02 0.000000000000000000e+00 5.000000000000000000e+00 8.190000000000000000e+03 0.000000000000000000e+00 0.000000000000000000e+00 2.757299900054931641e+00
1.399999976158142090e+00 6.000158935785293579e-02 0.000000000000000000e+00 1.504306936794819194e-07 5.999501794576644897e-02 0.000000000000000000e+00 6.000000000000000000e+00 8.191000000000000000e+03 0.000000000000000000e+00 0.000000000000000000e+00 2.757299900054931641e+00
1.600000023841857910e+00 7.006030529737472534e-02 0.000000000000000000e+00 2.210959308968085679e-07 7.000455260276794434e-02 0.000000000000000000e+00 6.000000000000000000e+00 8.191000000000000000e+03 0.000000000000000000e+00 0.000000000000000000e+00 2.756599903106689453e+00
1.800000071525573730e+00 7.998120784759521484e-02 0.000000000000000000e+00 3.156936259074427653e-07 8.000158518552780151e-02 0.000000000000000000e+00 6.000000000000000000e+00 8.191000000000000000e+03 0.000000000000000000e+00 0.000000000000000000e+00 2.756599903106689453e+00
2.000000000000000000e+00 9.005659818649291992e-02 0.000000000000000000e+00 4.454115014596027322e-07 8.999861776828765869e-02 0.000000000000000000e+00 6.000000000000000000e+00 8.191000000000000000e+03 0.000000000000000000e+00 0.000000000000000000e+00 2.756599903106689453e+00
2.200000047683715820e+00 1.000094041228294373e-01 0.000000000000000000e+00 6.270432209021237213e-07 9.999565780162811279e-02 0.000000000000000000e+00 6.000000000000000000e+00 8.191000000000000000e+03 0.000000000000000000e+00 0.000000000000000000e+00 2.756599903106689453e+00
2.400000095367431641e+00 1.100537553429603577e-01 0.000000000000000000e+00 8.815106866677524522e-07 1.100051850080490112e-01 0.000000000000000000e+00 6.000000000000000000e+00 8.191000000000000000e+03 0.000000000000000000e+00 0.000000000000000000e+00 2.756599903106689453e+00
2.600000143051147461e+00 1.199732199311256409e-01 0.000000000000000000e+00 1.093102355298469774e-06 1.200022250413894653e-01 0.000000000000000000e+00 6.000000000000000000e+00 7.164000000000000000e+03 0.000000000000000000e+00 0.000000000000000000e+00 2.756599903106689453e+00
2.799999952316284180e+00 1.300111114978790283e-01 0.000000000000000000e+00 1.727879180180025287e-06 1.299992501735687256e-01 0.000000000000000000e+00 7.000000000000000000e+00 8.191000000000000000e+03 0.000000000000000000e+00 0.000000000000000000e+00 2.756599903106689453e+00
3.000000000000000000e+00 1.399690955877304077e-01 0.000000000000000000e+00 2.393939666944788769e-06 1.399962902069091797e-01 0.000000000000000000e+00 7.000000000000000000e+00 8.191000000000000000e+03 0.000000000000000000e+00 0.000000000000000000e+00 2.756599903106689453e+00
3.200000047683715820e+00 1.500127911567687988e-01 0.000000000000000000e+00 3.275277094871853478e-06 1.500058174133300781e-01 0.000000000000000000e+00 7.000000000000000000e+00 8.191000000000000000e+03 0.000000000000000000e+00 0.000000000000000000e+00 2.756599903106689453e+00
3.400000095367431641e+00 1.600351184606552124e-01 0.000000000000000000e+00 4.394223196868551895e-06 1.600028574466705322e-01 0.000000000000000000e+00 7.000000000000000000e+00 8.191000000000000000e+03 0.000000000000000000e+00 0.000000000000000000e+00 2.756599903106689453e+00
3.600000143051147461e+00 1.700471639633178711e-01 0.000000000000000000e+00 5.752010565629461780e-06 1.699998974800109863e-01 0.000000000000000000e+00 7.000000000000000000e+00 8.191000000000000000e+03 0.000000000000000000e+00 0.000000000000000000e+00 2.756199836730957031e+00
3.799999952316284180e+00 1.799886673688888550e-01 0.000000000000000000e+00 7.301243385882116854e-06 1.799969226121902466e-01 0.000000000000000000e+00 7.000000000000000000e+00 8.191000000000000000e+03 0.000000000000000000e+00 0.000000000000000000e+00 2.756199836730957031e+00
4.000000000000000000e+00 1.899931430816650391e-01 0.000000000000000000e+00 8.980984603113029152e-06 1.899939626455307007e-01 0.000000000000000000e+00 7.000000000000000000e+00 8.191000000000000000e+03 0.000000000000000000e+00 0.000000000000000000e+00 2.756199836730957031e+00
4.200000286102294922e+00 2.000299841165542603e-01 0.000000000000000000e+00 1.068201618181774393e-05 2.000034898519515991e-01 0.000000000000000000e+00 8.000000000000000000e+00 8.191000000000000000e+03 0.000000000000000000e+00 0.000000000000000000e+00 2.756199836730957031e+00
4.400000095367431641e+00 2.099952697753906250e-01 0.000000000000000000e+00 1.215984048030804843e-05 2.100005298852920532e-01 0.000000000000000000e+00 8.000000000000000000e+00 8.191000000000000000e+03 0.000000000000000000e+00 0.000000000000000000e+00 2.756199836730957031e+00
4.599999904632568359e+00 2.200658321380615234e-01 0.000000000000000000e+00 1.339468235528329387e-05 2.199975699186325073e-01 0.000000000000000000e+00 8.000000000000000000e+00 8.191000000000000000e+03 0.000000000000000000e+00 0.000000000000000000e+00 2.756599903106689453e+00
4.800000190734863281e+00 2.300319522619247437e-01 0.000000000000000000e+00 1.423069079464767128e-05 2.299945950508117676e-01 0.000000000000000000e+00 8.000000000000000000e+00 8.191000000000000000e+03 0.000000000000000000e+00 0.000000000000000000e+00 2.756599903106689453e+00
5.000000000000000000e+00 2.400074750185012817e-01 0.000000000000000000e+00 1.464134857087628916e-05 2.400041371583938599e-01 0.000000000000000000e+00 8.000000000000000000e+00 8.191000000000000000e+03 0.000000000000000000e+00 0.000000000000000000e+00 2.756599903106689453e+00
5.200000286102294922e+00 2.499943226575851440e-01 0.000000000000000000e+00 1.470437018724624068e-05 2.500011622905731201e-01 0.000000000000000000e+00 8.000000000000000000e+00 8.191000000000000000e+03 0.000000000000000000e+00 0.000000000000000000e+00 2.756599903106689453e+00
5.400000095367431641e+00 2.600239515304565430e-01 0.000000000000000000e+00 1.448194325348595157e-05 2.599982023239135742e-01 0.000000000000000000e+00 8.000000000000000000e+00 8.191000000000000000e+03 0.000000000000000000e+00 0.000000000000000000e+00 2.756599903106689453e+00
5.599999904632568359e+00 2.700083553791046143e-01 0.000000000000000000e+00 1.411204266332788393e-05 2.699952423572540283e-01 0.000000000000000000e+00 8.000000000000000000e+00 8.191000000000000000e+03 0.000000000000000000e+00 0.000000000000000000e+00 2.756599903106689453e+00
5.800000190734863281e+00 2.800016701221466064e-01 0.000000000000000000e+00 1.362326838716398925e-05 2.800047695636749268e-01 0.000000000000000000e+00 8.000000000000000000e+00 8.191000000000000000e+03 0.000000000000000000e+00 0.000000000000000000e+00 2.756599903106689453e+00
6.000000000000000000e+00 2.900632321834564209e-01 0.000000000000000000e+00 1.312577933276770636e-05 2.900017797946929932e-01 0.000000000000000000e+00 8.000000000000000000e+00 8.191000000000000000e+03 0.000000000000000000e+00 0.000000000000000000e+00 2.756599903106689453e+00
6.200000286102294922e+00 2.999735772609710693e-01 0.000000000000000000e+00 1.264644743059761822e-05 2.999988198280334473e-01 0.000000000000000000e+00 8.000000000000000000e+00 8.191000000000000000e+03 0.000000000000000000e+00 0.000000000000000000e+00 2.756599903106689453e+00
6.400000095367431641e+00 2.899975478649139404e-01 0.000000000000000000e+00 1.100557710742577910e-05 2.900017797946929932e-01 0.000000000000000000e+00 8.000000000000000000e+00 8.191000000000000000e+03 0.000000000000000000e+00 0.000000000000000000e+00 2.756599903106689453e+00
6.599999904632568359e+00 2.799973487854003906e-01 0.000000000000000000e+00 9.750640856509562582e-06 2.800047695636749268e-01 0.000000000000000000e+00 8.000000000000000000e+00 8.191000000000000000e+03 0.000000000000000000e+00 0.000000000000000000e+00 2.756599903106689453e+00
6.800000190734863281e+00 2.699742317199707031e-01 0.000000000000000000e+00 8.534396329196169972e-06 2.699952423572540283e-01 0.000000000000000000e+00 8.000000000000000000e+00 8.191000000000000000e+03 0.000000000000000000e+00 0.000000000000000000e+00 2.756599903106689453e+00
7.000000000000000000e+00 2.600422799587249756e-01 0.000000000000000000e+00 7.252428076753858477e-06 2.599982023239135742e-01 0.000000000000000000e+00 8.000000000000000000e+00 8.191000000000000000e+03 0.000000000000000000e+00 0.000000000000000000e+00 2.756599903106689453e+00
7.200000286102294922e+00 2.500257194042205811e-01 0.000000000000000000e+00 5.851479272678261623e-06 2.500011622905731201e-01 0.000000000000000000e+00 7.000000000000000000e+00 8.191000000000000000e+03 0.000000000000000000e+00 0.000000000000000000e+00 2.756599903106689453e+00
7.400000095367431641e+00 2.400458753108978271e-01 0.000000000000000000e+00 4.269704731996171176e-06 2.400041371583938599e-01 0.000000000000000000e+00 7.000000000000000000e+00 8.191000000000000000e+03 0.000000000000000000e+00 0.000000000000000000e+00 2.756599903106689453e+00
7.599999904632568359e+00 2.300037294626235962e-01 0.000000000000000000e+00 2.509719706722535193e-06 2.299945950508117676e-01 0.000000000000000000e+00 7.000000000000000000e+00 8.191000000000000000e+03 0.000000000000000000e+00 0.000000000000000000e+00 2.756299972534179688e+00
7.800000190734863281e+00 2.199672758579254150e-01 0.000000000000000000e+00 6.149015803202928510e-07 2.199975699186325073e-01 0.000000000000000000e+00 7.000000000000000000e+00 8.191000000000000000e+03 0.000000000000000000e+00 0.000000000000000000e+00 2.756299972534179688e+00
8.000000000000000000e+00 2.099291235208511353e-01 0.000000000000000000e+00 -1.093633727577980608e-06 2.100005298852920532e-01 0.000000000000000000e+00 6.000000000000000000e+00 7.164000000000000000e+03 0.000000000000000000e+00 0.000000000000000000e+00 2.756299972534179688e+00
8.199999809265136719e+00 1.999553292989730835e-01 0.000000000000000000e+00 -3.190794132024166174e-06 2.000034898519515991e-01 0.000000000000000000e+00 7.000000000000000000e+00 8.191000000000000000e+03 0.000000000000000000e+00 0.000000000000000000e+00 2.756299972534179688e+00
8.400000572204589844e+00 1.899916827678680420e-01 0.000000000000000000e+00 -4.843596798309590667e-06 1.899939626455307007e-01 0.000000000000000000e+00 7.000000000000000000e+00 8.191000000000000000e+03 0.000000000000000000e+00 0.000000000000000000e+00 2.756299972534179688e+00
8.600000381469726562e+00 1.799938082695007324e-01 0.000000000000000000e+00 -6.132111593615263700e-06 1.799969226121902466e-01 0.000000000000000000e+00 7.000000000000000000e+00 8.191000000000000000e+03 0.000000000000000000e+00 0.000000000000000000e+00 2.756599903106689453e+00
8.800000190734863281e+00 1.700169444084167480e-01 0.000000000000000000e+00 -6.970411050133407116e-06 1.699998974800109863e-01 0.000000000000000000e+00 7.000000000000000000e+00 8.191000000000000000e+03 0.000000000000000000e+00 0.000000000000000000e+00 2.756599903106689453e+00
9.000000000000000000e+00 1.600041538476943970e-01 0.000000000000000000e+00 -7.354625267907977104e-06 1.600028574466705322e-01 0.000000000000000000e+00 7.000000000000000000e+00 8.191000000000000000e+03 0.000000000000000000e+00 0.000000000000000000e+00 2.756599903106689453e+00
9.199999809265136719e+00 1.499653607606887817e-01 0.000000000000000000e+00 -7.368163551291218027e-06 1.500058174133300781e-01 0.000000000000000000e+00 7.000000000000000000e+00 8.191000000000000000e+03 0.000000000000000000e+00 0.000000000000000000e+00 2.756599903106689453e+00
9.400000572204589844e+00 1.400375664234161377e-01 0.000000000000000000e+00 -7.110712431313004345e-06 1.399962902069091797e-01 0.000000000000000000e+00 7.000000000000000000e+00 8.191000000000000000e+03 0.000000000000000000e+00 0.000000000000000000e+00 2.756599903106689453e+00
9.600000381469726562e+00 1.300090402364730835e-01 0.000000000000000000e+00 -6.693078375974437222e-06 1.299992501735687256e-01 0.000000000000000000e+00 7.000000000000000000e+00 8.191000000000000000e+03 0.000000000000000000e+00 0.000000000000000000e+00 2.756500005722045898e+00
9.800000190734863281e+00 1.200013607740402222e-01 0.000000000000000000e+00 -6.210008905327413231e-06 1.200022250413894653e-01 0.000000000000000000e+00 7.000000000000000000e+00 8.191000000000000000e+03 0.000000000000000000e+00 0.000000000000000000e+00 2.756500005722045898e+00
1.000000000000000000e+01 1.100017428398132324e-01 0.000000000000000000e+00 -5.711083758797030896e-06 1.100051850080490112e-01 0.000000000000000000e+00 7.000000000000000000e+00 8.191000000000000000e+03 0.000000000000000000e+00 0.000000000000000000e+00 2.756500005722045898e+00
1.019999980926513672e+01 9.999606013298034668e-02 0.000000000000000000e+00 -5.237687219050712883e-06 9.999565780162811279e-02 0.000000000000000000e+00 7.000000000000000000e+00 8.191000000000000000e+03 0.000000000000000000e+00 0.000000000000000000e+00 2.756500005722045898e+00
1.040000057220458984e+01 8.992242068052291870e-02 0.000000000000000000e+00 -4.801802333531668410e-06 8.999861776828765869e-02 0.000000000000000000e+00 7.000000000000000000e+00 8.191000000000000000e+03 0.000000000000000000e+00 0.000000000000000000e+00 2.756500005722045898e+00
1.060000038146972656e+01 8.001828193664550781e-02 0.000000000000000000e+00 -4.404065293783787638e-06 8.000158518552780151e-02 0.000000000000000000e+00 7.000000000000000000e+00 8.191000000000000000e+03 0.000000000000000000e+00 0.000000000000000000e+00 2.756399869918823242e+00
1.080000019073486328e+01 6.993261724710464478e-02 0.000000000000000000e+00 -4.058777903992449865e-06 7.000455260276794434e-02 0.000000000000000000e+00 7.000000000000000000e+00 8.191000000000000000e+03 0.000000000000000000e+00 0.000000000000000000e+00 2.756399869918823242e+00
1.100000000000000000e+01 5.999199673533439636e-02 0.000000000000000000e+00 -3.752368229470448568e-06 5.999501794576644897e-02 0.000000000000000000e+00 7.000000000000000000e+00 8.191000000000000000e+03 0.000000000000000000e+00 0.000000000000000000e+00 2.756399869918823242e+00
1.119999980926513672e+01 4.995513707399368286e-02 0.000000000000000000e+00 -3.477625796222127974e-06 4.999798536300659180e-02 0.000000000000000000e+00 7.000000000000000000e+00 8.191000000000000000e+03 0.000000000000000000e+00 0.000000000000000000e+00 2.756399869918823242e+00
1.140000057220458984e+01 3.998803719878196716e-02 0.000000000000000000e+00 -3.239164243495906703e-06 4.000094905495643616e-02 0.000000000000000000e+00 7.000000000000000000e+00 8.191000000000000000e+03 0.000000000000000000e+00 0.000000000000000000e+00 2.756399869918823242e+00
1.160000038146972656e+01 3.004879876971244812e-02 0.000000000000000000e+00 -3.032098220501211472e-06 3.000391460955142975e-02 0.000000000000000000e+00 7.000000000000000000e+00 8.191000000000000000e+03 0.000000000000000000e+00 0.000000000000000000e+00 2.756399869918823242e+00
1.180000019073486328e+01 2.001947723329067230e-02 0.000000000000000000e+00 -2.853116484402562492e-06 1.999438367784023285e-02 0.000000000000000000e+00 7.000000000000000000e+00 8.191000000000000000e+03 0.000000000000000000e+00 0.000000000000000000e+00 2.756399869918823242e+00
1.200000000000000000e+01 9.965512901544570923e-03 0.000000000000000000e+00 -2.695783905437565409e-06 9.997349232435226440e-03 0.000000000000000000e+00 7.000000000000000000e+00 8.191000000000000000e+03 0.000000000000000000e+00 0.000000000000000000e+00 2.756399869918823242e+00
1.219999980926513672e+01 -3.404161543585360050e-05 0.000000000000000000e+00 -2.552504383857012726e-06 3.129243850708007812e-07 0.000000000000000000e+00 7.000000000000000000e+00 8.191000000000000000e+03 0.000000000000000000e+00 0.000000000000000000e+00 2.756399869918823242e+00
1.240000057220458984e+01 -9.966201148927211761e-03 0.000000000000000000e+00 -2.432961991871707141e-06 -9.996719658374786377e-03 0.000000000000000000e+00 7.000000000000000000e+00 8.191000000000000000e+03 0.000000000000000000e+00 0.000000000000000000e+00 2.756399869918823242e+00
1.260000038146972656e+01 -2.008292637765407562e-02 0.000000000000000000e+00 -2.329493327124509960e-06 -1.999375596642494202e-02 0.000000000000000000e+00 7.000000000000000000e+00 8.191000000000000000e+03 0.000000000000000000e+00 0.000000000000000000e+00 2.756399869918823242e+00
1.280000019073486328e+01 -2.974257618188858032e-02 0.000000000000000000e+00 -2.244580173282884061e-06 -3.000328317284584045e-02 0.000000000000000000e+00 7.000000000000000000e+00 6.143000000000000000e+03 0.000000000000000000e+00 0.000000000000000000e+00 2.756399869918823242e+00
1.300000000000000000e+01 -4.002882912755012512e-02 0.000000000000000000e+00 -2.176524048991268501e-06 -4.000032320618629456e-02 0.000000000000000000e+00 7.000000000000000000e+00 8.191000000000000000e+03 0.000000000000000000e+00 0.000000000000000000e+00 2.756399869918823242e+00
1.319999980926513672e+01 -5.005713552236557007e-02 0.000000000000000000e+00 -2.126231493093655445e-06 -4.999735578894615173e-02 0.000000000000000000e+00 7.000000000000000000e+00 8.191000000000000000e+03 0.000000000000000000e+00 0.000000000000000000e+00 2.756399869918823242e+00
1.340000057220458984e+01 -6.004486605525016785e-02 0.000000000000000000e+00 -2.100991196130053140e-06 -5.999438837170600891e-02 0.000000000000000000e+00 7.000000000000000000e+00 8.191000000000000000e+03 0.000000000000000000e+00 0.000000000000000000e+00 2.756399869918823242e+00
1.360000038146972656e+01 -6.995048373937606812e-02 0.000000000000000000e+00 -2.089754389089648612e-06 -7.000392675399780273e-02 0.000000000000000000e+00 7.000000000000000000e+00 8.191000000000000000e+03 0.000000000000000000e+00 0.000000000000000000e+00 2.756599903106689453e+00
1.380000019073486328e+01 -8.006625622510910034e-02 0.000000000000000000e+00 -2.115006736858049408e-06 -8.000095188617706299e-02 0.000000000000000000e+00 7.000000000000000000e+00 8.191000000000000000e+03 0.000000000000000000e+00 0.000000000000000000e+00 2.756599903106689453e+00
1.400000000000000000e+01 -9.003757685422897339e-02 0.000000000000000000e+00 -2.162996452170773409e-06 -8.999799191951751709e-02 0.000000000000000000e+00 7.000000000000000000e+00 8.191000000000000000e+03 0.000000000000000000e+00 0.000000000000000000e+00 2.756599903106689453e+00
1.419999980926513672e+01 -9.999345988035202026e-02 0.000000000000000000e+00 -2.246606982225785032e-06 -9.999501705169677734e-02 0.000000000000000000e+00 7.000000000000000000e+00 8.191000000000000000e+03 0.000000000000000000e+00 0.000000000000000000e+00 2.756599903106689453e+00
1.440000057220458984e+01 -1.100145429372787476e-01 0.000000000000000000e+00 -2.368572495470289141e-06 -1.100045591592788696e-01 0.000000000000000000e+00 7.000000000000000000e+00 8.191000000000000000e+03 0.000000000000000000e+00 0.000000000000000000e+00 2.756599903106689453e+00
1.460000038146972656e+01 -1.200865954160690308e-01 0.000000000000000000e+00 -2.539646629884373397e-06 -1.200015842914581299e-01 0.000000000000000000e+00 7.000000000000000000e+00 8.191000000000000000e+03 0.000000000000000000e+00 0.000000000000000000e+00 2.756399869918823242e+00
1.480000019073486328e+01 -1.300076097249984741e-01 0.000000000000000000e+00 -2.754800107140908949e-06 -1.299986243247985840e-01 0.000000000000000000e+00 7.000000000000000000e+00 8.191000000000000000e+03 0.000000000000000000e+00 0.000000000000000000e+00 2.756399869918823242e+00
1.500000000000000000e+01 -1.400442272424697876e-01 0.000000000000000000e+00 -3.021651991730323061e-06 -1.399956643581390381e-01 0.000000000000000000e+00 7.000000000000000000e+00 8.191000000000000000e+03 0.000000000000000000e+00 0.000000000000000000e+00 2.756399869918823242e+00
1.519999980926513672e+01 -1.501032710075378418e-01 0.000000000000000000e+00 -3.329735818624612875e-06 -1.500051915645599365e-01 0.000000000000000000e+00 7.000000000000000000e+00 8.191000000000000000e+03 0.000000000000000000e+00 0.000000000000000000e+00 2.756399869918823242e+00
1.540000057220458984e+01 -1.600138843059539795e-01 0.000000000000000000e+00 -3.682389660752960481e-06 -1.600022166967391968e-01 0.000000000000000000e+00 7.000000000000000000e+00 8.191000000000000000e+03 0.000000000000000000e+00 0.000000000000000000e+00 2.756399869918823242e+00
1.560000038146972656e+01 -1.700292527675628662e-01 0.000000000000000000e+00 -4.041685315314680338e-06 -1.699992567300796509e-01 0.000000000000000000e+00 7.000000000000000000e+00 8.191000000000000000e+03 0.000000000000000000e+00 0.000000000000000000e+00 2.756399869918823242e+00
1.580000019073486328e+01 -1.800106316804885864e-01 0.000000000000000000e+00 -4.385879492474487051e-06 -1.799962967634201050e-01 0.000000000000000000e+00 7.000000000000000000e+00 8.191000000000000000e+03 0.000000000000000000e+00 0.000000000000000000e+00 2.756399869918823242e+00
1.600000000000000000e+01 -1.900850981473922729e-01 0.000000000000000000e+00 -4.672328941524028778e-06 -1.900058239698410034e-01 0.000000000000000000e+00 7.000000000000000000e+00 8.191000000000000000e+03 0.000000000000000000e+00 0.000000000000000000e+00 2.756399869918823242e+00
1.620000076293945312e+01 -2.000501751899719238e-01 0.000000000000000000e+00 -4.909345079795457423e-06 -2.000028640031814575e-01 0.000000000000000000e+00 7.000000000000000000e+00 8.191000000000000000e+03 0.000000000000000000e+00 0.000000000000000000e+00 2.756399869918823242e+00
1.639999961853027344e+01 -1.900037527084350586e-01 0.000000000000000000e+00 -3.879669293382903561e-06 -1.900058239698410034e-01 0.000000000000000000e+00 7.000000000000000000e+00 8.191000000000000000e+03 0.000000000000000000e+00 1.000000000000000000e+00 2.756399869918823242e+00
1.660000038146972656e+01 -1.800033897161483765e-01 0.000000000000000000e+00 -3.206333076377632096e-06 -1.799962967634201050e-01 0.000000000000000000e+00 7.000000000000000000e+00 8.191000000000000000e+03 0.000000000000000000e+00 1.000000000000000000e+00 2.756299972534179688e+00
1.680000114440917969e+01 -1.699920743703842163e-01 0.000000000000000000e+00 -2.722787940001580864e-06 -1.699992567300796509e-01 0.000000000000000000e+00 7.000000000000000000e+00 8.191000000000000000e+03 0.000000000000000000e+00 1.000000000000000000e+00 2.756299972534179688e+00
1.700000000000000000e+01 -1.600731462240219116e-01 0.000000000000000000e+00 -2.359692416575853713e-06 -1.600022166967391968e-01 0.000000000000000000e+00 7.000000000000000000e+00 8.191000000000000000e+03 0.000000000000000000e+00 1.000000000000000000e+00 2.756299972534179688e+00
1.720000076293945312e+01 -1.499736905097961426e-01 0.000000000000000000e+00 -2.061759005300700665e-06 -1.500051915645599365e-01 0.000000000000000000e+00 7.000000000000000000e+00 8.191000000000000000e+03 0.000000000000000000e+00 1.000000000000000000e+00 2.756299972534179688e+00
1.739999961853027344e+01 -1.400137841701507568e-01 0.000000000000000000e+00 -1.819516228351858445e-06 -1.399956643581390381e-01 0.000000000000000000e+00 7.000000000000000000e+00 8.191000000000000000e+03 0.000000000000000000e+00 1.000000000000000000e+00 2.756299972534179688e+00
1.760000038146972656e+01 -1.299951374530792236e-01 0.000000000000000000e+00 -1.609640776223386638e-06 -1.299986243247985840e-01 0.000000000000000000e+00 7.000000000000000000e+00 8.191000000000000000e+03 0.000000000000000000e+00 1.000000000000000000e+00 2.756299972534179688e+00
1.780000114440917969e+01 -1.200859025120735168e-01 0.000000000000000000e+00 -1.431241230420710053e-06 -1.200015842914581299e-01 0.000000000000000000e+00 7.000000000000000000e+00 8.191000000000000000e+03 0.000000000000000000e+00 1.000000000000000000e+00 2.756299972534179688e+00
1.800000000000000000e+01 -1.100349426269531250e-01 0.000000000000000000e+00 -1.277767864849010948e-06 -1.100045591592788696e-01 0.000000000000000000e+00 7.000000000000000000e+00 8.191000000000000000e+03 0.000000000000000000e+00 1.000000000000000000e+00 2.756299972534179688e+00
1.820000076293945312e+01 -1.000049784779548645e-01 0.000000000000000000e+00 -1.149150534729415085e-06 -9.999501705169677734e-02 0.000000000000000000e+00 7.000000000000000000e+00 8.191000000000000000e+03 0.000000000000000000e+00 1.000000000000000000e+00 2.756299972534179688e+00
1.839999961853027344e+01 -9.004838764667510986e-02 0.000000000000000000e+00 -1.044092641677707434e-06 -8.999799191951751709e-02 0.000000000000000000e+00 7.000000000000000000e+00 8.191000000000000000e+03 0.000000000000000000e+00 1.000000000000000000e+00 2.756299972534179688e+00
1.860000038146972656e+01 -8.003692328929901123e-02 0.000000000000000000e+00 -9.494998494119499810e-07 -8.000095188617706299e-02 0.000000000000000000e+00 7.000000000000000000e+00 8.191000000000000000e+03 0.000000000000000000e+00 1.000000000000000000e+00 2.756299972534179688e+00
1.880000114440917969e+01 -7.006978988647460938e-02 0.000000000000000000e+00 -8.645172897558950353e-07 -7.000392675399780273e-02 0.000000000000000000e+00 7.000000000000000000e+00 8.191000000000000000e+03 0.000000000000000000e+00 1.000000000000000000e+00 2.756299972534179688e+00
1.900000000000000000e+01 -5.998707562685012817e-02 0.000000000000000000e+00 -7.957068532959965523e-07 -5.999438837170600891e-02 0.000000000000000000e+00 7.000000000000000000e+00 8.191000000000000000e+03 0.000000000000000000e+00 1.000000000000000000e+00 2.756299972534179688e+00
1.920000076293945312e+01 -5.003599449992179871e-02 0.000000000000000000e+00 -7.427423724948312156e-07 -4.999735578894615173e-02 0.000000000000000000e+00 6.000000000000000000e+00 8.191000000000000000e+03 0.000000000000000000e+00 1.000000000000000000e+00 2.756299972534179688e+00
1.939999961853027344e+01 -4.001297429203987122e-02 0.000000000000000000e+00 -6.908888963153003715e-07 -4.000032320618629456e-02 0.000000000000000000e+00 6.000000000000000000e+00 8.191000000000000000e+03 0.000000000000000000e+00 1.000000000000000000e+00 2.756299972534179688e+00
1.960000038146972656e+01 -3.005300275981426239e-02 0.000000000000000000e+00 -6.446814495575381443e-07 -3.000328317284584045e-02 0.000000000000000000e+00 6.000000000000000000e+00 8.191000000000000000e+03 0.000000000000000000e+00 1.000000000000000000e+00 2.756299972534179688e+00
1.980000114440917969e+01 -1.999407447874546051e-02 0.000000000000000000e+00 -6.031880843693215866e-07 -1.999375596642494202e-02 0.000000000000000000e+00 6.000000000000000000e+00 8.191000000000000000e+03 0.000000000000000000e+00 1.000000000000000000e+00 2.756299972534179688e+00
2.000000000000000000e+01 -1.003651600331068039e-02 0.000000000000000000e+00 -5.659674116031965241e-07 -9.996719658374786377e-03 0.000000000000000000e+00 6.000000000000000000e+00 8.191000000000000000e+03 0.000000000000000000e+00 1.000000000000000000e+00 2.756299972534179688e+00
2.020000076293945312e+01 2.203058102168142796e-06 0.000000000000000000e+00 -5.306719685904681683e-07 3.129243850708007812e-07 0.000000000000000000e+00 6.000000000000000000e+00 8.191000000000000000e+03 0.000000000000000000e+00 1.000000000000000000e+00 2.756299972534179688e+00
2.039999961853027344e+01 9.945041500031948090e-03 0.000000000000000000e+00 -4.965697826264658943e-07 9.997349232435226440e-03 0.000000000000000000e+00 6.000000000000000000e+00 8.191000000000000000e+03 0.000000000000000000e+00 1.000000000000000000e+00 2.756299972534179688e+00
2.060000038146972656e+01 1.997023634612560272e-02 0.000000000000000000e+00 -4.638972654902318027e-07 1.999438367784023285e-02 0.000000000000000000e+00 6.000000000000000000e+00 8.191000000000000000e+03 0.000000000000000000e+00 1.000000000000000000e+00 2.756299972534179688e+00
2.080000114440917969e+01 2.975188754498958588e-02 0.000000000000000000e+00 -4.294381881209119456e-07 3.000391460955142975e-02 0.000000000000000000e+00 6.000000000000000000e+00 6.143000000000000000e+03 0.000000000000000000e+00 1.000000000000000000e+00 2.756299972534179688e+00
2.100000000000000000e+01 3.994996100664138794e-02 0.000000000000000000e+00 -3.920363838005869184e-07 4.000094905495643616e-02 0.000000000000000000e+00 6.000000000000000000e+00 8.191000000000000000e+03 0.000000000000000000e+00 1.000000000000000000e+00 2.756299972534179688e+00
2.120000076293945312e+01 4.998004436492919922e-02 0.000000000000000000e+00 -3.496632530186616350e-07 4.999798536300659180e-02 0.000000000000000000e+00 6.000000000000000000e+00 8.191000000000000000e+03 0.000000000000000000e+00 1.000000000000000000e+00 2.756299972534179688e+00
2.139999961853027344e+01 6.001385301351547241e-02 0.000000000000000000e+00 -3.000462243107904214e-07 5.999501794576644897e-02 0.000000000000000000e+00 6.000000000000000000e+00 8.191000000000000000e+03 0.000000000000000000e+00 1.000000000000000000e+00 2.756299972534179688e+00
2.160000038146972656e+01 6.998892128467559814e-02 0.000000000000000000e+00 -2.370915836991116521e-07 7.000455260276794434e-02 0.000000000000000000e+00 6.000000000000000000e+00 8.191000000000000000e+03 0.000000000000000000e+00 1.000000000000000000e+00 2.756500005722045898e+00
2.180000114440917969e+01 8.007203042507171631e-02 0.000000000000000000e+00 -1.556715147899012663e-07 8.000158518552780151e-02 0.000000000000000000e+00 6.000000000000000000e+00 8.191000000000000000e+03 0.000000000000000000e+00 1.000000000000000000e+00 2.756500005722045898e+00
2.200000000000000000e+01 8.999618142843246460e-02 0.000000000000000000e+00 -4.714560830620939669e-08 8.999861776828765869e-02 0.000000000000000000e+00 6.000000000000000000e+00 8.191000000000000000e+03 0.000000000000000000e+00 1.000000000000000000e+00 2.756500005722045898e+00
2.220000076293945312e+01 1.000916212797164917e-01 0.000000000000000000e+00 1.020182054389806581e-07 9.999565780162811279e-02 0.000000000000000000e+00 5.000000000000000000e+00 7.164000000000000000e+03 0.000000000000000000e+00 1.000000000000000000e+00 2.756500005722045898e+00
2.239999961853027344e+01 1.099817007780075073e-01 0.000000000000000000e+00 3.075079462178109679e-07 1.100051850080490112e-01 0.000000000000000000e+00 6.000000000000000000e+00 8.191000000000000000e+03 0.000000000000000000e+00 1.000000000000000000e+00 2.756500005722045898e+00
2.260000038146972656e+01 1.199344247579574585e-01 0.000000000000000000e+00 5.964668048363819253e-07 1.200022250413894653e-01 0.000000000000000000e+00 6.000000000000000000e+00 8.191000000000000000e+03 0.000000000000000000e+00 1.000000000000000000e+00 2.756299972534179688e+00
2.280000114440917969e+01 1.300598233938217163e-01 0.000000000000000000e+00 9.959636599887744524e-07 1.299992501735687256e-01 0.000000000000000000e+00 6.000000000000000000e+00 7.164000000000000000e+03 0.000000000000000000e+00 1.000000000000000000e+00 2.756299972534179688e+00
2.300000000000000000e+01 1.399791985750198364e-01 0.000000000000000000e+00 1.545590521345729940e-06 1.399962902069091797e-01 0.000000000000000000e+00 7.000000000000000000e+00 8.191000000000000000e+03 0.000000000000000000e+00 1.000000000000000000e+00 2.756299972534179688e+00
2.320000076293945312e+01 1.500068455934524536e-01 0.000000000000000000e+00 2.292270892212400213e-06 1.500058174133300781e-01 0.000000000000000000e+00 7.000000000000000000e+00 8.191000000000000000e+03 0.000000000000000000e+00 1.000000000000000000e+00 2.756299972534179688e+00
2.339999961853027344e+01 1.600147932767868042e-01 0.000000000000000000e+00 3.264396127633517608e-06 1.600028574466705322e-01 0.000000000000000000e+00 7.000000000000000000e+00 8.191000000000000000e+03 0.000000000000000000e+00 1.000000000000000000e+00 2.756299972534179688e+00
2.360000038146972656e+01 1.699455827474594116e-01 0.000000000000000000e+00 4.481708856474142522e-06 1.699998974800109863e-01 0.000000000000000000e+00 7.000000000000000000e+00 8.191000000000000000e+03 0.000000000000000000e+00 1.000000000000000000e+00 2.756299972534179688e+00
2.380000114440917969e+01 1.800213456153869629e-01 0.000000000000000000e+00 5.926345693296752870e-06 1.799969226121902466e-01 0.000000000000000000e+00 7.000000000000000000e+00 8.191000000000000000e+03 0.000000000000000000e+00 1.000000000000000000e+00 2.756299972534179688e+00
2.400000000000000000e+01 1.900260001420974731e-01 0.000000000000000000e+00 7.556939181085908785e-06 1.899939626455307007e-01 0.000000000000000000e+00 7.000000000000000000e+00 8.191000000000000000e+03 0.000000000000000000e+00 1.000000000000000000e+00 2.756299972534179688e+00
2.420000076293945312e+01 2.000151425600051880e-01 0.000000000000000000e+00 9.263800166081637144e-06 2.000034898519515991e-01 0.000000000000000000e+00 7.000000000000000000e+00 8.191000000000000000e+03 0.000000000000000000e+00 1.000000000000000000e+00 2.756299972534179688e+00
2.439999961853027344e+01 2.101013660430908203e-01 0.000000000000000000e+00 1.092556522053200752e-05 2.100005298852920532e-01 0.000000000000000000e+00 8.000000000000000000e+00 8.191000000000000000e+03 0.000000000000000000e+00 1.000000000000000000e+00 2.756299972534179688e+00
2.460000038146972656e+01 2.200187593698501587e-01 0.000000000000000000e+00 1.243623228219803423e-05 2.199975699186325073e-01 0.000000000000000000e+00 8.000000000000000000e+00 8.191000000000000000e+03 0.000000000000000000e+00 1.000000000000000000e+00 2.756299972534179688e+00
2.480000114440917969e+01 2.300396114587783813e-01 0.000000000000000000e+00 1.352110939478734508e-05 2.299945950508117676e-01 0.000000000000000000e+00 8.000000000000000000e+00 8.191000000000000000e+03 0.000000000000000000e+00 1.000000000000000000e+00 2.756299972534179688e+00
2.500000000000000000e+01 2.400620877742767334e-01 0.000000000000000000e+00 1.430513657396659255e-05 2.400041371583938599e-01 0.000000000000000000e+00 8.000000000000000000e+00 8.191000000000000000e+03 0.000000000000000000e+00 1.000000000000000000e+00 2.756299972534179688e+00
2.520000076293945312e+01 2.500203847885131836e-01 0.000000000000000000e+00 1.457947382732527331e-05 2.500011622905731201e-01 0.000000000000000000e+00 8.000000000000000000e+00 8.191000000000000000e+03 0.000000000000000000e+00 1.000000000000000000e+00 2.756299972534179688e+00
2.539999961853027344e+01 2.600465118885040283e-01 0.000000000000000000e+00 1.457787129766074941e-05 2.599982023239135742e-01 0.000000000000000000e+00 8.000000000000000000e+00 8.191000000000000000e+03 0.000000000000000000e+00 1.000000000000000000e+00 2.756299972534179688e+00
2.560000038146972656e+01 2.700176835060119629e-01 0.000000000000000000e+00 1.426905510015785694e-05 2.699952423572540283e-01 0.000000000000000000e+00 8.000000000000000000e+00 8.191000000000000000e+03 0.000000000000000000e+00 1.000000000000000000e+00 2.756299972534179688e+00
2.580000114440917969e+01 2.800488770008087158e-01 0.000000000000000000e+00 1.382642221869900823e-05 2.800047695636749268e-01 0.000000000000000000e+00 8.000000000000000000e+00 8.191000000000000000e+03 0.000000000000000000e+00 1.000000000000000000e+00 2.756299972534179688e+00
2.600000000000000000e+01 2.899965643882751465e-01 0.000000000000000000e+00 1.329518909187754616e-05 2.900017797946929932e-01 0.000000000000000000e+00 8.000000000000000000e+00 8.191000000000000000e+03 0.000000000000000000e+00 1.000000000000000000e+00 2.756299972534179688e+00
2.620000076293945312e+01 2.999490201473236084e-01 0.000000000000000000e+00 1.280413289350690320e-05 2.999988198280334473e-01 0.000000000000000000e+00 8.000000000000000000e+00 8.191000000000000000e+03 0.000000000000000000e+00 1.000000000000000000e+00 2.756299972534179688e+00
2.639999961853027344e+01 2.900568246841430664e-01 0.000000000000000000e+00 1.095027528208447620e-05 2.900017797946929932e-01 0.000000000000000000e+00 8.000000000000000000e+00 8.191000000000000000e+03 0.000000000000000000e+00 1.000000000000000000e+00 2.756299972534179688e+00
2.660000038146972656e+01 2.800016701221466064e-01 0.000000000000000000e+00 9.513312761555425823e-06 2.800047695636749268e-01 0.000000000000000000e+00 8.000000000000000000e+00 8.191000000000000000e+03 0.000000000000000000e+00 1.000000000000000000e+00 2.756299972534179688e+00
2.680000114440917969e+01 2.699583172798156738e-01 0.000000000000000000e+00 8.156196599884424359e-06 2.699952423572540283e-01 0.000000000000000000e+00 8.000000000000000000e+00 8.191000000000000000e+03 0.000000000000000000e+00 1.000000000000000000e+00 2.756299972534179688e+00
2.700000000000000000e+01 2.600613832473754883e-01 0.000000000000000000e+00 6.695321644656360149e-06 2.599982023239135742e-01 0.000000000000000000e+00 8.000000000000000000e+00 8.191000000000000000e+03 0.000000000000000000e+00 1.000000000000000000e+00 2.756299972534179688e+00
2.720000076293945312e+01 2.499390244483947754e-01 0.000000000000000000e+00 5.092934316053288057e-06 2.500011622905731201e-01 0.000000000000000000e+00 7.000000000000000000e+00 8.191000000000000000e+03 0.000000000000000000e+00 1.000000000000000000e+00 2.756299972534179688e+00
2.739999961853027344e+01 2.399793267250061035e-01 0.000000000000000000e+00 3.333574795760796405e-06 2.400041371583938599e-01 0.000000000000000000e+00 7.000000000000000000e+00 8.191000000000000000e+03 0.000000000000000000e+00 1.000000000000000000e+00 2.756299972534179688e+00
2.760000038146972656e+01 2.300708740949630737e-01 0.000000000000000000e+00 1.420259309270477388e-06 2.299945950508117676e-01 0.000000000000000000e+00 7.000000000000000000e+00 8.191000000000000000e+03 0.000000000000000000e+00 1.000000000000000000e+00 2.756099939346313477e+00
2.780000114440917969e+01 2.199884355068206787e-01 0.000000000000000000e+00 -5.707567538593139034e-07 2.199975699186325073e-01 0.000000000000000000e+00 7.000000000000000000e+00 8.191000000000000000e+03 0.000000000000000000e+00 1.000000000000000000e+00 2.756099939346313477e+00
2.800000000000000000e+01 2.099888026714324951e-01 0.000000000000000000e+00 -1.093766627491277177e-06 2.100005298852920532e-01 0.000000000000000000e+00 6.000000000000000000e+00 7.164000000000000000e+03 0.000000000000000000e+00 1.000000000000000000e+00 2.756099939346313477e+00
2.820000076293945312e+01 2.000480145215988159e-01 0.000000000000000000e+00 -4.290706783649511635e-06 2.000034898519515991e-01 0.000000000000000000e+00 7.000000000000000000e+00 8.191000000000000000e+03 0.000000000000000000e+00 1.000000000000000000e+00 2.756099939346313477e+00
2.839999961853027344e+01 1.900055855512619019e-01 0.000000000000000000e+00 -5.772842996520921588e-06 1.899939626455307007e-01 0.000000000000000000e+00 7.000000000000000000e+00 8.191000000000000000e+03 0.000000000000000000e+00 1.000000000000000000e+00 2.756099939346313477e+00
2.860000038146972656e+01 1.800033599138259888e-01 0.000000000000000000e+00 -6.809146725572645664e-06 1.799969226121902466e-01 0.000000000000000000e+00 7.000000000000000000e+00 8.191000000000000000e+03 0.000000000000000000e+00 1.000000000000000000e+00 2.756299972534179688e+00
2.880000114440917969e+01 1.699646562337875366e-01 0.000000000000000000e+00 -7.388307494693435729e-06 1.699998974800109863e-01 0.000000000000000000e+00 7.000000000000000000e+00 8.191000000000000000e+03 0.000000000000000000e+00 1.000000000000000000e+00 2.756299972534179688e+00
2.900000000000000000e+01 1.600733846426010132e-01 0.000000000000000000e+00 -7.548983376182150096e-06 1.600028574466705322e-01 0.000000000000000000e+00 7.000000000000000000e+00 8.191000000000000000e+03 0.000000000000000000e+00 1.000000000000000000e+00 2.756299972534179688e+00
2.920000076293945312e+01 1.500399857759475708e-01 0.000000000000000000e+00 -7.390854989353101701e-06 1.500058174133300781e-01 0.000000000000000000e+00 7.000000000000000000e+00 8.191000000000000000e+03 0.000000000000000000e+00 1.000000000000000000e+00 2.756299972534179688e+00
2.939999961853027344e+01 1.400019228458404541e-01 0.000000000000000000e+00 -7.031927907519275323e-06 1.399962902069091797e-01 0.000000000000000000e+00 7.000000000000000000e+00 8.191000000000000000e+03 0.000000000000000000e+00 1.000000000000000000e+00 2.756299972534179688e+00
2.960000038146972656e+01 1.299957036972045898e-01 0.000000000000000000e+00 -6.569392098754178733e-06 1.299992501735687256e-01 0.000000000000000000e+00 7.000000000000000000e+00 8.191000000000000000e+03 0.000000000000000000e+00 1.000000000000000000e+00 2.756199836730957031e+00
2.980000114440917969e+01 1.199830844998359680e-01 0.000000000000000000e+00 -6.078096248529618606e-06 1.200022250413894653e-01 0.000000000000000000e+00 7.000000000000000000e+00 8.191000000000000000e+03 0.000000000000000000e+00 1.000000000000000000e+00 2.756199836730957031e+00
3.000000000000000000e+01 1.100686714053153992e-01 0.000000000000000000e+00 -5.591372882918221876e-06 1.100051850080490112e-01 0.000000000000000000e+00 7.000000000000000000e+00 8.191000000000000000e+03 0.000000000000000000e+00 1.000000000000000000e+00 2.756199836730957031e+00
3.020000076293945312e+01 1.000401750206947327e-01 0.000000000000000000e+00 -5.140784651302965358e-06 9.999565780162811279e-02 0.000000000000000000e+00 7.000000000000000000e+00 8.191000000000000000e+03 0.000000000000000000e+00 1.000000000000000000e+00 2.756199836730957031e+00
3.039999961853027344e+01 9.000919759273529053e-02 0.000000000000000000e+00 -4.733182322524953634e-06 8.999861776828765869e-02 0.000000000000000000e+00 7.000000000000000000e+00 8.191000000000000000e+03 0.000000000000000000e+00 1.000000000000000000e+00 2.756199836730957031e+00
3.060000038146972656e+01 7.998109608888626099e-02 0.000000000000000000e+00 -4.362884737929562107e-06 8.000158518552780151e-02 0.000000000000000000e+00 7.000000000000000000e+00 8.191000000000000000e+03 0.000000000000000000e+00 1.000000000000000000e+00 2.756199836730957031e+00
3.080000114440917969e+01 7.006007432937622070e-02 0.000000000000000000e+00 -4.040598923893412575e-06 7.000455260276794434e-02 0.000000000000000000e+00 7.000000000000000000e+00 8.191000000000000000e+03 0.000000000000000000e+00 1.000000000000000000e+00 2.756199836730957031e+00
3.100000000000000000e+01 5.995810404419898987e-02 0.000000000000000000e+00 -3.757885224331403151e-06 5.999501794576644897e-02 0.000000000000000000e+00 7.000000000000000000e+00 8.191000000000000000e+03 0.000000000000000000e+00 1.000000000000000000e+00 2.756199836730957031e+00
3.120000076293945312e+01 5.000025406479835510e-02 0.000000000000000000e+00 -3.509206408125464804e-06 4.999798536300659180e-02 0.000000000000000000e+00 7.000000000000000000e+00 8.191000000000000000e+03 0.000000000000000000e+00 1.000000000000000000e+00 2.756199836730957031e+00
3.139999961853027344e+01 4.003258049488067627e-02 0.000000000000000000e+00 -3.289230562586453743e-06 4.000094905495643616e-02 0.000000000000000000e+00 7.000000000000000000e+00 8.191000000000000000e+03 0.000000000000000000e+00 1.000000000000000000e+00 2.756199836730957031e+00
3.160000038146972656e+01 3.003678098320960999e-02 0.000000000000000000e+00 -3.094905196121544577e-06 3.000391460955142975e-02 0.000000000000000000e+00 7.000000000000000000e+00 8.191000000000000000e+03 0.000000000000000000e+00 1.000000000000000000e+00 2.756199836730957031e+00
3.180000114440917969e+01 1.993478275835514069e-02 0.000000000000000000e+00 -2.927024297605385073e-06 1.999438367784023285e-02 0.000000000000000000e+00 7.000000000000000000e+00 8.191000000000000000e+03 0.000000000000000000e+00 1.000000000000000000e+00 2.756199836730957031e+00
3.200000000000000000e+01 1.005025301128625870e-02 0.000000000000000000e+00 -2.777813506327220239e-06 9.997349232435226440e-03 0.000000000000000000e+00 7.000000000000000000e+00 8.191000000000000000e+03 0.000000000000000000e+00 1.000000000000000000e+00 2.756199836730957031e+00
3.220000076293945312e+01 -4.048277332913130522e-05 0.000000000000000000e+00 -2.647954715939704329e-06 3.129243850708007812e-07 0.000000000000000000e+00 7.000000000000000000e+00 8.191000000000000000e+03 0.000000000000000000e+00 1.000000000000000000e+00 2.756199836730957031e+00
3.240000152587890625e+01 -9.951525367796421051e-03 0.000000000000000000e+00 -2.538115040806587785e-06 -9.996719658374786377e-03 0.000000000000000000e+00 7.000000000000000000e+00 8.191000000000000000e+03 0.000000000000000000e+00 1.000000000000000000e+00 2.756199836730957031e+00
3.260000228881835938e+01 -1.997142098844051361e-02 0.000000000000000000e+00 -2.445706059006624855e-06 -1.999375596642494202e-02 0.000000000000000000e+00 7.000000000000000000e+00 8.191000000000000000e+03 0.000000000000000000e+00 1.000000000000000000e+00 2.756199836730957031e+00
3.279999923706054688e+01 -2.983473055064678192e-02 0.000000000000000000e+00 -2.365129603276727721e-06 -3.000328317284584045e-02 0.000000000000000000e+00 7.000000000000000000e+00 6.143000000000000000e+03 0.000000000000000000e+00 1.000000000000000000e+00 2.756199836730957031e+00
3.300000000000000000e+01 -3.999596834182739258e-02 0.000000000000000000e+00 -2.306232772752991877e-06 -4.000032320618629456e-02 0.000000000000000000e+00 7.000000000000000000e+00 8.191000000000000000e+03 0.000000000000000000e+00 1.000000000000000000e+00 2.756199836730957031e+00
3.320000076293945312e+01 -5.003682896494865417e-02 0.000000000000000000e+00 -2.261134568470879458e-06 -4.999735578894615173e-02 0.000000000000000000e+00 7.000000000000000000e+00 8.191000000000000000e+03 0.000000000000000000e+00 1.000000000000000000e+00 2.756199836730957031e+00
3.340000152587890625e+01 -5.999265238642692566e-02 0.000000000000000000e+00 -2.240762796645867638e-06 -5.999438837170600891e-02 0.000000000000000000e+00 7.000000000000000000e+00 8.191000000000000000e+03 0.000000000000000000e+00 1.000000000000000000e+00 2.756199836730957031e+00
3.360000228881835938e+01 -7.008738070726394653e-02 0.000000000000000000e+00 -2.239149125671247020e-06 -7.000392675399780273e-02 0.000000000000000000e+00 7.000000000000000000e+00 8.191000000000000000e+03 0.000000000000000000e+00 1.000000000000000000e+00 2.756299972534179688e+00
3.379999923706054688e+01 -7.999107241630554199e-02 0.000000000000000000e+00 -2.262668886032770388e-06 -8.000095188617706299e-02 0.000000000000000000e+00 7.000000000000000000e+00 8.191000000000000000e+03 0.000000000000000000e+00 1.000000000000000000e+00 2.756299972534179688e+00
3.400000000000000000e+01 -9.006265550851821899e-02 0.000000000000000000e+00 -2.316458221685024910e-06 -8.999799191951751709e-02 0.000000000000000000e+00 7.000000000000000000e+00 8.191000000000000000e+03 0.000000000000000000e+00 1.000000000000000000e+00 2.756299972534179688e+00
3.420000076293945312e+01 -9.999161958694458008e-02 0.000000000000000000e+00 -2.398356400590273552e-06 -9.999501705169677734e-02 0.000000000000000000e+00 7.000000000000000000e+00 8.191000000000000000e+03 0.000000000000000000e+00 1.000000000000000000e+00 2.756299972534179688e+00
3.440000152587890625e+01 -1.100106909871101379e-01 0.000000000000000000e+00 -2.521419901313493028e-06 -1.100045591592788696e-01 0.000000000000000000e+00 7.000000000000000000e+00 8.191000000000000000e+03 0.000000000000000000e+00 1.000000000000000000e+00 2.756299972534179688e+00
3.460000228881835938e+01 -1.200159266591072083e-01 0.000000000000000000e+00 -2.675112227734643966e-06 -1.200015842914581299e-01 0.000000000000000000e+00 7.000000000000000000e+00 8.191000000000000000e+03 0.000000000000000000e+00 1.000000000000000000e+00 2.756099939346313477e+00
3.479999923706054688e+01 -1.300420314073562622e-01 0.000000000000000000e+00 -2.875377276723156683e-06 -1.299986243247985840e-01 0.000000000000000000e+00 7.000000000000000000e+00 8.191000000000000000e+03 0.000000000000000000e+00 1.000000000000000000e+00 2.756099939346313477e+00
3.500000000000000000e+01 -1.400506645441055298e-01 0.000000000000000000e+00 -3.123054057141416706e-06 -1.399956643581390381e-01 0.000000000000000000e+00 7.000000000000000000e+00 8.191000000000000000e+03 0.000000000000000000e+00 1.000000000000000000e+00 2.756099939346313477e+00
3.520000076293945312e+01 -1.499805152416229248e-01 0.000000000000000000e+00 -3.391555310372496024e-06 -1.500051915645599365e-01 0.000000000000000000e+00 7.000000000000000000e+00 8.191000000000000000e+03 0.000000000000000000e+00 1.000000000000000000e+00 2.756099939346313477e+00
3.540000152587890625e+01 -1.600636094808578491e-01 0.000000000000000000e+00 -3.682364194901310839e-06 -1.600022166967391968e-01 0.000000000000000000e+00 7.000000000000000000e+00 8.191000000000000000e+03 0.000000000000000000e+00 1.000000000000000000e+00 2.756099939346313477e+00
3.560000228881835938e+01 -1.699903011322021484e-01 0.000000000000000000e+00 -3.963513336202595383e-06 -1.699992567300796509e-01 0.000000000000000000e+00 7.000000000000000000e+00 8.191000000000000000e+03 0.000000000000000000e+00 1.000000000000000000e+00 2.756099939346313477e+00
3.579999923706054688e+01 -1.800426095724105835e-01 0.000000000000000000e+00 -4.221026301820529625e-06 -1.799962967634201050e-01 0.000000000000000000e+00 7.000000000000000000e+00 8.191000000000000000e+03 0.000000000000000000e+00 1.000000000000000000e+00 2.756099939346313477e+00
3.600000000000000000e+01 -1.900682598352432251e-01 0.000000000000000000e+00 -4.451771928870584816e-06 -1.900058239698410034e-01 0.000000000000000000e+00 7.000000000000000000e+00 8.191000000000000000e+03 0.000000000000000000e+00 1.000000000000000000e+00 2.756099939346313477e+00
3.620000076293945312e+01 -2.001021504402160645e-01 0.000000000000000000e+00 -4.676666321756783873e-06 -2.000028640031814575e-01 0.000000000000000000e+00 7.000000000000000000e+00 8.191000000000000000e+03 0.000000000000000000e+00 1.000000000000000000e+00 2.756099939346313477e+00
3.640000152587890625e+01 -1.900533288717269897e-01 0.000000000000000000e+00 -3.709531938511645421e-06 -1.900058239698410034e-01 0.000000000000000000e+00 7.000000000000000000e+00 8.191000000000000000e+03 0.000000000000000000e+00 2.000000000000000000e+00 2.756099939346313477e+00
3.660000228881835938e+01 -1.799931526184082031e-01 0.000000000000000000e+00 -3.085277285208576359e-06 -1.799962967634201050e-01 0.000000000000000000e+00 7.000000000000000000e+00 8.191000000000000000e+03 0.000000000000000000e+00 2.000000000000000000e+00 2.756099939346313477e+00
3.679999923706054688e+01 -1.699588596820831299e-01 0.000000000000000000e+00 -2.637275201777811162e-06 -1.699992567300796509e-01 0.000000000000000000e+00 7.000000000000000000e+00 8.191000000000000000e+03 0.000000000000000000e+00 2.000000000000000000e+00 2.756099939346313477e+00
3.700000000000000000e+01 -1.600257307291030884e-01 0.000000000000000000e+00 -2.304628651472739875e-06 -1.600022166967391968e-01 0.000000000000000000e+00 7.000000000000000000e+00 8.191000000000000000e+03 0.000000000000000000e+00 2.000000000000000000e+00 2.756099939346313477e+00
3.720000076293945312e+01 -1.500020623207092285e-01 0.000000000000000000e+00 -2.047859425147180445e-06 -1.500051915645599365e-01 0.000000000000000000e+00 7.000000000000000000e+00 8.191000000000000000e+03 0.000000000000000000e+00 2.000000000000000000e+00 2.756099939346313477e+00
3.740000152587890625e+01 -1.400275379419326782e-01 0.000000000000000000e+00 -1.835308808040281292e-06 -1.399956643581390381e-01 0.000000000000000000e+00 7.000000000000000000e+00 8.191000000000000000e+03 0.000000000000000000e+00 2.000000000000000000e+00 2.756099939346313477e+00
3.760000228881835938e+01 -1.300339251756668091e-01 0.000000000000000000e+00 -1.656717813602881506e-06 -1.299986243247985840e-01 0.000000000000000000e+00 7.000000000000000000e+00 8.191000000000000000e+03 0.000000000000000000e+00 2.000000000000000000e+00 2.756099939346313477e+00
3.779999923706054688e+01 -1.200125589966773987e-01 0.000000000000000000e+00 -1.507618662799359299e-06 -1.200015842914581299e-01 0.000000000000000000e+00 7.000000000000000000e+00 8.191000000000000000e+03 0.000000000000000000e+00 2.000000000000000000e+00 2.756099939346313477e+00
3.800000000000000000e+01 -1.100640073418617249e-01 0.000000000000000000e+00 -1.367297386423160788e-06 -1.100045591592788696e-01 0.000000000000000000e+00 7.000000000000000000e+00 8.191000000000000000e+03 0.000000000000000000e+00 2.000000000000000000e+00 2.756099939346313477e+00
3.820000076293945312e+01 -9.996450692415237427e-02 0.000000000000000000e+00 -1.254087237612111494e-06 -9.999501705169677734e-02 0.000000000000000000e+00 7.000000000000000000e+00 8.191000000000000000e+03 0.000000000000000000e+00 2.000000000000000000e+00 2.756099939346313477e+00
3.840000152587890625e+01 -9.000410884618759155e-02 0.000000000000000000e+00 -1.149162358160538133e-06 -8.999799191951751709e-02 0.000000000000000000e+00 7.000000000000000000e+00 8.191000000000000000e+03 0.000000000000000000e+00 2.000000000000000000e+00 2.756099939346313477e+00
3.860000228881835938e+01 -7.999684661626815796e-02 0.000000000000000000e+00 -1.063730451278388500e-06 -8.000095188617706299e-02 0.000000000000000000e+00 7.000000000000000000e+00 8.191000000000000000e+03 0.000000000000000000e+00 2.000000000000000000e+00 2.756099939346313477e+00
3.879999923706054688e+01 -7.000558078289031982e-02 0.000000000000000000e+00 -9.837787047217716463e-07 -7.000392675399780273e-02 0.000000000000000000e+00 7.000000000000000000e+00 8.191000000000000000e+03 0.000000000000000000e+00 2.000000000000000000e+00 2.756099939346313477e+00
3.900000000000000000e+01 -6.006494164466857910e-02 0.000000000000000000e+00 -9.135263780990499072e-07 -5.999438837170600891e-02 0.000000000000000000e+00 7.000000000000000000e+00 8.191000000000000000e+03 0.000000000000000000e+00 2.000000000000000000e+00 2.756099939346313477e+00
3.920000076293945312e+01 -4.996956884860992432e-02 0.000000000000000000e+00 -8.566690326006209943e-07 -4.999735578894615173e-02 0.000000000000000000e+00 7.000000000000000000e+00 8.191000000000000000e+03 0.000000000000000000e+00 2.000000000000000000e+00 2.756099939346313477e+00
3.940000152587890625e+01 -3.997845947742462158e-02 0.000000000000000000e+00 -8.052948601289244834e-07 -4.000032320618629456e-02 0.000000000000000000e+00 7.000000000000000000e+00 8.191000000000000000e+03 0.000000000000000000e+00 2.000000000000000000e+00 2.756099939346313477e+00
3.960000228881835938e+01 -2.996636554598808289e-02 0.000000000000000000e+00 -7.621652002853807062e-07 -3.000328317284584045e-02 0.000000000000000000e+00 6.000000000000000000e+00 8.191000000000000000e+03 0.000000000000000000e+00 2.000000000000000000e+00 2.756000041961669922e+00
3.979999923706054688e+01 -1.996373571455478668e-02 0.000000000000000000e+00 -7.197832019301131368e-07 -1.999375596642494202e-02 0.000000000000000000e+00 6.000000000000000000e+00 8.191000000000000000e+03 0.000000000000000000e+00 2.000000000000000000e+00 2.756000041961669922e+00
4.000000000000000000e+01 -1.002567633986473083e-02 0.000000000000000000e+00 -6.809152068854018580e-07 -9.996719658374786377e-03 0.000000000000000000e+00 6.000000000000000000e+00 8.191000000000000000e+03 0.000000000000000000e+00 2.000000000000000000e+00 2.756000041961669922e+00
4.020000076293945312e+01 -4.860173794440925121e-05 0.000000000000000000e+00 -6.453228706959635019e-07 3.129243850708007812e-07 0.000000000000000000e+00 6.000000000000000000e+00 8.191000000000000000e+03 0.000000000000000000e+00 2.000000000000000000e+00 2.756000041961669922e+00
4.040000152587890625e+01 9.973241016268730164e-03 0.000000000000000000e+00 -6.105554462010331918e-07 9.997349232435226440e-03 0.000000000000000000e+00 6.000000000000000000e+00 8.191000000000000000e+03 0.000000000000000000e+00 2.000000000000000000e+00 2.756000041961669922e+00
4.060000228881835938e+01 2.000049874186515808e-02 0.000000000000000000e+00 -5.777393425887566991e-07 1.999438367784023285e-02 0.000000000000000000e+00 6.000000000000000000e+00 8.191000000000000000e+03 0.000000000000000000e+00 2.000000000000000000e+00 2.756099939346313477e+00
4.079999923706054688e+01 2.971232309937477112e-02 0.000000000000000000e+00 -5.425804374681320041e-07 3.000391460955142975e-02 0.000000000000000000e+00 6.000000000000000000e+00 6.143000000000000000e+03 0.000000000000000000e+00 2.000000000000000000e+00 2.756099939346313477e+00
4.100000000000000000e+01 4.005797952413558960e-02 0.000000000000000000e+00 -5.058756187281687744e-07 4.000094905495643616e-02 0.000000000000000000e+00 6.000000000000000000e+00 8.191000000000000000e+03 0.000000000000000000e+00 2.000000000000000000e+00 2.756099939346313477e+00
4.120000076293945312e+01 4.995518550276756287e-02 0.000000000000000000e+00 -4.650458720334427198e-07 4.999798536300659180e-02 0.000000000000000000e+00 6.000000000000000000e+00 8.191000000000000000e+03 0.000000000000000000e+00 2.000000000000000000e+00 2.756099939346313477e+00
4.140000152587890625e+01 6.001011282205581665e-02 0.000000000000000000e+00 -4.175731760369671974e-07 5.999501794576644897e-02 0.000000000000000000e+00 6.000000000000000000e+00 8.191000000000000000e+03 0.000000000000000000e+00 2.000000000000000000e+00 2.756099939346313477e+00
4.160000228881835938e+01 6.997247040271759033e-02 0.000000000000000000e+00 -3.591201220842776820e-07 7.000455260276794434e-02 0.000000000000000000e+00 6.000000000000000000e+00 8.191000000000000000e+03 0.000000000000000000e+00 2.000000000000000000e+00 2.756299972534179688e+00
4.179999923706054688e+01 7.998900115489959717e-02 0.000000000000000000e+00 -2.846461768513108836e-07 8.000158518552780151e-02 0.000000000000000000e+00 6.000000000000000000e+00 8.191000000000000000e+03 0.000000000000000000e+00 2.000000000000000000e+00 2.756299972534179688e+00
4.200000000000000000e+01 8.997692912817001343e-02 0.000000000000000000e+00 -1.872825379223286291e-07 8.999861776828765869e-02 0.000000000000000000e+00 6.000000000000000000e+00 8.191000000000000000e+03 0.000000000000000000e+00 2.000000000000000000e+00 2.756299972534179688e+00
4.220000076293945312e+01 1.000657975673675537e-01 0.000000000000000000e+00 -5.400937652666470967e-08 9.999565780162811279e-02 0.000000000000000000e+00 6.000000000000000000e+00 8.191000000000000000e+03 0.000000000000000000e+00 2.000000000000000000e+00 2.756299972534179688e+00
4.240000152587890625e+01 1.100275591015815735e-01 0.000000000000000000e+00 1.089713776991629857e-07 1.100051850080490112e-01 0.000000000000000000e+00 5.000000000000000000e+00 7.164000000000000000e+03 0.000000000000000000e+00 2.000000000000000000e+00 2.756299972534179688e+00
4.260000228881835938e+01 1.200266629457473755e-01 0.000000000000000000e+00 3.828438082109641982e-07 1.200022250413894653e-01 0.000000000000000000e+00 6.000000000000000000e+00 8.191000000000000000e+03 0.000000000000000000e+00 2.000000000000000000e+00 2.756000041961669922e+00
4.279999923706054688e+01 1.300137192010879517e-01 0.000000000000000000e+00 7.383350748568773270e-07 1.299992501735687256e-01 0.000000000000000000e+00 6.000000000000000000e+00 8.191000000000000000e+03 0.000000000000000000e+00 2.000000000000000000e+00 2.756000041961669922e+00
4.300000000000000000e+01 1.399853080511093140e-01 0.000000000000000000e+00 1.093102355298469774e-06 1.399962902069091797e-01 0.000000000000000000e+00 6.000000000000000000e+00 7.164000000000000000e+03 0.000000000000000000e+00 2.000000000000000000e+00 2.756000041961669922e+00
4.320000076293945312e+01 1.499941051006317139e-01 0.000000000000000000e+00 1.899641233649163041e-06 1.500058174133300781e-01 0.000000000000000000e+00 7.000000000000000000e+00 8.191000000000000000e+03 0.000000000000000000e+00 2.000000000000000000e+00 2.756000041961669922e+00
4.340000152587890625e+01 1.599956750869750977e-01 0.000000000000000000e+00 2.791918632283341140e-06 1.600028574466705322e-01 0.000000000000000000e+00 7.000000000000000000e+00 8.191000000000000000e+03 0.000000000000000000e+00 2.000000000000000000e+00 2.756000041961669922e+00
4.360000228881835938e+01 1.699864864349365234e-01 0.000000000000000000e+00 3.933069365302799270e-06 1.699998974800109863e-01 0.000000000000000000e+00 7.000000000000000000e+00 8.191000000000000000e+03 0.000000000000000000e+00 2.000000000000000000e+00 2.756000041961669922e+00
4.379999923706054688e+01 1.799916028976440430e-01 0.000000000000000000e+00 5.314263489708537236e-06 1.799969226121902466e-01 0.000000000000000000e+00 7.000000000000000000e+00 8.191000000000000000e+03 0.000000000000000000e+00 2.000000000000000000e+00 2.756000041961669922e+00
4.400000000000000000e+01 1.900503337383270264e-01 0.000000000000000000e+00 6.903827852511312813e-06 1.899939626455307007e-01 0.000000000000000000e+00 7.000000000000000000e+00 8.191000000000000000e+03 0.000000000000000000e+00 2.000000000000000000e+00 2.756000041961669922e+00
4.420000076293945312e+01 2.000767290592193604e-01 0.000000000000000000e+00 8.619810614618472755e-06 2.000034898519515991e-01 0.000000000000000000e+00 7.000000000000000000e+00 8.191000000000000000e+03 0.000000000000000000e+00 2.000000000000000000e+00 2.756000041961669922e+00
4.440000152587890625e+01 2.100303322076797485e-01 0.000000000000000000e+00 1.033737316902261227e-05 2.100005298852920532e-01 0.000000000000000000e+00 7.000000000000000000e+00 7.164000000000000000e+03 0.000000000000000000e+00 2.000000000000000000e+00 2.756000041961669922e+00
4.460000228881835938e+01 2.199807763099670410e-01 0.000000000000000000e+00 1.194831475004320964e-05 2.199975699186325073e-01 0.000000000000000000e+00 8.000000000000000000e+00 8.191000000000000000e+03 0.000000000000000000e+00 2.000000000000000000e+00 2.756099939346313477e+00
4.479999923706054688e+01 2.300022244453430176e-01 0.000000000000000000e+00 1.325052653555758297e-05 2.299945950508117676e-01 0.000000000000000000e+00 8.000000000000000000e+00 8.191000000000000000e+03 0.000000000000000000e+00 2.000000000000000000e+00 2.756099939346313477e+00
4.500000000000000000e+01 2.400034219026565552e-01 0.000000000000000000e+00 1.418962983734672889e-05 2.400041371583938599e-01 0.000000000000000000e+00 8.000000000000000000e+00 8.191000000000000000e+03 0.000000000000000000e+00 2.000000000000000000e+00 2.756099939346313477e+00
4.520000076293945312e+01 2.500711083412170410e-01 0.000000000000000000e+00 1.461945703340461478e-05 2.500011622905731201e-01 0.000000000000000000e+00 8.000000000000000000e+00 8.191000000000000000e+03 0.000000000000000000e+00 2.000000000000000000e+00 2.756099939346313477e+00
4.540000152587890625e+01 2.600403726100921631e-01 0.000000000000000000e+00 1.473716110922396183e-05 2.599982023239135742e-01 0.000000000000000000e+00 8.000000000000000000e+00 8.191000000000000000e+03 0.000000000000000000e+00 2.000000000000000000e+00 2.756099939346313477e+00
4.560000228881835938e+01 2.700211405754089355e-01 0.000000000000000000e+00 1.452496962883742526e-05 2.699952423572540283e-01 0.000000000000000000e+00 8.000000000000000000e+00 8.191000000000000000e+03 0.000000000000000000e+00 2.000000000000000000e+00 2.756099939346313477e+00
4.579999923706054688e+01 2.800193130970001221e-01 0.000000000000000000e+00 1.413790596416220069e-05 2.800047695636749268e-01 0.000000000000000000e+00 8.000000000000000000e+00 8.191000000000000000e+03 0.000000000000000000e+00 2.000000000000000000e+00 2.756099939346313477e+00
4.600000000000000000e+01 2.900011241436004639e-01 0.000000000000000000e+00 1.361330487270606682e-05 2.900017797946929932e-01 0.000000000000000000e+00 8.000000000000000000e+00 8.191000000000000000e+03 0.000000000000000000e+00 2.000000000000000000e+00 2.756099939346313477e+00
4.620000076293945312e+01 3.000359237194061279e-01 0.000000000000000000e+00 1.306266312894877046e-05 2.999988198280334473e-01 0.000000000000000000e+00 8.000000000000000000e+00 8.191000000000000000e+03 0.000000000000000000e+00 2.000000000000000000e+00 2.756099939346313477e+00
4.640000152587890625e+01 2.900330424308776855e-01 0.000000000000000000e+00 1.107662683352828026e-05 2.900017797946929932e-01 0.000000000000000000e+00 8.000000000000000000e+00 8.191000000000000000e+03 0.000000000000000000e+00 2.000000000000000000e+00 2.756099939346313477e+00
4.660000228881835938e+01 2.799560725688934326e-01 0.000000000000000000e+00 9.486013368587009609e-06 2.800047695636749268e-01 0.000000000000000000e+00 8.000000000000000000e+00 8.191000000000000000e+03 0.000000000000000000e+00 2.000000000000000000e+00 2.756199836730957031e+00
4.679999923706054688e+01 2.700658440589904785e-01 0.000000000000000000e+00 7.989367077243514359e-06 2.699952423572540283e-01 0.000000000000000000e+00 8.000000000000000000e+00 8.191000000000000000e+03 0.000000000000000000e+00 2.000000000000000000e+00 2.756199836730957031e+00
4.700000000000000000e+01 2.599871754646301270e-01 0.000000000000000000e+00 6.406607099052052945e-06 2.599982023239135742e-01 0.000000000000000000e+00 7.000000000000000000e+00 8.191000000000000000e+03 0.000000000000000000e+00 2.000000000000000000e+00 2.756199836730957031e+00
4.720000076293945312e+01 2.499489486217498779e-01 0.000000000000000000e+00 4.693866230809362605e-06 2.500011622905731201e-01 0.000000000000000000e+00 7.000000000000000000e+00 8.191000000000000000e+03 0.000000000000000000e+00 2.000000000000000000e+00 2.756199836730957031e+00
4.740000152587890625e+01 2.399422079324722290e-01 0.000000000000000000e+00 2.823453542077913880e-06 2.400041371583938599e-01 0.000000000000000000e+00 7.000000000000000000e+00 8.191000000000000000e+03 0.000000000000000000e+00 2.000000000000000000e+00 2.756199836730957031e+00
4.760000228881835938e+01 2.299901396036148071e-01 0.000000000000000000e+00 8.284058594654197805e-07 2.299945950508117676e-01 0.000000000000000000e+00 7.000000000000000000e+00 8.191000000000000000e+03 0.000000000000000000e+00 2.000000000000000000e+00 2.755899906158447266e+00
4.779999923706054688e+01 2.200179994106292725e-01 0.000000000000000000e+00 -1.191547426060424186e-06 2.199975699186325073e-01 0.000000000000000000e+00 7.000000000000000000e+00 8.191000000000000000e+03 0.000000000000000000e+00 2.000000000000000000e+00 2.755899906158447266e+00
4.800000000000000000e+01 2.099931240081787109e-01 0.000000000000000000e+00 -3.138921329082222655e-06 2.100005298852920532e-01 0.000000000000000000e+00 7.000000000000000000e+00 8.191000000000000000e+03 0.000000000000000000e+00 2.000000000000000000e+00 2.755899906158447266e+00
4.820000076293945312e+01 2.000341415405273438e-01 0.000000000000000000e+00 -4.859252840105909854e-06 2.000034898519515991e-01 0.000000000000000000e+00 7.000000000000000000e+00 8.191000000000000000e+03 0.000000000000000000e+00 2.000000000000000000e+00 2.755899906158447266e+00
4.840000152587890625e+01 1.899812519550323486e-01 0.000000000000000000e+00 -6.217745976755395532e-06 1.899939626455307007e-01 0.000000000000000000e+00 7.000000000000000000e+00 8.191000000000000000e+03 0.000000000000000000e+00 2.000000000000000000e+00 2.755899906158447266e+00
4.860000228881835938e+01 1.799888014793395996e-01 0.000000000000000000e+00 -7.114480467862449586e-06 1.799969226121902466e-01 0.000000000000000000e+00 7.000000000000000000e+00 8.191000000000000000e+03 0.000000000000000000e+00 2.000000000000000000e+00 2.756099939346313477e+00
4.879999923706054688e+01 1.699975132942199707e-01 0.000000000000000000e+00 -7.547136647190200165e-06 1.699998974800109863e-01 0.000000000000000000e+00 7.000000000000000000e+00 8.191000000000000000e+03 0.000000000000000000e+00 2.000000000000000000e+00 2.756099939346313477e+00
4.900000000000000000e+01 1.600178778171539307e-01 0.000000000000000000e+00 -7.592726433358620852e-06 1.600028574466705322e-01 0.000000000000000000e+00 7.000000000000000000e+00 8.191000000000000000e+03 0.000000000000000000e+00 2.000000000000000000e+00 2.756099939346313477e+00
4.920000076293945312e+01 1.499630063772201538e-01 0.000000000000000000e+00 -7.359539722529007122e-06 1.500058174133300781e-01 0.000000000000000000e+00 7.000000000000000000e+00 8.191000000000000000e+03 0.000000000000000000e+00 2.000000000000000000e+00 2.756099939346313477e+00
4.940000152587890625e+01 1.400005221366882324e-01 0.000000000000000000e+00 -6.953654519747942686e-06 1.399962902069091797e-01 0.000000000000000000e+00 7.000000000000000000e+00 8.191000000000000000e+03 0.000000000000000000e+00 2.000000000000000000e+00 2.756099939346313477e+00
4.960000228881835938e+01 1.299908906221389771e-01 0.000000000000000000e+00 -6.474022029578918591e-06 1.299992501735687256e-01 0.000000000000000000e+00 7.000000000000000000e+00 8.191000000000000000e+03 0.000000000000000000e+00 2.000000000000000000e+00 2.756099939346313477e+00
4.979999923706054688e+01 1.199643090367317200e-01 0.000000000000000000e+00 -5.977890850772382692e-06 1.200022250413894653e-01 0.000000000000000000e+00 7.000000000000000000e+00 8.191000000000000000e+03 0.000000000000000000e+00 2.000000000000000000e+00 2.756099939346313477e+00
5.000000000000000000e+01 1.100471392273902893e-01 0.000000000000000000e+00 -5.498530754266539589e-06 1.100051850080490112e-01 0.000000000000000000e+00 7.000000000000000000e+00 8.191000000000000000e+03 0.000000000000000000e+00 2.000000000000000000e+00 2.756099939346313477e+00
5.020000076293945312e+01 1.000239700078964233e-01 0.000000000000000000e+00 -5.059991508460370824e-06 9.999565780162811279e-02 0.000000000000000000e+00 7.000000000000000000e+00 8.191000000000000000e+03 0.000000000000000000e+00 2.000000000000000000e+00 2.756099939346313477e+00
5.040000152587890625e+01 9.007328003644943237e-02 0.000000000000000000e+00 -4.661923867388395593e-06 8.999861776828765869e-02 0.000000000000000000e+00 7.000000000000000000e+00 8.191000000000000000e+03 0.000000000000000000e+00 2.000000000000000000e+00 2.756099939346313477e+00
5.060000228881835938e+01 7.996463775634765625e-02 0.000000000000000000e+00 -4.312932560424087569e-06 8.000158518552780151e-02 0.000000000000000000e+00 7.000000000000000000e+00 8.191000000000000000e+03 0.000000000000000000e+00 2.000000000000000000e+00 2.756000041961669922e+00
5.079999923706054688e+01 7.000509649515151978e-02 0.000000000000000000e+00 -4.001867182523710653e-06 7.000455260276794434e-02 0.000000000000000000e+00 7.000000000000000000e+00 8.191000000000000000e+03 0.000000000000000000e+00 2.000000000000000000e+00 2.756000041961669922e+00
5.100000000000000000e+01 6.006514281034469604e-02 0.000000000000000000e+00 -3.728691126525518484e-06 5.999501794576644897e-02 0.000000000000000000e+00 7.000000000000000000e+00 8.191000000000000000e+03 0.000000000000000000e+00 2.000000000000000000e+00 2.756000041961669922e+00
5.120000076293945312e+01 5.008994415402412415e-02 0.000000000000000000e+00 -3.491401230348856188e-06 4.999798536300659180e-02 0.000000000000000000e+00 7.000000000000000000e+00 8.191000000000000000e+03 0.000000000000000000e+00 2.000000000000000000e+00 2.756000041961669922e+00
5.140000152587890625e+01 4.001856595277786255e-02 0.000000000000000000e+00 -3.285914544903789647e-06 4.000094905495643616e-02 0.000000000000000000e+00 7.000000000000000000e+00 8.191000000000000000e+03 0.000000000000000000e+00 2.000000000000000000e+00 2.756000041961669922e+00
5.160000228881835938e+01 2.998597919940948486e-02 0.000000000000000000e+00 -3.098274646617937833e-06 3.000391460955142975e-02 0.000000000000000000e+00 7.000000000000000000e+00 8.191000000000000000e+03 0.000000000000000000e+00 2.000000000000000000e+00 2.756000041961669922e+00
5.179999923706054688e+01 1.994546875357627869e-02 0.000000000000000000e+00 -2.935787733804318123e-06 1.999438367784023285e-02 0.000000000000000000e+00 7.000000000000000000e+00 8.191000000000000000e+03 0.000000000000000000e+00 2.000000000000000000e+00 2.756000041961669922e+00
5.200000000000000000e+01 9.986807592213153839e-03 0.000000000000000000e+00 -2.797780098262592219e-06 9.997349232435226440e-03 0.000000000000000000e+00 7.000000000000000000e+00 8.191000000000000000e+03 0.000000000000000000e+00 2.000000000000000000e+00 2.756000041961669922e+00
5.220000076293945312e+01 3.008250496350228786e-05 0.000000000000000000e+00 -2.668716206244425848e-06 3.129243850708007812e-07 0.000000000000000000e+00 7.000000000000000000e+00 8.191000000000000000e+03 0.000000000000000000e+00 2.000000000000000000e+00 2.756000041961669922e+00
5.240000152587890625e+01 -1.000842638313770294e-02 0.000000000000000000e+00 -2.570264086898532696e-06 -9.996719658374786377e-03 0.000000000000000000e+00 7.000000000000000000e+00 8.191000000000000000e+03 0.000000000000000000e+00 2.000000000000000000e+00 2.756000041961669922e+00
5.260000228881835938e+01 -2.009443193674087524e-02 0.000000000000000000e+00 -2.477370799169875681e-06 -1.999375596642494202e-02 0.000000000000000000e+00 7.000000000000000000e+00 8.191000000000000000e+03 0.000000000000000000e+00 2.000000000000000000e+00 2.756000041961669922e+00
5.279999923706054688e+01 -2.979053370654582977e-02 0.000000000000000000e+00 -2.406885187156149186e-06 -3.000328317284584045e-02 0.000000000000000000e+00 7.000000000000000000e+00 6.143000000000000000e+03 0.000000000000000000e+00 2.000000000000000000e+00 2.756000041961669922e+00
5.300000000000000000e+01 -4.001672565937042236e-02 0.000000000000000000e+00 -2.347419467696454376e-06 -4.000032320618629456e-02 0.000000000000000000e+00 7.000000000000000000e+00 8.191000000000000000e+03 0.000000000000000000e+00 2.000000000000000000e+00 2.756000041961669922e+00
5.320000076293945312e+01 -5.007773265242576599e-02 0.000000000000000000e+00 -2.311153139089583419e-06 -4.999735578894615173e-02 0.000000000000000000e+00 7.000000000000000000e+00 8.191000000000000000e+03 0.000000000000000000e+00 2.000000000000000000e+00 2.756000041961669922e+00
5.340000152587890625e+01 -6.002556905150413513e-02 0.000000000000000000e+00 -2.286631570314057171e-06 -5.999438837170600891e-02 0.000000000000000000e+00 7.000000000000000000e+00 8.191000000000000000e+03 0.000000000000000000e+00 2.000000000000000000e+00 2.756000041961669922e+00
5.360000228881835938e+01 -6.999270617961883545e-02 0.000000000000000000e+00 -2.286273229401558638e-06 -7.000392675399780273e-02 0.000000000000000000e+00 7.000000000000000000e+00 8.191000000000000000e+03 0.000000000000000000e+00 2.000000000000000000e+00 2.756099939346313477e+00
5.379999923706054688e+01 -8.006150275468826294e-02 0.000000000000000000e+00 -2.320811745448736474e-06 -8.000095188617706299e-02 0.000000000000000000e+00 7.000000000000000000e+00 8.191000000000000000e+03 0.000000000000000000e+00 2.000000000000000000e+00 2.756099939346313477e+00
5.400000000000000000e+01 -9.003635495901107788e-02 0.000000000000000000e+00 -2.366343096582568251e-06 -8.999799191951751709e-02 0.000000000000000000e+00 7.000000000000000000e+00 8.191000000000000000e+03 0.000000000000000000e+00 2.000000000000000000e+00 2.756099939346313477e+00
5.420000076293945312e+01 -1.000708565115928650e-01 0.000000000000000000e+00 -2.451342652420862578e-06 -9.999501705169677734e-02 0.000000000000000000e+00 7.000000000000000000e+00 8.191000000000000000e+03 0.000000000000000000e+00 2.000000000000000000e+00 2.756099939346313477e+00
5.440000152587890625e+01 -1.099919304251670837e-01 0.000000000000000000e+00 -2.562139570727595128e-06 -1.100045591592788696e-01 0.000000000000000000e+00 7.000000000000000000e+00 8.191000000000000000e+03 0.000000000000000000e+00 2.000000000000000000e+00 2.756099939346313477e+00
5.460000228881835938e+01 -1.199766919016838074e-01 0.000000000000000000e+00 -2.712569312279811129e-06 -1.200015842914581299e-01 0.000000000000000000e+00 7.000000000000000000e+00 8.191000000000000000e+03 0.000000000000000000e+00 2.000000000000000000e+00 2.756000041961669922e+00
5.479999923706054688e+01 -1.299639046192169189e-01 0.000000000000000000e+00 -2.897941385526792146e-06 -1.299986243247985840e-01 0.000000000000000000e+00 7.000000000000000000e+00 8.191000000000000000e+03 0.000000000000000000e+00 2.000000000000000000e+00 2.756000041961669922e+00
5.500000000000000000e+01 -1.400332152843475342e-01 0.000000000000000000e+00 -3.117566620858269744e-06 -1.399956643581390381e-01 0.000000000000000000e+00 7.000000000000000000e+00 8.191000000000000000e+03 0.000000000000000000e+00 2.000000000000000000e+00 2.756000041961669922e+00
5.520000076293945312e+01 -1.500597149133682251e-01 0.000000000000000000e+00 -3.362211600688169710e-06 -1.500051915645599365e-01 0.000000000000000000e+00 7.000000000000000000e+00 8.191000000000000000e+03 0.000000000000000000e+00 2.000000000000000000e+00 2.756000041961669922e+00
5.540000152587890625e+01 -1.600786000490188599e-01 0.000000000000000000e+00 -3.608095767049235292e-06 -1.600022166967391968e-01 0.000000000000000000e+00 7.000000000000000000e+00 8.191000000000000000e+03 0.000000000000000000e+00 2.000000000000000000e+00 2.756000041961669922e+00
5.560000228881835938e+01 -1.700263619422912598e-01 0.000000000000000000e+00 -3.837912572635104880e-06 -1.699992567300796509e-01 0.000000000000000000e+00 7.000000000000000000e+00 8.191000000000000000e+03 0.000000000000000000e+00 2.000000000000000000e+00 2.755899906158447266e+00
5.579999923706054688e+01 -1.800021231174468994e-01 0.000000000000000000e+00 -4.054876171721844003e-06 -1.799962967634201050e-01 0.000000000000000000e+00 7.000000000000000000e+00 8.191000000000000000e+03 0.000000000000000000e+00 2.000000000000000000e+00 2.755899906158447266e+00
5.600000000000000000e+01 -1.900318115949630737e-01 0.000000000000000000e+00 -4.264873950887704268e-06 -1.900058239698410034e-01 0.000000000000000000e+00 7.000000000000000000e+00 8.191000000000000000e+03 0.000000000000000000e+00 2.000000000000000000e+00 2.755899906158447266e+00
5.620000076293945312e+01 -2.000443041324615479e-01 0.000000000000000000e+00 -4.495233497436856851e-06 -2.000028640031814575e-01 0.000000000000000000e+00 7.000000000000000000e+00 8.191000000000000000e+03 0.000000000000000000e+00 2.000000000000000000e+00 2.755899906158447266e+00
5.640000152587890625e+01 -1.899755895137786865e-01 0.000000000000000000e+00 -3.580938255254295655e-06 -1.900058239698410034e-01 0.000000000000000000e+00 7.000000000000000000e+00 8.191000000000000000e+03 0.000000000000000000e+00 3.000000000000000000e+00 2.755899906158447266e+00
5.660000228881835938e+01 -1.800554990768432617e-01 0.000000000000000000e+00 -2.986749223055085167e-06 -1.799962967634201050e-01 0.000000000000000000e+00 7.000000000000000000e+00 8.191000000000000000e+03 0.000000000000000000e+00 3.000000000000000000e+00 2.755899906158447266e+00
5.679999923706054688e+01 -1.700229048728942871e-01 0.000000000000000000e+00 -2.560567509135580622e-06 -1.699992567300796509e-01 0.000000000000000000e+00 7.000000000000000000e+00 8.191000000000000000e+03 0.000000000000000000e+00 3.000000000000000000e+00 2.755899906158447266e+00
5.700000000000000000e+01 -1.600324213504791260e-01 0.000000000000000000e+00 -2.250387751701055095e-06 -1.600022166967391968e-01 0.000000000000000000e+00 7.000000000000000000e+00 8.191000000000000000e+03 0.000000000000000000e+00 3.000000000000000000e+00 2.755899906158447266e+00
5.720000076293945312e+01 -1.501483768224716187e-01 0.000000000000000000e+00 -2.007148850680096075e-06 -1.500051915645599365e-01 0.000000000000000000e+00 7.000000000000000000e+00 8.191000000000000000e+03 0.000000000000000000e+00 3.000000000000000000e+00 2.755899906158447266e+00
5.740000152587890625e+01 -1.400094628334045410e-01 0.000000000000000000e+00 -1.813175003917422146e-06 -1.399956643581390381e-01 0.000000000000000000e+00 7.000000000000000000e+00 8.191000000000000000e+03 0.000000000000000000e+00 3.000000000000000000e+00 2.755899906158447266e+00
5.760000228881835938e+01 -1.300809085369110107e-01 0.000000000000000000e+00 -1.650054969104530755e-06 -1.299986243247985840e-01 0.000000000000000000e+00 7.000000000000000000e+00 8.191000000000000000e+03 0.000000000000000000e+00 3.000000000000000000e+00 2.755899906158447266e+00
5.779999923706054688e+01 -1.199976503849029541e-01 0.000000000000000000e+00 -1.509280309619498439e-06 -1.200015842914581299e-01 0.000000000000000000e+00 7.000000000000000000e+00 8.191000000000000000e+03 0.000000000000000000e+00 3.000000000000000000e+00 2.755899906158447266e+00
5.800000000000000000e+01 -1.100658625364303589e-01 0.000000000000000000e+00 -1.392660010424151551e-06 -1.100045591592788696e-01 0.000000000000000000e+00 7.000000000000000000e+00 8.191000000000000000e+03 0.000000000000000000e+00 3.000000000000000000e+00 2.755899906158447266e+00
5.820000076293945312e+01 -1.000115200877189636e-01 0.000000000000000000e+00 -1.288246039621299133e-06 -9.999501705169677734e-02 0.000000000000000000e+00 7.000000000000000000e+00 8.191000000000000000e+03 0.000000000000000000e+00 3.000000000000000000e+00 2.755899906158447266e+00
5.840000152587890625e+01 -9.004884958267211914e-02 0.000000000000000000e+00 -1.190487182611832395e-06 -8.999799191951751709e-02 0.000000000000000000e+00 7.000000000000000000e+00 8.191000000000000000e+03 0.000000000000000000e+00 3.000000000000000000e+00 2.755899906158447266e+00
5.860000228881835938e+01 -7.994694262742996216e-02 0.000000000000000000e+00 -1.108908236346906051e-06 -8.000095188617706299e-02 0.000000000000000000e+00 7.000000000000000000e+00 8.191000000000000000e+03 0.000000000000000000e+00 3.000000000000000000e+00 2.755899906158447266e+00
5.879999923706054688e+01 -7.006218284368515015e-02 0.000000000000000000e+00 -1.034890715345682111e-06 -7.000392675399780273e-02 0.000000000000000000e+00 7.000000000000000000e+00 8.191000000000000000e+03 0.000000000000000000e+00 3.000000000000000000e+00 2.755899906158447266e+00
5.900000000000000000e+01 -6.005385518074035645e-02 0.000000000000000000e+00 -9.766575885805650614e-07 -5.999438837170600891e-02 0.000000000000000000e+00 7.000000000000000000e+00 8.191000000000000000e+03 0.000000000000000000e+00 3.000000000000000000e+00 2.755899906158447266e+00
5.920000076293945312e+01 -5.002072453498840332e-02 0.000000000000000000e+00 -9.171254760076408274e-07 -4.999735578894615173e-02 0.000000000000000000e+00 7.000000000000000000e+00 8.191000000000000000e+03 0.000000000000000000e+00 3.000000000000000000e+00 2.755899906158447266e+00
5.940000152587890625e+01 -4.006164148449897766e-02 0.000000000000000000e+00 -8.661224342176865321e-07 -4.000032320618629456e-02 0.000000000000000000e+00 7.000000000000000000e+00 8.191000000000000000e+03 0.000000000000000000e+00 3.000000000000000000e+00 2.755899906158447266e+00
5.960000228881835938e+01 -2.999881654977798462e-02 0.000000000000000000e+00 -8.193233043130021542e-07 -3.000328317284584045e-02 0.000000000000000000e+00 7.000000000000000000e+00 8.191000000000000000e+03 0.000000000000000000e+00 3.000000000000000000e+00 2.755899906158447266e+00
5.979999923706054688e+01 -1.998621411621570587e-02 0.000000000000000000e+00 -7.754735520393296611e-07 -1.999375596642494202e-02 0.000000000000000000e+00 7.000000000000000000e+00 8.191000000000000000e+03 0.000000000000000000e+00 3.000000000000000000e+00 2.755899906158447266e+00
6.000000000000000000e+01 -1.002478878945112228e-02 0.000000000000000000e+00 -7.381740942946635187e-07 -9.996719658374786377e-03 0.000000000000000000e+00 6.000000000000000000e+00 8.191000000000000000e+03 0.000000000000000000e+00 3.000000000000000000e+00 2.755899906158447266e+00
6.020000076293945312e+01 1.061793591361492872e-05 0.000000000000000000e+00 -7.025844865893304814e-07 3.129243850708007812e-07 0.000000000000000000e+00 6.000000000000000000e+00 8.191000000000000000e+03 0.000000000000000000e+00 3.000000000000000000e+00 2.755899906158447266e+00
