5.000000000000000000e-01 3.073860716540366411e-04 3.073860716540366411e-04 0.000000000000000000e+00 0.000000000000000000e+00 8.191000000000000000e+03 0.000000000000000000e+00 2.755199909210205078e+00
1.000000000000000000e+00 3.041326417587697506e-04 1.370814279653131962e-04 0.000000000000000000e+00 0.000000000000000000e+00 8.191000000000000000e+03 0.000000000000000000e+00 2.755199909210205078e+00
1.500000000000000000e+00 2.870480238925665617e-04 1.271141518373042345e-04 0.000000000000000000e+00 0.000000000000000000e+00 8.191000000000000000e+03 0.000000000000000000e+00 2.754899978637695312e+00
2.000000000000000000e+00 2.484327997080981731e-04 1.227348111569881439e-04 0.000000000000000000e+00 0.000000000000000000e+00 8.191000000000000000e+03 0.000000000000000000e+00 2.754899978637695312e+00
2.500000000000000000e+00 1.984707778319716454e-04 1.222271239385008812e-04 0.000000000000000000e+00 0.000000000000000000e+00 8.191000000000000000e+03 0.000000000000000000e+00 2.755100011825561523e+00
3.000000000000000000e+00 1.566178107168525457e-04 1.224380102939903736e-04 0.000000000000000000e+00 0.000000000000000000e+00 8.191000000000000000e+03 0.000000000000000000e+00 2.755100011825561523e+00
3.500000000000000000e+00 1.323195028817281127e-04 1.224438310600817204e-04 0.000000000000000000e+00 0.000000000000000000e+00 8.191000000000000000e+03 0.000000000000000000e+00 2.755199909210205078e+00
4.000000000000000000e+00 1.225888263434171677e-04 1.226977619808167219e-04 0.000000000000000000e+00 0.000000000000000000e+00 8.191000000000000000e+03 0.000000000000000000e+00 2.755199909210205078e+00
4.500000000000000000e+00 1.205765802296809852e-04 1.232398208230733871e-04 0.000000000000000000e+00 0.000000000000000000e+00 8.191000000000000000e+03 0.000000000000000000e+00 2.755199909210205078e+00
5.000000000000000000e+00 1.212129282066598535e-04 1.226797176059335470e-04 0.000000000000000000e+00 0.000000000000000000e+00 8.191000000000000000e+03 0.000000000000000000e+00 2.755199909210205078e+00
5.500000000000000000e+00 1.221469428855925798e-04 1.232448266819119453e-04 0.000000000000000000e+00 0.000000000000000000e+00 8.191000000000000000e+03 0.000000000000000000e+00 2.755199909210205078e+00
6.000000000000000000e+00 1.227384782396256924e-04 1.237655233126133680e-04 0.000000000000000000e+00 0.000000000000000000e+00 8.191000000000000000e+03 0.000000000000000000e+00 2.755199909210205078e+00
6.500000000000000000e+00 1.230488560395315289e-04 1.230120833497494459e-04 0.000000000000000000e+00 0.000000000000000000e+00 8.191000000000000000e+03 0.000000000000000000e+00 2.755199909210205078e+00
7.000000000000000000e+00 1.232175563927739859e-04 1.229470071848481894e-04 0.000000000000000000e+00 0.000000000000000000e+00 8.191000000000000000e+03 0.000000000000000000e+00 2.755199909210205078e+00
7.500000000000000000e+00 1.232642680406570435e-04 1.231982605531811714e-04 0.000000000000000000e+00 0.000000000000000000e+00 8.191000000000000000e+03 0.000000000000000000e+00 2.755199909210205078e+00
8.000000000000000000e+00 1.232043287018314004e-04 1.225963933393359184e-04 0.000000000000000000e+00 0.000000000000000000e+00 8.191000000000000000e+03 0.000000000000000000e+00 2.755199909210205078e+00
8.500000000000000000e+00 1.230963971465826035e-04 1.229924382641911507e-04 0.000000000000000000e+00 0.000000000000000000e+00 8.191000000000000000e+03 0.000000000000000000e+00 2.755199909210205078e+00
9.000000000000000000e+00 1.229695917572826147e-04 1.218880934175103903e-04 0.000000000000000000e+00 0.000000000000000000e+00 8.191000000000000000e+03 0.000000000000000000e+00 2.755199909210205078e+00
9.500000000000000000e+00 1.228161563631147146e-04 1.228894107043743134e-04 0.000000000000000000e+00 0.000000000000000000e+00 8.191000000000000000e+03 0.000000000000000000e+00 2.755199909210205078e+00
1.000000000000000000e+01 1.226650783792138100e-04 1.227925822604447603e-04 0.000000000000000000e+00 0.000000000000000000e+00 8.191000000000000000e+03 0.000000000000000000e+00 2.755199909210205078e+00
1.050000000000000000e+01 1.225907471962273121e-04 1.225373416673392057e-04 0.000000000000000000e+00 0.000000000000000000e+00 8.191000000000000000e+03 0.000000000000000000e+00 2.755199909210205078e+00
1.100000000000000000e+01 1.226033637067303061e-04 1.226475287694483995e-04 0.000000000000000000e+00 0.000000000000000000e+00 8.191000000000000000e+03 0.000000000000000000e+00 2.755199909210205078e+00
1.150000000000000000e+01 1.226231688633561134e-04 1.220571575686335564e-04 0.000000000000000000e+00 0.000000000000000000e+00 8.191000000000000000e+03 0.000000000000000000e+00 2.755199909210205078e+00
1.200000000000000000e+01 1.225714659085497260e-04 1.218812249135226011e-04 0.000000000000000000e+00 0.000000000000000000e+00 8.191000000000000000e+03 0.000000000000000000e+00 2.755199909210205078e+00
1.250000000000000000e+01 1.224304432980716228e-04 1.222616992890834808e-04 0.000000000000000000e+00 0.000000000000000000e+00 8.191000000000000000e+03 0.000000000000000000e+00 2.755199909210205078e+00
1.300000000000000000e+01 1.222777063958346844e-04 1.229161280207335949e-04 0.000000000000000000e+00 0.000000000000000000e+00 8.191000000000000000e+03 0.000000000000000000e+00 2.755199909210205078e+00
1.350000000000000000e+01 1.222512073582038283e-04 1.231339992955327034e-04 0.000000000000000000e+00 0.000000000000000000e+00 8.191000000000000000e+03 0.000000000000000000e+00 2.755199909210205078e+00
1.400000000000000000e+01 1.224159204866737127e-04 1.232915965374559164e-04 0.000000000000000000e+00 0.000000000000000000e+00 8.191000000000000000e+03 0.000000000000000000e+00 2.755199909210205078e+00
1.450000000000000000e+01 1.226961176143959165e-04 1.230905763804912567e-04 0.000000000000000000e+00 0.000000000000000000e+00 8.191000000000000000e+03 0.000000000000000000e+00 2.755199909210205078e+00
1.500000000000000000e+01 1.229576882906258106e-04 1.233293151017278433e-04 0.000000000000000000e+00 0.000000000000000000e+00 8.191000000000000000e+03 0.000000000000000000e+00 2.755199909210205078e+00
