5.000000000000000000e-01 5.749665573239326477e-02 5.749665573239326477e-02 0.000000000000000000e+00 0.000000000000000000e+00 8.191000000000000000e+03 0.000000000000000000e+00 2.755300045013427734e+00
1.000000000000000000e+00 5.751425400376319885e-02 5.841804295778274536e-02 0.000000000000000000e+00 0.000000000000000000e+00 8.191000000000000000e+03 0.000000000000000000e+00 2.755399942398071289e+00
1.500000000000000000e+00 5.762239173054695129e-02 5.929408222436904907e-02 0.000000000000000000e+00 0.000000000000000000e+00 8.191000000000000000e+03 0.000000000000000000e+00 2.755399942398071289e+00
2.000000000000000000e+00 5.792556703090667725e-02 5.998260155320167542e-02 0.000000000000000000e+00 0.000000000000000000e+00 8.191000000000000000e+03 0.000000000000000000e+00 2.755199909210205078e+00
2.500000000000000000e+00 5.845460295677185059e-02 6.058958545327186584e-02 0.000000000000000000e+00 0.000000000000000000e+00 8.191000000000000000e+03 0.000000000000000000e+00 2.755199909210205078e+00
3.000000000000000000e+00 5.912769585847854614e-02 6.120217964053153992e-02 0.000000000000000000e+00 0.000000000000000000e+00 8.191000000000000000e+03 0.000000000000000000e+00 2.755399942398071289e+00
3.500000000000000000e+00 5.983363091945648193e-02 6.182412803173065186e-02 0.000000000000000000e+00 0.000000000000000000e+00 8.191000000000000000e+03 0.000000000000000000e+00 2.755399942398071289e+00
4.000000000000000000e+00 6.051039323210716248e-02 6.236623600125312805e-02 0.000000000000000000e+00 0.000000000000000000e+00 8.191000000000000000e+03 0.000000000000000000e+00 2.755399942398071289e+00
4.500000000000000000e+00 6.114640831947326660e-02 6.296493113040924072e-02 0.000000000000000000e+00 0.000000000000000000e+00 8.191000000000000000e+03 0.000000000000000000e+00 2.755399942398071289e+00
5.000000000000000000e+00 6.175098940730094910e-02 6.353478878736495972e-02 0.000000000000000000e+00 0.000000000000000000e+00 8.191000000000000000e+03 0.000000000000000000e+00 2.755300045013427734e+00
5.500000000000000000e+00 6.233302503824234009e-02 6.388781219720840454e-02 0.000000000000000000e+00 0.000000000000000000e+00 8.191000000000000000e+03 0.000000000000000000e+00 2.755300045013427734e+00
6.000000000000000000e+00 6.288523972034454346e-02 6.425102800130844116e-02 0.000000000000000000e+00 0.000000000000000000e+00 8.191000000000000000e+03 0.000000000000000000e+00 2.755399942398071289e+00
6.500000000000000000e+00 6.338790059089660645e-02 6.467356532812118530e-02 0.000000000000000000e+00 0.000000000000000000e+00 8.191000000000000000e+03 0.000000000000000000e+00 2.755399942398071289e+00
7.000000000000000000e+00 6.383432447910308838e-02 6.499707698822021484e-02 0.000000000000000000e+00 0.000000000000000000e+00 8.191000000000000000e+03 0.000000000000000000e+00 2.755300045013427734e+00
7.500000000000000000e+00 6.423671543598175049e-02 6.529808044433593750e-02 0.000000000000000000e+00 0.000000000000000000e+00 8.191000000000000000e+03 0.000000000000000000e+00 2.755300045013427734e+00
8.000000000000000000e+00 6.460700184106826782e-02 6.560511887073516846e-02 0.000000000000000000e+00 0.000000000000000000e+00 8.191000000000000000e+03 0.000000000000000000e+00 2.755300045013427734e+00
8.500000000000000000e+00 6.495115160942077637e-02 6.595548242330551147e-02 0.000000000000000000e+00 0.000000000000000000e+00 8.191000000000000000e+03 0.000000000000000000e+00 2.755300045013427734e+00
9.000000000000000000e+00 6.527777761220932007e-02 6.624452769756317139e-02 0.000000000000000000e+00 0.000000000000000000e+00 8.191000000000000000e+03 0.000000000000000000e+00 2.755300045013427734e+00
9.500000000000000000e+00 6.559424102306365967e-02 6.643266230821609497e-02 0.000000000000000000e+00 0.000000000000000000e+00 8.191000000000000000e+03 0.000000000000000000e+00 2.755300045013427734e+00
1.000000000000000000e+01 6.589873135089874268e-02 6.682721525430679321e-02 0.000000000000000000e+00 0.000000000000000000e+00 8.191000000000000000e+03 0.000000000000000000e+00 2.755399942398071289e+00
1.050000000000000000e+01 6.619141995906829834e-02 6.711705029010772705e-02 0.000000000000000000e+00 0.000000000000000000e+00 8.191000000000000000e+03 0.000000000000000000e+00 2.755399942398071289e+00
1.100000000000000000e+01 6.648418307304382324e-02 6.745847314596176147e-02 0.000000000000000000e+00 0.000000000000000000e+00 8.191000000000000000e+03 0.000000000000000000e+00 2.755399942398071289e+00
1.150000000000000000e+01 6.678616255521774292e-02 6.766956299543380737e-02 0.000000000000000000e+00 0.000000000000000000e+00 8.191000000000000000e+03 0.000000000000000000e+00 2.755399942398071289e+00
1.200000000000000000e+01 6.708887219429016113e-02 6.786642968654632568e-02 0.000000000000000000e+00 0.000000000000000000e+00 8.191000000000000000e+03 0.000000000000000000e+00 2.755399942398071289e+00
1.250000000000000000e+01 6.737393885850906372e-02 6.813283264636993408e-02 0.000000000000000000e+00 0.000000000000000000e+00 8.191000000000000000e+03 0.000000000000000000e+00 2.755399942398071289e+00
1.300000000000000000e+01 6.763446331024169922e-02 6.843191385269165039e-02 0.000000000000000000e+00 0.000000000000000000e+00 8.191000000000000000e+03 0.000000000000000000e+00 2.755300045013427734e+00
1.350000000000000000e+01 6.788437813520431519e-02 6.874755769968032837e-02 0.000000000000000000e+00 0.000000000000000000e+00 8.191000000000000000e+03 0.000000000000000000e+00 2.755300045013427734e+00
1.400000000000000000e+01 6.814441829919815063e-02 6.905397027730941772e-02 0.000000000000000000e+00 0.000000000000000000e+00 8.191000000000000000e+03 0.000000000000000000e+00 2.755300045013427734e+00
1.450000000000000000e+01 6.842232495546340942e-02 6.924542784690856934e-02 0.000000000000000000e+00 0.000000000000000000e+00 8.191000000000000000e+03 0.000000000000000000e+00 2.755300045013427734e+00
1.500000000000000000e+01 6.870529055595397949e-02 6.941944360733032227e-02 0.000000000000000000e+00 0.000000000000000000e+00 8.191000000000000000e+03 0.000000000000000000e+00 2.755399942398071289e+00
