5.000000000000000000e-01 -9.955546259880065918e-02 -9.955546259880065918e-02 0.000000000000000000e+00 0.000000000000000000e+00 8.191000000000000000e+03 0.000000000000000000e+00 2.756999969482421875e+00
1.000000000000000000e+00 -9.954091161489486694e-02 -9.879343211650848389e-02 0.000000000000000000e+00 0.000000000000000000e+00 8.191000000000000000e+03 0.000000000000000000e+00 2.756999969482421875e+00
1.500000000000000000e+00 -9.945201128721237183e-02 -9.809651225805282593e-02 0.000000000000000000e+00 0.000000000000000000e+00 8.191000000000000000e+03 0.000000000000000000e+00 2.756999969482421875e+00
2.000000000000000000e+00 -9.919980168342590332e-02 -9.730637073516845703e-02 0.000000000000000000e+00 0.000000000000000000e+00 8.191000000000000000e+03 0.000000000000000000e+00 2.756899833679199219e+00
2.500000000000000000e+00 -9.874442219734191895e-02 -9.669809043407440186e-02 0.000000000000000000e+00 0.000000000000000000e+00 8.191000000000000000e+03 0.000000000000000000e+00 2.756899833679199219e+00
3.000000000000000000e+00 -9.813392162322998047e-02 -9.607101231813430786e-02 0.000000000000000000e+00 0.000000000000000000e+00 8.191000000000000000e+03 0.000000000000000000e+00 2.756999969482421875e+00
3.500000000000000000e+00 -9.746128320693969727e-02 -9.564763307571411133e-02 0.000000000000000000e+00 0.000000000000000000e+00 8.191000000000000000e+03 0.000000000000000000e+00 2.756999969482421875e+00
4.000000000000000000e+00 -9.680765867233276367e-02 -9.515275806188583374e-02 0.000000000000000000e+00 0.000000000000000000e+00 8.191000000000000000e+03 0.000000000000000000e+00 2.756999969482421875e+00
4.500000000000000000e+00 -9.621396660804748535e-02 -9.464758634567260742e-02 0.000000000000000000e+00 0.000000000000000000e+00 8.191000000000000000e+03 0.000000000000000000e+00 2.756999969482421875e+00
5.000000000000000000e+00 -9.568098187446594238e-02 -9.429989755153656006e-02 0.000000000000000000e+00 0.000000000000000000e+00 8.191000000000000000e+03 0.000000000000000000e+00 2.757099866867065430e+00
5.500000000000000000e+00 -9.519392997026443481e-02 -9.388428926467895508e-02 0.000000000000000000e+00 0.000000000000000000e+00 8.191000000000000000e+03 0.000000000000000000e+00 2.757099866867065430e+00
6.000000000000000000e+00 -9.474543482065200806e-02 -9.360028803348541260e-02 0.000000000000000000e+00 0.000000000000000000e+00 8.191000000000000000e+03 0.000000000000000000e+00 2.756999969482421875e+00
6.500000000000000000e+00 -9.433677047491073608e-02 -9.333276748657226562e-02 0.000000000000000000e+00 0.000000000000000000e+00 8.191000000000000000e+03 0.000000000000000000e+00 2.756999969482421875e+00
7.000000000000000000e+00 -9.396839141845703125e-02 -9.290811419486999512e-02 0.000000000000000000e+00 0.000000000000000000e+00 8.191000000000000000e+03 0.000000000000000000e+00 2.756999969482421875e+00
7.500000000000000000e+00 -9.363299608230590820e-02 -9.282583743333816528e-02 0.000000000000000000e+00 0.000000000000000000e+00 8.191000000000000000e+03 0.000000000000000000e+00 2.756999969482421875e+00
8.000000000000000000e+00 -9.332797676324844360e-02 -9.270109236240386963e-02 0.000000000000000000e+00 0.000000000000000000e+00 8.191000000000000000e+03 0.000000000000000000e+00 2.756999969482421875e+00
8.500000000000000000e+00 -9.306870400905609131e-02 -9.260414540767669678e-02 0.000000000000000000e+00 0.000000000000000000e+00 8.191000000000000000e+03 0.000000000000000000e+00 2.756999969482421875e+00
9.000000000000000000e+00 -9.286648780107498169e-02 -9.234759211540222168e-02 0.000000000000000000e+00 0.000000000000000000e+00 8.191000000000000000e+03 0.000000000000000000e+00 2.757099866867065430e+00
9.500000000000000000e+00 -9.270343929529190063e-02 -9.220156818628311157e-02 0.000000000000000000e+00 0.000000000000000000e+00 8.191000000000000000e+03 0.000000000000000000e+00 2.757099866867065430e+00
1.000000000000000000e+01 -9.255073964595794678e-02 -9.215951710939407349e-02 0.000000000000000000e+00 0.000000000000000000e+00 8.191000000000000000e+03 0.000000000000000000e+00 2.756999969482421875e+00
1.050000000000000000e+01 -9.240077435970306396e-02 -9.201020747423171997e-02 0.000000000000000000e+00 0.000000000000000000e+00 8.191000000000000000e+03 0.000000000000000000e+00 2.756999969482421875e+00
1.100000000000000000e+01 -9.226327389478683472e-02 -9.192019701004028320e-02 0.000000000000000000e+00 0.000000000000000000e+00 8.191000000000000000e+03 0.000000000000000000e+00 2.756999969482421875e+00
1.150000000000000000e+01 -9.214219450950622559e-02 -9.183599054813385010e-02 0.000000000000000000e+00 0.000000000000000000e+00 8.191000000000000000e+03 0.000000000000000000e+00 2.756999969482421875e+00
1.200000000000000000e+01 -9.203287959098815918e-02 -9.169935435056686401e-02 0.000000000000000000e+00 0.000000000000000000e+00 8.191000000000000000e+03 0.000000000000000000e+00 2.756999969482421875e+00
1.250000000000000000e+01 -9.192842990159988403e-02 -9.157954901456832886e-02 0.000000000000000000e+00 0.000000000000000000e+00 8.191000000000000000e+03 0.000000000000000000e+00 2.756999969482421875e+00
1.300000000000000000e+01 -9.181997179985046387e-02 -9.137393534183502197e-02 0.000000000000000000e+00 0.000000000000000000e+00 8.191000000000000000e+03 0.000000000000000000e+00 2.756999969482421875e+00
1.350000000000000000e+01 -9.170029312372207642e-02 -9.135374426841735840e-02 0.000000000000000000e+00 0.000000000000000000e+00 8.191000000000000000e+03 0.000000000000000000e+00 2.756999969482421875e+00
1.400000000000000000e+01 -9.157194942235946655e-02 -9.117021411657333374e-02 0.000000000000000000e+00 0.000000000000000000e+00 8.191000000000000000e+03 0.000000000000000000e+00 2.756999969482421875e+00
1.450000000000000000e+01 -9.144339710474014282e-02 -9.104248881340026855e-02 0.000000000000000000e+00 0.000000000000000000e+00 8.191000000000000000e+03 0.000000000000000000e+00 2.756999969482421875e+00
1.500000000000000000e+01 -9.131754189729690552e-02 -9.097298234701156616e-02 0.000000000000000000e+00 0.000000000000000000e+00 8.191000000000000000e+03 0.000000000000000000e+00 2.756999969482421875e+00
