5.000000000000000000e-01 -9.153722971677780151e-02 -9.153722971677780151e-02 0.000000000000000000e+00 0.000000000000000000e+00 8.191000000000000000e+03 0.000000000000000000e+00 2.757400035858154297e+00
1.000000000000000000e+00 -9.151240438222885132e-02 -9.023746848106384277e-02 0.000000000000000000e+00 0.000000000000000000e+00 8.191000000000000000e+03 0.000000000000000000e+00 2.757400035858154297e+00
1.500000000000000000e+00 -9.135894477367401123e-02 -8.895359188318252563e-02 0.000000000000000000e+00 0.000000000000000000e+00 8.191000000000000000e+03 0.000000000000000000e+00 2.757299900054931641e+00
2.000000000000000000e+00 -9.090396016836166382e-02 -8.680256456136703491e-02 0.000000000000000000e+00 0.000000000000000000e+00 8.191000000000000000e+03 0.000000000000000000e+00 2.757299900054931641e+00
2.500000000000000000e+00 -9.001723676919937134e-02 -8.527567237615585327e-02 0.000000000000000000e+00 0.000000000000000000e+00 8.191000000000000000e+03 0.000000000000000000e+00 2.757400035858154297e+00
3.000000000000000000e+00 -8.870861679315567017e-02 -8.340813219547271729e-02 0.000000000000000000e+00 0.000000000000000000e+00 8.191000000000000000e+03 0.000000000000000000e+00 2.757400035858154297e+00
3.500000000000000000e+00 -8.712336421012878418e-02 -8.234814554452896118e-02 0.000000000000000000e+00 0.000000000000000000e+00 8.191000000000000000e+03 0.000000000000000000e+00 2.757400035858154297e+00
4.000000000000000000e+00 -8.546855300664901733e-02 -8.132854104042053223e-02 0.000000000000000000e+00 0.000000000000000000e+00 8.191000000000000000e+03 0.000000000000000000e+00 2.757400035858154297e+00
4.500000000000000000e+00 -8.393163233995437622e-02 -8.050876855850219727e-02 0.000000000000000000e+00 0.000000000000000000e+00 8.191000000000000000e+03 0.000000000000000000e+00 2.757400035858154297e+00
5.000000000000000000e+00 -8.261740207672119141e-02 -7.975991070270538330e-02 0.000000000000000000e+00 0.000000000000000000e+00 8.191000000000000000e+03 0.000000000000000000e+00 2.757400035858154297e+00
5.500000000000000000e+00 -8.153975009918212891e-02 -7.940051704645156860e-02 0.000000000000000000e+00 0.000000000000000000e+00 8.191000000000000000e+03 0.000000000000000000e+00 2.757400035858154297e+00
6.000000000000000000e+00 -8.067496120929718018e-02 -7.903631031513214111e-02 0.000000000000000000e+00 0.000000000000000000e+00 8.191000000000000000e+03 0.000000000000000000e+00 2.757400035858154297e+00
6.500000000000000000e+00 -8.000449836254119873e-02 -7.891481369733810425e-02 0.000000000000000000e+00 0.000000000000000000e+00 8.191000000000000000e+03 0.000000000000000000e+00 2.757400035858154297e+00
7.000000000000000000e+00 -7.951284199953079224e-02 -7.879526913166046143e-02 0.000000000000000000e+00 0.000000000000000000e+00 8.191000000000000000e+03 0.000000000000000000e+00 2.757400035858154297e+00
7.500000000000000000e+00 -7.917758077383041382e-02 -7.880926877260208130e-02 0.000000000000000000e+00 0.000000000000000000e+00 8.191000000000000000e+03 0.000000000000000000e+00 2.757400035858154297e+00
8.000000000000000000e+00 -7.896770536899566650e-02 -7.867125421762466431e-02 0.000000000000000000e+00 0.000000000000000000e+00 8.191000000000000000e+03 0.000000000000000000e+00 2.757400035858154297e+00
8.500000000000000000e+00 -7.884337007999420166e-02 -7.865333557128906250e-02 0.000000000000000000e+00 0.000000000000000000e+00 8.191000000000000000e+03 0.000000000000000000e+00 2.757400035858154297e+00
9.000000000000000000e+00 -7.876463979482650757e-02 -7.862351834774017334e-02 0.000000000000000000e+00 0.000000000000000000e+00 8.191000000000000000e+03 0.000000000000000000e+00 2.757400035858154297e+00
9.500000000000000000e+00 -7.870766520500183105e-02 -7.862848043441772461e-02 0.000000000000000000e+00 0.000000000000000000e+00 8.191000000000000000e+03 0.000000000000000000e+00 2.757400035858154297e+00
1.000000000000000000e+01 -7.866807281970977783e-02 -7.870011031627655029e-02 0.000000000000000000e+00 0.000000000000000000e+00 8.191000000000000000e+03 0.000000000000000000e+00 2.757400035858154297e+00
1.050000000000000000e+01 -7.864913344383239746e-02 -7.863931357860565186e-02 0.000000000000000000e+00 0.000000000000000000e+00 8.191000000000000000e+03 0.000000000000000000e+00 2.757400035858154297e+00
1.100000000000000000e+01 -7.864890992641448975e-02 -7.871732115745544434e-02 0.000000000000000000e+00 0.000000000000000000e+00 8.191000000000000000e+03 0.000000000000000000e+00 2.757400035858154297e+00
1.150000000000000000e+01 -7.866123318672180176e-02 -7.879099994897842407e-02 0.000000000000000000e+00 0.000000000000000000e+00 8.191000000000000000e+03 0.000000000000000000e+00 2.757400035858154297e+00
1.200000000000000000e+01 -7.868593186140060425e-02 -7.884616404771804810e-02 0.000000000000000000e+00 0.000000000000000000e+00 8.191000000000000000e+03 0.000000000000000000e+00 2.757400035858154297e+00
1.250000000000000000e+01 -7.872712612152099609e-02 -7.894863933324813843e-02 0.000000000000000000e+00 0.000000000000000000e+00 8.191000000000000000e+03 0.000000000000000000e+00 2.757400035858154297e+00
1.300000000000000000e+01 -7.878433912992477417e-02 -7.898809015750885010e-02 0.000000000000000000e+00 0.000000000000000000e+00 8.191000000000000000e+03 0.000000000000000000e+00 2.757400035858154297e+00
1.350000000000000000e+01 -7.885162532329559326e-02 -7.906644791364669800e-02 0.000000000000000000e+00 0.000000000000000000e+00 8.191000000000000000e+03 0.000000000000000000e+00 2.757400035858154297e+00
1.400000000000000000e+01 -7.892301678657531738e-02 -7.919052243232727051e-02 0.000000000000000000e+00 0.000000000000000000e+00 8.191000000000000000e+03 0.000000000000000000e+00 2.757400035858154297e+00
1.450000000000000000e+01 -7.900030165910720825e-02 -7.937137782573699951e-02 0.000000000000000000e+00 0.000000000000000000e+00 8.191000000000000000e+03 0.000000000000000000e+00 2.757400035858154297e+00
1.500000000000000000e+01 -7.909154146909713745e-02 -7.938526570796966553e-02 0.000000000000000000e+00 0.000000000000000000e+00 8.191000000000000000e+03 0.000000000000000000e+00 2.757400035858154297e+00
