5.000000000000000000e-01 -4.154986888170242310e-02 -4.154986888170242310e-02 0.000000000000000000e+00 0.000000000000000000e+00 8.191000000000000000e+03 0.000000000000000000e+00 2.757200002670288086e+00
1.000000000000000000e+00 -4.149115085601806641e-02 -3.847608342766761780e-02 0.000000000000000000e+00 0.000000000000000000e+00 8.191000000000000000e+03 0.000000000000000000e+00 2.756963968276977539e+00
1.500000000000000000e+00 -4.113139212131500244e-02 -3.560563921928405762e-02 0.000000000000000000e+00 0.000000000000000000e+00 8.191000000000000000e+03 0.000000000000000000e+00 2.756500005722045898e+00
2.000000000000000000e+00 -4.011980816721916199e-02 -3.302822634577751160e-02 0.000000000000000000e+00 0.000000000000000000e+00 8.191000000000000000e+03 0.000000000000000000e+00 2.756668567657470703e+00
2.500000000000000000e+00 -3.833340480923652649e-02 -3.073160909116268158e-02 0.000000000000000000e+00 0.000000000000000000e+00 8.191000000000000000e+03 0.000000000000000000e+00 2.756999969482421875e+00
3.000000000000000000e+00 -3.601533919572830200e-02 -2.877712249755859375e-02 0.000000000000000000e+00 0.000000000000000000e+00 8.191000000000000000e+03 0.000000000000000000e+00 2.757033824920654297e+00
3.500000000000000000e+00 -3.354995697736740112e-02 -2.706872671842575073e-02 0.000000000000000000e+00 0.000000000000000000e+00 8.191000000000000000e+03 0.000000000000000000e+00 2.757099866867065430e+00
4.000000000000000000e+00 -3.122134506702423096e-02 -2.551924437284469604e-02 0.000000000000000000e+00 0.000000000000000000e+00 8.191000000000000000e+03 0.000000000000000000e+00 2.757099866867065430e+00
4.500000000000000000e+00 -2.915437519550323486e-02 -2.437089756131172180e-02 0.000000000000000000e+00 0.000000000000000000e+00 8.191000000000000000e+03 0.000000000000000000e+00 2.757099866867065430e+00
5.000000000000000000e+00 -2.736925147473812103e-02 -2.319198846817016602e-02 0.000000000000000000e+00 0.000000000000000000e+00 6.143000000000000000e+03 0.000000000000000000e+00 2.757133722305297852e+00
5.500000000000000000e+00 -2.584487572312355042e-02 -2.241141535341739655e-02 0.000000000000000000e+00 0.000000000000000000e+00 8.191000000000000000e+03 0.000000000000000000e+00 2.757200002670288086e+00
6.000000000000000000e+00 -2.454863116145133972e-02 -2.149164117872714996e-02 0.000000000000000000e+00 0.000000000000000000e+00 6.143000000000000000e+03 0.000000000000000000e+00 2.757233619689941406e+00
6.500000000000000000e+00 -2.344159223139286041e-02 -2.072775177657604218e-02 0.000000000000000000e+00 0.000000000000000000e+00 8.191000000000000000e+03 0.000000000000000000e+00 2.757299900054931641e+00
7.000000000000000000e+00 -2.247991226613521576e-02 -2.011881396174430847e-02 0.000000000000000000e+00 0.000000000000000000e+00 6.143000000000000000e+03 0.000000000000000000e+00 2.757299900054931641e+00
7.500000000000000000e+00 -2.162733301520347595e-02 -1.940592005848884583e-02 0.000000000000000000e+00 0.000000000000000000e+00 8.191000000000000000e+03 0.000000000000000000e+00 2.757299900054931641e+00
8.000000000000000000e+00 -2.086159028112888336e-02 -1.890858262777328491e-02 0.000000000000000000e+00 0.000000000000000000e+00 6.143000000000000000e+03 0.000000000000000000e+00 2.757299900054931641e+00
8.500000000000000000e+00 -2.016950771212577820e-02 -1.843338087201118469e-02 0.000000000000000000e+00 0.000000000000000000e+00 8.191000000000000000e+03 0.000000000000000000e+00 2.757299900054931641e+00
9.000000000000000000e+00 -1.954696699976921082e-02 -1.800458692014217377e-02 0.000000000000000000e+00 0.000000000000000000e+00 6.143000000000000000e+03 0.000000000000000000e+00 2.757299900054931641e+00
9.500000000000000000e+00 -1.899265684187412262e-02 -1.756915450096130371e-02 0.000000000000000000e+00 0.000000000000000000e+00 8.191000000000000000e+03 0.000000000000000000e+00 2.757299900054931641e+00
1.000000000000000000e+01 -1.849657297134399414e-02 -1.716162450611591339e-02 0.000000000000000000e+00 0.000000000000000000e+00 6.143000000000000000e+03 0.000000000000000000e+00 2.757299900054931641e+00
1.050000000000000000e+01 -1.804315857589244843e-02 -1.684711501002311707e-02 0.000000000000000000e+00 0.000000000000000000e+00 8.191000000000000000e+03 0.000000000000000000e+00 2.757299900054931641e+00
1.100000000000000000e+01 -1.762211509048938751e-02 -1.644249819219112396e-02 0.000000000000000000e+00 0.000000000000000000e+00 6.143000000000000000e+03 0.000000000000000000e+00 2.757299900054931641e+00
1.150000000000000000e+01 -1.722802780568599701e-02 -1.612346619367599487e-02 0.000000000000000000e+00 0.000000000000000000e+00 8.191000000000000000e+03 0.000000000000000000e+00 2.757299900054931641e+00
1.200000000000000000e+01 -1.685708016157150269e-02 -1.590951159596443176e-02 0.000000000000000000e+00 0.000000000000000000e+00 8.191000000000000000e+03 0.000000000000000000e+00 2.757299900054931641e+00
1.250000000000000000e+01 -1.651217415928840637e-02 -1.561889424920082092e-02 0.000000000000000000e+00 0.000000000000000000e+00 8.191000000000000000e+03 0.000000000000000000e+00 2.757299900054931641e+00
1.300000000000000000e+01 -1.619875058531761169e-02 -1.535308547317981720e-02 0.000000000000000000e+00 0.000000000000000000e+00 8.191000000000000000e+03 0.000000000000000000e+00 2.757299900054931641e+00
1.350000000000000000e+01 -1.591181568801403046e-02 -1.507066655904054642e-02 0.000000000000000000e+00 0.000000000000000000e+00 8.191000000000000000e+03 0.000000000000000000e+00 2.757299900054931641e+00
1.400000000000000000e+01 -1.563864573836326599e-02 -1.483641378581523895e-02 0.000000000000000000e+00 0.000000000000000000e+00 8.191000000000000000e+03 0.000000000000000000e+00 2.757299900054931641e+00
1.450000000000000000e+01 -1.537158526480197906e-02 -1.459101121872663498e-02 0.000000000000000000e+00 0.000000000000000000e+00 8.191000000000000000e+03 0.000000000000000000e+00 2.757299900054931641e+00
1.500000000000000000e+01 -1.511315256357192993e-02 -1.447417121380567551e-02 0.000000000000000000e+00 0.000000000000000000e+00 8.191000000000000000e+03 0.000000000000000000e+00 2.757299900054931641e+00
