2.000000029802322388e-01 2.564552414696663618e-05 0.000000000000000000e+00 -1.400262408424168825e-04 3.129243850708007812e-07 0.000000000000000000e+00 1.200000000000000000e+01 8.191000000000000000e+03 0.000000000000000000e+00 0.000000000000000000e+00 2.756799936294555664e+00
4.000000059604644775e-01 1.002052053809165955e-02 0.000000000000000000e+00 -7.549587280664127320e-06 9.997349232435226440e-03 0.000000000000000000e+00 1.100000000000000000e+01 8.191000000000000000e+03 0.000000000000000000e+00 0.000000000000000000e+00 2.756799936294555664e+00
6.000000238418579102e-01 2.002944424748420715e-02 0.000000000000000000e+00 1.127668201661435887e-05 1.999438367784023285e-02 0.000000000000000000e+00 1.000000000000000000e+01 8.191000000000000000e+03 0.000000000000000000e+00 0.000000000000000000e+00 2.756799936294555664e+00
8.000000119209289551e-01 3.000156208872795105e-02 0.000000000000000000e+00 1.389537555951392278e-05 3.000391460955142975e-02 0.000000000000000000e+00 9.000000000000000000e+00 6.143000000000000000e+03 0.000000000000000000e+00 0.000000000000000000e+00 2.756799936294555664e+00
1.000000000000000000e+00 4.004571214318275452e-02 0.000000000000000000e+00 1.868565959739498794e-05 4.000094905495643616e-02 0.000000000000000000e+00 8.000000000000000000e+00 8.191000000000000000e+03 0.000000000000000000e+00 0.000000000000000000e+00 2.756799936294555664e+00
1.200000047683715820e+00 5.006913468241691589e-02 0.000000000000000000e+00 2.432572182442527264e-05 4.999798536300659180e-02 0.000000000000000000e+00 8.000000000000000000e+00 8.191000000000000000e+03 0.000000000000000000e+00 0.000000000000000000e+00 2.756546020507812500e+00
1.399999976158142090e+00 6.006104871630668640e-02 0.000000000000000000e+00 3.046210622414946556e-05 5.999501794576644897e-02 0.000000000000000000e+00 8.000000000000000000e+00 8.191000000000000000e+03 0.000000000000000000e+00 0.000000000000000000e+00 2.756000041961669922e+00
1.600000023841857910e+00 7.004009187221527100e-02 0.000000000000000000e+00 3.693537291837856174e-05 7.000455260276794434e-02 0.000000000000000000e+00 8.000000000000000000e+00 8.191000000000000000e+03 0.000000000000000000e+00 0.000000000000000000e+00 2.756000041961669922e+00
1.800000071525573730e+00 8.004157990217208862e-02 0.000000000000000000e+00 4.329151488491334021e-05 8.000158518552780151e-02 0.000000000000000000e+00 8.000000000000000000e+00 8.191000000000000000e+03 0.000000000000000000e+00 0.000000000000000000e+00 2.756000041961669922e+00
2.000000000000000000e+00 9.007169306278228760e-02 0.000000000000000000e+00 4.916116085951216519e-05 8.999861776828765869e-02 0.000000000000000000e+00 8.000000000000000000e+00 8.191000000000000000e+03 0.000000000000000000e+00 0.000000000000000000e+00 2.756000041961669922e+00
2.200000047683715820e+00 1.001148000359535217e-01 0.000000000000000000e+00 5.416327621787786484e-05 9.999565780162811279e-02 0.000000000000000000e+00 8.000000000000000000e+00 8.191000000000000000e+03 0.000000000000000000e+00 0.000000000000000000e+00 2.756031751632690430e+00
2.400000095367431641e+00 1.100641712546348572e-01 0.000000000000000000e+00 5.789183342130854726e-05 1.100051850080490112e-01 0.000000000000000000e+00 8.000000000000000000e+00 8.191000000000000000e+03 0.000000000000000000e+00 0.000000000000000000e+00 2.756099939346313477e+00
2.600000143051147461e+00 1.200658604502677917e-01 0.000000000000000000e+00 6.025552283972501755e-05 1.200022250413894653e-01 0.000000000000000000e+00 8.000000000000000000e+00 8.191000000000000000e+03 0.000000000000000000e+00 0.000000000000000000e+00 2.756099939346313477e+00
2.799999952316284180e+00 1.300488561391830444e-01 0.000000000000000000e+00 6.125494837760925293e-05 1.299992501735687256e-01 0.000000000000000000e+00 8.000000000000000000e+00 8.191000000000000000e+03 0.000000000000000000e+00 0.000000000000000000e+00 2.756099939346313477e+00
3.000000000000000000e+00 1.400298029184341431e-01 0.000000000000000000e+00 6.101838880567811430e-05 1.399962902069091797e-01 0.000000000000000000e+00 8.000000000000000000e+00 8.191000000000000000e+03 0.000000000000000000e+00 0.000000000000000000e+00 2.756099939346313477e+00
3.200000047683715820e+00 1.500762552022933960e-01 0.000000000000000000e+00 5.990288991597481072e-05 1.500058174133300781e-01 0.000000000000000000e+00 8.000000000000000000e+00 8.191000000000000000e+03 0.000000000000000000e+00 0.000000000000000000e+00 2.756067991256713867e+00
3.400000095367431641e+00 1.600365787744522095e-01 0.000000000000000000e+00 5.813306415802799165e-05 1.600028574466705322e-01 0.000000000000000000e+00 8.000000000000000000e+00 8.191000000000000000e+03 0.000000000000000000e+00 0.000000000000000000e+00 2.756000041961669922e+00
3.600000143051147461e+00 1.700645685195922852e-01 0.000000000000000000e+00 5.608023275271989405e-05 1.699998974800109863e-01 0.000000000000000000e+00 8.000000000000000000e+00 8.191000000000000000e+03 0.000000000000000000e+00 0.000000000000000000e+00 2.756000041961669922e+00
3.799999952316284180e+00 1.800465881824493408e-01 0.000000000000000000e+00 5.392215462052263319e-05 1.799969226121902466e-01 0.000000000000000000e+00 8.000000000000000000e+00 8.191000000000000000e+03 0.000000000000000000e+00 0.000000000000000000e+00 2.756000041961669922e+00
4.000000000000000000e+00 1.900599747896194458e-01 0.000000000000000000e+00 5.173815952730365098e-05 1.899939626455307007e-01 0.000000000000000000e+00 8.000000000000000000e+00 8.191000000000000000e+03 0.000000000000000000e+00 0.000000000000000000e+00 2.756000041961669922e+00
4.200000286102294922e+00 2.000436782836914062e-01 0.000000000000000000e+00 4.972813258063979447e-05 2.000034898519515991e-01 0.000000000000000000e+00 8.000000000000000000e+00 8.191000000000000000e+03 0.000000000000000000e+00 0.000000000000000000e+00 2.756031751632690430e+00
4.400000095367431641e+00 2.100672721862792969e-01 0.000000000000000000e+00 4.782313408213667572e-05 2.100005298852920532e-01 0.000000000000000000e+00 8.000000000000000000e+00 8.191000000000000000e+03 0.000000000000000000e+00 0.000000000000000000e+00 2.756099939346313477e+00
4.599999904632568359e+00 2.200760543346405029e-01 0.000000000000000000e+00 4.612373959389515221e-05 2.199975699186325073e-01 0.000000000000000000e+00 8.000000000000000000e+00 8.191000000000000000e+03 0.000000000000000000e+00 0.000000000000000000e+00 2.756099939346313477e+00
4.800000190734863281e+00 2.300482541322708130e-01 0.000000000000000000e+00 4.453533620107918978e-05 2.299945950508117676e-01 0.000000000000000000e+00 8.000000000000000000e+00 8.191000000000000000e+03 0.000000000000000000e+00 0.000000000000000000e+00 2.756099939346313477e+00
5.000000000000000000e+00 2.400817722082138062e-01 0.000000000000000000e+00 4.311784505262039602e-05 2.400041371583938599e-01 0.000000000000000000e+00 8.000000000000000000e+00 8.191000000000000000e+03 0.000000000000000000e+00 0.000000000000000000e+00 2.756099939346313477e+00
5.200000286102294922e+00 2.500586211681365967e-01 0.000000000000000000e+00 4.185254874755628407e-05 2.500011622905731201e-01 0.000000000000000000e+00 8.000000000000000000e+00 8.191000000000000000e+03 0.000000000000000000e+00 0.000000000000000000e+00 2.756099939346313477e+00
5.400000095367431641e+00 2.600783705711364746e-01 0.000000000000000000e+00 4.071343209943734109e-05 2.599982023239135742e-01 0.000000000000000000e+00 8.000000000000000000e+00 8.191000000000000000e+03 0.000000000000000000e+00 0.000000000000000000e+00 2.756099939346313477e+00
5.599999904632568359e+00 2.700413465499877930e-01 0.000000000000000000e+00 3.965371070080436766e-05 2.699952423572540283e-01 0.000000000000000000e+00 8.000000000000000000e+00 8.191000000000000000e+03 0.000000000000000000e+00 0.000000000000000000e+00 2.756099939346313477e+00
5.800000190734863281e+00 2.800624668598175049e-01 0.000000000000000000e+00 3.876236587530001998e-05 2.800047695636749268e-01 0.000000000000000000e+00 8.000000000000000000e+00 8.191000000000000000e+03 0.000000000000000000e+00 0.000000000000000000e+00 2.756099939346313477e+00
6.000000000000000000e+00 2.900497615337371826e-01 0.000000000000000000e+00 3.796386226895265281e-05 2.900017797946929932e-01 0.000000000000000000e+00 8.000000000000000000e+00 8.191000000000000000e+03 0.000000000000000000e+00 0.000000000000000000e+00 2.756099939346313477e+00
6.200000286102294922e+00 3.000781536102294922e-01 0.000000000000000000e+00 3.725628630490973592e-05 2.999988198280334473e-01 0.000000000000000000e+00 8.000000000000000000e+00 8.191000000000000000e+03 0.000000000000000000e+00 0.000000000000000000e+00 2.756099939346313477e+00
6.400000095367431641e+00 2.900722622871398926e-01 0.000000000000000000e+00 3.586804086808115244e-05 2.900017797946929932e-01 0.000000000000000000e+00 8.000000000000000000e+00 8.191000000000000000e+03 0.000000000000000000e+00 0.000000000000000000e+00 2.756099939346313477e+00
6.599999904632568359e+00 2.800964415073394775e-01 0.000000000000000000e+00 3.476175697869621217e-05 2.800047695636749268e-01 0.000000000000000000e+00 8.000000000000000000e+00 8.191000000000000000e+03 0.000000000000000000e+00 0.000000000000000000e+00 2.756099939346313477e+00
6.800000190734863281e+00 2.700444161891937256e-01 0.000000000000000000e+00 3.375232336111366749e-05 2.699952423572540283e-01 0.000000000000000000e+00 8.000000000000000000e+00 8.191000000000000000e+03 0.000000000000000000e+00 0.000000000000000000e+00 2.756099939346313477e+00
7.000000000000000000e+00 2.600541412830352783e-01 0.000000000000000000e+00 3.287457366241142154e-05 2.599982023239135742e-01 0.000000000000000000e+00 8.000000000000000000e+00 8.191000000000000000e+03 0.000000000000000000e+00 0.000000000000000000e+00 2.756099939346313477e+00
7.200000286102294922e+00 2.500686645507812500e-01 0.000000000000000000e+00 3.203064261469990015e-05 2.500011622905731201e-01 0.000000000000000000e+00 8.000000000000000000e+00 8.191000000000000000e+03 0.000000000000000000e+00 0.000000000000000000e+00 2.756004571914672852e+00
7.400000095367431641e+00 2.400348931550979614e-01 0.000000000000000000e+00 3.127134550595656037e-05 2.400041371583938599e-01 0.000000000000000000e+00 8.000000000000000000e+00 8.191000000000000000e+03 0.000000000000000000e+00 0.000000000000000000e+00 2.755800008773803711e+00
7.599999904632568359e+00 2.300707697868347168e-01 0.000000000000000000e+00 3.049633596674539149e-05 2.299945950508117676e-01 0.000000000000000000e+00 8.000000000000000000e+00 8.191000000000000000e+03 0.000000000000000000e+00 0.000000000000000000e+00 2.755800008773803711e+00
7.800000190734863281e+00 2.200440615415573120e-01 0.000000000000000000e+00 2.973264599859248847e-05 2.199975699186325073e-01 0.000000000000000000e+00 8.000000000000000000e+00 8.191000000000000000e+03 0.000000000000000000e+00 0.000000000000000000e+00 2.755800008773803711e+00
8.000000000000000000e+00 2.100696414709091187e-01 0.000000000000000000e+00 2.890424548240844160e-05 2.100005298852920532e-01 0.000000000000000000e+00 8.000000000000000000e+00 8.191000000000000000e+03 0.000000000000000000e+00 0.000000000000000000e+00 2.755800008773803711e+00
8.199999809265136719e+00 2.000574916601181030e-01 0.000000000000000000e+00 2.801497612381353974e-05 2.000034898519515991e-01 0.000000000000000000e+00 8.000000000000000000e+00 8.191000000000000000e+03 0.000000000000000000e+00 0.000000000000000000e+00 2.755800008773803711e+00
8.400000572204589844e+00 1.900568455457687378e-01 0.000000000000000000e+00 2.700412733247503638e-05 1.899939626455307007e-01 0.000000000000000000e+00 8.000000000000000000e+00 8.191000000000000000e+03 0.000000000000000000e+00 0.000000000000000000e+00 2.755800008773803711e+00
8.600000381469726562e+00 1.800779104232788086e-01 0.000000000000000000e+00 2.582922934379894286e-05 1.799969226121902466e-01 0.000000000000000000e+00 8.000000000000000000e+00 8.191000000000000000e+03 0.000000000000000000e+00 0.000000000000000000e+00 2.755800008773803711e+00
8.800000190734863281e+00 1.700601428747177124e-01 0.000000000000000000e+00 2.434833913866896182e-05 1.699998974800109863e-01 0.000000000000000000e+00 8.000000000000000000e+00 8.191000000000000000e+03 0.000000000000000000e+00 0.000000000000000000e+00 2.755800008773803711e+00
9.000000000000000000e+00 1.600268632173538208e-01 0.000000000000000000e+00 2.248756391054484993e-05 1.600028574466705322e-01 0.000000000000000000e+00 8.000000000000000000e+00 8.191000000000000000e+03 0.000000000000000000e+00 0.000000000000000000e+00 2.755800008773803711e+00
9.199999809265136719e+00 1.500827819108963013e-01 0.000000000000000000e+00 2.013408811762928963e-05 1.500058174133300781e-01 0.000000000000000000e+00 8.000000000000000000e+00 8.191000000000000000e+03 0.000000000000000000e+00 0.000000000000000000e+00 2.755863428115844727e+00
9.400000572204589844e+00 1.400229483842849731e-01 0.000000000000000000e+00 1.716477163427043706e-05 1.399962902069091797e-01 0.000000000000000000e+00 8.000000000000000000e+00 8.191000000000000000e+03 0.000000000000000000e+00 0.000000000000000000e+00 2.756000041961669922e+00
9.600000381469726562e+00 1.300727874040603638e-01 0.000000000000000000e+00 1.339837854175129905e-05 1.299992501735687256e-01 0.000000000000000000e+00 8.000000000000000000e+00 8.191000000000000000e+03 0.000000000000000000e+00 0.000000000000000000e+00 2.756000041961669922e+00
9.800000190734863281e+00 1.200628578662872314e-01 0.000000000000000000e+00 8.823746611597016454e-06 1.200022250413894653e-01 0.000000000000000000e+00 8.000000000000000000e+00 8.191000000000000000e+03 0.000000000000000000e+00 0.000000000000000000e+00 2.756000041961669922e+00
1.000000000000000000e+01 1.100576221942901611e-01 0.000000000000000000e+00 3.326821342852781527e-06 1.100051850080490112e-01 0.000000000000000000e+00 8.000000000000000000e+00 8.191000000000000000e+03 0.000000000000000000e+00 0.000000000000000000e+00 2.756000041961669922e+00
1.019999980926513672e+01 1.000390499830245972e-01 0.000000000000000000e+00 -3.058504717046162114e-06 9.999565780162811279e-02 0.000000000000000000e+00 7.000000000000000000e+00 8.191000000000000000e+03 0.000000000000000000e+00 0.000000000000000000e+00 2.755968093872070312e+00
1.040000057220458984e+01 9.005296975374221802e-02 0.000000000000000000e+00 -1.001103191811125726e-05 8.999861776828765869e-02 0.000000000000000000e+00 7.000000000000000000e+00 7.164000000000000000e+03 0.000000000000000000e+00 0.000000000000000000e+00 2.755899906158447266e+00
1.060000038146972656e+01 8.004610985517501831e-02 0.000000000000000000e+00 -1.730647818476427346e-05 8.000158518552780151e-02 0.000000000000000000e+00 8.000000000000000000e+00 8.191000000000000000e+03 0.000000000000000000e+00 0.000000000000000000e+00 2.755899906158447266e+00
1.080000019073486328e+01 7.004455476999282837e-02 0.000000000000000000e+00 -2.450779538776259869e-05 7.000455260276794434e-02 0.000000000000000000e+00 8.000000000000000000e+00 8.191000000000000000e+03 0.000000000000000000e+00 0.000000000000000000e+00 2.755899906158447266e+00
1.100000000000000000e+01 6.004574522376060486e-02 0.000000000000000000e+00 -3.105842915829271078e-05 5.999501794576644897e-02 0.000000000000000000e+00 8.000000000000000000e+00 8.191000000000000000e+03 0.000000000000000000e+00 0.000000000000000000e+00 2.755899906158447266e+00
1.119999980926513672e+01 5.006918311119079590e-02 0.000000000000000000e+00 -3.664846735773608088e-05 4.999798536300659180e-02 0.000000000000000000e+00 8.000000000000000000e+00 8.191000000000000000e+03 0.000000000000000000e+00 0.000000000000000000e+00 2.755899906158447266e+00
1.140000057220458984e+01 4.008094221353530884e-02 0.000000000000000000e+00 -4.079379505128599703e-05 4.000094905495643616e-02 0.000000000000000000e+00 8.000000000000000000e+00 8.191000000000000000e+03 0.000000000000000000e+00 0.000000000000000000e+00 2.755899906158447266e+00
1.160000038146972656e+01 3.006386384367942810e-02 0.000000000000000000e+00 -4.318151331972330809e-05 3.000391460955142975e-02 0.000000000000000000e+00 8.000000000000000000e+00 8.191000000000000000e+03 0.000000000000000000e+00 0.000000000000000000e+00 2.755899906158447266e+00
1.180000019073486328e+01 2.001580968499183655e-02 0.000000000000000000e+00 -4.385597276268526912e-05 1.999438367784023285e-02 0.000000000000000000e+00 8.000000000000000000e+00 8.191000000000000000e+03 0.000000000000000000e+00 0.000000000000000000e+00 2.755899906158447266e+00
1.200000000000000000e+01 1.005260646343231201e-02 0.000000000000000000e+00 -4.296764018363319337e-05 9.997349232435226440e-03 0.000000000000000000e+00 8.000000000000000000e+00 8.191000000000000000e+03 0.000000000000000000e+00 0.000000000000000000e+00 2.755899906158447266e+00
1.219999980926513672e+01 3.122608177363872528e-05 0.000000000000000000e+00 -4.103438914171420038e-05 3.129243850708007812e-07 0.000000000000000000e+00 8.000000000000000000e+00 8.191000000000000000e+03 0.000000000000000000e+00 0.000000000000000000e+00 2.755899906158447266e+00
1.240000057220458984e+01 -9.983216412365436554e-03 0.000000000000000000e+00 -3.851586370728909969e-05 -9.996719658374786377e-03 0.000000000000000000e+00 8.000000000000000000e+00 8.191000000000000000e+03 0.000000000000000000e+00 0.000000000000000000e+00 2.755899906158447266e+00
1.260000038146972656e+01 -2.000175416469573975e-02 0.000000000000000000e+00 -3.584008663892745972e-05 -1.999375596642494202e-02 0.000000000000000000e+00 8.000000000000000000e+00 8.191000000000000000e+03 0.000000000000000000e+00 0.000000000000000000e+00 2.755899906158447266e+00
1.280000019073486328e+01 -2.995459921658039093e-02 0.000000000000000000e+00 -3.321257827337831259e-05 -3.000328317284584045e-02 0.000000000000000000e+00 8.000000000000000000e+00 6.143000000000000000e+03 0.000000000000000000e+00 0.000000000000000000e+00 2.755899906158447266e+00
1.300000000000000000e+01 -3.996351361274719238e-02 0.000000000000000000e+00 -3.074816777370870113e-05 -4.000032320618629456e-02 0.000000000000000000e+00 8.000000000000000000e+00 8.191000000000000000e+03 0.000000000000000000e+00 0.000000000000000000e+00 2.755899906158447266e+00
1.319999980926513672e+01 -4.999312385916709900e-02 0.000000000000000000e+00 -2.847407813533209264e-05 -4.999735578894615173e-02 0.000000000000000000e+00 8.000000000000000000e+00 8.191000000000000000e+03 0.000000000000000000e+00 0.000000000000000000e+00 2.755931854248046875e+00
1.340000057220458984e+01 -5.996096506714820862e-02 0.000000000000000000e+00 -2.645562744874041528e-05 -5.999438837170600891e-02 0.000000000000000000e+00 8.000000000000000000e+00 8.191000000000000000e+03 0.000000000000000000e+00 0.000000000000000000e+00 2.756000041961669922e+00
1.360000038146972656e+01 -6.999596208333969116e-02 0.000000000000000000e+00 -2.468708044034428895e-05 -7.000392675399780273e-02 0.000000000000000000e+00 8.000000000000000000e+00 8.191000000000000000e+03 0.000000000000000000e+00 0.000000000000000000e+00 2.756000041961669922e+00
1.380000019073486328e+01 -7.999857515096664429e-02 0.000000000000000000e+00 -2.309141746081877500e-05 -8.000095188617706299e-02 0.000000000000000000e+00 8.000000000000000000e+00 8.191000000000000000e+03 0.000000000000000000e+00 0.000000000000000000e+00 2.756000041961669922e+00
1.400000000000000000e+01 -8.997937291860580444e-02 0.000000000000000000e+00 -2.162677083106245846e-05 -8.999799191951751709e-02 0.000000000000000000e+00 8.000000000000000000e+00 8.191000000000000000e+03 0.000000000000000000e+00 0.000000000000000000e+00 2.756000041961669922e+00
1.419999980926513672e+01 -9.997048228979110718e-02 0.000000000000000000e+00 -2.039305036305449903e-05 -9.999501705169677734e-02 0.000000000000000000e+00 8.000000000000000000e+00 8.191000000000000000e+03 0.000000000000000000e+00 0.000000000000000000e+00 2.755968093872070312e+00
1.440000057220458984e+01 -1.099934279918670654e-01 0.000000000000000000e+00 -1.928344136103987694e-05 -1.100045591592788696e-01 0.000000000000000000e+00 8.000000000000000000e+00 8.191000000000000000e+03 0.000000000000000000e+00 0.000000000000000000e+00 2.755899906158447266e+00
1.460000038146972656e+01 -1.199430152773857117e-01 0.000000000000000000e+00 -1.824381070036906749e-05 -1.200015842914581299e-01 0.000000000000000000e+00 8.000000000000000000e+00 8.191000000000000000e+03 0.000000000000000000e+00 0.000000000000000000e+00 2.755899906158447266e+00
1.480000019073486328e+01 -1.299633383750915527e-01 0.000000000000000000e+00 -1.738768514769617468e-05 -1.299986243247985840e-01 0.000000000000000000e+00 8.000000000000000000e+00 8.191000000000000000e+03 0.000000000000000000e+00 0.000000000000000000e+00 2.755899906158447266e+00
1.500000000000000000e+01 -1.399641931056976318e-01 0.000000000000000000e+00 -1.652316132094711065e-05 -1.399956643581390381e-01 0.000000000000000000e+00 8.000000000000000000e+00 8.191000000000000000e+03 0.000000000000000000e+00 0.000000000000000000e+00 2.755899906158447266e+00
1.519999980926513672e+01 -1.499663740396499634e-01 0.000000000000000000e+00 -1.579744275659322739e-05 -1.500051915645599365e-01 0.000000000000000000e+00 8.000000000000000000e+00 8.191000000000000000e+03 0.000000000000000000e+00 0.000000000000000000e+00 2.755868196487426758e+00
1.540000057220458984e+01 -1.599710434675216675e-01 0.000000000000000000e+00 -1.510901074652792886e-05 -1.600022166967391968e-01 0.000000000000000000e+00 8.000000000000000000e+00 8.191000000000000000e+03 0.000000000000000000e+00 0.000000000000000000e+00 2.755800008773803711e+00
1.560000038146972656e+01 -1.699753850698471069e-01 0.000000000000000000e+00 -1.451530806662049145e-05 -1.699992567300796509e-01 0.000000000000000000e+00 8.000000000000000000e+00 8.191000000000000000e+03 0.000000000000000000e+00 0.000000000000000000e+00 2.755800008773803711e+00
1.580000019073486328e+01 -1.799649447202682495e-01 0.000000000000000000e+00 -1.396439347445266321e-05 -1.799962967634201050e-01 0.000000000000000000e+00 8.000000000000000000e+00 8.191000000000000000e+03 0.000000000000000000e+00 0.000000000000000000e+00 2.755800008773803711e+00
1.600000000000000000e+01 -1.899776756763458252e-01 0.000000000000000000e+00 -1.344785505352774635e-05 -1.900058239698410034e-01 0.000000000000000000e+00 8.000000000000000000e+00 8.191000000000000000e+03 0.000000000000000000e+00 0.000000000000000000e+00 2.755800008773803711e+00
1.620000076293945312e+01 -1.999847888946533203e-01 0.000000000000000000e+00 -1.300136864301748574e-05 -2.000028640031814575e-01 0.000000000000000000e+00 8.000000000000000000e+00 8.191000000000000000e+03 0.000000000000000000e+00 0.000000000000000000e+00 2.755800008773803711e+00
1.639999961853027344e+01 -1.900080293416976929e-01 0.000000000000000000e+00 -1.244573286385275424e-05 -1.900058239698410034e-01 0.000000000000000000e+00 8.000000000000000000e+00 8.191000000000000000e+03 0.000000000000000000e+00 1.000000000000000000e+00 2.755800008773803711e+00
1.660000038146972656e+01 -1.799968779087066650e-01 0.000000000000000000e+00 -1.190297825814923272e-05 -1.799962967634201050e-01 0.000000000000000000e+00 8.000000000000000000e+00 8.191000000000000000e+03 0.000000000000000000e+00 1.000000000000000000e+00 2.755800008773803711e+00
1.680000114440917969e+01 -1.699631959199905396e-01 0.000000000000000000e+00 -1.144582165579777211e-05 -1.699992567300796509e-01 0.000000000000000000e+00 8.000000000000000000e+00 8.191000000000000000e+03 0.000000000000000000e+00 1.000000000000000000e+00 2.755800008773803711e+00
1.700000000000000000e+01 -1.599751114845275879e-01 0.000000000000000000e+00 -1.096308824344305322e-05 -1.600022166967391968e-01 0.000000000000000000e+00 8.000000000000000000e+00 8.191000000000000000e+03 0.000000000000000000e+00 1.000000000000000000e+00 2.755800008773803711e+00
1.720000076293945312e+01 -1.500042378902435303e-01 0.000000000000000000e+00 -1.059889018506510183e-05 -1.500051915645599365e-01 0.000000000000000000e+00 8.000000000000000000e+00 8.191000000000000000e+03 0.000000000000000000e+00 1.000000000000000000e+00 2.755800008773803711e+00
1.739999961853027344e+01 -1.399912834167480469e-01 0.000000000000000000e+00 -1.018452439893735573e-05 -1.399956643581390381e-01 0.000000000000000000e+00 8.000000000000000000e+00 8.191000000000000000e+03 0.000000000000000000e+00 1.000000000000000000e+00 2.755800008773803711e+00
1.760000038146972656e+01 -1.299370080232620239e-01 0.000000000000000000e+00 -9.825902452575974166e-06 -1.299986243247985840e-01 0.000000000000000000e+00 8.000000000000000000e+00 8.191000000000000000e+03 0.000000000000000000e+00 1.000000000000000000e+00 2.755800008773803711e+00
1.780000114440917969e+01 -1.199748143553733826e-01 0.000000000000000000e+00 -9.507428330834954977e-06 -1.200015842914581299e-01 0.000000000000000000e+00 8.000000000000000000e+00 8.191000000000000000e+03 0.000000000000000000e+00 1.000000000000000000e+00 2.755800008773803711e+00
1.800000000000000000e+01 -1.099467724561691284e-01 0.000000000000000000e+00 -9.181219866150058806e-06 -1.100045591592788696e-01 0.000000000000000000e+00 8.000000000000000000e+00 8.191000000000000000e+03 0.000000000000000000e+00 1.000000000000000000e+00 2.755800008773803711e+00
1.820000076293945312e+01 -9.997799247503280640e-02 0.000000000000000000e+00 -8.818577953206840903e-06 -9.999501705169677734e-02 0.000000000000000000e+00 8.000000000000000000e+00 8.191000000000000000e+03 0.000000000000000000e+00 1.000000000000000000e+00 2.755800008773803711e+00
1.839999961853027344e+01 -8.998409658670425415e-02 0.000000000000000000e+00 -8.465698556392453611e-06 -8.999799191951751709e-02 0.000000000000000000e+00 8.000000000000000000e+00 8.191000000000000000e+03 0.000000000000000000e+00 1.000000000000000000e+00 2.755800008773803711e+00
1.860000038146972656e+01 -7.996080815792083740e-02 0.000000000000000000e+00 -8.082203748926986009e-06 -8.000095188617706299e-02 0.000000000000000000e+00 8.000000000000000000e+00 8.191000000000000000e+03 0.000000000000000000e+00 1.000000000000000000e+00 2.755800008773803711e+00
1.880000114440917969e+01 -6.997603923082351685e-02 0.000000000000000000e+00 -7.735613507975358516e-06 -7.000392675399780273e-02 0.000000000000000000e+00 7.000000000000000000e+00 8.191000000000000000e+03 0.000000000000000000e+00 1.000000000000000000e+00 2.755800008773803711e+00
1.900000000000000000e+01 -5.995126068592071533e-02 0.000000000000000000e+00 -7.295799605344654992e-06 -5.999438837170600891e-02 0.000000000000000000e+00 7.000000000000000000e+00 8.191000000000000000e+03 0.000000000000000000e+00 1.000000000000000000e+00 2.755800008773803711e+00
1.920000076293945312e+01 -4.995192214846611023e-02 0.000000000000000000e+00 -6.774587291147327051e-06 -4.999735578894615173e-02 0.000000000000000000e+00 7.000000000000000000e+00 8.191000000000000000e+03 0.000000000000000000e+00 1.000000000000000000e+00 2.755800008773803711e+00
1.939999961853027344e+01 -3.994974121451377869e-02 0.000000000000000000e+00 -6.135556759545579553e-06 -4.000032320618629456e-02 0.000000000000000000e+00 7.000000000000000000e+00 8.191000000000000000e+03 0.000000000000000000e+00 1.000000000000000000e+00 2.755800008773803711e+00
1.960000038146972656e+01 -2.996102534234523773e-02 0.000000000000000000e+00 -5.322431206877809018e-06 -3.000328317284584045e-02 0.000000000000000000e+00 7.000000000000000000e+00 8.191000000000000000e+03 0.000000000000000000e+00 1.000000000000000000e+00 2.755800008773803711e+00
1.980000114440917969e+01 -1.993098482489585876e-02 0.000000000000000000e+00 -4.252767666912404820e-06 -1.999375596642494202e-02 0.000000000000000000e+00 7.000000000000000000e+00 8.191000000000000000e+03 0.000000000000000000e+00 1.000000000000000000e+00 2.755800008773803711e+00
2.000000000000000000e+01 -9.940984658896923065e-03 0.000000000000000000e+00 -2.843644779204623774e-06 -9.996719658374786377e-03 0.000000000000000000e+00 7.000000000000000000e+00 8.191000000000000000e+03 0.000000000000000000e+00 1.000000000000000000e+00 2.755800008773803711e+00
2.020000076293945312e+01 5.136968684382736683e-05 0.000000000000000000e+00 -9.657755981606896967e-07 3.129243850708007812e-07 0.000000000000000000e+00 7.000000000000000000e+00 8.191000000000000000e+03 0.000000000000000000e+00 1.000000000000000000e+00 2.755800008773803711e+00
2.039999961853027344e+01 1.005262322723865509e-02 0.000000000000000000e+00 1.517199393674673047e-06 9.997349232435226440e-03 0.000000000000000000e+00 7.000000000000000000e+00 8.191000000000000000e+03 0.000000000000000000e+00 1.000000000000000000e+00 2.755800008773803711e+00
2.060000038146972656e+01 2.006156928837299347e-02 0.000000000000000000e+00 4.728869043901795521e-06 1.999438367784023285e-02 0.000000000000000000e+00 7.000000000000000000e+00 8.191000000000000000e+03 0.000000000000000000e+00 1.000000000000000000e+00 2.755800008773803711e+00
2.080000114440917969e+01 2.993474341928958893e-02 0.000000000000000000e+00 8.775297828833572567e-06 3.000391460955142975e-02 0.000000000000000000e+00 7.000000000000000000e+00 6.143000000000000000e+03 0.000000000000000000e+00 1.000000000000000000e+00 2.755800008773803711e+00
2.100000000000000000e+01 4.007161036133766174e-02 0.000000000000000000e+00 1.093002811103360727e-05 4.000094905495643616e-02 0.000000000000000000e+00 7.000000000000000000e+00 7.164000000000000000e+03 0.000000000000000000e+00 1.000000000000000000e+00 2.755800008773803711e+00
2.120000076293945312e+01 5.006993934512138367e-02 0.000000000000000000e+00 1.931428232637699693e-05 4.999798536300659180e-02 0.000000000000000000e+00 8.000000000000000000e+00 8.191000000000000000e+03 0.000000000000000000e+00 1.000000000000000000e+00 2.755863428115844727e+00
2.139999961853027344e+01 6.003729254007339478e-02 0.000000000000000000e+00 2.554443562985397875e-05 5.999501794576644897e-02 0.000000000000000000e+00 8.000000000000000000e+00 8.191000000000000000e+03 0.000000000000000000e+00 1.000000000000000000e+00 2.756000041961669922e+00
2.160000038146972656e+01 7.006184011697769165e-02 0.000000000000000000e+00 3.209934584447182715e-05 7.000455260276794434e-02 0.000000000000000000e+00 8.000000000000000000e+00 8.191000000000000000e+03 0.000000000000000000e+00 1.000000000000000000e+00 2.756000041961669922e+00
2.180000114440917969e+01 8.003504574298858643e-02 0.000000000000000000e+00 3.856216062558814883e-05 8.000158518552780151e-02 0.000000000000000000e+00 8.000000000000000000e+00 8.191000000000000000e+03 0.000000000000000000e+00 1.000000000000000000e+00 2.756000041961669922e+00
2.200000000000000000e+01 9.006743878126144409e-02 0.000000000000000000e+00 4.458910916582681239e-05 8.999861776828765869e-02 0.000000000000000000e+00 8.000000000000000000e+00 8.191000000000000000e+03 0.000000000000000000e+00 1.000000000000000000e+00 2.756000041961669922e+00
2.220000076293945312e+01 1.000745147466659546e-01 0.000000000000000000e+00 4.971269663656130433e-05 9.999565780162811279e-02 0.000000000000000000e+00 8.000000000000000000e+00 8.191000000000000000e+03 0.000000000000000000e+00 1.000000000000000000e+00 2.755936384201049805e+00
2.239999961853027344e+01 1.100535318255424500e-01 0.000000000000000000e+00 5.359506394597701728e-05 1.100051850080490112e-01 0.000000000000000000e+00 8.000000000000000000e+00 8.191000000000000000e+03 0.000000000000000000e+00 1.000000000000000000e+00 2.755800008773803711e+00
2.260000038146972656e+01 1.200409904122352600e-01 0.000000000000000000e+00 5.609065556200221181e-05 1.200022250413894653e-01 0.000000000000000000e+00 8.000000000000000000e+00 8.191000000000000000e+03 0.000000000000000000e+00 1.000000000000000000e+00 2.755800008773803711e+00
2.280000114440917969e+01 1.300840228796005249e-01 0.000000000000000000e+00 5.716694431612268090e-05 1.299992501735687256e-01 0.000000000000000000e+00 8.000000000000000000e+00 8.191000000000000000e+03 0.000000000000000000e+00 1.000000000000000000e+00 2.755800008773803711e+00
2.300000000000000000e+01 1.400443315505981445e-01 0.000000000000000000e+00 5.700825931853614748e-05 1.399962902069091797e-01 0.000000000000000000e+00 8.000000000000000000e+00 8.191000000000000000e+03 0.000000000000000000e+00 1.000000000000000000e+00 2.755800008773803711e+00
2.320000076293945312e+01 1.500786840915679932e-01 0.000000000000000000e+00 5.595306356553919613e-05 1.500058174133300781e-01 0.000000000000000000e+00 8.000000000000000000e+00 8.191000000000000000e+03 0.000000000000000000e+00 1.000000000000000000e+00 2.755800008773803711e+00
2.339999961853027344e+01 1.600423306226730347e-01 0.000000000000000000e+00 5.423439506557770073e-05 1.600028574466705322e-01 0.000000000000000000e+00 8.000000000000000000e+00 8.191000000000000000e+03 0.000000000000000000e+00 1.000000000000000000e+00 2.755800008773803711e+00
2.360000038146972656e+01 1.700436323881149292e-01 0.000000000000000000e+00 5.221032188273966312e-05 1.699998974800109863e-01 0.000000000000000000e+00 8.000000000000000000e+00 8.191000000000000000e+03 0.000000000000000000e+00 1.000000000000000000e+00 2.755800008773803711e+00
2.380000114440917969e+01 1.800505369901657104e-01 0.000000000000000000e+00 5.009094456909224391e-05 1.799969226121902466e-01 0.000000000000000000e+00 8.000000000000000000e+00 8.191000000000000000e+03 0.000000000000000000e+00 1.000000000000000000e+00 2.755800008773803711e+00
2.400000000000000000e+01 1.900471597909927368e-01 0.000000000000000000e+00 4.800678289029747248e-05 1.899939626455307007e-01 0.000000000000000000e+00 8.000000000000000000e+00 8.191000000000000000e+03 0.000000000000000000e+00 1.000000000000000000e+00 2.755800008773803711e+00
2.420000076293945312e+01 2.000515460968017578e-01 0.000000000000000000e+00 4.596839062287472188e-05 2.000034898519515991e-01 0.000000000000000000e+00 8.000000000000000000e+00 8.191000000000000000e+03 0.000000000000000000e+00 1.000000000000000000e+00 2.755831718444824219e+00
2.439999961853027344e+01 2.100688219070434570e-01 0.000000000000000000e+00 4.408576569403521717e-05 2.100005298852920532e-01 0.000000000000000000e+00 8.000000000000000000e+00 8.191000000000000000e+03 0.000000000000000000e+00 1.000000000000000000e+00 2.755899906158447266e+00
2.460000038146972656e+01 2.200844883918762207e-01 0.000000000000000000e+00 4.243934381520375609e-05 2.199975699186325073e-01 0.000000000000000000e+00 8.000000000000000000e+00 8.191000000000000000e+03 0.000000000000000000e+00 1.000000000000000000e+00 2.755899906158447266e+00
2.480000114440917969e+01 2.300789058208465576e-01 0.000000000000000000e+00 4.089127833140082657e-05 2.299945950508117676e-01 0.000000000000000000e+00 8.000000000000000000e+00 8.191000000000000000e+03 0.000000000000000000e+00 1.000000000000000000e+00 2.755899906158447266e+00
2.500000000000000000e+01 2.401213049888610840e-01 0.000000000000000000e+00 3.952615952584892511e-05 2.400041371583938599e-01 0.000000000000000000e+00 8.000000000000000000e+00 8.191000000000000000e+03 0.000000000000000000e+00 1.000000000000000000e+00 2.755899906158447266e+00
2.520000076293945312e+01 2.500884234905242920e-01 0.000000000000000000e+00 3.828016633633524179e-05 2.500011622905731201e-01 0.000000000000000000e+00 8.000000000000000000e+00 8.191000000000000000e+03 0.000000000000000000e+00 1.000000000000000000e+00 2.755899906158447266e+00
2.539999961853027344e+01 2.600659132003784180e-01 0.000000000000000000e+00 3.717995423357933760e-05 2.599982023239135742e-01 0.000000000000000000e+00 8.000000000000000000e+00 8.191000000000000000e+03 0.000000000000000000e+00 1.000000000000000000e+00 2.755899906158447266e+00
2.560000038146972656e+01 2.700693905353546143e-01 0.000000000000000000e+00 3.618292612372897565e-05 2.699952423572540283e-01 0.000000000000000000e+00 8.000000000000000000e+00 8.191000000000000000e+03 0.000000000000000000e+00 1.000000000000000000e+00 2.755899906158447266e+00
2.580000114440917969e+01 2.800591289997100830e-01 0.000000000000000000e+00 3.531906986609101295e-05 2.800047695636749268e-01 0.000000000000000000e+00 8.000000000000000000e+00 8.191000000000000000e+03 0.000000000000000000e+00 1.000000000000000000e+00 2.755899906158447266e+00
2.600000000000000000e+01 2.900806367397308350e-01 0.000000000000000000e+00 3.456093691056594253e-05 2.900017797946929932e-01 0.000000000000000000e+00 8.000000000000000000e+00 8.191000000000000000e+03 0.000000000000000000e+00 1.000000000000000000e+00 2.755899906158447266e+00
2.620000076293945312e+01 3.000671863555908203e-01 0.000000000000000000e+00 3.387803735677152872e-05 2.999988198280334473e-01 0.000000000000000000e+00 8.000000000000000000e+00 8.191000000000000000e+03 0.000000000000000000e+00 1.000000000000000000e+00 2.755899906158447266e+00
2.639999961853027344e+01 2.900585830211639404e-01 0.000000000000000000e+00 3.255637420807033777e-05 2.900017797946929932e-01 0.000000000000000000e+00 8.000000000000000000e+00 8.191000000000000000e+03 0.000000000000000000e+00 1.000000000000000000e+00 2.755899906158447266e+00
2.660000038146972656e+01 2.800680696964263916e-01 0.000000000000000000e+00 3.148035102640278637e-05 2.800047695636749268e-01 0.000000000000000000e+00 8.000000000000000000e+00 8.191000000000000000e+03 0.000000000000000000e+00 1.000000000000000000e+00 2.755899906158447266e+00
2.680000114440917969e+01 2.700183391571044922e-01 0.000000000000000000e+00 3.055003617191687226e-05 2.699952423572540283e-01 0.000000000000000000e+00 8.000000000000000000e+00 8.191000000000000000e+03 0.000000000000000000e+00 1.000000000000000000e+00 2.755899906158447266e+00
2.700000000000000000e+01 2.600615024566650391e-01 0.000000000000000000e+00 2.972843321913387626e-05 2.599982023239135742e-01 0.000000000000000000e+00 8.000000000000000000e+00 8.191000000000000000e+03 0.000000000000000000e+00 1.000000000000000000e+00 2.755899906158447266e+00
2.720000076293945312e+01 2.500759959220886230e-01 0.000000000000000000e+00 2.891529402404557914e-05 2.500011622905731201e-01 0.000000000000000000e+00 8.000000000000000000e+00 8.191000000000000000e+03 0.000000000000000000e+00 1.000000000000000000e+00 2.755804538726806641e+00
2.739999961853027344e+01 2.400226742029190063e-01 0.000000000000000000e+00 2.817549830069765449e-05 2.400041371583938599e-01 0.000000000000000000e+00 8.000000000000000000e+00 8.191000000000000000e+03 0.000000000000000000e+00 1.000000000000000000e+00 2.755599975585937500e+00
2.760000038146972656e+01 2.300597280263900757e-01 0.000000000000000000e+00 2.746584323176648468e-05 2.299945950508117676e-01 0.000000000000000000e+00 8.000000000000000000e+00 8.191000000000000000e+03 0.000000000000000000e+00 1.000000000000000000e+00 2.755599975585937500e+00
2.780000114440917969e+01 2.200748026371002197e-01 0.000000000000000000e+00 2.672457594599109143e-05 2.199975699186325073e-01 0.000000000000000000e+00 8.000000000000000000e+00 8.191000000000000000e+03 0.000000000000000000e+00 1.000000000000000000e+00 2.755599975585937500e+00
2.800000000000000000e+01 2.100607901811599731e-01 0.000000000000000000e+00 2.594717261672485620e-05 2.100005298852920532e-01 0.000000000000000000e+00 8.000000000000000000e+00 8.191000000000000000e+03 0.000000000000000000e+00 1.000000000000000000e+00 2.755599975585937500e+00
2.820000076293945312e+01 2.000701576471328735e-01 0.000000000000000000e+00 2.510466401872690767e-05 2.000034898519515991e-01 0.000000000000000000e+00 8.000000000000000000e+00 8.191000000000000000e+03 0.000000000000000000e+00 1.000000000000000000e+00 2.755599975585937500e+00
2.839999961853027344e+01 1.900484859943389893e-01 0.000000000000000000e+00 2.411645255051553249e-05 1.899939626455307007e-01 0.000000000000000000e+00 8.000000000000000000e+00 8.191000000000000000e+03 0.000000000000000000e+00 1.000000000000000000e+00 2.755599975585937500e+00
2.860000038146972656e+01 1.800393015146255493e-01 0.000000000000000000e+00 2.293997931701596826e-05 1.799969226121902466e-01 0.000000000000000000e+00 8.000000000000000000e+00 8.191000000000000000e+03 0.000000000000000000e+00 1.000000000000000000e+00 2.755599975585937500e+00
2.880000114440917969e+01 1.700325608253479004e-01 0.000000000000000000e+00 2.146948281733784825e-05 1.699998974800109863e-01 0.000000000000000000e+00 8.000000000000000000e+00 8.191000000000000000e+03 0.000000000000000000e+00 1.000000000000000000e+00 2.755599975585937500e+00
2.900000000000000000e+01 1.600474268198013306e-01 0.000000000000000000e+00 1.960519875865429640e-05 1.600028574466705322e-01 0.000000000000000000e+00 8.000000000000000000e+00 8.191000000000000000e+03 0.000000000000000000e+00 1.000000000000000000e+00 2.755599975585937500e+00
2.920000076293945312e+01 1.500497013330459595e-01 0.000000000000000000e+00 1.721308763080742210e-05 1.500058174133300781e-01 0.000000000000000000e+00 8.000000000000000000e+00 8.191000000000000000e+03 0.000000000000000000e+00 1.000000000000000000e+00 2.755663394927978516e+00
2.939999961853027344e+01 1.400656402111053467e-01 0.000000000000000000e+00 1.422299919795477763e-05 1.399962902069091797e-01 0.000000000000000000e+00 8.000000000000000000e+00 8.191000000000000000e+03 0.000000000000000000e+00 1.000000000000000000e+00 2.755800008773803711e+00
2.960000038146972656e+01 1.300709545612335205e-01 0.000000000000000000e+00 1.042927306116325781e-05 1.299992501735687256e-01 0.000000000000000000e+00 8.000000000000000000e+00 8.191000000000000000e+03 0.000000000000000000e+00 1.000000000000000000e+00 2.755800008773803711e+00
2.980000114440917969e+01 1.200754195451736450e-01 0.000000000000000000e+00 5.786267138319090009e-06 1.200022250413894653e-01 0.000000000000000000e+00 8.000000000000000000e+00 8.191000000000000000e+03 0.000000000000000000e+00 1.000000000000000000e+00 2.755800008773803711e+00
3.000000000000000000e+01 1.100312247872352600e-01 0.000000000000000000e+00 1.520003110044854111e-07 1.100051850080490112e-01 0.000000000000000000e+00 7.000000000000000000e+00 8.191000000000000000e+03 0.000000000000000000e+00 1.000000000000000000e+00 2.755800008773803711e+00
3.020000076293945312e+01 1.000169441103935242e-01 0.000000000000000000e+00 -1.093766627491277177e-06 9.999565780162811279e-02 0.000000000000000000e+00 6.000000000000000000e+00 7.164000000000000000e+03 0.000000000000000000e+00 1.000000000000000000e+00 2.755800008773803711e+00
3.039999961853027344e+01 9.007008373737335205e-02 0.000000000000000000e+00 -1.093666924134595320e-05 8.999861776828765869e-02 0.000000000000000000e+00 7.000000000000000000e+00 7.164000000000000000e+03 0.000000000000000000e+00 1.000000000000000000e+00 2.755800008773803711e+00
3.060000038146972656e+01 8.007275313138961792e-02 0.000000000000000000e+00 -2.051850606221705675e-05 8.000158518552780151e-02 0.000000000000000000e+00 8.000000000000000000e+00 8.191000000000000000e+03 0.000000000000000000e+00 1.000000000000000000e+00 2.755800008773803711e+00
3.080000114440917969e+01 7.005286216735839844e-02 0.000000000000000000e+00 -2.769202728813979775e-05 7.000455260276794434e-02 0.000000000000000000e+00 8.000000000000000000e+00 8.191000000000000000e+03 0.000000000000000000e+00 1.000000000000000000e+00 2.755800008773803711e+00
3.100000000000000000e+01 6.008322536945343018e-02 0.000000000000000000e+00 -3.418293999857269228e-05 5.999501794576644897e-02 0.000000000000000000e+00 8.000000000000000000e+00 8.191000000000000000e+03 0.000000000000000000e+00 1.000000000000000000e+00 2.755800008773803711e+00
3.120000076293945312e+01 5.004068836569786072e-02 0.000000000000000000e+00 -3.968255259678699076e-05 4.999798536300659180e-02 0.000000000000000000e+00 8.000000000000000000e+00 8.191000000000000000e+03 0.000000000000000000e+00 1.000000000000000000e+00 2.755704641342163086e+00
3.139999961853027344e+01 4.006192833185195923e-02 0.000000000000000000e+00 -4.369827729533426464e-05 4.000094905495643616e-02 0.000000000000000000e+00 8.000000000000000000e+00 8.191000000000000000e+03 0.000000000000000000e+00 1.000000000000000000e+00 2.755499839782714844e+00
3.160000038146972656e+01 3.002514317631721497e-02 0.000000000000000000e+00 -4.595945210894569755e-05 3.000391460955142975e-02 0.000000000000000000e+00 8.000000000000000000e+00 8.191000000000000000e+03 0.000000000000000000e+00 1.000000000000000000e+00 2.755499839782714844e+00
3.180000114440917969e+01 2.001983486115932465e-02 0.000000000000000000e+00 -4.637230449588969350e-05 1.999438367784023285e-02 0.000000000000000000e+00 8.000000000000000000e+00 8.191000000000000000e+03 0.000000000000000000e+00 1.000000000000000000e+00 2.755499839782714844e+00
3.200000000000000000e+01 1.006576232612133026e-02 0.000000000000000000e+00 -4.530717706074938178e-05 9.997349232435226440e-03 0.000000000000000000e+00 8.000000000000000000e+00 8.191000000000000000e+03 0.000000000000000000e+00 1.000000000000000000e+00 2.755499839782714844e+00
3.220000076293945312e+01 6.225600372999906540e-06 0.000000000000000000e+00 -4.330247611505910754e-05 3.129243850708007812e-07 0.000000000000000000e+00 8.000000000000000000e+00 8.191000000000000000e+03 0.000000000000000000e+00 1.000000000000000000e+00 2.755563497543334961e+00
3.240000152587890625e+01 -9.944817982614040375e-03 0.000000000000000000e+00 -4.072368392371572554e-05 -9.996719658374786377e-03 0.000000000000000000e+00 8.000000000000000000e+00 8.191000000000000000e+03 0.000000000000000000e+00 1.000000000000000000e+00 2.755699872970581055e+00
3.260000228881835938e+01 -1.998182386159896851e-02 0.000000000000000000e+00 -3.797896715695969760e-05 -1.999375596642494202e-02 0.000000000000000000e+00 8.000000000000000000e+00 8.191000000000000000e+03 0.000000000000000000e+00 1.000000000000000000e+00 2.755699872970581055e+00
3.279999923706054688e+01 -2.992016449570655823e-02 0.000000000000000000e+00 -3.529507375787943602e-05 -3.000328317284584045e-02 0.000000000000000000e+00 8.000000000000000000e+00 6.143000000000000000e+03 0.000000000000000000e+00 1.000000000000000000e+00 2.755699872970581055e+00
3.300000000000000000e+01 -3.995994105935096741e-02 0.000000000000000000e+00 -3.280525197624228895e-05 -4.000032320618629456e-02 0.000000000000000000e+00 8.000000000000000000e+00 8.191000000000000000e+03 0.000000000000000000e+00 1.000000000000000000e+00 2.755699872970581055e+00
3.320000076293945312e+01 -4.998320713639259338e-02 0.000000000000000000e+00 -3.056869900319725275e-05 -4.999735578894615173e-02 0.000000000000000000e+00 8.000000000000000000e+00 8.191000000000000000e+03 0.000000000000000000e+00 1.000000000000000000e+00 2.755763292312622070e+00
3.340000152587890625e+01 -5.998389050364494324e-02 0.000000000000000000e+00 -2.852933903341181576e-05 -5.999438837170600891e-02 0.000000000000000000e+00 8.000000000000000000e+00 8.191000000000000000e+03 0.000000000000000000e+00 1.000000000000000000e+00 2.755899906158447266e+00
3.360000228881835938e+01 -7.002592831850051880e-02 0.000000000000000000e+00 -2.673694689292460680e-05 -7.000392675399780273e-02 0.000000000000000000e+00 8.000000000000000000e+00 8.191000000000000000e+03 0.000000000000000000e+00 1.000000000000000000e+00 2.755899906158447266e+00
3.379999923706054688e+01 -7.999802380800247192e-02 0.000000000000000000e+00 -2.511392449378035963e-05 -8.000095188617706299e-02 0.000000000000000000e+00 8.000000000000000000e+00 8.191000000000000000e+03 0.000000000000000000e+00 1.000000000000000000e+00 2.755899906158447266e+00
3.400000000000000000e+01 -8.998624235391616821e-02 0.000000000000000000e+00 -2.367084380239248276e-05 -8.999799191951751709e-02 0.000000000000000000e+00 8.000000000000000000e+00 8.191000000000000000e+03 0.000000000000000000e+00 1.000000000000000000e+00 2.755899906158447266e+00
3.420000076293945312e+01 -9.996405243873596191e-02 0.000000000000000000e+00 -2.238118941022548825e-05 -9.999501705169677734e-02 0.000000000000000000e+00 8.000000000000000000e+00 8.191000000000000000e+03 0.000000000000000000e+00 1.000000000000000000e+00 2.755836486816406250e+00
3.440000152587890625e+01 -1.099916547536849976e-01 0.000000000000000000e+00 -2.127299740095622838e-05 -1.100045591592788696e-01 0.000000000000000000e+00 8.000000000000000000e+00 8.191000000000000000e+03 0.000000000000000000e+00 1.000000000000000000e+00 2.755699872970581055e+00
3.460000228881835938e+01 -1.199171617627143860e-01 0.000000000000000000e+00 -2.021483487624209374e-05 -1.200015842914581299e-01 0.000000000000000000e+00 8.000000000000000000e+00 8.191000000000000000e+03 0.000000000000000000e+00 1.000000000000000000e+00 2.755699872970581055e+00
3.479999923706054688e+01 -1.299607008695602417e-01 0.000000000000000000e+00 -1.932714258146006614e-05 -1.299986243247985840e-01 0.000000000000000000e+00 8.000000000000000000e+00 8.191000000000000000e+03 0.000000000000000000e+00 1.000000000000000000e+00 2.755699872970581055e+00
3.500000000000000000e+01 -1.399896144866943359e-01 0.000000000000000000e+00 -1.848790998337790370e-05 -1.399956643581390381e-01 0.000000000000000000e+00 8.000000000000000000e+00 8.191000000000000000e+03 0.000000000000000000e+00 1.000000000000000000e+00 2.755699872970581055e+00
3.520000076293945312e+01 -1.499382257461547852e-01 0.000000000000000000e+00 -1.769915616023354232e-05 -1.500051915645599365e-01 0.000000000000000000e+00 8.000000000000000000e+00 8.191000000000000000e+03 0.000000000000000000e+00 1.000000000000000000e+00 2.755699872970581055e+00
3.540000152587890625e+01 -1.599701195955276489e-01 0.000000000000000000e+00 -1.703048110357485712e-05 -1.600022166967391968e-01 0.000000000000000000e+00 8.000000000000000000e+00 8.191000000000000000e+03 0.000000000000000000e+00 1.000000000000000000e+00 2.755699872970581055e+00
3.560000228881835938e+01 -1.699681282043457031e-01 0.000000000000000000e+00 -1.639815855014603585e-05 -1.699992567300796509e-01 0.000000000000000000e+00 8.000000000000000000e+00 8.191000000000000000e+03 0.000000000000000000e+00 1.000000000000000000e+00 2.755699872970581055e+00
3.579999923706054688e+01 -1.799570471048355103e-01 0.000000000000000000e+00 -1.581712604092899710e-05 -1.799962967634201050e-01 0.000000000000000000e+00 8.000000000000000000e+00 8.191000000000000000e+03 0.000000000000000000e+00 1.000000000000000000e+00 2.755699872970581055e+00
3.600000000000000000e+01 -1.900146752595901489e-01 0.000000000000000000e+00 -1.531761154183186591e-05 -1.900058239698410034e-01 0.000000000000000000e+00 8.000000000000000000e+00 8.191000000000000000e+03 0.000000000000000000e+00 1.000000000000000000e+00 2.755699872970581055e+00
3.620000076293945312e+01 -2.000031620264053345e-01 0.000000000000000000e+00 -1.483986670791637152e-05 -2.000028640031814575e-01 0.000000000000000000e+00 8.000000000000000000e+00 8.191000000000000000e+03 0.000000000000000000e+00 1.000000000000000000e+00 2.755699872970581055e+00
3.640000152587890625e+01 -1.899814754724502563e-01 0.000000000000000000e+00 -1.423095091013237834e-05 -1.900058239698410034e-01 0.000000000000000000e+00 8.000000000000000000e+00 8.191000000000000000e+03 0.000000000000000000e+00 2.000000000000000000e+00 2.755699872970581055e+00
3.660000228881835938e+01 -1.799542903900146484e-01 0.000000000000000000e+00 -1.366355263598961756e-05 -1.799962967634201050e-01 0.000000000000000000e+00 8.000000000000000000e+00 8.191000000000000000e+03 0.000000000000000000e+00 2.000000000000000000e+00 2.755699872970581055e+00
3.679999923706054688e+01 -1.699394881725311279e-01 0.000000000000000000e+00 -1.318400245509110391e-05 -1.699992567300796509e-01 0.000000000000000000e+00 8.000000000000000000e+00 8.191000000000000000e+03 0.000000000000000000e+00 2.000000000000000000e+00 2.755699872970581055e+00
3.700000000000000000e+01 -1.599989831447601318e-01 0.000000000000000000e+00 -1.272629469895036891e-05 -1.600022166967391968e-01 0.000000000000000000e+00 8.000000000000000000e+00 8.191000000000000000e+03 0.000000000000000000e+00 2.000000000000000000e+00 2.755699872970581055e+00
3.720000076293945312e+01 -1.499640345573425293e-01 0.000000000000000000e+00 -1.232518116012215614e-05 -1.500051915645599365e-01 0.000000000000000000e+00 8.000000000000000000e+00 8.191000000000000000e+03 0.000000000000000000e+00 2.000000000000000000e+00 2.755699872970581055e+00
3.740000152587890625e+01 -1.399892419576644897e-01 0.000000000000000000e+00 -1.192243689729366452e-05 -1.399956643581390381e-01 0.000000000000000000e+00 8.000000000000000000e+00 8.191000000000000000e+03 0.000000000000000000e+00 2.000000000000000000e+00 2.755699872970581055e+00
3.760000228881835938e+01 -1.299668848514556885e-01 0.000000000000000000e+00 -1.151131891674594954e-05 -1.299986243247985840e-01 0.000000000000000000e+00 8.000000000000000000e+00 8.191000000000000000e+03 0.000000000000000000e+00 2.000000000000000000e+00 2.755699872970581055e+00
3.779999923706054688e+01 -1.199890971183776855e-01 0.000000000000000000e+00 -1.116692328650970012e-05 -1.200015842914581299e-01 0.000000000000000000e+00 8.000000000000000000e+00 8.191000000000000000e+03 0.000000000000000000e+00 2.000000000000000000e+00 2.755699872970581055e+00
3.800000000000000000e+01 -1.099963635206222534e-01 0.000000000000000000e+00 -1.080379661289043725e-05 -1.100045591592788696e-01 0.000000000000000000e+00 8.000000000000000000e+00 8.191000000000000000e+03 0.000000000000000000e+00 2.000000000000000000e+00 2.755699872970581055e+00
3.820000076293945312e+01 -9.999052435159683228e-02 0.000000000000000000e+00 -1.046626584866316989e-05 -9.999501705169677734e-02 0.000000000000000000e+00 8.000000000000000000e+00 8.191000000000000000e+03 0.000000000000000000e+00 2.000000000000000000e+00 2.755699872970581055e+00
3.840000152587890625e+01 -8.997951447963714600e-02 0.000000000000000000e+00 -1.006957518256967887e-05 -8.999799191951751709e-02 0.000000000000000000e+00 8.000000000000000000e+00 8.191000000000000000e+03 0.000000000000000000e+00 2.000000000000000000e+00 2.755699872970581055e+00
3.860000228881835938e+01 -7.998505234718322754e-02 0.000000000000000000e+00 -9.719731679069809616e-06 -8.000095188617706299e-02 0.000000000000000000e+00 8.000000000000000000e+00 8.191000000000000000e+03 0.000000000000000000e+00 2.000000000000000000e+00 2.755699872970581055e+00
3.879999923706054688e+01 -6.998439878225326538e-02 0.000000000000000000e+00 -9.301482350565493107e-06 -7.000392675399780273e-02 0.000000000000000000e+00 8.000000000000000000e+00 8.191000000000000000e+03 0.000000000000000000e+00 2.000000000000000000e+00 2.755699872970581055e+00
3.900000000000000000e+01 -5.994682386517524719e-02 0.000000000000000000e+00 -8.900490684027317911e-06 -5.999438837170600891e-02 0.000000000000000000e+00 8.000000000000000000e+00 8.191000000000000000e+03 0.000000000000000000e+00 2.000000000000000000e+00 2.755699872970581055e+00
3.920000076293945312e+01 -4.998660460114479065e-02 0.000000000000000000e+00 -8.371205694857053459e-06 -4.999735578894615173e-02 0.000000000000000000e+00 8.000000000000000000e+00 8.191000000000000000e+03 0.000000000000000000e+00 2.000000000000000000e+00 2.755699872970581055e+00
3.940000152587890625e+01 -3.996257111430168152e-02 0.000000000000000000e+00 -7.707516488153487444e-06 -4.000032320618629456e-02 0.000000000000000000e+00 8.000000000000000000e+00 8.191000000000000000e+03 0.000000000000000000e+00 2.000000000000000000e+00 2.755699872970581055e+00
3.960000228881835938e+01 -2.994264662265777588e-02 0.000000000000000000e+00 -6.919618954270845279e-06 -3.000328317284584045e-02 0.000000000000000000e+00 7.000000000000000000e+00 8.191000000000000000e+03 0.000000000000000000e+00 2.000000000000000000e+00 2.755699872970581055e+00
3.979999923706054688e+01 -1.995176821947097778e-02 0.000000000000000000e+00 -5.870698259968776256e-06 -1.999375596642494202e-02 0.000000000000000000e+00 7.000000000000000000e+00 8.191000000000000000e+03 0.000000000000000000e+00 2.000000000000000000e+00 2.755699872970581055e+00
4.000000000000000000e+01 -9.949435479938983917e-03 0.000000000000000000e+00 -4.481800260691670701e-06 -9.996719658374786377e-03 0.000000000000000000e+00 7.000000000000000000e+00 8.191000000000000000e+03 0.000000000000000000e+00 2.000000000000000000e+00 2.755699872970581055e+00
4.020000076293945312e+01 5.296946619637310505e-05 0.000000000000000000e+00 -2.639147396621410735e-06 3.129243850708007812e-07 0.000000000000000000e+00 7.000000000000000000e+00 8.191000000000000000e+03 0.000000000000000000e+00 2.000000000000000000e+00 2.755699872970581055e+00
4.040000152587890625e+01 1.005089655518531799e-02 0.000000000000000000e+00 -2.130884695361601189e-07 9.997349232435226440e-03 0.000000000000000000e+00 7.000000000000000000e+00 8.191000000000000000e+03 0.000000000000000000e+00 2.000000000000000000e+00 2.755699872970581055e+00
4.060000228881835938e+01 2.008388377726078033e-02 0.000000000000000000e+00 1.093102355298469774e-06 1.999438367784023285e-02 0.000000000000000000e+00 6.000000000000000000e+00 7.164000000000000000e+03 0.000000000000000000e+00 2.000000000000000000e+00 2.755699872970581055e+00
4.079999923706054688e+01 2.994200028479099274e-02 0.000000000000000000e+00 6.899837444507284090e-06 3.000391460955142975e-02 0.000000000000000000e+00 7.000000000000000000e+00 6.143000000000000000e+03 0.000000000000000000e+00 2.000000000000000000e+00 2.755699872970581055e+00
4.100000000000000000e+01 4.002091288566589355e-02 0.000000000000000000e+00 1.092903494281927124e-05 4.000094905495643616e-02 0.000000000000000000e+00 7.000000000000000000e+00 7.164000000000000000e+03 0.000000000000000000e+00 2.000000000000000000e+00 2.755699872970581055e+00
4.120000076293945312e+01 5.003168806433677673e-02 0.000000000000000000e+00 1.733271528792101890e-05 4.999798536300659180e-02 0.000000000000000000e+00 8.000000000000000000e+00 8.191000000000000000e+03 0.000000000000000000e+00 2.000000000000000000e+00 2.755763292312622070e+00
4.140000152587890625e+01 6.005887314677238464e-02 0.000000000000000000e+00 2.352348928980063647e-05 5.999501794576644897e-02 0.000000000000000000e+00 8.000000000000000000e+00 8.191000000000000000e+03 0.000000000000000000e+00 2.000000000000000000e+00 2.755899906158447266e+00
4.160000228881835938e+01 7.002542167901992798e-02 0.000000000000000000e+00 3.001956611115019768e-05 7.000455260276794434e-02 0.000000000000000000e+00 8.000000000000000000e+00 8.191000000000000000e+03 0.000000000000000000e+00 2.000000000000000000e+00 2.755899906158447266e+00
4.179999923706054688e+01 8.003943413496017456e-02 0.000000000000000000e+00 3.663430834421887994e-05 8.000158518552780151e-02 0.000000000000000000e+00 8.000000000000000000e+00 8.191000000000000000e+03 0.000000000000000000e+00 2.000000000000000000e+00 2.755899906158447266e+00
4.200000000000000000e+01 9.004504233598709106e-02 0.000000000000000000e+00 4.269815326551906765e-05 8.999861776828765869e-02 0.000000000000000000e+00 8.000000000000000000e+00 8.191000000000000000e+03 0.000000000000000000e+00 2.000000000000000000e+00 2.755899906158447266e+00
4.220000076293945312e+01 1.000759378075599670e-01 0.000000000000000000e+00 4.792653271579183638e-05 9.999565780162811279e-02 0.000000000000000000e+00 8.000000000000000000e+00 8.191000000000000000e+03 0.000000000000000000e+00 2.000000000000000000e+00 2.755836486816406250e+00
4.240000152587890625e+01 1.100310757756233215e-01 0.000000000000000000e+00 5.199949737288989127e-05 1.100051850080490112e-01 0.000000000000000000e+00 8.000000000000000000e+00 8.191000000000000000e+03 0.000000000000000000e+00 2.000000000000000000e+00 2.755699872970581055e+00
4.260000228881835938e+01 1.200909167528152466e-01 0.000000000000000000e+00 5.465980211738497019e-05 1.200022250413894653e-01 0.000000000000000000e+00 8.000000000000000000e+00 8.191000000000000000e+03 0.000000000000000000e+00 2.000000000000000000e+00 2.755699872970581055e+00
4.279999923706054688e+01 1.300525516271591187e-01 0.000000000000000000e+00 5.585229519056156278e-05 1.299992501735687256e-01 0.000000000000000000e+00 8.000000000000000000e+00 8.191000000000000000e+03 0.000000000000000000e+00 2.000000000000000000e+00 2.755699872970581055e+00
4.300000000000000000e+01 1.400695443153381348e-01 0.000000000000000000e+00 5.579757271334528923e-05 1.399962902069091797e-01 0.000000000000000000e+00 8.000000000000000000e+00 8.191000000000000000e+03 0.000000000000000000e+00 2.000000000000000000e+00 2.755699872970581055e+00
4.320000076293945312e+01 1.500563621520996094e-01 0.000000000000000000e+00 5.481010884977877140e-05 1.500058174133300781e-01 0.000000000000000000e+00 8.000000000000000000e+00 8.191000000000000000e+03 0.000000000000000000e+00 2.000000000000000000e+00 2.755699872970581055e+00
4.340000152587890625e+01 1.600470095872879028e-01 0.000000000000000000e+00 5.314916052157059312e-05 1.600028574466705322e-01 0.000000000000000000e+00 8.000000000000000000e+00 8.191000000000000000e+03 0.000000000000000000e+00 2.000000000000000000e+00 2.755699872970581055e+00
4.360000228881835938e+01 1.700263768434524536e-01 0.000000000000000000e+00 5.114174928166903555e-05 1.699998974800109863e-01 0.000000000000000000e+00 8.000000000000000000e+00 8.191000000000000000e+03 0.000000000000000000e+00 2.000000000000000000e+00 2.755699872970581055e+00
4.379999923706054688e+01 1.800567805767059326e-01 0.000000000000000000e+00 4.901910142507404089e-05 1.799969226121902466e-01 0.000000000000000000e+00 8.000000000000000000e+00 8.191000000000000000e+03 0.000000000000000000e+00 2.000000000000000000e+00 2.755699872970581055e+00
4.400000000000000000e+01 1.900650411844253540e-01 0.000000000000000000e+00 4.693064693128690124e-05 1.899939626455307007e-01 0.000000000000000000e+00 8.000000000000000000e+00 8.191000000000000000e+03 0.000000000000000000e+00 2.000000000000000000e+00 2.755699872970581055e+00
4.420000076293945312e+01 2.000636458396911621e-01 0.000000000000000000e+00 4.489357525017112494e-05 2.000034898519515991e-01 0.000000000000000000e+00 8.000000000000000000e+00 8.191000000000000000e+03 0.000000000000000000e+00 2.000000000000000000e+00 2.755699872970581055e+00
4.440000152587890625e+01 2.100619971752166748e-01 0.000000000000000000e+00 4.303740934119559824e-05 2.100005298852920532e-01 0.000000000000000000e+00 8.000000000000000000e+00 8.191000000000000000e+03 0.000000000000000000e+00 2.000000000000000000e+00 2.755699872970581055e+00
4.460000228881835938e+01 2.200857549905776978e-01 0.000000000000000000e+00 4.137813448323868215e-05 2.199975699186325073e-01 0.000000000000000000e+00 8.000000000000000000e+00 8.191000000000000000e+03 0.000000000000000000e+00 2.000000000000000000e+00 2.755699872970581055e+00
4.479999923706054688e+01 2.300614714622497559e-01 0.000000000000000000e+00 3.978570384788326919e-05 2.299945950508117676e-01 0.000000000000000000e+00 8.000000000000000000e+00 8.191000000000000000e+03 0.000000000000000000e+00 2.000000000000000000e+00 2.755699872970581055e+00
4.500000000000000000e+01 2.401030510663986206e-01 0.000000000000000000e+00 3.843917147605679929e-05 2.400041371583938599e-01 0.000000000000000000e+00 8.000000000000000000e+00 8.191000000000000000e+03 0.000000000000000000e+00 2.000000000000000000e+00 2.755699872970581055e+00
4.520000076293945312e+01 2.500841021537780762e-01 0.000000000000000000e+00 3.717672734637744725e-05 2.500011622905731201e-01 0.000000000000000000e+00 8.000000000000000000e+00 8.191000000000000000e+03 0.000000000000000000e+00 2.000000000000000000e+00 2.755731821060180664e+00
4.540000152587890625e+01 2.600419223308563232e-01 0.000000000000000000e+00 3.608367842389270663e-05 2.599982023239135742e-01 0.000000000000000000e+00 8.000000000000000000e+00 8.191000000000000000e+03 0.000000000000000000e+00 2.000000000000000000e+00 2.755800008773803711e+00
4.560000228881835938e+01 2.700706720352172852e-01 0.000000000000000000e+00 3.508928057271987200e-05 2.699952423572540283e-01 0.000000000000000000e+00 8.000000000000000000e+00 8.191000000000000000e+03 0.000000000000000000e+00 2.000000000000000000e+00 2.755800008773803711e+00
4.579999923706054688e+01 2.800626456737518311e-01 0.000000000000000000e+00 3.419415224925614893e-05 2.800047695636749268e-01 0.000000000000000000e+00 8.000000000000000000e+00 8.191000000000000000e+03 0.000000000000000000e+00 2.000000000000000000e+00 2.755800008773803711e+00
4.600000000000000000e+01 2.900631427764892578e-01 0.000000000000000000e+00 3.343655043863691390e-05 2.900017797946929932e-01 0.000000000000000000e+00 8.000000000000000000e+00 8.191000000000000000e+03 0.000000000000000000e+00 2.000000000000000000e+00 2.755800008773803711e+00
4.620000076293945312e+01 3.000580370426177979e-01 0.000000000000000000e+00 3.273842958151362836e-05 2.999988198280334473e-01 0.000000000000000000e+00 8.000000000000000000e+00 8.191000000000000000e+03 0.000000000000000000e+00 2.000000000000000000e+00 2.755800008773803711e+00
4.640000152587890625e+01 2.900214195251464844e-01 0.000000000000000000e+00 3.140706758131273091e-05 2.900017797946929932e-01 0.000000000000000000e+00 8.000000000000000000e+00 8.191000000000000000e+03 0.000000000000000000e+00 2.000000000000000000e+00 2.755800008773803711e+00
4.660000228881835938e+01 2.800477445125579834e-01 0.000000000000000000e+00 3.040282899746671319e-05 2.800047695636749268e-01 0.000000000000000000e+00 8.000000000000000000e+00 8.191000000000000000e+03 0.000000000000000000e+00 2.000000000000000000e+00 2.755800008773803711e+00
4.679999923706054688e+01 2.700376510620117188e-01 0.000000000000000000e+00 2.942434730357490480e-05 2.699952423572540283e-01 0.000000000000000000e+00 8.000000000000000000e+00 8.191000000000000000e+03 0.000000000000000000e+00 2.000000000000000000e+00 2.755800008773803711e+00
4.700000000000000000e+01 2.600252926349639893e-01 0.000000000000000000e+00 2.860460517695173621e-05 2.599982023239135742e-01 0.000000000000000000e+00 8.000000000000000000e+00 8.191000000000000000e+03 0.000000000000000000e+00 2.000000000000000000e+00 2.755800008773803711e+00
4.720000076293945312e+01 2.500408291816711426e-01 0.000000000000000000e+00 2.782682349788956344e-05 2.500011622905731201e-01 0.000000000000000000e+00 8.000000000000000000e+00 8.191000000000000000e+03 0.000000000000000000e+00 2.000000000000000000e+00 2.755704641342163086e+00
4.740000152587890625e+01 2.400224953889846802e-01 0.000000000000000000e+00 2.710026092245243490e-05 2.400041371583938599e-01 0.000000000000000000e+00 8.000000000000000000e+00 8.191000000000000000e+03 0.000000000000000000e+00 2.000000000000000000e+00 2.755499839782714844e+00
4.760000228881835938e+01 2.300288826227188110e-01 0.000000000000000000e+00 2.635297823871951550e-05 2.299945950508117676e-01 0.000000000000000000e+00 8.000000000000000000e+00 8.191000000000000000e+03 0.000000000000000000e+00 2.000000000000000000e+00 2.755499839782714844e+00
4.779999923706054688e+01 2.200651019811630249e-01 0.000000000000000000e+00 2.562378358561545610e-05 2.199975699186325073e-01 0.000000000000000000e+00 8.000000000000000000e+00 8.191000000000000000e+03 0.000000000000000000e+00 2.000000000000000000e+00 2.755499839782714844e+00
4.800000000000000000e+01 2.100835442543029785e-01 0.000000000000000000e+00 2.483410389686468989e-05 2.100005298852920532e-01 0.000000000000000000e+00 8.000000000000000000e+00 8.191000000000000000e+03 0.000000000000000000e+00 2.000000000000000000e+00 2.755499839782714844e+00
4.820000076293945312e+01 2.000760138034820557e-01 0.000000000000000000e+00 2.398497053945902735e-05 2.000034898519515991e-01 0.000000000000000000e+00 8.000000000000000000e+00 8.191000000000000000e+03 0.000000000000000000e+00 2.000000000000000000e+00 2.755499839782714844e+00
4.840000152587890625e+01 1.900443434715270996e-01 0.000000000000000000e+00 2.297153696417808533e-05 1.899939626455307007e-01 0.000000000000000000e+00 8.000000000000000000e+00 8.191000000000000000e+03 0.000000000000000000e+00 2.000000000000000000e+00 2.755499839782714844e+00
4.860000228881835938e+01 1.800188571214675903e-01 0.000000000000000000e+00 2.175876761612016708e-05 1.799969226121902466e-01 0.000000000000000000e+00 8.000000000000000000e+00 8.191000000000000000e+03 0.000000000000000000e+00 2.000000000000000000e+00 2.755499839782714844e+00
4.879999923706054688e+01 1.700626760721206665e-01 0.000000000000000000e+00 2.029916504397988319e-05 1.699998974800109863e-01 0.000000000000000000e+00 8.000000000000000000e+00 8.191000000000000000e+03 0.000000000000000000e+00 2.000000000000000000e+00 2.755499839782714844e+00
4.900000000000000000e+01 1.600846201181411743e-01 0.000000000000000000e+00 1.839484502852428705e-05 1.600028574466705322e-01 0.000000000000000000e+00 8.000000000000000000e+00 8.191000000000000000e+03 0.000000000000000000e+00 2.000000000000000000e+00 2.755499839782714844e+00
4.920000076293945312e+01 1.500457078218460083e-01 0.000000000000000000e+00 1.591817454027477652e-05 1.500058174133300781e-01 0.000000000000000000e+00 8.000000000000000000e+00 8.191000000000000000e+03 0.000000000000000000e+00 2.000000000000000000e+00 2.755563497543334961e+00
4.940000152587890625e+01 1.400449872016906738e-01 0.000000000000000000e+00 1.284184963878942654e-05 1.399962902069091797e-01 0.000000000000000000e+00 8.000000000000000000e+00 8.191000000000000000e+03 0.000000000000000000e+00 2.000000000000000000e+00 2.755699872970581055e+00
4.960000228881835938e+01 1.300583928823471069e-01 0.000000000000000000e+00 9.009455425257328898e-06 1.299992501735687256e-01 0.000000000000000000e+00 8.000000000000000000e+00 8.191000000000000000e+03 0.000000000000000000e+00 2.000000000000000000e+00 2.755699872970581055e+00
4.979999923706054688e+01 1.200806275010108948e-01 0.000000000000000000e+00 4.237033863319084048e-06 1.200022250413894653e-01 0.000000000000000000e+00 8.000000000000000000e+00 8.191000000000000000e+03 0.000000000000000000e+00 2.000000000000000000e+00 2.755699872970581055e+00
5.000000000000000000e+01 1.100505366921424866e-01 0.000000000000000000e+00 -1.449877458981063683e-06 1.100051850080490112e-01 0.000000000000000000e+00 7.000000000000000000e+00 8.191000000000000000e+03 0.000000000000000000e+00 2.000000000000000000e+00 2.755699872970581055e+00
5.020000076293945312e+01 1.000458225607872009e-01 0.000000000000000000e+00 -7.931661457405425608e-06 9.999565780162811279e-02 0.000000000000000000e+00 7.000000000000000000e+00 8.191000000000000000e+03 0.000000000000000000e+00 2.000000000000000000e+00 2.755699872970581055e+00
5.040000152587890625e+01 9.005784988403320312e-02 0.000000000000000000e+00 -1.093666924134595320e-05 8.999861776828765869e-02 0.000000000000000000e+00 7.000000000000000000e+00 7.164000000000000000e+03 0.000000000000000000e+00 2.000000000000000000e+00 2.755699872970581055e+00
5.060000228881835938e+01 8.007498085498809814e-02 0.000000000000000000e+00 -2.227541699539870024e-05 8.000158518552780151e-02 0.000000000000000000e+00 8.000000000000000000e+00 8.191000000000000000e+03 0.000000000000000000e+00 2.000000000000000000e+00 2.755699872970581055e+00
5.079999923706054688e+01 7.007765024900436401e-02 0.000000000000000000e+00 -2.936409873655065894e-05 7.000455260276794434e-02 0.000000000000000000e+00 8.000000000000000000e+00 8.191000000000000000e+03 0.000000000000000000e+00 2.000000000000000000e+00 2.755699872970581055e+00
5.100000000000000000e+01 6.002442166209220886e-02 0.000000000000000000e+00 -3.570493572624400258e-05 5.999501794576644897e-02 0.000000000000000000e+00 8.000000000000000000e+00 8.191000000000000000e+03 0.000000000000000000e+00 2.000000000000000000e+00 2.755699872970581055e+00
5.120000076293945312e+01 5.008575320243835449e-02 0.000000000000000000e+00 -4.107467611902393401e-05 4.999798536300659180e-02 0.000000000000000000e+00 8.000000000000000000e+00 8.191000000000000000e+03 0.000000000000000000e+00 2.000000000000000000e+00 2.755699872970581055e+00
5.140000152587890625e+01 4.005904868245124817e-02 0.000000000000000000e+00 -4.489272396313026547e-05 4.000094905495643616e-02 0.000000000000000000e+00 8.000000000000000000e+00 8.191000000000000000e+03 0.000000000000000000e+00 2.000000000000000000e+00 2.755699872970581055e+00
5.160000228881835938e+01 3.006388060748577118e-02 0.000000000000000000e+00 -4.694007293437607586e-05 3.000391460955142975e-02 0.000000000000000000e+00 8.000000000000000000e+00 8.191000000000000000e+03 0.000000000000000000e+00 2.000000000000000000e+00 2.755699872970581055e+00
5.179999923706054688e+01 2.002898976206779480e-02 0.000000000000000000e+00 -4.719332355307415128e-05 1.999438367784023285e-02 0.000000000000000000e+00 8.000000000000000000e+00 8.191000000000000000e+03 0.000000000000000000e+00 2.000000000000000000e+00 2.755699872970581055e+00
5.200000000000000000e+01 1.003667805343866348e-02 0.000000000000000000e+00 -4.603438355843536556e-05 9.997349232435226440e-03 0.000000000000000000e+00 8.000000000000000000e+00 8.191000000000000000e+03 0.000000000000000000e+00 2.000000000000000000e+00 2.755699872970581055e+00
5.220000076293945312e+01 4.382210317999124527e-05 0.000000000000000000e+00 -4.392161281430162489e-05 3.129243850708007812e-07 0.000000000000000000e+00 8.000000000000000000e+00 8.191000000000000000e+03 0.000000000000000000e+00 2.000000000000000000e+00 2.755668163299560547e+00
5.240000152587890625e+01 -9.943717159330844879e-03 0.000000000000000000e+00 -4.129203080083243549e-05 -9.996719658374786377e-03 0.000000000000000000e+00 8.000000000000000000e+00 8.191000000000000000e+03 0.000000000000000000e+00 2.000000000000000000e+00 2.755599975585937500e+00
5.260000228881835938e+01 -1.997531764209270477e-02 0.000000000000000000e+00 -3.857181582134217024e-05 -1.999375596642494202e-02 0.000000000000000000e+00 8.000000000000000000e+00 8.191000000000000000e+03 0.000000000000000000e+00 2.000000000000000000e+00 2.755599975585937500e+00
5.279999923706054688e+01 -2.989862486720085144e-02 0.000000000000000000e+00 -3.587565515772439539e-05 -3.000328317284584045e-02 0.000000000000000000e+00 8.000000000000000000e+00 6.143000000000000000e+03 0.000000000000000000e+00 2.000000000000000000e+00 2.755599975585937500e+00
5.300000000000000000e+01 -3.998688235878944397e-02 0.000000000000000000e+00 -3.342856143717654049e-05 -4.000032320618629456e-02 0.000000000000000000e+00 8.000000000000000000e+00 8.191000000000000000e+03 0.000000000000000000e+00 2.000000000000000000e+00 2.755599975585937500e+00
5.320000076293945312e+01 -4.996884241700172424e-02 0.000000000000000000e+00 -3.119173925369977951e-05 -4.999735578894615173e-02 0.000000000000000000e+00 8.000000000000000000e+00 8.191000000000000000e+03 0.000000000000000000e+00 2.000000000000000000e+00 2.755663394927978516e+00
5.340000152587890625e+01 -5.994695052504539490e-02 0.000000000000000000e+00 -2.916500125138554722e-05 -5.999438837170600891e-02 0.000000000000000000e+00 8.000000000000000000e+00 8.191000000000000000e+03 0.000000000000000000e+00 2.000000000000000000e+00 2.755800008773803711e+00
5.360000228881835938e+01 -6.996733695268630981e-02 0.000000000000000000e+00 -2.738887087616603822e-05 -7.000392675399780273e-02 0.000000000000000000e+00 8.000000000000000000e+00 8.191000000000000000e+03 0.000000000000000000e+00 2.000000000000000000e+00 2.755800008773803711e+00
5.379999923706054688e+01 -7.995456457138061523e-02 0.000000000000000000e+00 -2.578042585810180753e-05 -8.000095188617706299e-02 0.000000000000000000e+00 8.000000000000000000e+00 8.191000000000000000e+03 0.000000000000000000e+00 2.000000000000000000e+00 2.755800008773803711e+00
5.400000000000000000e+01 -8.994223922491073608e-02 0.000000000000000000e+00 -2.436502836644649506e-05 -8.999799191951751709e-02 0.000000000000000000e+00 8.000000000000000000e+00 8.191000000000000000e+03 0.000000000000000000e+00 2.000000000000000000e+00 2.755800008773803711e+00
5.420000076293945312e+01 -9.997014701366424561e-02 0.000000000000000000e+00 -2.310199670318979770e-05 -9.999501705169677734e-02 0.000000000000000000e+00 8.000000000000000000e+00 8.191000000000000000e+03 0.000000000000000000e+00 2.000000000000000000e+00 2.755736351013183594e+00
5.440000152587890625e+01 -1.099365502595901489e-01 0.000000000000000000e+00 -2.196789137087762356e-05 -1.100045591592788696e-01 0.000000000000000000e+00 8.000000000000000000e+00 8.191000000000000000e+03 0.000000000000000000e+00 2.000000000000000000e+00 2.755599975585937500e+00
5.460000228881835938e+01 -1.199930086731910706e-01 0.000000000000000000e+00 -2.094569026667159051e-05 -1.200015842914581299e-01 0.000000000000000000e+00 8.000000000000000000e+00 8.191000000000000000e+03 0.000000000000000000e+00 2.000000000000000000e+00 2.755599975585937500e+00
5.479999923706054688e+01 -1.299751996994018555e-01 0.000000000000000000e+00 -2.002103792619891465e-05 -1.299986243247985840e-01 0.000000000000000000e+00 8.000000000000000000e+00 8.191000000000000000e+03 0.000000000000000000e+00 2.000000000000000000e+00 2.755599975585937500e+00
5.500000000000000000e+01 -1.399939656257629395e-01 0.000000000000000000e+00 -1.920128852361813188e-05 -1.399956643581390381e-01 0.000000000000000000e+00 8.000000000000000000e+00 8.191000000000000000e+03 0.000000000000000000e+00 2.000000000000000000e+00 2.755599975585937500e+00
5.520000076293945312e+01 -1.499874591827392578e-01 0.000000000000000000e+00 -1.843022073444444686e-05 -1.500051915645599365e-01 0.000000000000000000e+00 8.000000000000000000e+00 8.191000000000000000e+03 0.000000000000000000e+00 2.000000000000000000e+00 2.755599975585937500e+00
5.540000152587890625e+01 -1.599643528461456299e-01 0.000000000000000000e+00 -1.775320561137050390e-05 -1.600022166967391968e-01 0.000000000000000000e+00 8.000000000000000000e+00 8.191000000000000000e+03 0.000000000000000000e+00 2.000000000000000000e+00 2.755599975585937500e+00
5.560000228881835938e+01 -1.699782311916351318e-01 0.000000000000000000e+00 -1.714518293738365173e-05 -1.699992567300796509e-01 0.000000000000000000e+00 8.000000000000000000e+00 8.191000000000000000e+03 0.000000000000000000e+00 2.000000000000000000e+00 2.755599975585937500e+00
5.579999923706054688e+01 -1.799363493919372559e-01 0.000000000000000000e+00 -1.656285530771128833e-05 -1.799962967634201050e-01 0.000000000000000000e+00 8.000000000000000000e+00 8.191000000000000000e+03 0.000000000000000000e+00 2.000000000000000000e+00 2.755599975585937500e+00
5.600000000000000000e+01 -1.900101900100708008e-01 0.000000000000000000e+00 -1.602678094059228897e-05 -1.900058239698410034e-01 0.000000000000000000e+00 8.000000000000000000e+00 8.191000000000000000e+03 0.000000000000000000e+00 2.000000000000000000e+00 2.755599975585937500e+00
5.620000076293945312e+01 -1.999643892049789429e-01 0.000000000000000000e+00 -1.556525057822000235e-05 -2.000028640031814575e-01 0.000000000000000000e+00 8.000000000000000000e+00 8.191000000000000000e+03 0.000000000000000000e+00 2.000000000000000000e+00 2.755599975585937500e+00
5.640000152587890625e+01 -1.999793052673339844e-01 0.000000000000000000e+00 -1.507734486949630082e-05 -2.000028640031814575e-01 0.000000000000000000e+00 8.000000000000000000e+00 8.191000000000000000e+03 0.000000000000000000e+00 3.000000000000000000e+00 2.755599975585937500e+00
