2.000000029802322388e-01 1.090402074623852968e-04 0.000000000000000000e+00 -9.063122706720605493e-05 3.129243850708007812e-07 0.000000000000000000e+00 1.200000000000000000e+01 8.191000000000000000e+03 0.000000000000000000e+00 0.000000000000000000e+00 2.757099866867065430e+00
4.000000059604644775e-01 9.706038050353527069e-03 0.000000000000000000e+00 -9.500061423750594258e-06 9.997349232435226440e-03 0.000000000000000000e+00 1.100000000000000000e+01 8.191000000000000000e+03 0.000000000000000000e+00 0.000000000000000000e+00 2.757099866867065430e+00
6.000000238418579102e-01 1.962484046816825867e-02 0.000000000000000000e+00 2.401819529040949419e-06 1.999438367784023285e-02 0.000000000000000000e+00 1.000000000000000000e+01 8.191000000000000000e+03 0.000000000000000000e+00 0.000000000000000000e+00 2.757099866867065430e+00
8.000000119209289551e-01 1.477265730500221252e-02 0.000000000000000000e+00 6.101437861616432201e-07 3.000391460955142975e-02 0.000000000000000000e+00 9.000000000000000000e+00 6.143000000000000000e+03 0.000000000000000000e+00 0.000000000000000000e+00 2.757099866867065430e+00
1.000000000000000000e+00 3.949114680290222168e-02 0.000000000000000000e+00 2.823169253929336264e-08 4.000094905495643616e-02 0.000000000000000000e+00 8.000000000000000000e+00 8.191000000000000000e+03 0.000000000000000000e+00 0.000000000000000000e+00 2.757099866867065430e+00
1.200000047683715820e+00 4.959342256188392639e-02 0.000000000000000000e+00 3.764618394797025758e-09 4.999798536300659180e-02 0.000000000000000000e+00 7.000000000000000000e+00 8.191000000000000000e+03 0.000000000000000000e+00 0.000000000000000000e+00 2.757099866867065430e+00
1.399999976158142090e+00 5.997918546199798584e-02 0.000000000000000000e+00 1.121403664372522258e-10 5.999501794576644897e-02 0.000000000000000000e+00 6.000000000000000000e+00 8.191000000000000000e+03 0.000000000000000000e+00 0.000000000000000000e+00 2.757099866867065430e+00
1.600000023841857910e+00 6.935943663120269775e-02 0.000000000000000000e+00 -3.742222157154806439e-11 7.000455260276794434e-02 0.000000000000000000e+00 5.000000000000000000e+00 8.191000000000000000e+03 0.000000000000000000e+00 0.000000000000000000e+00 2.757099866867065430e+00
1.800000071525573730e+00 7.978858798742294312e-02 0.000000000000000000e+00 4.106979079737671512e-12 8.000158518552780151e-02 0.000000000000000000e+00 4.000000000000000000e+00 7.935000000000000000e+03 0.000000000000000000e+00 0.000000000000000000e+00 2.756999969482421875e+00
2.000000000000000000e+00 8.935625106096267700e-02 0.000000000000000000e+00 -5.241762753016576681e-12 8.999861776828765869e-02 0.000000000000000000e+00 4.000000000000000000e+00 7.935000000000000000e+03 0.000000000000000000e+00 0.000000000000000000e+00 2.756999969482421875e+00
2.200000047683715820e+00 9.937673807144165039e-02 0.000000000000000000e+00 -5.529205565624195629e-13 9.999565780162811279e-02 0.000000000000000000e+00 4.000000000000000000e+00 8.191000000000000000e+03 0.000000000000000000e+00 0.000000000000000000e+00 2.756999969482421875e+00
2.400000095367431641e+00 1.094578281044960022e-01 0.000000000000000000e+00 -2.770787505684824126e-12 1.100051850080490112e-01 0.000000000000000000e+00 4.000000000000000000e+00 8.191000000000000000e+03 0.000000000000000000e+00 0.000000000000000000e+00 2.756999969482421875e+00
2.600000143051147461e+00 1.198215112090110779e-01 0.000000000000000000e+00 1.229832533554409135e-12 1.200022250413894653e-01 0.000000000000000000e+00 4.000000000000000000e+00 8.191000000000000000e+03 0.000000000000000000e+00 0.000000000000000000e+00 2.756999969482421875e+00
2.799999952316284180e+00 1.290735304355621338e-01 0.000000000000000000e+00 -6.699886305472357861e-12 1.299992501735687256e-01 0.000000000000000000e+00 4.000000000000000000e+00 8.191000000000000000e+03 0.000000000000000000e+00 0.000000000000000000e+00 2.756599903106689453e+00
3.000000000000000000e+00 1.395776867866516113e-01 0.000000000000000000e+00 -5.588378284432371501e-12 1.399962902069091797e-01 0.000000000000000000e+00 4.000000000000000000e+00 8.191000000000000000e+03 0.000000000000000000e+00 0.000000000000000000e+00 2.756599903106689453e+00
3.200000047683715820e+00 1.494266390800476074e-01 0.000000000000000000e+00 -7.237134069110195966e-12 1.500058174133300781e-01 0.000000000000000000e+00 4.000000000000000000e+00 8.191000000000000000e+03 0.000000000000000000e+00 0.000000000000000000e+00 2.756599903106689453e+00
3.400000095367431641e+00 1.592204421758651733e-01 0.000000000000000000e+00 -7.150305521286259847e-12 1.600028574466705322e-01 0.000000000000000000e+00 4.000000000000000000e+00 8.191000000000000000e+03 0.000000000000000000e+00 0.000000000000000000e+00 2.756599903106689453e+00
3.600000143051147461e+00 1.689444184303283691e-01 0.000000000000000000e+00 -8.701379027031830304e-12 1.699998974800109863e-01 0.000000000000000000e+00 4.000000000000000000e+00 8.191000000000000000e+03 0.000000000000000000e+00 0.000000000000000000e+00 2.756599903106689453e+00
3.799999952316284180e+00 1.793835312128067017e-01 0.000000000000000000e+00 -6.063844738835033610e-12 1.799969226121902466e-01 0.000000000000000000e+00 4.000000000000000000e+00 8.191000000000000000e+03 0.000000000000000000e+00 0.000000000000000000e+00 2.756599903106689453e+00
4.000000000000000000e+00 1.894070953130722046e-01 0.000000000000000000e+00 -6.894553070818654206e-12 1.899939626455307007e-01 0.000000000000000000e+00 4.000000000000000000e+00 8.191000000000000000e+03 0.000000000000000000e+00 0.000000000000000000e+00 2.756599903106689453e+00
4.200000286102294922e+00 1.991844773292541504e-01 0.000000000000000000e+00 -7.619927258617487098e-12 2.000034898519515991e-01 0.000000000000000000e+00 4.000000000000000000e+00 8.191000000000000000e+03 0.000000000000000000e+00 0.000000000000000000e+00 2.756599903106689453e+00
4.400000095367431641e+00 2.095678597688674927e-01 0.000000000000000000e+00 -6.595109007523358713e-12 2.100005298852920532e-01 0.000000000000000000e+00 4.000000000000000000e+00 8.191000000000000000e+03 0.000000000000000000e+00 0.000000000000000000e+00 2.756599903106689453e+00
4.599999904632568359e+00 2.194512635469436646e-01 0.000000000000000000e+00 -8.822576350042687920e-12 2.199975699186325073e-01 0.000000000000000000e+00 4.000000000000000000e+00 6.143000000000000000e+03 0.000000000000000000e+00 0.000000000000000000e+00 2.756599903106689453e+00
4.800000190734863281e+00 2.296138405799865723e-01 0.000000000000000000e+00 -8.875452456313936977e-12 2.299945950508117676e-01 0.000000000000000000e+00 4.000000000000000000e+00 8.191000000000000000e+03 0.000000000000000000e+00 0.000000000000000000e+00 2.756599903106689453e+00
5.000000000000000000e+00 2.396730929613113403e-01 0.000000000000000000e+00 -9.447904264492379411e-12 2.400041371583938599e-01 0.000000000000000000e+00 4.000000000000000000e+00 6.143000000000000000e+03 0.000000000000000000e+00 0.000000000000000000e+00 2.756599903106689453e+00
5.200000286102294922e+00 2.493093907833099365e-01 0.000000000000000000e+00 -1.285909746739921644e-11 2.500011622905731201e-01 0.000000000000000000e+00 4.000000000000000000e+00 8.191000000000000000e+03 0.000000000000000000e+00 0.000000000000000000e+00 2.756599903106689453e+00
5.400000095367431641e+00 2.591326832771301270e-01 0.000000000000000000e+00 -1.492251114343368101e-11 2.599982023239135742e-01 0.000000000000000000e+00 4.000000000000000000e+00 8.191000000000000000e+03 0.000000000000000000e+00 0.000000000000000000e+00 2.756599903106689453e+00
5.599999904632568359e+00 2.694249451160430908e-01 0.000000000000000000e+00 -1.201837067366096079e-11 2.699952423572540283e-01 0.000000000000000000e+00 4.000000000000000000e+00 8.191000000000000000e+03 0.000000000000000000e+00 0.000000000000000000e+00 2.756599903106689453e+00
5.800000190734863281e+00 2.794654369354248047e-01 0.000000000000000000e+00 -1.360172564857098365e-11 2.800047695636749268e-01 0.000000000000000000e+00 4.000000000000000000e+00 8.191000000000000000e+03 0.000000000000000000e+00 0.000000000000000000e+00 2.756399869918823242e+00
6.000000000000000000e+00 2.895782291889190674e-01 0.000000000000000000e+00 -1.351086170026105648e-11 2.900017797946929932e-01 0.000000000000000000e+00 4.000000000000000000e+00 8.191000000000000000e+03 0.000000000000000000e+00 0.000000000000000000e+00 2.756399869918823242e+00
6.200000286102294922e+00 2.995119988918304443e-01 0.000000000000000000e+00 -1.628128361297331850e-11 2.999988198280334473e-01 0.000000000000000000e+00 4.000000000000000000e+00 8.191000000000000000e+03 0.000000000000000000e+00 0.000000000000000000e+00 2.756399869918823242e+00
6.400000095367431641e+00 2.896395325660705566e-01 0.000000000000000000e+00 -1.307477390244393689e-11 2.900017797946929932e-01 0.000000000000000000e+00 4.000000000000000000e+00 8.191000000000000000e+03 0.000000000000000000e+00 0.000000000000000000e+00 2.756399869918823242e+00
6.599999904632568359e+00 2.798309028148651123e-01 0.000000000000000000e+00 -1.403419568057895361e-11 2.800047695636749268e-01 0.000000000000000000e+00 4.000000000000000000e+00 8.191000000000000000e+03 0.000000000000000000e+00 0.000000000000000000e+00 2.756399869918823242e+00
6.800000190734863281e+00 2.696676850318908691e-01 0.000000000000000000e+00 -1.336559335429754469e-11 2.699952423572540283e-01 0.000000000000000000e+00 4.000000000000000000e+00 8.191000000000000000e+03 0.000000000000000000e+00 0.000000000000000000e+00 2.756399869918823242e+00
7.000000000000000000e+00 2.593212425708770752e-01 0.000000000000000000e+00 -1.716319794620169148e-11 2.599982023239135742e-01 0.000000000000000000e+00 4.000000000000000000e+00 8.191000000000000000e+03 0.000000000000000000e+00 0.000000000000000000e+00 2.756399869918823242e+00
7.200000286102294922e+00 2.490036785602569580e-01 0.000000000000000000e+00 -1.926473564006769834e-11 2.500011622905731201e-01 0.000000000000000000e+00 4.000000000000000000e+00 8.191000000000000000e+03 0.000000000000000000e+00 0.000000000000000000e+00 2.756399869918823242e+00
7.400000095367431641e+00 2.398020029067993164e-01 0.000000000000000000e+00 -1.576880293008287026e-11 2.400041371583938599e-01 0.000000000000000000e+00 4.000000000000000000e+00 8.191000000000000000e+03 0.000000000000000000e+00 0.000000000000000000e+00 2.756399869918823242e+00
7.599999904632568359e+00 2.291032373905181885e-01 0.000000000000000000e+00 -1.437705423462665166e-11 2.299945950508117676e-01 0.000000000000000000e+00 4.000000000000000000e+00 6.143000000000000000e+03 0.000000000000000000e+00 0.000000000000000000e+00 2.756399869918823242e+00
7.800000190734863281e+00 2.196735888719558716e-01 0.000000000000000000e+00 -2.246192121191370461e-11 2.199975699186325073e-01 0.000000000000000000e+00 4.000000000000000000e+00 8.191000000000000000e+03 0.000000000000000000e+00 0.000000000000000000e+00 2.756399869918823242e+00
8.000000000000000000e+00 2.092167288064956665e-01 0.000000000000000000e+00 -1.729288240381876562e-11 2.100005298852920532e-01 0.000000000000000000e+00 4.000000000000000000e+00 8.191000000000000000e+03 0.000000000000000000e+00 0.000000000000000000e+00 2.756399869918823242e+00
8.199999809265136719e+00 1.992814838886260986e-01 0.000000000000000000e+00 -2.070059748615626916e-11 2.000034898519515991e-01 0.000000000000000000e+00 4.000000000000000000e+00 8.191000000000000000e+03 0.000000000000000000e+00 0.000000000000000000e+00 2.756399869918823242e+00
8.400000572204589844e+00 1.891288310289382935e-01 0.000000000000000000e+00 -2.304411349240975682e-11 1.899939626455307007e-01 0.000000000000000000e+00 4.000000000000000000e+00 8.191000000000000000e+03 0.000000000000000000e+00 0.000000000000000000e+00 2.756399869918823242e+00
8.600000381469726562e+00 1.793247312307357788e-01 0.000000000000000000e+00 -2.023278419804874773e-11 1.799969226121902466e-01 0.000000000000000000e+00 4.000000000000000000e+00 8.191000000000000000e+03 0.000000000000000000e+00 0.000000000000000000e+00 2.756399869918823242e+00
8.800000190734863281e+00 1.690579652786254883e-01 0.000000000000000000e+00 -2.717177524647063080e-11 1.699998974800109863e-01 0.000000000000000000e+00 4.000000000000000000e+00 8.191000000000000000e+03 0.000000000000000000e+00 0.000000000000000000e+00 2.756299972534179688e+00
9.000000000000000000e+00 1.593561023473739624e-01 0.000000000000000000e+00 -2.361726092470206595e-11 1.600028574466705322e-01 0.000000000000000000e+00 4.000000000000000000e+00 8.191000000000000000e+03 0.000000000000000000e+00 0.000000000000000000e+00 2.756299972534179688e+00
9.199999809265136719e+00 1.493339985609054565e-01 0.000000000000000000e+00 -2.142346716693666053e-11 1.500058174133300781e-01 0.000000000000000000e+00 4.000000000000000000e+00 8.191000000000000000e+03 0.000000000000000000e+00 0.000000000000000000e+00 2.756299972534179688e+00
9.400000572204589844e+00 1.396925747394561768e-01 0.000000000000000000e+00 -2.230371096145766785e-11 1.399962902069091797e-01 0.000000000000000000e+00 4.000000000000000000e+00 8.191000000000000000e+03 0.000000000000000000e+00 0.000000000000000000e+00 2.756299972534179688e+00
9.600000381469726562e+00 1.298089623451232910e-01 0.000000000000000000e+00 -2.552121187993083851e-11 1.299992501735687256e-01 0.000000000000000000e+00 4.000000000000000000e+00 8.191000000000000000e+03 0.000000000000000000e+00 0.000000000000000000e+00 2.756299972534179688e+00
9.800000190734863281e+00 1.198141649365425110e-01 0.000000000000000000e+00 -2.227087091133395091e-11 1.200022250413894653e-01 0.000000000000000000e+00 4.000000000000000000e+00 8.191000000000000000e+03 0.000000000000000000e+00 0.000000000000000000e+00 2.756500005722045898e+00
1.000000000000000000e+01 1.093877777457237244e-01 0.000000000000000000e+00 -2.419416403331986487e-11 1.100051850080490112e-01 0.000000000000000000e+00 4.000000000000000000e+00 8.191000000000000000e+03 0.000000000000000000e+00 0.000000000000000000e+00 2.756500005722045898e+00
1.019999980926513672e+01 9.895639121532440186e-02 0.000000000000000000e+00 -2.838416481021344140e-11 9.999565780162811279e-02 0.000000000000000000e+00 4.000000000000000000e+00 8.191000000000000000e+03 0.000000000000000000e+00 0.000000000000000000e+00 2.756500005722045898e+00
1.040000057220458984e+01 8.930251747369766235e-02 0.000000000000000000e+00 -2.718137520618668646e-11 8.999861776828765869e-02 0.000000000000000000e+00 4.000000000000000000e+00 8.191000000000000000e+03 0.000000000000000000e+00 0.000000000000000000e+00 2.756500005722045898e+00
1.060000038146972656e+01 7.949568331241607666e-02 0.000000000000000000e+00 -2.545302857370757010e-11 8.000158518552780151e-02 0.000000000000000000e+00 4.000000000000000000e+00 8.191000000000000000e+03 0.000000000000000000e+00 0.000000000000000000e+00 2.756500005722045898e+00
1.080000019073486328e+01 6.948146969079971313e-02 0.000000000000000000e+00 -2.809097919553860123e-11 7.000455260276794434e-02 0.000000000000000000e+00 4.000000000000000000e+00 8.191000000000000000e+03 0.000000000000000000e+00 0.000000000000000000e+00 2.756500005722045898e+00
1.100000000000000000e+01 5.946335569024085999e-02 0.000000000000000000e+00 -2.977076571375469882e-11 5.999501794576644897e-02 0.000000000000000000e+00 4.000000000000000000e+00 8.191000000000000000e+03 0.000000000000000000e+00 0.000000000000000000e+00 2.756500005722045898e+00
1.119999980926513672e+01 4.943490400910377502e-02 0.000000000000000000e+00 -3.114818125649065905e-11 4.999798536300659180e-02 0.000000000000000000e+00 4.000000000000000000e+00 8.191000000000000000e+03 0.000000000000000000e+00 0.000000000000000000e+00 2.756500005722045898e+00
1.140000057220458984e+01 3.947995603084564209e-02 0.000000000000000000e+00 -3.183014268826056536e-11 4.000094905495643616e-02 0.000000000000000000e+00 4.000000000000000000e+00 8.191000000000000000e+03 0.000000000000000000e+00 0.000000000000000000e+00 2.756500005722045898e+00
1.160000038146972656e+01 2.937479503452777863e-02 0.000000000000000000e+00 -3.407890289408577189e-11 3.000391460955142975e-02 0.000000000000000000e+00 4.000000000000000000e+00 8.191000000000000000e+03 0.000000000000000000e+00 0.000000000000000000e+00 2.756500005722045898e+00
1.180000019073486328e+01 1.969538070261478424e-02 0.000000000000000000e+00 -3.178519947244495825e-11 1.999438367784023285e-02 0.000000000000000000e+00 4.000000000000000000e+00 8.191000000000000000e+03 0.000000000000000000e+00 0.000000000000000000e+00 2.756500005722045898e+00
1.200000000000000000e+01 5.334345623850822449e-03 0.000000000000000000e+00 -3.122276742706375785e-11 9.997349232435226440e-03 0.000000000000000000e+00 4.000000000000000000e+00 6.143000000000000000e+03 0.000000000000000000e+00 0.000000000000000000e+00 2.756500005722045898e+00
1.219999980926513672e+01 -8.040063548833131790e-04 0.000000000000000000e+00 -3.551030997028803426e-11 3.129243850708007812e-07 0.000000000000000000e+00 4.000000000000000000e+00 8.191000000000000000e+03 0.000000000000000000e+00 0.000000000000000000e+00 2.756500005722045898e+00
1.240000057220458984e+01 -4.765972495079040527e-03 0.000000000000000000e+00 -3.322774000391603977e-11 -9.996719658374786377e-03 0.000000000000000000e+00 4.000000000000000000e+00 6.143000000000000000e+03 0.000000000000000000e+00 0.000000000000000000e+00 2.756500005722045898e+00
1.260000038146972656e+01 -2.076594345271587372e-02 0.000000000000000000e+00 -3.792812938718803650e-11 -1.999375596642494202e-02 0.000000000000000000e+00 4.000000000000000000e+00 8.191000000000000000e+03 0.000000000000000000e+00 0.000000000000000000e+00 2.756500005722045898e+00
1.280000019073486328e+01 -1.416842173784971237e-02 0.000000000000000000e+00 -3.932822817409586946e-11 -3.000328317284584045e-02 0.000000000000000000e+00 4.000000000000000000e+00 6.143000000000000000e+03 0.000000000000000000e+00 0.000000000000000000e+00 2.756399869918823242e+00
1.300000000000000000e+01 -4.077304899692535400e-02 0.000000000000000000e+00 -4.014015161923900621e-11 -4.000032320618629456e-02 0.000000000000000000e+00 4.000000000000000000e+00 8.191000000000000000e+03 0.000000000000000000e+00 0.000000000000000000e+00 2.756399869918823242e+00
1.319999980926513672e+01 -5.078410357236862183e-02 0.000000000000000000e+00 -4.047967516740413885e-11 -4.999735578894615173e-02 0.000000000000000000e+00 4.000000000000000000e+00 8.191000000000000000e+03 0.000000000000000000e+00 0.000000000000000000e+00 2.756399869918823242e+00
1.340000057220458984e+01 -6.028975546360015869e-02 0.000000000000000000e+00 -3.796361142116566612e-11 -5.999438837170600891e-02 0.000000000000000000e+00 4.000000000000000000e+00 8.191000000000000000e+03 0.000000000000000000e+00 0.000000000000000000e+00 2.756399869918823242e+00
1.360000038146972656e+01 -7.071744650602340698e-02 0.000000000000000000e+00 -3.227569253527740045e-11 -7.000392675399780273e-02 0.000000000000000000e+00 4.000000000000000000e+00 8.191000000000000000e+03 0.000000000000000000e+00 0.000000000000000000e+00 2.756399869918823242e+00
1.380000019073486328e+01 -8.025768399238586426e-02 0.000000000000000000e+00 -4.097684691561909176e-11 -8.000095188617706299e-02 0.000000000000000000e+00 4.000000000000000000e+00 8.191000000000000000e+03 0.000000000000000000e+00 0.000000000000000000e+00 2.756700038909912109e+00
1.400000000000000000e+01 -9.040198475122451782e-02 0.000000000000000000e+00 -3.834891432186182669e-11 -8.999799191951751709e-02 0.000000000000000000e+00 4.000000000000000000e+00 8.191000000000000000e+03 0.000000000000000000e+00 0.000000000000000000e+00 2.756700038909912109e+00
1.419999980926513672e+01 -1.003289073705673218e-01 0.000000000000000000e+00 -4.094998992676401883e-11 -9.999501705169677734e-02 0.000000000000000000e+00 4.000000000000000000e+00 8.191000000000000000e+03 0.000000000000000000e+00 0.000000000000000000e+00 2.756700038909912109e+00
1.440000057220458984e+01 -1.105981171131134033e-01 0.000000000000000000e+00 -4.409958509477007738e-11 -1.100045591592788696e-01 0.000000000000000000e+00 4.000000000000000000e+00 8.191000000000000000e+03 0.000000000000000000e+00 0.000000000000000000e+00 2.756700038909912109e+00
1.460000038146972656e+01 -1.200291886925697327e-01 0.000000000000000000e+00 -4.121868124595806648e-11 -1.200015842914581299e-01 0.000000000000000000e+00 4.000000000000000000e+00 8.191000000000000000e+03 0.000000000000000000e+00 0.000000000000000000e+00 2.756700038909912109e+00
1.480000019073486328e+01 -1.304572671651840210e-01 0.000000000000000000e+00 -4.405658823869451624e-11 -1.299986243247985840e-01 0.000000000000000000e+00 4.000000000000000000e+00 8.191000000000000000e+03 0.000000000000000000e+00 0.000000000000000000e+00 2.756399869918823242e+00
1.500000000000000000e+01 -1.407350450754165649e-01 0.000000000000000000e+00 -4.591587179914036199e-11 -1.399956643581390381e-01 0.000000000000000000e+00 4.000000000000000000e+00 8.191000000000000000e+03 0.000000000000000000e+00 0.000000000000000000e+00 2.756399869918823242e+00
1.519999980926513672e+01 -1.503220498561859131e-01 0.000000000000000000e+00 -4.692914459814012673e-11 -1.500051915645599365e-01 0.000000000000000000e+00 4.000000000000000000e+00 8.191000000000000000e+03 0.000000000000000000e+00 0.000000000000000000e+00 2.756399869918823242e+00
1.540000057220458984e+01 -1.608470380306243896e-01 0.000000000000000000e+00 -4.654565274875288594e-11 -1.600022166967391968e-01 0.000000000000000000e+00 4.000000000000000000e+00 8.191000000000000000e+03 0.000000000000000000e+00 0.000000000000000000e+00 2.756399869918823242e+00
1.560000038146972656e+01 -1.706486940383911133e-01 0.000000000000000000e+00 -4.779296750023753759e-11 -1.699992567300796509e-01 0.000000000000000000e+00 4.000000000000000000e+00 8.191000000000000000e+03 0.000000000000000000e+00 0.000000000000000000e+00 2.756399869918823242e+00
1.580000019073486328e+01 -1.806277185678482056e-01 0.000000000000000000e+00 -4.881681517354685695e-11 -1.799962967634201050e-01 0.000000000000000000e+00 4.000000000000000000e+00 8.191000000000000000e+03 0.000000000000000000e+00 0.000000000000000000e+00 2.756399869918823242e+00
1.600000000000000000e+01 -1.908521205186843872e-01 0.000000000000000000e+00 -5.052094853574828903e-11 -1.900058239698410034e-01 0.000000000000000000e+00 4.000000000000000000e+00 8.191000000000000000e+03 0.000000000000000000e+00 0.000000000000000000e+00 2.756399869918823242e+00
1.620000076293945312e+01 -2.008594870567321777e-01 0.000000000000000000e+00 -4.907381792595977288e-11 -2.000028640031814575e-01 0.000000000000000000e+00 4.000000000000000000e+00 8.191000000000000000e+03 0.000000000000000000e+00 0.000000000000000000e+00 2.756399869918823242e+00
1.639999961853027344e+01 -1.905184984207153320e-01 0.000000000000000000e+00 -4.967507308273333422e-11 -1.900058239698410034e-01 0.000000000000000000e+00 4.000000000000000000e+00 8.191000000000000000e+03 0.000000000000000000e+00 1.000000000000000000e+00 2.756399869918823242e+00
1.660000038146972656e+01 -1.805642545223236084e-01 0.000000000000000000e+00 -4.840939454853199209e-11 -1.799962967634201050e-01 0.000000000000000000e+00 4.000000000000000000e+00 8.191000000000000000e+03 0.000000000000000000e+00 1.000000000000000000e+00 2.756399869918823242e+00
1.680000114440917969e+01 -1.706310510635375977e-01 0.000000000000000000e+00 -5.357857213450500922e-11 -1.699992567300796509e-01 0.000000000000000000e+00 4.000000000000000000e+00 8.191000000000000000e+03 0.000000000000000000e+00 1.000000000000000000e+00 2.756399869918823242e+00
1.700000000000000000e+01 -1.606233417987823486e-01 0.000000000000000000e+00 -5.423214308186707910e-11 -1.600022166967391968e-01 0.000000000000000000e+00 4.000000000000000000e+00 8.191000000000000000e+03 0.000000000000000000e+00 1.000000000000000000e+00 2.756399869918823242e+00
1.720000076293945312e+01 -1.507255882024765015e-01 0.000000000000000000e+00 -5.767450406146679143e-11 -1.500051915645599365e-01 0.000000000000000000e+00 4.000000000000000000e+00 8.191000000000000000e+03 0.000000000000000000e+00 1.000000000000000000e+00 2.756399869918823242e+00
1.739999961853027344e+01 -1.410103440284729004e-01 0.000000000000000000e+00 -5.926634183417434087e-11 -1.399956643581390381e-01 0.000000000000000000e+00 4.000000000000000000e+00 8.191000000000000000e+03 0.000000000000000000e+00 1.000000000000000000e+00 2.756399869918823242e+00
1.760000038146972656e+01 -1.305839419364929199e-01 0.000000000000000000e+00 -5.661197899353709317e-11 -1.299986243247985840e-01 0.000000000000000000e+00 4.000000000000000000e+00 8.191000000000000000e+03 0.000000000000000000e+00 1.000000000000000000e+00 2.756399869918823242e+00
1.780000114440917969e+01 -1.203674376010894775e-01 0.000000000000000000e+00 -5.737353300783176735e-11 -1.200015842914581299e-01 0.000000000000000000e+00 4.000000000000000000e+00 8.191000000000000000e+03 0.000000000000000000e+00 1.000000000000000000e+00 2.756399869918823242e+00
1.800000000000000000e+01 -1.106208190321922302e-01 0.000000000000000000e+00 -5.921848428291909272e-11 -1.100045591592788696e-01 0.000000000000000000e+00 4.000000000000000000e+00 8.191000000000000000e+03 0.000000000000000000e+00 1.000000000000000000e+00 2.756399869918823242e+00
1.820000076293945312e+01 -1.004281118512153625e-01 0.000000000000000000e+00 -6.051978362897614261e-11 -9.999501705169677734e-02 0.000000000000000000e+00 4.000000000000000000e+00 8.191000000000000000e+03 0.000000000000000000e+00 1.000000000000000000e+00 2.756399869918823242e+00
1.839999961853027344e+01 -9.042611718177795410e-02 0.000000000000000000e+00 -5.830887161994979806e-11 -8.999799191951751709e-02 0.000000000000000000e+00 4.000000000000000000e+00 8.191000000000000000e+03 0.000000000000000000e+00 1.000000000000000000e+00 2.756399869918823242e+00
1.860000038146972656e+01 -8.059505373239517212e-02 0.000000000000000000e+00 -5.819852932908986531e-11 -8.000095188617706299e-02 0.000000000000000000e+00 4.000000000000000000e+00 8.191000000000000000e+03 0.000000000000000000e+00 1.000000000000000000e+00 2.756399869918823242e+00
1.880000114440917969e+01 -7.022988796234130859e-02 0.000000000000000000e+00 -5.770470212773659568e-11 -7.000392675399780273e-02 0.000000000000000000e+00 4.000000000000000000e+00 8.191000000000000000e+03 0.000000000000000000e+00 1.000000000000000000e+00 2.756399869918823242e+00
1.900000000000000000e+01 -6.014003232121467590e-02 0.000000000000000000e+00 -5.671675629148609232e-11 -5.999438837170600891e-02 0.000000000000000000e+00 4.000000000000000000e+00 8.191000000000000000e+03 0.000000000000000000e+00 1.000000000000000000e+00 2.756399869918823242e+00
1.920000076293945312e+01 -5.031859129667282104e-02 0.000000000000000000e+00 -5.686411411187641818e-11 -4.999735578894615173e-02 0.000000000000000000e+00 4.000000000000000000e+00 8.191000000000000000e+03 0.000000000000000000e+00 1.000000000000000000e+00 2.756399869918823242e+00
1.939999961853027344e+01 -4.032607004046440125e-02 0.000000000000000000e+00 -5.743586509177056598e-11 -4.000032320618629456e-02 0.000000000000000000e+00 4.000000000000000000e+00 8.191000000000000000e+03 0.000000000000000000e+00 1.000000000000000000e+00 2.756399869918823242e+00
1.960000038146972656e+01 -3.012343309819698334e-02 0.000000000000000000e+00 -5.742765984972919568e-11 -3.000328317284584045e-02 0.000000000000000000e+00 4.000000000000000000e+00 8.191000000000000000e+03 0.000000000000000000e+00 1.000000000000000000e+00 2.756399869918823242e+00
1.980000114440917969e+01 -2.005072683095932007e-02 0.000000000000000000e+00 -5.743030009885963239e-11 -1.999375596642494202e-02 0.000000000000000000e+00 4.000000000000000000e+00 8.191000000000000000e+03 0.000000000000000000e+00 1.000000000000000000e+00 2.756399869918823242e+00
2.000000000000000000e+01 -4.460912663489580154e-03 0.000000000000000000e+00 -6.316790146509987380e-11 -9.996719658374786377e-03 0.000000000000000000e+00 4.000000000000000000e+00 6.143000000000000000e+03 0.000000000000000000e+00 1.000000000000000000e+00 2.756399869918823242e+00
2.020000076293945312e+01 -2.117727708537131548e-04 0.000000000000000000e+00 -5.960962973228234318e-11 3.129243850708007812e-07 0.000000000000000000e+00 4.000000000000000000e+00 8.191000000000000000e+03 0.000000000000000000e+00 1.000000000000000000e+00 2.756399869918823242e+00
2.039999961853027344e+01 5.410112440586090088e-03 0.000000000000000000e+00 -5.908754041605845941e-11 9.997349232435226440e-03 0.000000000000000000e+00 4.000000000000000000e+00 6.143000000000000000e+03 0.000000000000000000e+00 1.000000000000000000e+00 2.756399869918823242e+00
2.060000038146972656e+01 1.957635581493377686e-02 0.000000000000000000e+00 -6.174762784416643058e-11 1.999438367784023285e-02 0.000000000000000000e+00 4.000000000000000000e+00 8.191000000000000000e+03 0.000000000000000000e+00 1.000000000000000000e+00 2.756399869918823242e+00
2.080000114440917969e+01 1.531032472848892212e-02 0.000000000000000000e+00 -6.058518270402046824e-11 3.000391460955142975e-02 0.000000000000000000e+00 4.000000000000000000e+00 6.143000000000000000e+03 0.000000000000000000e+00 1.000000000000000000e+00 2.756399869918823242e+00
2.100000000000000000e+01 3.961550816893577576e-02 0.000000000000000000e+00 -5.989626850055884688e-11 4.000094905495643616e-02 0.000000000000000000e+00 4.000000000000000000e+00 8.191000000000000000e+03 0.000000000000000000e+00 1.000000000000000000e+00 2.756399869918823242e+00
2.120000076293945312e+01 4.985494166612625122e-02 0.000000000000000000e+00 -5.952446174850578586e-11 4.999798536300659180e-02 0.000000000000000000e+00 4.000000000000000000e+00 8.191000000000000000e+03 0.000000000000000000e+00 1.000000000000000000e+00 2.756399869918823242e+00
2.139999961853027344e+01 5.997272953391075134e-02 0.000000000000000000e+00 -5.888856069447001573e-11 5.999501794576644897e-02 0.000000000000000000e+00 4.000000000000000000e+00 8.191000000000000000e+03 0.000000000000000000e+00 1.000000000000000000e+00 2.756399869918823242e+00
2.160000038146972656e+01 6.997710466384887695e-02 0.000000000000000000e+00 -5.942706743367054401e-11 7.000455260276794434e-02 0.000000000000000000e+00 4.000000000000000000e+00 8.191000000000000000e+03 0.000000000000000000e+00 1.000000000000000000e+00 2.756399869918823242e+00
2.180000114440917969e+01 7.985685765743255615e-02 0.000000000000000000e+00 -6.049056394674678927e-11 8.000158518552780151e-02 0.000000000000000000e+00 4.000000000000000000e+00 8.191000000000000000e+03 0.000000000000000000e+00 1.000000000000000000e+00 2.756700038909912109e+00
2.200000000000000000e+01 8.957029879093170166e-02 0.000000000000000000e+00 -6.264289087454244509e-11 8.999861776828765869e-02 0.000000000000000000e+00 4.000000000000000000e+00 8.191000000000000000e+03 0.000000000000000000e+00 1.000000000000000000e+00 2.756700038909912109e+00
2.220000076293945312e+01 9.972649067640304565e-02 0.000000000000000000e+00 -6.177001965479433920e-11 9.999565780162811279e-02 0.000000000000000000e+00 4.000000000000000000e+00 8.191000000000000000e+03 0.000000000000000000e+00 1.000000000000000000e+00 2.756700038909912109e+00
2.239999961853027344e+01 1.097463592886924744e-01 0.000000000000000000e+00 -5.942427799832117330e-11 1.100051850080490112e-01 0.000000000000000000e+00 4.000000000000000000e+00 8.191000000000000000e+03 0.000000000000000000e+00 1.000000000000000000e+00 2.756700038909912109e+00
2.260000038146972656e+01 1.198489740490913391e-01 0.000000000000000000e+00 -5.953643827938392974e-11 1.200022250413894653e-01 0.000000000000000000e+00 4.000000000000000000e+00 8.191000000000000000e+03 0.000000000000000000e+00 1.000000000000000000e+00 2.756700038909912109e+00
2.280000114440917969e+01 1.300071030855178833e-01 0.000000000000000000e+00 -6.259071039238506273e-11 1.299992501735687256e-01 0.000000000000000000e+00 4.000000000000000000e+00 8.191000000000000000e+03 0.000000000000000000e+00 1.000000000000000000e+00 2.756299972534179688e+00
2.300000000000000000e+01 1.398641169071197510e-01 0.000000000000000000e+00 -6.383204381732454635e-11 1.399962902069091797e-01 0.000000000000000000e+00 4.000000000000000000e+00 8.191000000000000000e+03 0.000000000000000000e+00 1.000000000000000000e+00 2.756299972534179688e+00
2.320000076293945312e+01 1.498408764600753784e-01 0.000000000000000000e+00 -6.170532834692821211e-11 1.500058174133300781e-01 0.000000000000000000e+00 4.000000000000000000e+00 8.191000000000000000e+03 0.000000000000000000e+00 1.000000000000000000e+00 2.756299972534179688e+00
2.339999961853027344e+01 1.600888371467590332e-01 0.000000000000000000e+00 -5.648869566554637345e-11 1.600028574466705322e-01 0.000000000000000000e+00 4.000000000000000000e+00 8.191000000000000000e+03 0.000000000000000000e+00 1.000000000000000000e+00 2.756299972534179688e+00
2.360000038146972656e+01 1.699754595756530762e-01 0.000000000000000000e+00 -5.864770474817149193e-11 1.699998974800109863e-01 0.000000000000000000e+00 4.000000000000000000e+00 8.191000000000000000e+03 0.000000000000000000e+00 1.000000000000000000e+00 2.756299972534179688e+00
2.380000114440917969e+01 1.797996312379837036e-01 0.000000000000000000e+00 -5.975085703990856700e-11 1.799969226121902466e-01 0.000000000000000000e+00 4.000000000000000000e+00 8.191000000000000000e+03 0.000000000000000000e+00 1.000000000000000000e+00 2.756399869918823242e+00
2.400000000000000000e+01 1.903013437986373901e-01 0.000000000000000000e+00 -5.679063816432794454e-11 1.899939626455307007e-01 0.000000000000000000e+00 4.000000000000000000e+00 8.191000000000000000e+03 0.000000000000000000e+00 1.000000000000000000e+00 2.756399869918823242e+00
2.420000076293945312e+01 2.004448622465133667e-01 0.000000000000000000e+00 -5.502806890711475774e-11 2.000034898519515991e-01 0.000000000000000000e+00 4.000000000000000000e+00 8.191000000000000000e+03 0.000000000000000000e+00 1.000000000000000000e+00 2.756399869918823242e+00
2.439999961853027344e+01 2.098993360996246338e-01 0.000000000000000000e+00 -5.550019471778355751e-11 2.100005298852920532e-01 0.000000000000000000e+00 4.000000000000000000e+00 8.191000000000000000e+03 0.000000000000000000e+00 1.000000000000000000e+00 2.756399869918823242e+00
2.460000038146972656e+01 2.200859934091567993e-01 0.000000000000000000e+00 -5.351720802626580564e-11 2.199975699186325073e-01 0.000000000000000000e+00 4.000000000000000000e+00 8.191000000000000000e+03 0.000000000000000000e+00 1.000000000000000000e+00 2.756399869918823242e+00
2.480000114440917969e+01 2.298990935087203979e-01 0.000000000000000000e+00 -5.501428826382159798e-11 2.299945950508117676e-01 0.000000000000000000e+00 4.000000000000000000e+00 6.143000000000000000e+03 0.000000000000000000e+00 1.000000000000000000e+00 2.756399869918823242e+00
2.500000000000000000e+01 2.398820668458938599e-01 0.000000000000000000e+00 -5.500371338951204336e-11 2.400041371583938599e-01 0.000000000000000000e+00 4.000000000000000000e+00 8.191000000000000000e+03 0.000000000000000000e+00 1.000000000000000000e+00 2.756399869918823242e+00
2.520000076293945312e+01 2.497152239084243774e-01 0.000000000000000000e+00 -5.034409347737245355e-11 2.500011622905731201e-01 0.000000000000000000e+00 4.000000000000000000e+00 6.143000000000000000e+03 0.000000000000000000e+00 1.000000000000000000e+00 2.756399869918823242e+00
2.539999961853027344e+01 2.603399753570556641e-01 0.000000000000000000e+00 -5.049423379421824620e-11 2.599982023239135742e-01 0.000000000000000000e+00 4.000000000000000000e+00 8.191000000000000000e+03 0.000000000000000000e+00 1.000000000000000000e+00 2.756399869918823242e+00
2.560000038146972656e+01 2.701939642429351807e-01 0.000000000000000000e+00 -5.196599053847172911e-11 2.699952423572540283e-01 0.000000000000000000e+00 4.000000000000000000e+00 8.191000000000000000e+03 0.000000000000000000e+00 1.000000000000000000e+00 2.756399869918823242e+00
2.580000114440917969e+01 2.802418172359466553e-01 0.000000000000000000e+00 -4.929687213994782269e-11 2.800047695636749268e-01 0.000000000000000000e+00 4.000000000000000000e+00 8.191000000000000000e+03 0.000000000000000000e+00 1.000000000000000000e+00 2.756399869918823242e+00
2.600000000000000000e+01 2.906485497951507568e-01 0.000000000000000000e+00 -4.903068229200613359e-11 2.900017797946929932e-01 0.000000000000000000e+00 4.000000000000000000e+00 8.191000000000000000e+03 0.000000000000000000e+00 1.000000000000000000e+00 2.756399869918823242e+00
2.620000076293945312e+01 3.000085055828094482e-01 0.000000000000000000e+00 -5.414266951442314735e-11 2.999988198280334473e-01 0.000000000000000000e+00 4.000000000000000000e+00 8.191000000000000000e+03 0.000000000000000000e+00 1.000000000000000000e+00 2.756399869918823242e+00
2.639999961853027344e+01 2.903399467468261719e-01 0.000000000000000000e+00 -4.850874563144813578e-11 2.900017797946929932e-01 0.000000000000000000e+00 4.000000000000000000e+00 8.191000000000000000e+03 0.000000000000000000e+00 1.000000000000000000e+00 2.756399869918823242e+00
2.660000038146972656e+01 2.804917991161346436e-01 0.000000000000000000e+00 -4.520441312938494605e-11 2.800047695636749268e-01 0.000000000000000000e+00 4.000000000000000000e+00 8.191000000000000000e+03 0.000000000000000000e+00 1.000000000000000000e+00 2.756399869918823242e+00
2.680000114440917969e+01 2.701158225536346436e-01 0.000000000000000000e+00 -4.449337079326376454e-11 2.699952423572540283e-01 0.000000000000000000e+00 4.000000000000000000e+00 8.191000000000000000e+03 0.000000000000000000e+00 1.000000000000000000e+00 2.756199836730957031e+00
2.700000000000000000e+01 2.604962289333343506e-01 0.000000000000000000e+00 -4.124623212420353013e-11 2.599982023239135742e-01 0.000000000000000000e+00 4.000000000000000000e+00 8.191000000000000000e+03 0.000000000000000000e+00 1.000000000000000000e+00 2.756199836730957031e+00
2.720000076293945312e+01 2.505124211311340332e-01 0.000000000000000000e+00 -3.870790840632132301e-11 2.500011622905731201e-01 0.000000000000000000e+00 4.000000000000000000e+00 8.191000000000000000e+03 0.000000000000000000e+00 1.000000000000000000e+00 2.756199836730957031e+00
2.739999961853027344e+01 2.406230121850967407e-01 0.000000000000000000e+00 -3.785145807899681358e-11 2.400041371583938599e-01 0.000000000000000000e+00 4.000000000000000000e+00 8.191000000000000000e+03 0.000000000000000000e+00 1.000000000000000000e+00 2.756199836730957031e+00
2.760000038146972656e+01 2.302459478378295898e-01 0.000000000000000000e+00 -3.493298705858904896e-11 2.299945950508117676e-01 0.000000000000000000e+00 4.000000000000000000e+00 6.143000000000000000e+03 0.000000000000000000e+00 1.000000000000000000e+00 2.756199836730957031e+00
2.780000114440917969e+01 2.206732630729675293e-01 0.000000000000000000e+00 -3.230602937942528285e-11 2.199975699186325073e-01 0.000000000000000000e+00 4.000000000000000000e+00 8.191000000000000000e+03 0.000000000000000000e+00 1.000000000000000000e+00 2.756099939346313477e+00
2.800000000000000000e+01 2.101907432079315186e-01 0.000000000000000000e+00 -3.328785164180558809e-11 2.100005298852920532e-01 0.000000000000000000e+00 4.000000000000000000e+00 8.191000000000000000e+03 0.000000000000000000e+00 1.000000000000000000e+00 2.756099939346313477e+00
2.820000076293945312e+01 2.001063525676727295e-01 0.000000000000000000e+00 -3.358311892465160042e-11 2.000034898519515991e-01 0.000000000000000000e+00 4.000000000000000000e+00 8.191000000000000000e+03 0.000000000000000000e+00 1.000000000000000000e+00 2.756099939346313477e+00
2.839999961853027344e+01 1.910020411014556885e-01 0.000000000000000000e+00 -3.040653145935934276e-11 1.899939626455307007e-01 0.000000000000000000e+00 4.000000000000000000e+00 8.191000000000000000e+03 0.000000000000000000e+00 1.000000000000000000e+00 2.756099939346313477e+00
2.860000038146972656e+01 1.806911081075668335e-01 0.000000000000000000e+00 -2.819228010764174286e-11 1.799969226121902466e-01 0.000000000000000000e+00 4.000000000000000000e+00 8.191000000000000000e+03 0.000000000000000000e+00 1.000000000000000000e+00 2.756099939346313477e+00
2.880000114440917969e+01 1.702477484941482544e-01 0.000000000000000000e+00 -2.951640321047221960e-11 1.699998974800109863e-01 0.000000000000000000e+00 4.000000000000000000e+00 8.191000000000000000e+03 0.000000000000000000e+00 1.000000000000000000e+00 2.756099939346313477e+00
2.900000000000000000e+01 1.604661196470260620e-01 0.000000000000000000e+00 -2.661546504023615256e-11 1.600028574466705322e-01 0.000000000000000000e+00 4.000000000000000000e+00 8.191000000000000000e+03 0.000000000000000000e+00 1.000000000000000000e+00 2.756099939346313477e+00
2.920000076293945312e+01 1.502789556980133057e-01 0.000000000000000000e+00 -2.931645204373722891e-11 1.500058174133300781e-01 0.000000000000000000e+00 4.000000000000000000e+00 8.191000000000000000e+03 0.000000000000000000e+00 1.000000000000000000e+00 2.756099939346313477e+00
2.939999961853027344e+01 1.402581334114074707e-01 0.000000000000000000e+00 -2.610632890420738761e-11 1.399962902069091797e-01 0.000000000000000000e+00 4.000000000000000000e+00 8.191000000000000000e+03 0.000000000000000000e+00 1.000000000000000000e+00 2.756099939346313477e+00
2.960000038146972656e+01 1.305404752492904663e-01 0.000000000000000000e+00 -2.533670148685551737e-11 1.299992501735687256e-01 0.000000000000000000e+00 4.000000000000000000e+00 8.191000000000000000e+03 0.000000000000000000e+00 1.000000000000000000e+00 2.756099939346313477e+00
2.980000114440917969e+01 1.204603314399719238e-01 0.000000000000000000e+00 -2.491689493622217810e-11 1.200022250413894653e-01 0.000000000000000000e+00 4.000000000000000000e+00 8.191000000000000000e+03 0.000000000000000000e+00 1.000000000000000000e+00 2.756299972534179688e+00
3.000000000000000000e+01 1.106067299842834473e-01 0.000000000000000000e+00 -2.138436476506466732e-11 1.100051850080490112e-01 0.000000000000000000e+00 4.000000000000000000e+00 8.191000000000000000e+03 0.000000000000000000e+00 1.000000000000000000e+00 2.756299972534179688e+00
3.020000076293945312e+01 1.006457135081291199e-01 0.000000000000000000e+00 -1.863412202318670552e-11 9.999565780162811279e-02 0.000000000000000000e+00 4.000000000000000000e+00 8.191000000000000000e+03 0.000000000000000000e+00 1.000000000000000000e+00 2.756299972534179688e+00
3.039999961853027344e+01 9.007818996906280518e-02 0.000000000000000000e+00 -2.000138249469429752e-11 8.999861776828765869e-02 0.000000000000000000e+00 4.000000000000000000e+00 8.191000000000000000e+03 0.000000000000000000e+00 1.000000000000000000e+00 2.756299972534179688e+00
3.060000038146972656e+01 8.023440092802047729e-02 0.000000000000000000e+00 -1.661328886959356765e-11 8.000158518552780151e-02 0.000000000000000000e+00 4.000000000000000000e+00 8.191000000000000000e+03 0.000000000000000000e+00 1.000000000000000000e+00 2.756299972534179688e+00
3.080000114440917969e+01 7.073393464088439941e-02 0.000000000000000000e+00 -1.444036470260590121e-11 7.000455260276794434e-02 0.000000000000000000e+00 4.000000000000000000e+00 8.191000000000000000e+03 0.000000000000000000e+00 1.000000000000000000e+00 2.756299972534179688e+00
3.100000000000000000e+01 6.002893671393394470e-02 0.000000000000000000e+00 -1.391104939574283605e-11 5.999501794576644897e-02 0.000000000000000000e+00 4.000000000000000000e+00 8.191000000000000000e+03 0.000000000000000000e+00 1.000000000000000000e+00 2.756299972534179688e+00
3.120000076293945312e+01 5.056656152009963989e-02 0.000000000000000000e+00 -1.162778380525697486e-11 4.999798536300659180e-02 0.000000000000000000e+00 4.000000000000000000e+00 8.191000000000000000e+03 0.000000000000000000e+00 1.000000000000000000e+00 2.756299972534179688e+00
3.139999961853027344e+01 4.014205932617187500e-02 0.000000000000000000e+00 -1.417695908584315490e-11 4.000094905495643616e-02 0.000000000000000000e+00 4.000000000000000000e+00 8.191000000000000000e+03 0.000000000000000000e+00 1.000000000000000000e+00 2.756299972534179688e+00
3.160000038146972656e+01 3.019737638533115387e-02 0.000000000000000000e+00 -1.286855864923719395e-11 3.000391460955142975e-02 0.000000000000000000e+00 4.000000000000000000e+00 8.191000000000000000e+03 0.000000000000000000e+00 1.000000000000000000e+00 2.756299972534179688e+00
3.180000114440917969e+01 2.008321695029735565e-02 0.000000000000000000e+00 -1.185445405033069832e-11 1.999438367784023285e-02 0.000000000000000000e+00 4.000000000000000000e+00 8.191000000000000000e+03 0.000000000000000000e+00 1.000000000000000000e+00 2.756199836730957031e+00
3.200000000000000000e+01 6.249470170587301254e-03 0.000000000000000000e+00 -4.561194304197879745e-12 9.997349232435226440e-03 0.000000000000000000e+00 4.000000000000000000e+00 6.143000000000000000e+03 0.000000000000000000e+00 1.000000000000000000e+00 2.756199836730957031e+00
3.220000076293945312e+01 3.363923460710793734e-04 0.000000000000000000e+00 -9.630465695742440602e-12 3.129243850708007812e-07 0.000000000000000000e+00 4.000000000000000000e+00 8.191000000000000000e+03 0.000000000000000000e+00 1.000000000000000000e+00 2.756199836730957031e+00
3.240000152587890625e+01 -3.920946270227432251e-03 0.000000000000000000e+00 -5.253173330360683124e-12 -9.996719658374786377e-03 0.000000000000000000e+00 4.000000000000000000e+00 6.143000000000000000e+03 0.000000000000000000e+00 1.000000000000000000e+00 2.756199836730957031e+00
3.260000228881835938e+01 -1.992618478834629059e-02 0.000000000000000000e+00 -5.569593831272756645e-12 -1.999375596642494202e-02 0.000000000000000000e+00 4.000000000000000000e+00 8.191000000000000000e+03 0.000000000000000000e+00 1.000000000000000000e+00 2.756199836730957031e+00
3.279999923706054688e+01 -1.301363203674554825e-02 0.000000000000000000e+00 -4.689487513587220491e-12 -3.000328317284584045e-02 0.000000000000000000e+00 4.000000000000000000e+00 6.143000000000000000e+03 0.000000000000000000e+00 1.000000000000000000e+00 2.756199836730957031e+00
3.300000000000000000e+01 -3.996716812252998352e-02 0.000000000000000000e+00 -8.379671088964979475e-12 -4.000032320618629456e-02 0.000000000000000000e+00 4.000000000000000000e+00 8.191000000000000000e+03 0.000000000000000000e+00 1.000000000000000000e+00 2.756199836730957031e+00
3.320000076293945312e+01 -4.979586601257324219e-02 0.000000000000000000e+00 -6.712130851127540154e-12 -4.999735578894615173e-02 0.000000000000000000e+00 4.000000000000000000e+00 8.191000000000000000e+03 0.000000000000000000e+00 1.000000000000000000e+00 2.756199836730957031e+00
3.340000152587890625e+01 -6.005565449595451355e-02 0.000000000000000000e+00 -4.960094834860484525e-13 -5.999438837170600891e-02 0.000000000000000000e+00 4.000000000000000000e+00 8.191000000000000000e+03 0.000000000000000000e+00 1.000000000000000000e+00 2.756199836730957031e+00
3.360000228881835938e+01 -7.010605186223983765e-02 0.000000000000000000e+00 -2.429598622982753753e-12 -7.000392675399780273e-02 0.000000000000000000e+00 4.000000000000000000e+00 8.191000000000000000e+03 0.000000000000000000e+00 1.000000000000000000e+00 2.756199836730957031e+00
3.379999923706054688e+01 -7.980065792798995972e-02 0.000000000000000000e+00 2.728865310802630617e-12 -8.000095188617706299e-02 0.000000000000000000e+00 4.000000000000000000e+00 8.191000000000000000e+03 0.000000000000000000e+00 1.000000000000000000e+00 2.756500005722045898e+00
3.400000000000000000e+01 -8.978524059057235718e-02 0.000000000000000000e+00 7.101426217903661353e-12 -8.999799191951751709e-02 0.000000000000000000e+00 4.000000000000000000e+00 8.191000000000000000e+03 0.000000000000000000e+00 1.000000000000000000e+00 2.756500005722045898e+00
3.420000076293945312e+01 -9.966641664505004883e-02 0.000000000000000000e+00 7.504813610836880144e-12 -9.999501705169677734e-02 0.000000000000000000e+00 4.000000000000000000e+00 8.191000000000000000e+03 0.000000000000000000e+00 1.000000000000000000e+00 2.756500005722045898e+00
3.440000152587890625e+01 -1.093600094318389893e-01 0.000000000000000000e+00 1.019327504347966595e-11 -1.100045591592788696e-01 0.000000000000000000e+00 4.000000000000000000e+00 8.191000000000000000e+03 0.000000000000000000e+00 1.000000000000000000e+00 2.756500005722045898e+00
3.460000228881835938e+01 -1.195075064897537231e-01 0.000000000000000000e+00 8.803614087726785442e-12 -1.200015842914581299e-01 0.000000000000000000e+00 4.000000000000000000e+00 8.191000000000000000e+03 0.000000000000000000e+00 1.000000000000000000e+00 2.756500005722045898e+00
3.479999923706054688e+01 -1.295686215162277222e-01 0.000000000000000000e+00 7.689183491310647156e-12 -1.299986243247985840e-01 0.000000000000000000e+00 4.000000000000000000e+00 8.191000000000000000e+03 0.000000000000000000e+00 1.000000000000000000e+00 2.756199836730957031e+00
3.500000000000000000e+01 -1.398084461688995361e-01 0.000000000000000000e+00 7.393356760143632300e-12 -1.399956643581390381e-01 0.000000000000000000e+00 4.000000000000000000e+00 8.191000000000000000e+03 0.000000000000000000e+00 1.000000000000000000e+00 2.756199836730957031e+00
3.520000076293945312e+01 -1.499446332454681396e-01 0.000000000000000000e+00 7.419377612283284407e-12 -1.500051915645599365e-01 0.000000000000000000e+00 4.000000000000000000e+00 8.191000000000000000e+03 0.000000000000000000e+00 1.000000000000000000e+00 2.756199836730957031e+00
3.540000152587890625e+01 -1.598080694675445557e-01 0.000000000000000000e+00 1.199690086856053384e-11 -1.600022166967391968e-01 0.000000000000000000e+00 4.000000000000000000e+00 8.191000000000000000e+03 0.000000000000000000e+00 1.000000000000000000e+00 2.756199836730957031e+00
3.560000228881835938e+01 -1.701563745737075806e-01 0.000000000000000000e+00 9.064792319546377541e-12 -1.699992567300796509e-01 0.000000000000000000e+00 4.000000000000000000e+00 8.191000000000000000e+03 0.000000000000000000e+00 1.000000000000000000e+00 2.756199836730957031e+00
3.579999923706054688e+01 -1.798251718282699585e-01 0.000000000000000000e+00 1.329597976856833341e-11 -1.799962967634201050e-01 0.000000000000000000e+00 4.000000000000000000e+00 8.191000000000000000e+03 0.000000000000000000e+00 1.000000000000000000e+00 2.756199836730957031e+00
3.600000000000000000e+01 -1.897701472043991089e-01 0.000000000000000000e+00 1.370047998661139133e-11 -1.900058239698410034e-01 0.000000000000000000e+00 4.000000000000000000e+00 8.191000000000000000e+03 0.000000000000000000e+00 1.000000000000000000e+00 2.756199836730957031e+00
3.620000076293945312e+01 -1.997992843389511108e-01 0.000000000000000000e+00 1.366388599488566058e-11 -2.000028640031814575e-01 0.000000000000000000e+00 4.000000000000000000e+00 8.191000000000000000e+03 0.000000000000000000e+00 1.000000000000000000e+00 2.756199836730957031e+00
3.640000152587890625e+01 -1.896106749773025513e-01 0.000000000000000000e+00 1.395540020349139709e-11 -1.900058239698410034e-01 0.000000000000000000e+00 4.000000000000000000e+00 8.191000000000000000e+03 0.000000000000000000e+00 2.000000000000000000e+00 2.756199836730957031e+00
3.660000228881835938e+01 -1.800583451986312866e-01 0.000000000000000000e+00 1.475410418838585258e-11 -1.799962967634201050e-01 0.000000000000000000e+00 4.000000000000000000e+00 8.191000000000000000e+03 0.000000000000000000e+00 2.000000000000000000e+00 2.756199836730957031e+00
3.679999923706054688e+01 -1.697490811347961426e-01 0.000000000000000000e+00 1.673764599141591702e-11 -1.699992567300796509e-01 0.000000000000000000e+00 4.000000000000000000e+00 8.191000000000000000e+03 0.000000000000000000e+00 2.000000000000000000e+00 2.756199836730957031e+00
3.700000000000000000e+01 -1.604594439268112183e-01 0.000000000000000000e+00 1.160033180624964189e-11 -1.600022166967391968e-01 0.000000000000000000e+00 4.000000000000000000e+00 8.191000000000000000e+03 0.000000000000000000e+00 2.000000000000000000e+00 2.756199836730957031e+00
3.720000076293945312e+01 -1.498093307018280029e-01 0.000000000000000000e+00 1.887703361680426184e-11 -1.500051915645599365e-01 0.000000000000000000e+00 4.000000000000000000e+00 8.191000000000000000e+03 0.000000000000000000e+00 2.000000000000000000e+00 2.756199836730957031e+00
3.740000152587890625e+01 -1.398877799510955811e-01 0.000000000000000000e+00 1.639269969766488089e-11 -1.399956643581390381e-01 0.000000000000000000e+00 4.000000000000000000e+00 8.191000000000000000e+03 0.000000000000000000e+00 2.000000000000000000e+00 2.756199836730957031e+00
3.760000228881835938e+01 -1.303161382675170898e-01 0.000000000000000000e+00 1.408577941786059995e-11 -1.299986243247985840e-01 0.000000000000000000e+00 4.000000000000000000e+00 8.191000000000000000e+03 0.000000000000000000e+00 2.000000000000000000e+00 2.756199836730957031e+00
3.779999923706054688e+01 -1.202526316046714783e-01 0.000000000000000000e+00 1.346685176567552489e-11 -1.200015842914581299e-01 0.000000000000000000e+00 4.000000000000000000e+00 8.191000000000000000e+03 0.000000000000000000e+00 2.000000000000000000e+00 2.756199836730957031e+00
3.800000000000000000e+01 -1.099918186664581299e-01 0.000000000000000000e+00 1.632257003170156651e-11 -1.100045591592788696e-01 0.000000000000000000e+00 4.000000000000000000e+00 8.191000000000000000e+03 0.000000000000000000e+00 2.000000000000000000e+00 2.756199836730957031e+00
3.820000076293945312e+01 -1.003120541572570801e-01 0.000000000000000000e+00 1.419236689975678090e-11 -9.999501705169677734e-02 0.000000000000000000e+00 4.000000000000000000e+00 8.191000000000000000e+03 0.000000000000000000e+00 2.000000000000000000e+00 2.756199836730957031e+00
3.840000152587890625e+01 -9.007848799228668213e-02 0.000000000000000000e+00 1.182199303728648232e-11 -8.999799191951751709e-02 0.000000000000000000e+00 4.000000000000000000e+00 8.191000000000000000e+03 0.000000000000000000e+00 2.000000000000000000e+00 2.756199836730957031e+00
3.860000228881835938e+01 -8.037059754133224487e-02 0.000000000000000000e+00 9.419896286610995872e-12 -8.000095188617706299e-02 0.000000000000000000e+00 4.000000000000000000e+00 8.191000000000000000e+03 0.000000000000000000e+00 2.000000000000000000e+00 2.756199836730957031e+00
3.879999923706054688e+01 -7.077127695083618164e-02 0.000000000000000000e+00 8.681721140602061126e-12 -7.000392675399780273e-02 0.000000000000000000e+00 4.000000000000000000e+00 8.191000000000000000e+03 0.000000000000000000e+00 2.000000000000000000e+00 2.756099939346313477e+00
3.900000000000000000e+01 -6.036679819226264954e-02 0.000000000000000000e+00 1.218976048572573134e-11 -5.999438837170600891e-02 0.000000000000000000e+00 4.000000000000000000e+00 8.191000000000000000e+03 0.000000000000000000e+00 2.000000000000000000e+00 2.756099939346313477e+00
3.920000076293945312e+01 -5.048343911767005920e-02 0.000000000000000000e+00 1.393828455431567193e-11 -4.999735578894615173e-02 0.000000000000000000e+00 4.000000000000000000e+00 8.191000000000000000e+03 0.000000000000000000e+00 2.000000000000000000e+00 2.756099939346313477e+00
3.940000152587890625e+01 -4.052518308162689209e-02 0.000000000000000000e+00 1.139648184850239332e-11 -4.000032320618629456e-02 0.000000000000000000e+00 4.000000000000000000e+00 8.191000000000000000e+03 0.000000000000000000e+00 2.000000000000000000e+00 2.756099939346313477e+00
3.960000228881835938e+01 -3.028074838221073151e-02 0.000000000000000000e+00 1.361532241117568987e-11 -3.000328317284584045e-02 0.000000000000000000e+00 4.000000000000000000e+00 8.191000000000000000e+03 0.000000000000000000e+00 2.000000000000000000e+00 2.756099939346313477e+00
3.979999923706054688e+01 -2.036044001579284668e-02 0.000000000000000000e+00 1.244509530151649557e-11 -1.999375596642494202e-02 0.000000000000000000e+00 4.000000000000000000e+00 8.191000000000000000e+03 0.000000000000000000e+00 2.000000000000000000e+00 2.756099939346313477e+00
4.000000000000000000e+01 -4.503506701439619064e-03 0.000000000000000000e+00 1.512228710309759805e-11 -9.996719658374786377e-03 0.000000000000000000e+00 4.000000000000000000e+00 6.143000000000000000e+03 0.000000000000000000e+00 2.000000000000000000e+00 2.756099939346313477e+00
4.020000076293945312e+01 -3.753921191673725843e-04 0.000000000000000000e+00 1.291652548807142864e-11 3.129243850708007812e-07 0.000000000000000000e+00 4.000000000000000000e+00 8.191000000000000000e+03 0.000000000000000000e+00 2.000000000000000000e+00 2.756099939346313477e+00
4.040000152587890625e+01 5.458072759211063385e-03 0.000000000000000000e+00 1.236953855315858775e-11 9.997349232435226440e-03 0.000000000000000000e+00 4.000000000000000000e+00 6.143000000000000000e+03 0.000000000000000000e+00 2.000000000000000000e+00 2.756099939346313477e+00
4.060000228881835938e+01 1.983035728335380554e-02 0.000000000000000000e+00 9.225368732823646667e-12 1.999438367784023285e-02 0.000000000000000000e+00 4.000000000000000000e+00 8.191000000000000000e+03 0.000000000000000000e+00 2.000000000000000000e+00 2.756099939346313477e+00
4.079999923706054688e+01 1.538848225027322769e-02 0.000000000000000000e+00 1.300335446957623375e-11 3.000391460955142975e-02 0.000000000000000000e+00 4.000000000000000000e+00 6.143000000000000000e+03 0.000000000000000000e+00 2.000000000000000000e+00 2.756099939346313477e+00
4.100000000000000000e+01 3.987141326069831848e-02 0.000000000000000000e+00 1.259231260930526730e-11 4.000094905495643616e-02 0.000000000000000000e+00 4.000000000000000000e+00 8.191000000000000000e+03 0.000000000000000000e+00 2.000000000000000000e+00 2.756099939346313477e+00
4.120000076293945312e+01 4.962257295846939087e-02 0.000000000000000000e+00 6.328741350425381995e-12 4.999798536300659180e-02 0.000000000000000000e+00 4.000000000000000000e+00 8.191000000000000000e+03 0.000000000000000000e+00 2.000000000000000000e+00 2.756099939346313477e+00
4.140000152587890625e+01 5.935789272189140320e-02 0.000000000000000000e+00 4.702668376238561265e-12 5.999501794576644897e-02 0.000000000000000000e+00 4.000000000000000000e+00 8.191000000000000000e+03 0.000000000000000000e+00 2.000000000000000000e+00 2.756099939346313477e+00
4.160000228881835938e+01 6.945499777793884277e-02 0.000000000000000000e+00 1.988880631367817564e-12 7.000455260276794434e-02 0.000000000000000000e+00 4.000000000000000000e+00 8.191000000000000000e+03 0.000000000000000000e+00 2.000000000000000000e+00 2.756099939346313477e+00
4.179999923706054688e+01 7.963903993368148804e-02 0.000000000000000000e+00 3.181371832639001695e-12 8.000158518552780151e-02 0.000000000000000000e+00 4.000000000000000000e+00 8.191000000000000000e+03 0.000000000000000000e+00 2.000000000000000000e+00 2.756399869918823242e+00
4.200000000000000000e+01 8.952593803405761719e-02 0.000000000000000000e+00 1.456364542851140698e-12 8.999861776828765869e-02 0.000000000000000000e+00 4.000000000000000000e+00 8.191000000000000000e+03 0.000000000000000000e+00 2.000000000000000000e+00 2.756399869918823242e+00
4.220000076293945312e+01 9.962948411703109741e-02 0.000000000000000000e+00 3.690685181512859403e-13 9.999565780162811279e-02 0.000000000000000000e+00 4.000000000000000000e+00 8.191000000000000000e+03 0.000000000000000000e+00 2.000000000000000000e+00 2.756399869918823242e+00
4.240000152587890625e+01 1.094918474555015564e-01 0.000000000000000000e+00 2.228246883881346285e-13 1.100051850080490112e-01 0.000000000000000000e+00 4.000000000000000000e+00 8.191000000000000000e+03 0.000000000000000000e+00 2.000000000000000000e+00 2.756399869918823242e+00
4.260000228881835938e+01 1.191161721944808960e-01 0.000000000000000000e+00 -2.245924366622853441e-12 1.200022250413894653e-01 0.000000000000000000e+00 4.000000000000000000e+00 8.191000000000000000e+03 0.000000000000000000e+00 2.000000000000000000e+00 2.756399869918823242e+00
4.279999923706054688e+01 1.295272558927536011e-01 0.000000000000000000e+00 -1.850156041826450659e-13 1.299992501735687256e-01 0.000000000000000000e+00 4.000000000000000000e+00 8.191000000000000000e+03 0.000000000000000000e+00 2.000000000000000000e+00 2.756099939346313477e+00
4.300000000000000000e+01 1.396921426057815552e-01 0.000000000000000000e+00 -1.080427739462430647e-12 1.399962902069091797e-01 0.000000000000000000e+00 4.000000000000000000e+00 8.191000000000000000e+03 0.000000000000000000e+00 2.000000000000000000e+00 2.756099939346313477e+00
4.320000076293945312e+01 1.498034447431564331e-01 0.000000000000000000e+00 1.055759754793605953e-12 1.500058174133300781e-01 0.000000000000000000e+00 4.000000000000000000e+00 8.191000000000000000e+03 0.000000000000000000e+00 2.000000000000000000e+00 2.756099939346313477e+00
4.340000152587890625e+01 1.592420786619186401e-01 0.000000000000000000e+00 -5.134897715364239446e-12 1.600028574466705322e-01 0.000000000000000000e+00 4.000000000000000000e+00 8.191000000000000000e+03 0.000000000000000000e+00 2.000000000000000000e+00 2.756099939346313477e+00
4.360000228881835938e+01 1.696826517581939697e-01 0.000000000000000000e+00 1.115075235922843855e-13 1.699998974800109863e-01 0.000000000000000000e+00 4.000000000000000000e+00 8.191000000000000000e+03 0.000000000000000000e+00 2.000000000000000000e+00 2.756099939346313477e+00
4.379999923706054688e+01 1.794600933790206909e-01 0.000000000000000000e+00 -3.674409301129832883e-12 1.799969226121902466e-01 0.000000000000000000e+00 4.000000000000000000e+00 8.191000000000000000e+03 0.000000000000000000e+00 2.000000000000000000e+00 2.756099939346313477e+00
4.400000000000000000e+01 1.896258145570755005e-01 0.000000000000000000e+00 -7.496781841143107528e-12 1.899939626455307007e-01 0.000000000000000000e+00 4.000000000000000000e+00 8.191000000000000000e+03 0.000000000000000000e+00 2.000000000000000000e+00 2.756099939346313477e+00
4.420000076293945312e+01 1.991076022386550903e-01 0.000000000000000000e+00 -9.484360345701770001e-12 2.000034898519515991e-01 0.000000000000000000e+00 4.000000000000000000e+00 8.191000000000000000e+03 0.000000000000000000e+00 2.000000000000000000e+00 2.756099939346313477e+00
4.440000152587890625e+01 2.093904763460159302e-01 0.000000000000000000e+00 -8.595905237607226468e-12 2.100005298852920532e-01 0.000000000000000000e+00 4.000000000000000000e+00 8.191000000000000000e+03 0.000000000000000000e+00 2.000000000000000000e+00 2.756099939346313477e+00
4.460000228881835938e+01 2.190910428762435913e-01 0.000000000000000000e+00 -1.043598801125922293e-11 2.199975699186325073e-01 0.000000000000000000e+00 4.000000000000000000e+00 6.143000000000000000e+03 0.000000000000000000e+00 2.000000000000000000e+00 2.756099939346313477e+00
4.479999923706054688e+01 2.295148372650146484e-01 0.000000000000000000e+00 -1.577534283758730282e-11 2.299945950508117676e-01 0.000000000000000000e+00 4.000000000000000000e+00 8.191000000000000000e+03 0.000000000000000000e+00 2.000000000000000000e+00 2.756099939346313477e+00
4.500000000000000000e+01 2.392857223749160767e-01 0.000000000000000000e+00 -1.179559575015254325e-11 2.400041371583938599e-01 0.000000000000000000e+00 4.000000000000000000e+00 6.143000000000000000e+03 0.000000000000000000e+00 2.000000000000000000e+00 2.756099939346313477e+00
4.520000076293945312e+01 2.496196329593658447e-01 0.000000000000000000e+00 -1.443340759410549623e-11 2.500011622905731201e-01 0.000000000000000000e+00 4.000000000000000000e+00 8.191000000000000000e+03 0.000000000000000000e+00 2.000000000000000000e+00 2.756099939346313477e+00
4.540000152587890625e+01 2.595421373844146729e-01 0.000000000000000000e+00 -1.453790733629833909e-11 2.599982023239135742e-01 0.000000000000000000e+00 4.000000000000000000e+00 8.191000000000000000e+03 0.000000000000000000e+00 2.000000000000000000e+00 2.756099939346313477e+00
4.560000228881835938e+01 2.692716717720031738e-01 0.000000000000000000e+00 -1.751482119061176235e-11 2.699952423572540283e-01 0.000000000000000000e+00 4.000000000000000000e+00 8.191000000000000000e+03 0.000000000000000000e+00 2.000000000000000000e+00 2.756099939346313477e+00
4.579999923706054688e+01 2.794685065746307373e-01 0.000000000000000000e+00 -1.891645173834888283e-11 2.800047695636749268e-01 0.000000000000000000e+00 4.000000000000000000e+00 8.191000000000000000e+03 0.000000000000000000e+00 2.000000000000000000e+00 2.755899906158447266e+00
4.600000000000000000e+01 2.898289859294891357e-01 0.000000000000000000e+00 -1.466536614369573499e-11 2.900017797946929932e-01 0.000000000000000000e+00 4.000000000000000000e+00 8.191000000000000000e+03 0.000000000000000000e+00 2.000000000000000000e+00 2.755899906158447266e+00
4.620000076293945312e+01 2.993848323822021484e-01 0.000000000000000000e+00 -2.081525403430095622e-11 2.999988198280334473e-01 0.000000000000000000e+00 4.000000000000000000e+00 8.191000000000000000e+03 0.000000000000000000e+00 2.000000000000000000e+00 2.755899906158447266e+00
4.640000152587890625e+01 2.889984548091888428e-01 0.000000000000000000e+00 -2.423813580398892498e-11 2.900017797946929932e-01 0.000000000000000000e+00 4.000000000000000000e+00 8.191000000000000000e+03 0.000000000000000000e+00 2.000000000000000000e+00 2.755899906158447266e+00
4.660000228881835938e+01 2.793550491333007812e-01 0.000000000000000000e+00 -2.414713394516265765e-11 2.800047695636749268e-01 0.000000000000000000e+00 4.000000000000000000e+00 8.191000000000000000e+03 0.000000000000000000e+00 2.000000000000000000e+00 2.755899906158447266e+00
4.679999923706054688e+01 2.691717147827148438e-01 0.000000000000000000e+00 -2.571559978847837158e-11 2.699952423572540283e-01 0.000000000000000000e+00 4.000000000000000000e+00 8.191000000000000000e+03 0.000000000000000000e+00 2.000000000000000000e+00 2.755899906158447266e+00
4.700000000000000000e+01 2.591193616390228271e-01 0.000000000000000000e+00 -2.794765981140034938e-11 2.599982023239135742e-01 0.000000000000000000e+00 4.000000000000000000e+00 8.191000000000000000e+03 0.000000000000000000e+00 2.000000000000000000e+00 2.755899906158447266e+00
4.720000076293945312e+01 2.491386532783508301e-01 0.000000000000000000e+00 -3.041390056468529224e-11 2.500011622905731201e-01 0.000000000000000000e+00 4.000000000000000000e+00 8.191000000000000000e+03 0.000000000000000000e+00 2.000000000000000000e+00 2.755899906158447266e+00
4.740000152587890625e+01 2.388587146997451782e-01 0.000000000000000000e+00 -3.277286775293930532e-11 2.400041371583938599e-01 0.000000000000000000e+00 4.000000000000000000e+00 8.191000000000000000e+03 0.000000000000000000e+00 2.000000000000000000e+00 2.755899906158447266e+00
4.760000228881835938e+01 2.299671322107315063e-01 0.000000000000000000e+00 -2.975852203546125452e-11 2.299945950508117676e-01 0.000000000000000000e+00 4.000000000000000000e+00 6.143000000000000000e+03 0.000000000000000000e+00 2.000000000000000000e+00 2.755899906158447266e+00
4.779999923706054688e+01 2.187582999467849731e-01 0.000000000000000000e+00 -3.462310646518140800e-11 2.199975699186325073e-01 0.000000000000000000e+00 4.000000000000000000e+00 8.191000000000000000e+03 0.000000000000000000e+00 2.000000000000000000e+00 2.755899906158447266e+00
4.800000000000000000e+01 2.089882940053939819e-01 0.000000000000000000e+00 -3.327268321973164689e-11 2.100005298852920532e-01 0.000000000000000000e+00 4.000000000000000000e+00 6.143000000000000000e+03 0.000000000000000000e+00 2.000000000000000000e+00 2.755899906158447266e+00
4.820000076293945312e+01 1.991499513387680054e-01 0.000000000000000000e+00 -3.443901760991074923e-11 2.000034898519515991e-01 0.000000000000000000e+00 4.000000000000000000e+00 8.191000000000000000e+03 0.000000000000000000e+00 2.000000000000000000e+00 2.755899906158447266e+00
4.840000152587890625e+01 1.891092956066131592e-01 0.000000000000000000e+00 -3.645303156551982227e-11 1.899939626455307007e-01 0.000000000000000000e+00 4.000000000000000000e+00 8.191000000000000000e+03 0.000000000000000000e+00 2.000000000000000000e+00 2.755899906158447266e+00
4.860000228881835938e+01 1.795933693647384644e-01 0.000000000000000000e+00 -3.378196333780891791e-11 1.799969226121902466e-01 0.000000000000000000e+00 4.000000000000000000e+00 8.191000000000000000e+03 0.000000000000000000e+00 2.000000000000000000e+00 2.755899906158447266e+00
4.879999923706054688e+01 1.690283119678497314e-01 0.000000000000000000e+00 -3.770549497628117308e-11 1.699998974800109863e-01 0.000000000000000000e+00 4.000000000000000000e+00 8.191000000000000000e+03 0.000000000000000000e+00 2.000000000000000000e+00 2.755899906158447266e+00
4.900000000000000000e+01 1.595727056264877319e-01 0.000000000000000000e+00 -3.503915560476578150e-11 1.600028574466705322e-01 0.000000000000000000e+00 4.000000000000000000e+00 8.191000000000000000e+03 0.000000000000000000e+00 2.000000000000000000e+00 2.755899906158447266e+00
4.920000076293945312e+01 1.491586565971374512e-01 0.000000000000000000e+00 -4.255686081311438329e-11 1.500058174133300781e-01 0.000000000000000000e+00 4.000000000000000000e+00 8.191000000000000000e+03 0.000000000000000000e+00 2.000000000000000000e+00 2.755899906158447266e+00
4.940000152587890625e+01 1.394172906875610352e-01 0.000000000000000000e+00 -4.091395278127407664e-11 1.399962902069091797e-01 0.000000000000000000e+00 4.000000000000000000e+00 8.191000000000000000e+03 0.000000000000000000e+00 2.000000000000000000e+00 2.755899906158447266e+00
4.960000228881835938e+01 1.297636479139328003e-01 0.000000000000000000e+00 -3.990833358225032157e-11 1.299992501735687256e-01 0.000000000000000000e+00 4.000000000000000000e+00 8.191000000000000000e+03 0.000000000000000000e+00 2.000000000000000000e+00 2.755899906158447266e+00
4.979999923706054688e+01 1.189357861876487732e-01 0.000000000000000000e+00 -4.807683071095247840e-11 1.200022250413894653e-01 0.000000000000000000e+00 4.000000000000000000e+00 8.191000000000000000e+03 0.000000000000000000e+00 2.000000000000000000e+00 2.756099939346313477e+00
5.000000000000000000e+01 1.093873381614685059e-01 0.000000000000000000e+00 -4.593702501720642317e-11 1.100051850080490112e-01 0.000000000000000000e+00 4.000000000000000000e+00 8.191000000000000000e+03 0.000000000000000000e+00 2.000000000000000000e+00 2.756099939346313477e+00
5.020000076293945312e+01 9.950830042362213135e-02 0.000000000000000000e+00 -4.408511403153347885e-11 9.999565780162811279e-02 0.000000000000000000e+00 4.000000000000000000e+00 8.191000000000000000e+03 0.000000000000000000e+00 2.000000000000000000e+00 2.756099939346313477e+00
5.040000152587890625e+01 8.950898796319961548e-02 0.000000000000000000e+00 -4.763434091614726640e-11 8.999861776828765869e-02 0.000000000000000000e+00 4.000000000000000000e+00 8.191000000000000000e+03 0.000000000000000000e+00 2.000000000000000000e+00 2.756099939346313477e+00
5.060000228881835938e+01 7.936679571866989136e-02 0.000000000000000000e+00 -5.016779353050893064e-11 8.000158518552780151e-02 0.000000000000000000e+00 4.000000000000000000e+00 8.191000000000000000e+03 0.000000000000000000e+00 2.000000000000000000e+00 2.756099939346313477e+00
5.079999923706054688e+01 6.931155174970626831e-02 0.000000000000000000e+00 -5.128556260225458630e-11 7.000455260276794434e-02 0.000000000000000000e+00 4.000000000000000000e+00 8.191000000000000000e+03 0.000000000000000000e+00 2.000000000000000000e+00 2.756099939346313477e+00
5.100000000000000000e+01 5.970452353358268738e-02 0.000000000000000000e+00 -4.936394001897603800e-11 5.999501794576644897e-02 0.000000000000000000e+00 4.000000000000000000e+00 8.191000000000000000e+03 0.000000000000000000e+00 2.000000000000000000e+00 2.756099939346313477e+00
5.120000076293945312e+01 4.943503811955451965e-02 0.000000000000000000e+00 -5.079757448012145460e-11 4.999798536300659180e-02 0.000000000000000000e+00 4.000000000000000000e+00 8.191000000000000000e+03 0.000000000000000000e+00 2.000000000000000000e+00 2.756099939346313477e+00
5.140000152587890625e+01 3.962486982345581055e-02 0.000000000000000000e+00 -4.993555569043905962e-11 4.000094905495643616e-02 0.000000000000000000e+00 4.000000000000000000e+00 8.191000000000000000e+03 0.000000000000000000e+00 2.000000000000000000e+00 2.756099939346313477e+00
5.160000228881835938e+01 2.977951057255268097e-02 0.000000000000000000e+00 -5.075221493067161305e-11 3.000391460955142975e-02 0.000000000000000000e+00 4.000000000000000000e+00 8.191000000000000000e+03 0.000000000000000000e+00 2.000000000000000000e+00 2.756099939346313477e+00
5.179999923706054688e+01 1.955534331500530243e-02 0.000000000000000000e+00 -5.265128610876246285e-11 1.999438367784023285e-02 0.000000000000000000e+00 4.000000000000000000e+00 8.191000000000000000e+03 0.000000000000000000e+00 2.000000000000000000e+00 2.756000041961669922e+00
5.200000000000000000e+01 5.428569391369819641e-03 0.000000000000000000e+00 -5.419512755233668599e-11 9.997349232435226440e-03 0.000000000000000000e+00 4.000000000000000000e+00 6.143000000000000000e+03 0.000000000000000000e+00 2.000000000000000000e+00 2.756000041961669922e+00
5.220000076293945312e+01 -5.108046752866357565e-05 0.000000000000000000e+00 -5.503168407083869340e-11 3.129243850708007812e-07 0.000000000000000000e+00 4.000000000000000000e+00 8.191000000000000000e+03 0.000000000000000000e+00 2.000000000000000000e+00 2.756000041961669922e+00
5.240000152587890625e+01 -5.014290567487478256e-03 0.000000000000000000e+00 -5.860094354215306112e-11 -9.996719658374786377e-03 0.000000000000000000e+00 4.000000000000000000e+00 6.143000000000000000e+03 0.000000000000000000e+00 2.000000000000000000e+00 2.756000041961669922e+00
5.260000228881835938e+01 -2.077791653573513031e-02 0.000000000000000000e+00 -6.020572929088530145e-11 -1.999375596642494202e-02 0.000000000000000000e+00 4.000000000000000000e+00 8.191000000000000000e+03 0.000000000000000000e+00 2.000000000000000000e+00 2.756000041961669922e+00
5.279999923706054688e+01 -1.454689353704452515e-02 0.000000000000000000e+00 -6.060368873406218881e-11 -3.000328317284584045e-02 0.000000000000000000e+00 4.000000000000000000e+00 6.143000000000000000e+03 0.000000000000000000e+00 2.000000000000000000e+00 2.756000041961669922e+00
5.300000000000000000e+01 -4.016925767064094543e-02 0.000000000000000000e+00 -5.754287671355662326e-11 -4.000032320618629456e-02 0.000000000000000000e+00 4.000000000000000000e+00 8.191000000000000000e+03 0.000000000000000000e+00 2.000000000000000000e+00 2.756000041961669922e+00
5.320000076293945312e+01 -5.030835047364234924e-02 0.000000000000000000e+00 -5.919385814845412597e-11 -4.999735578894615173e-02 0.000000000000000000e+00 4.000000000000000000e+00 8.191000000000000000e+03 0.000000000000000000e+00 2.000000000000000000e+00 2.756000041961669922e+00
5.340000152587890625e+01 -6.066649779677391052e-02 0.000000000000000000e+00 -5.895507693143287042e-11 -5.999438837170600891e-02 0.000000000000000000e+00 4.000000000000000000e+00 8.191000000000000000e+03 0.000000000000000000e+00 2.000000000000000000e+00 2.756000041961669922e+00
5.360000228881835938e+01 -7.035860419273376465e-02 0.000000000000000000e+00 -5.983936263165290370e-11 -7.000392675399780273e-02 0.000000000000000000e+00 4.000000000000000000e+00 8.191000000000000000e+03 0.000000000000000000e+00 2.000000000000000000e+00 2.756000041961669922e+00
5.379999923706054688e+01 -8.036353439092636108e-02 0.000000000000000000e+00 -6.242972805381441503e-11 -8.000095188617706299e-02 0.000000000000000000e+00 4.000000000000000000e+00 8.191000000000000000e+03 0.000000000000000000e+00 2.000000000000000000e+00 2.756299972534179688e+00
5.400000000000000000e+01 -9.054265171289443970e-02 0.000000000000000000e+00 -5.821439164055419724e-11 -8.999799191951751709e-02 0.000000000000000000e+00 4.000000000000000000e+00 8.191000000000000000e+03 0.000000000000000000e+00 2.000000000000000000e+00 2.756299972534179688e+00
5.420000076293945312e+01 -1.004004627466201782e-01 0.000000000000000000e+00 -5.539958422562385465e-11 -9.999501705169677734e-02 0.000000000000000000e+00 4.000000000000000000e+00 8.191000000000000000e+03 0.000000000000000000e+00 2.000000000000000000e+00 2.756299972534179688e+00
5.440000152587890625e+01 -1.105638667941093445e-01 0.000000000000000000e+00 -5.658539956043817654e-11 -1.100045591592788696e-01 0.000000000000000000e+00 4.000000000000000000e+00 8.191000000000000000e+03 0.000000000000000000e+00 2.000000000000000000e+00 2.756299972534179688e+00
5.460000228881835938e+01 -1.201468482613563538e-01 0.000000000000000000e+00 -6.006894981425148217e-11 -1.200015842914581299e-01 0.000000000000000000e+00 4.000000000000000000e+00 8.191000000000000000e+03 0.000000000000000000e+00 2.000000000000000000e+00 2.756299972534179688e+00
5.479999923706054688e+01 -1.298416256904602051e-01 0.000000000000000000e+00 -6.016509512818402072e-11 -1.299986243247985840e-01 0.000000000000000000e+00 4.000000000000000000e+00 8.191000000000000000e+03 0.000000000000000000e+00 2.000000000000000000e+00 2.756000041961669922e+00
5.500000000000000000e+01 -1.400193870067596436e-01 0.000000000000000000e+00 -6.640404198732241525e-11 -1.399956643581390381e-01 0.000000000000000000e+00 4.000000000000000000e+00 8.191000000000000000e+03 0.000000000000000000e+00 2.000000000000000000e+00 2.756000041961669922e+00
5.520000076293945312e+01 -1.499238312244415283e-01 0.000000000000000000e+00 -5.866328256498576366e-11 -1.500051915645599365e-01 0.000000000000000000e+00 4.000000000000000000e+00 8.191000000000000000e+03 0.000000000000000000e+00 2.000000000000000000e+00 2.756000041961669922e+00
5.540000152587890625e+01 -1.605254262685775757e-01 0.000000000000000000e+00 -6.496567173108758197e-11 -1.600022166967391968e-01 0.000000000000000000e+00 4.000000000000000000e+00 8.191000000000000000e+03 0.000000000000000000e+00 2.000000000000000000e+00 2.756000041961669922e+00
5.560000228881835938e+01 -1.702908277511596680e-01 0.000000000000000000e+00 -6.029366589332951776e-11 -1.699992567300796509e-01 0.000000000000000000e+00 4.000000000000000000e+00 8.191000000000000000e+03 0.000000000000000000e+00 2.000000000000000000e+00 2.756000041961669922e+00
5.579999923706054688e+01 -1.803810000419616699e-01 0.000000000000000000e+00 -6.411855074661687581e-11 -1.799962967634201050e-01 0.000000000000000000e+00 4.000000000000000000e+00 8.191000000000000000e+03 0.000000000000000000e+00 2.000000000000000000e+00 2.756000041961669922e+00
5.600000000000000000e+01 -1.907257735729217529e-01 0.000000000000000000e+00 -6.630816729025212908e-11 -1.900058239698410034e-01 0.000000000000000000e+00 4.000000000000000000e+00 8.191000000000000000e+03 0.000000000000000000e+00 2.000000000000000000e+00 2.756000041961669922e+00
5.620000076293945312e+01 -1.994940638542175293e-01 0.000000000000000000e+00 -6.075327046994871694e-11 -2.000028640031814575e-01 0.000000000000000000e+00 4.000000000000000000e+00 6.143000000000000000e+03 0.000000000000000000e+00 2.000000000000000000e+00 2.756000041961669922e+00
5.640000152587890625e+01 -2.003045231103897095e-01 0.000000000000000000e+00 -6.200267382849844466e-11 -2.000028640031814575e-01 0.000000000000000000e+00 4.000000000000000000e+00 8.191000000000000000e+03 0.000000000000000000e+00 3.000000000000000000e+00 2.756000041961669922e+00
