2.000000029802322388e-01 3.798794932663440704e-05 0.000000000000000000e+00 1.946991915247053839e-06 3.129243850708007812e-07 0.000000000000000000e+00 8.000000000000000000e+00 8.191000000000000000e+03 0.000000000000000000e+00 0.000000000000000000e+00 2.756999969482421875e+00
4.000000059604644775e-01 1.012059487402439117e-02 0.000000000000000000e+00 3.373360641489853151e-06 9.997349232435226440e-03 0.000000000000000000e+00 7.000000000000000000e+00 8.191000000000000000e+03 0.000000000000000000e+00 0.000000000000000000e+00 2.756999969482421875e+00
6.000000238418579102e-01 2.016419358551502228e-02 0.000000000000000000e+00 5.184544988878769800e-06 1.999438367784023285e-02 0.000000000000000000e+00 7.000000000000000000e+00 8.191000000000000000e+03 0.000000000000000000e+00 0.000000000000000000e+00 2.756999969482421875e+00
8.000000119209289551e-01 2.957451716065406799e-02 0.000000000000000000e+00 7.564452971564605832e-06 3.000391460955142975e-02 0.000000000000000000e+00 7.000000000000000000e+00 6.143000000000000000e+03 0.000000000000000000e+00 0.000000000000000000e+00 2.756999969482421875e+00
1.000000000000000000e+00 4.018634930253028870e-02 0.000000000000000000e+00 1.059294572769431397e-05 4.000094905495643616e-02 0.000000000000000000e+00 7.000000000000000000e+00 7.164000000000000000e+03 0.000000000000000000e+00 0.000000000000000000e+00 2.756999969482421875e+00
1.200000047683715820e+00 5.016914382576942444e-02 0.000000000000000000e+00 1.443367091269465163e-05 4.999798536300659180e-02 0.000000000000000000e+00 8.000000000000000000e+00 8.191000000000000000e+03 0.000000000000000000e+00 0.000000000000000000e+00 2.756999969482421875e+00
1.399999976158142090e+00 6.017300486564636230e-02 0.000000000000000000e+00 1.895208515634294599e-05 5.999501794576644897e-02 0.000000000000000000e+00 8.000000000000000000e+00 8.191000000000000000e+03 0.000000000000000000e+00 0.000000000000000000e+00 2.756999969482421875e+00
1.600000023841857910e+00 7.017757743597030640e-02 0.000000000000000000e+00 2.410767956462223083e-05 7.000455260276794434e-02 0.000000000000000000e+00 8.000000000000000000e+00 8.191000000000000000e+03 0.000000000000000000e+00 0.000000000000000000e+00 2.756999969482421875e+00
1.800000071525573730e+00 8.017219603061676025e-02 0.000000000000000000e+00 2.965622115880250931e-05 8.000158518552780151e-02 0.000000000000000000e+00 8.000000000000000000e+00 8.191000000000000000e+03 0.000000000000000000e+00 0.000000000000000000e+00 2.756921768188476562e+00
2.000000000000000000e+00 9.013592451810836792e-02 0.000000000000000000e+00 3.533173367031849921e-05 8.999861776828765869e-02 0.000000000000000000e+00 8.000000000000000000e+00 8.191000000000000000e+03 0.000000000000000000e+00 0.000000000000000000e+00 2.756299972534179688e+00
2.200000047683715820e+00 1.001868098974227905e-01 0.000000000000000000e+00 4.084835381945595145e-05 9.999565780162811279e-02 0.000000000000000000e+00 8.000000000000000000e+00 8.191000000000000000e+03 0.000000000000000000e+00 0.000000000000000000e+00 2.756299972534179688e+00
2.400000095367431641e+00 1.101177483797073364e-01 0.000000000000000000e+00 4.563920447253622115e-05 1.100051850080490112e-01 0.000000000000000000e+00 8.000000000000000000e+00 8.191000000000000000e+03 0.000000000000000000e+00 0.000000000000000000e+00 2.756299972534179688e+00
2.600000143051147461e+00 1.201789677143096924e-01 0.000000000000000000e+00 4.935470133204944432e-05 1.200022250413894653e-01 0.000000000000000000e+00 8.000000000000000000e+00 8.191000000000000000e+03 0.000000000000000000e+00 0.000000000000000000e+00 2.756299972534179688e+00
2.799999952316284180e+00 1.301541328430175781e-01 0.000000000000000000e+00 5.166499249753542244e-05 1.299992501735687256e-01 0.000000000000000000e+00 8.000000000000000000e+00 8.191000000000000000e+03 0.000000000000000000e+00 0.000000000000000000e+00 2.756266355514526367e+00
3.000000000000000000e+00 1.401829719543457031e-01 0.000000000000000000e+00 5.265195068204775453e-05 1.399962902069091797e-01 0.000000000000000000e+00 8.000000000000000000e+00 8.191000000000000000e+03 0.000000000000000000e+00 0.000000000000000000e+00 2.756000041961669922e+00
3.200000047683715820e+00 1.501489281654357910e-01 0.000000000000000000e+00 5.231068644206970930e-05 1.500058174133300781e-01 0.000000000000000000e+00 8.000000000000000000e+00 8.191000000000000000e+03 0.000000000000000000e+00 0.000000000000000000e+00 2.756000041961669922e+00
3.400000095367431641e+00 1.601389199495315552e-01 0.000000000000000000e+00 5.116100874147377908e-05 1.600028574466705322e-01 0.000000000000000000e+00 8.000000000000000000e+00 8.191000000000000000e+03 0.000000000000000000e+00 0.000000000000000000e+00 2.756000041961669922e+00
3.600000143051147461e+00 1.701352298259735107e-01 0.000000000000000000e+00 4.941316728945821524e-05 1.699998974800109863e-01 0.000000000000000000e+00 8.000000000000000000e+00 8.191000000000000000e+03 0.000000000000000000e+00 0.000000000000000000e+00 2.756000041961669922e+00
3.799999952316284180e+00 1.801641881465911865e-01 0.000000000000000000e+00 4.748595893033780158e-05 1.799969226121902466e-01 0.000000000000000000e+00 8.000000000000000000e+00 8.191000000000000000e+03 0.000000000000000000e+00 0.000000000000000000e+00 2.756000041961669922e+00
4.000000000000000000e+00 1.901542097330093384e-01 0.000000000000000000e+00 4.550192534225061536e-05 1.899939626455307007e-01 0.000000000000000000e+00 8.000000000000000000e+00 8.191000000000000000e+03 0.000000000000000000e+00 0.000000000000000000e+00 2.756000041961669922e+00
4.200000286102294922e+00 2.001884728670120239e-01 0.000000000000000000e+00 4.359984086477197707e-05 2.000034898519515991e-01 0.000000000000000000e+00 8.000000000000000000e+00 8.191000000000000000e+03 0.000000000000000000e+00 0.000000000000000000e+00 2.756000041961669922e+00
4.400000095367431641e+00 2.101932168006896973e-01 0.000000000000000000e+00 4.191482730675488710e-05 2.100005298852920532e-01 0.000000000000000000e+00 8.000000000000000000e+00 8.191000000000000000e+03 0.000000000000000000e+00 0.000000000000000000e+00 2.756000041961669922e+00
4.599999904632568359e+00 2.201348841190338135e-01 0.000000000000000000e+00 4.031287971884012222e-05 2.199975699186325073e-01 0.000000000000000000e+00 8.000000000000000000e+00 8.191000000000000000e+03 0.000000000000000000e+00 0.000000000000000000e+00 2.756000041961669922e+00
4.800000190734863281e+00 2.301042079925537109e-01 0.000000000000000000e+00 3.887215279974043369e-05 2.299945950508117676e-01 0.000000000000000000e+00 8.000000000000000000e+00 8.191000000000000000e+03 0.000000000000000000e+00 0.000000000000000000e+00 2.756011009216308594e+00
5.000000000000000000e+00 2.402026653289794922e-01 0.000000000000000000e+00 3.764210850931704044e-05 2.400041371583938599e-01 0.000000000000000000e+00 8.000000000000000000e+00 8.191000000000000000e+03 0.000000000000000000e+00 0.000000000000000000e+00 2.756099939346313477e+00
5.200000286102294922e+00 2.501676380634307861e-01 0.000000000000000000e+00 3.648155325208790600e-05 2.500011622905731201e-01 0.000000000000000000e+00 8.000000000000000000e+00 8.191000000000000000e+03 0.000000000000000000e+00 0.000000000000000000e+00 2.756099939346313477e+00
5.400000095367431641e+00 2.601966261863708496e-01 0.000000000000000000e+00 3.547016603988595307e-05 2.599982023239135742e-01 0.000000000000000000e+00 8.000000000000000000e+00 8.191000000000000000e+03 0.000000000000000000e+00 0.000000000000000000e+00 2.756099939346313477e+00
5.599999904632568359e+00 2.701883018016815186e-01 0.000000000000000000e+00 3.450378790148533881e-05 2.699952423572540283e-01 0.000000000000000000e+00 8.000000000000000000e+00 8.191000000000000000e+03 0.000000000000000000e+00 0.000000000000000000e+00 2.756099939346313477e+00
5.800000190734863281e+00 2.801747024059295654e-01 0.000000000000000000e+00 3.360592017997987568e-05 2.800047695636749268e-01 0.000000000000000000e+00 8.000000000000000000e+00 8.191000000000000000e+03 0.000000000000000000e+00 0.000000000000000000e+00 2.756099939346313477e+00
6.000000000000000000e+00 2.901925146579742432e-01 0.000000000000000000e+00 3.283155092503875494e-05 2.900017797946929932e-01 0.000000000000000000e+00 8.000000000000000000e+00 8.191000000000000000e+03 0.000000000000000000e+00 0.000000000000000000e+00 2.756099939346313477e+00
6.200000286102294922e+00 3.002057671546936035e-01 0.000000000000000000e+00 3.211159491911530495e-05 2.999988198280334473e-01 0.000000000000000000e+00 8.000000000000000000e+00 8.191000000000000000e+03 0.000000000000000000e+00 0.000000000000000000e+00 2.756099939346313477e+00
6.400000095367431641e+00 2.902084290981292725e-01 0.000000000000000000e+00 3.014055619132705033e-05 2.900017797946929932e-01 0.000000000000000000e+00 8.000000000000000000e+00 8.191000000000000000e+03 0.000000000000000000e+00 0.000000000000000000e+00 2.756099939346313477e+00
6.599999904632568359e+00 2.801496684551239014e-01 0.000000000000000000e+00 2.870677599275950342e-05 2.800047695636749268e-01 0.000000000000000000e+00 8.000000000000000000e+00 8.191000000000000000e+03 0.000000000000000000e+00 0.000000000000000000e+00 2.756099939346313477e+00
6.800000190734863281e+00 2.701981663703918457e-01 0.000000000000000000e+00 2.752768159552942961e-05 2.699952423572540283e-01 0.000000000000000000e+00 8.000000000000000000e+00 8.191000000000000000e+03 0.000000000000000000e+00 0.000000000000000000e+00 2.756066322326660156e+00
7.000000000000000000e+00 2.601317167282104492e-01 0.000000000000000000e+00 2.649310226843226701e-05 2.599982023239135742e-01 0.000000000000000000e+00 8.000000000000000000e+00 8.191000000000000000e+03 0.000000000000000000e+00 0.000000000000000000e+00 2.755800008773803711e+00
7.200000286102294922e+00 2.501740753650665283e-01 0.000000000000000000e+00 2.556906656536739320e-05 2.500011622905731201e-01 0.000000000000000000e+00 8.000000000000000000e+00 8.191000000000000000e+03 0.000000000000000000e+00 0.000000000000000000e+00 2.755800008773803711e+00
7.400000095367431641e+00 2.401083409786224365e-01 0.000000000000000000e+00 2.467516242177225649e-05 2.400041371583938599e-01 0.000000000000000000e+00 8.000000000000000000e+00 8.191000000000000000e+03 0.000000000000000000e+00 0.000000000000000000e+00 2.755800008773803711e+00
7.599999904632568359e+00 2.300848513841629028e-01 0.000000000000000000e+00 2.376391785219311714e-05 2.299945950508117676e-01 0.000000000000000000e+00 8.000000000000000000e+00 8.191000000000000000e+03 0.000000000000000000e+00 0.000000000000000000e+00 2.755800008773803711e+00
7.800000190734863281e+00 2.201624959707260132e-01 0.000000000000000000e+00 2.291589225933421403e-05 2.199975699186325073e-01 0.000000000000000000e+00 8.000000000000000000e+00 8.191000000000000000e+03 0.000000000000000000e+00 0.000000000000000000e+00 2.755788803100585938e+00
8.000000000000000000e+00 2.101734876632690430e-01 0.000000000000000000e+00 2.193558793806005269e-05 2.100005298852920532e-01 0.000000000000000000e+00 8.000000000000000000e+00 8.191000000000000000e+03 0.000000000000000000e+00 0.000000000000000000e+00 2.755699872970581055e+00
8.199999809265136719e+00 2.002330422401428223e-01 0.000000000000000000e+00 2.088525252474937588e-05 2.000034898519515991e-01 0.000000000000000000e+00 8.000000000000000000e+00 8.191000000000000000e+03 0.000000000000000000e+00 0.000000000000000000e+00 2.755699872970581055e+00
8.400000572204589844e+00 1.901586502790451050e-01 0.000000000000000000e+00 1.963180329767055809e-05 1.899939626455307007e-01 0.000000000000000000e+00 8.000000000000000000e+00 8.191000000000000000e+03 0.000000000000000000e+00 0.000000000000000000e+00 2.755699872970581055e+00
8.600000381469726562e+00 1.801564693450927734e-01 0.000000000000000000e+00 1.814093411667272449e-05 1.799969226121902466e-01 0.000000000000000000e+00 8.000000000000000000e+00 8.191000000000000000e+03 0.000000000000000000e+00 0.000000000000000000e+00 2.755699872970581055e+00
8.800000190734863281e+00 1.701542288064956665e-01 0.000000000000000000e+00 1.632800558581948280e-05 1.699998974800109863e-01 0.000000000000000000e+00 8.000000000000000000e+00 8.191000000000000000e+03 0.000000000000000000e+00 0.000000000000000000e+00 2.755733489990234375e+00
9.000000000000000000e+00 1.601919978857040405e-01 0.000000000000000000e+00 1.409040760336210951e-05 1.600028574466705322e-01 0.000000000000000000e+00 8.000000000000000000e+00 8.191000000000000000e+03 0.000000000000000000e+00 0.000000000000000000e+00 2.756000041961669922e+00
9.199999809265136719e+00 1.501979529857635498e-01 0.000000000000000000e+00 1.117806459660641849e-05 1.500058174133300781e-01 0.000000000000000000e+00 8.000000000000000000e+00 8.191000000000000000e+03 0.000000000000000000e+00 0.000000000000000000e+00 2.756000041961669922e+00
9.400000572204589844e+00 1.401028782129287720e-01 0.000000000000000000e+00 7.589429969812044874e-06 1.399962902069091797e-01 0.000000000000000000e+00 8.000000000000000000e+00 8.191000000000000000e+03 0.000000000000000000e+00 0.000000000000000000e+00 2.756000041961669922e+00
9.600000381469726562e+00 1.300967037677764893e-01 0.000000000000000000e+00 3.324533736304147169e-06 1.299992501735687256e-01 0.000000000000000000e+00 7.000000000000000000e+00 8.191000000000000000e+03 0.000000000000000000e+00 0.000000000000000000e+00 2.756000041961669922e+00
9.800000190734863281e+00 1.201655715703964233e-01 0.000000000000000000e+00 -1.637650370867049787e-06 1.200022250413894653e-01 0.000000000000000000e+00 7.000000000000000000e+00 8.191000000000000000e+03 0.000000000000000000e+00 0.000000000000000000e+00 2.755988836288452148e+00
1.000000000000000000e+01 1.101531162858009338e-01 0.000000000000000000e+00 -7.145277322706533596e-06 1.100051850080490112e-01 0.000000000000000000e+00 7.000000000000000000e+00 8.191000000000000000e+03 0.000000000000000000e+00 0.000000000000000000e+00 2.755899906158447266e+00
1.019999980926513672e+01 1.001658365130424500e-01 0.000000000000000000e+00 -1.093666924134595320e-05 9.999565780162811279e-02 0.000000000000000000e+00 7.000000000000000000e+00 7.164000000000000000e+03 0.000000000000000000e+00 0.000000000000000000e+00 2.755899906158447266e+00
1.040000057220458984e+01 9.016950428485870361e-02 0.000000000000000000e+00 -1.830669862101785839e-05 8.999861776828765869e-02 0.000000000000000000e+00 8.000000000000000000e+00 8.191000000000000000e+03 0.000000000000000000e+00 0.000000000000000000e+00 2.755899906158447266e+00
1.060000038146972656e+01 8.015979081392288208e-02 0.000000000000000000e+00 -2.367654451518319547e-05 8.000158518552780151e-02 0.000000000000000000e+00 8.000000000000000000e+00 8.191000000000000000e+03 0.000000000000000000e+00 0.000000000000000000e+00 2.755899906158447266e+00
1.080000019073486328e+01 7.011217623949050903e-02 0.000000000000000000e+00 -2.840440902218688279e-05 7.000455260276794434e-02 0.000000000000000000e+00 8.000000000000000000e+00 8.191000000000000000e+03 0.000000000000000000e+00 0.000000000000000000e+00 2.755899906158447266e+00
1.100000000000000000e+01 6.011990457773208618e-02 0.000000000000000000e+00 -3.216910045011900365e-05 5.999501794576644897e-02 0.000000000000000000e+00 8.000000000000000000e+00 8.191000000000000000e+03 0.000000000000000000e+00 0.000000000000000000e+00 2.755899906158447266e+00
1.119999980926513672e+01 5.012390017509460449e-02 0.000000000000000000e+00 -3.448298230068758130e-05 4.999798536300659180e-02 0.000000000000000000e+00 8.000000000000000000e+00 8.191000000000000000e+03 0.000000000000000000e+00 0.000000000000000000e+00 2.755899906158447266e+00
1.140000057220458984e+01 4.018274694681167603e-02 0.000000000000000000e+00 -3.529327659634873271e-05 4.000094905495643616e-02 0.000000000000000000e+00 8.000000000000000000e+00 8.191000000000000000e+03 0.000000000000000000e+00 0.000000000000000000e+00 2.755899906158447266e+00
1.160000038146972656e+01 3.017163649201393127e-02 0.000000000000000000e+00 -3.483072941889986396e-05 3.000391460955142975e-02 0.000000000000000000e+00 8.000000000000000000e+00 8.191000000000000000e+03 0.000000000000000000e+00 0.000000000000000000e+00 2.755899906158447266e+00
1.180000019073486328e+01 2.011662349104881287e-02 0.000000000000000000e+00 -3.336131703690625727e-05 1.999438367784023285e-02 0.000000000000000000e+00 8.000000000000000000e+00 8.191000000000000000e+03 0.000000000000000000e+00 0.000000000000000000e+00 2.755888700485229492e+00
1.200000000000000000e+01 1.018747594207525253e-02 0.000000000000000000e+00 -3.134077269351109862e-05 9.997349232435226440e-03 0.000000000000000000e+00 8.000000000000000000e+00 8.191000000000000000e+03 0.000000000000000000e+00 0.000000000000000000e+00 2.755800008773803711e+00
1.219999980926513672e+01 9.791445336304605007e-05 0.000000000000000000e+00 -2.910435432568192482e-05 3.129243850708007812e-07 0.000000000000000000e+00 8.000000000000000000e+00 8.191000000000000000e+03 0.000000000000000000e+00 0.000000000000000000e+00 2.755800008773803711e+00
1.240000057220458984e+01 -9.825664572417736053e-03 0.000000000000000000e+00 -2.684718128875829279e-05 -9.996719658374786377e-03 0.000000000000000000e+00 8.000000000000000000e+00 8.191000000000000000e+03 0.000000000000000000e+00 0.000000000000000000e+00 2.755800008773803711e+00
1.260000038146972656e+01 -1.990438625216484070e-02 0.000000000000000000e+00 -2.481635056028608233e-05 -1.999375596642494202e-02 0.000000000000000000e+00 8.000000000000000000e+00 8.191000000000000000e+03 0.000000000000000000e+00 0.000000000000000000e+00 2.755800008773803711e+00
1.280000019073486328e+01 -2.958436869084835052e-02 0.000000000000000000e+00 -2.288675568706821650e-05 -3.000328317284584045e-02 0.000000000000000000e+00 8.000000000000000000e+00 6.143000000000000000e+03 0.000000000000000000e+00 0.000000000000000000e+00 2.755822181701660156e+00
1.300000000000000000e+01 -3.986868634819984436e-02 0.000000000000000000e+00 -2.120580938935745507e-05 -4.000032320618629456e-02 0.000000000000000000e+00 8.000000000000000000e+00 8.191000000000000000e+03 0.000000000000000000e+00 0.000000000000000000e+00 2.756000041961669922e+00
1.319999980926513672e+01 -4.991624131798744202e-02 0.000000000000000000e+00 -1.973314829228911549e-05 -4.999735578894615173e-02 0.000000000000000000e+00 8.000000000000000000e+00 8.191000000000000000e+03 0.000000000000000000e+00 0.000000000000000000e+00 2.756000041961669922e+00
1.340000057220458984e+01 -5.983659625053405762e-02 0.000000000000000000e+00 -1.841995799622964114e-05 -5.999438837170600891e-02 0.000000000000000000e+00 8.000000000000000000e+00 8.191000000000000000e+03 0.000000000000000000e+00 0.000000000000000000e+00 2.756000041961669922e+00
1.360000038146972656e+01 -6.982243806123733521e-02 0.000000000000000000e+00 -1.724733010632917285e-05 -7.000392675399780273e-02 0.000000000000000000e+00 8.000000000000000000e+00 8.191000000000000000e+03 0.000000000000000000e+00 0.000000000000000000e+00 2.756000041961669922e+00
1.380000019073486328e+01 -7.986356317996978760e-02 0.000000000000000000e+00 -1.620391594769898802e-05 -8.000095188617706299e-02 0.000000000000000000e+00 8.000000000000000000e+00 8.191000000000000000e+03 0.000000000000000000e+00 0.000000000000000000e+00 2.755988836288452148e+00
1.400000000000000000e+01 -8.986478298902511597e-02 0.000000000000000000e+00 -1.529977998870890588e-05 -8.999799191951751709e-02 0.000000000000000000e+00 8.000000000000000000e+00 8.191000000000000000e+03 0.000000000000000000e+00 0.000000000000000000e+00 2.755899906158447266e+00
1.419999980926513672e+01 -9.984039515256881714e-02 0.000000000000000000e+00 -1.448865987185854465e-05 -9.999501705169677734e-02 0.000000000000000000e+00 8.000000000000000000e+00 8.191000000000000000e+03 0.000000000000000000e+00 0.000000000000000000e+00 2.755899906158447266e+00
1.440000057220458984e+01 -1.099201589822769165e-01 0.000000000000000000e+00 -1.379732475470518693e-05 -1.100045591592788696e-01 0.000000000000000000e+00 8.000000000000000000e+00 8.191000000000000000e+03 0.000000000000000000e+00 0.000000000000000000e+00 2.755899906158447266e+00
1.460000038146972656e+01 -1.198828667402267456e-01 0.000000000000000000e+00 -1.313281063630711287e-05 -1.200015842914581299e-01 0.000000000000000000e+00 8.000000000000000000e+00 8.191000000000000000e+03 0.000000000000000000e+00 0.000000000000000000e+00 2.755899906158447266e+00
1.480000019073486328e+01 -1.299095004796981812e-01 0.000000000000000000e+00 -1.251417597813997418e-05 -1.299986243247985840e-01 0.000000000000000000e+00 8.000000000000000000e+00 8.191000000000000000e+03 0.000000000000000000e+00 0.000000000000000000e+00 2.755888700485229492e+00
1.500000000000000000e+01 -1.398489475250244141e-01 0.000000000000000000e+00 -1.200012411572970450e-05 -1.399956643581390381e-01 0.000000000000000000e+00 8.000000000000000000e+00 8.191000000000000000e+03 0.000000000000000000e+00 0.000000000000000000e+00 2.755800008773803711e+00
1.519999980926513672e+01 -1.498798877000808716e-01 0.000000000000000000e+00 -1.145541136793326586e-05 -1.500051915645599365e-01 0.000000000000000000e+00 8.000000000000000000e+00 8.191000000000000000e+03 0.000000000000000000e+00 0.000000000000000000e+00 2.755800008773803711e+00
1.540000057220458984e+01 -1.598866581916809082e-01 0.000000000000000000e+00 -1.101641373679740354e-05 -1.600022166967391968e-01 0.000000000000000000e+00 8.000000000000000000e+00 8.191000000000000000e+03 0.000000000000000000e+00 0.000000000000000000e+00 2.755800008773803711e+00
1.560000038146972656e+01 -1.698504537343978882e-01 0.000000000000000000e+00 -1.063822764990618452e-05 -1.699992567300796509e-01 0.000000000000000000e+00 8.000000000000000000e+00 8.191000000000000000e+03 0.000000000000000000e+00 0.000000000000000000e+00 2.755800008773803711e+00
1.580000019073486328e+01 -1.798508912324905396e-01 0.000000000000000000e+00 -1.029770646709948778e-05 -1.799962967634201050e-01 0.000000000000000000e+00 8.000000000000000000e+00 8.191000000000000000e+03 0.000000000000000000e+00 0.000000000000000000e+00 2.755822181701660156e+00
1.600000000000000000e+01 -1.898891925811767578e-01 0.000000000000000000e+00 -9.979575224861036986e-06 -1.900058239698410034e-01 0.000000000000000000e+00 8.000000000000000000e+00 8.191000000000000000e+03 0.000000000000000000e+00 0.000000000000000000e+00 2.756000041961669922e+00
1.620000076293945312e+01 -1.999194025993347168e-01 0.000000000000000000e+00 -9.653258530306629837e-06 -2.000028640031814575e-01 0.000000000000000000e+00 8.000000000000000000e+00 8.191000000000000000e+03 0.000000000000000000e+00 0.000000000000000000e+00 2.756000041961669922e+00
1.639999961853027344e+01 -1.898678243160247803e-01 0.000000000000000000e+00 -8.992870789370499551e-06 -1.900058239698410034e-01 0.000000000000000000e+00 8.000000000000000000e+00 8.191000000000000000e+03 0.000000000000000000e+00 1.000000000000000000e+00 2.756000041961669922e+00
1.660000038146972656e+01 -1.798989474773406982e-01 0.000000000000000000e+00 -8.526546480425167829e-06 -1.799962967634201050e-01 0.000000000000000000e+00 8.000000000000000000e+00 8.191000000000000000e+03 0.000000000000000000e+00 1.000000000000000000e+00 2.756000041961669922e+00
1.680000114440917969e+01 -1.698631793260574341e-01 0.000000000000000000e+00 -8.134927156788762659e-06 -1.699992567300796509e-01 0.000000000000000000e+00 8.000000000000000000e+00 8.191000000000000000e+03 0.000000000000000000e+00 1.000000000000000000e+00 2.755977630615234375e+00
1.700000000000000000e+01 -1.598638743162155151e-01 0.000000000000000000e+00 -7.815297976776491851e-06 -1.600022166967391968e-01 0.000000000000000000e+00 7.000000000000000000e+00 8.191000000000000000e+03 0.000000000000000000e+00 1.000000000000000000e+00 2.755800008773803711e+00
1.720000076293945312e+01 -1.498584449291229248e-01 0.000000000000000000e+00 -7.489905328839085996e-06 -1.500051915645599365e-01 0.000000000000000000e+00 7.000000000000000000e+00 8.191000000000000000e+03 0.000000000000000000e+00 1.000000000000000000e+00 2.755800008773803711e+00
1.739999961853027344e+01 -1.398654133081436157e-01 0.000000000000000000e+00 -7.191440545284422114e-06 -1.399956643581390381e-01 0.000000000000000000e+00 7.000000000000000000e+00 8.191000000000000000e+03 0.000000000000000000e+00 1.000000000000000000e+00 2.755800008773803711e+00
1.760000038146972656e+01 -1.298707127571105957e-01 0.000000000000000000e+00 -6.913995548529783264e-06 -1.299986243247985840e-01 0.000000000000000000e+00 7.000000000000000000e+00 8.191000000000000000e+03 0.000000000000000000e+00 1.000000000000000000e+00 2.755800008773803711e+00
1.780000114440917969e+01 -1.198305562138557434e-01 0.000000000000000000e+00 -6.654560820607002825e-06 -1.200015842914581299e-01 0.000000000000000000e+00 7.000000000000000000e+00 8.191000000000000000e+03 0.000000000000000000e+00 1.000000000000000000e+00 2.755800008773803711e+00
1.800000000000000000e+01 -1.099430546164512634e-01 0.000000000000000000e+00 -6.407170531019801274e-06 -1.100045591592788696e-01 0.000000000000000000e+00 7.000000000000000000e+00 8.191000000000000000e+03 0.000000000000000000e+00 1.000000000000000000e+00 2.755800008773803711e+00
1.820000076293945312e+01 -9.987366199493408203e-02 0.000000000000000000e+00 -6.160957127576693892e-06 -9.999501705169677734e-02 0.000000000000000000e+00 7.000000000000000000e+00 8.191000000000000000e+03 0.000000000000000000e+00 1.000000000000000000e+00 2.755800008773803711e+00
1.839999961853027344e+01 -8.991970866918563843e-02 0.000000000000000000e+00 -5.929657618253258988e-06 -8.999799191951751709e-02 0.000000000000000000e+00 7.000000000000000000e+00 8.191000000000000000e+03 0.000000000000000000e+00 1.000000000000000000e+00 2.755800008773803711e+00
1.860000038146972656e+01 -7.984919100999832153e-02 0.000000000000000000e+00 -5.686038093699607998e-06 -8.000095188617706299e-02 0.000000000000000000e+00 7.000000000000000000e+00 8.191000000000000000e+03 0.000000000000000000e+00 1.000000000000000000e+00 2.755800008773803711e+00
1.880000114440917969e+01 -6.989226490259170532e-02 0.000000000000000000e+00 -5.437517756945453584e-06 -7.000392675399780273e-02 0.000000000000000000e+00 7.000000000000000000e+00 8.191000000000000000e+03 0.000000000000000000e+00 1.000000000000000000e+00 2.755788803100585938e+00
1.900000000000000000e+01 -5.987139418721199036e-02 0.000000000000000000e+00 -5.167797553440323099e-06 -5.999438837170600891e-02 0.000000000000000000e+00 7.000000000000000000e+00 8.191000000000000000e+03 0.000000000000000000e+00 1.000000000000000000e+00 2.755699872970581055e+00
1.920000076293945312e+01 -4.987832158803939819e-02 0.000000000000000000e+00 -4.860699391429079697e-06 -4.999735578894615173e-02 0.000000000000000000e+00 7.000000000000000000e+00 8.191000000000000000e+03 0.000000000000000000e+00 1.000000000000000000e+00 2.755699872970581055e+00
1.939999961853027344e+01 -3.981135040521621704e-02 0.000000000000000000e+00 -4.496104793361155316e-06 -4.000032320618629456e-02 0.000000000000000000e+00 7.000000000000000000e+00 8.191000000000000000e+03 0.000000000000000000e+00 1.000000000000000000e+00 2.755699872970581055e+00
1.960000038146972656e+01 -2.989265508949756622e-02 0.000000000000000000e+00 -4.049425569974118844e-06 -3.000328317284584045e-02 0.000000000000000000e+00 7.000000000000000000e+00 8.191000000000000000e+03 0.000000000000000000e+00 1.000000000000000000e+00 2.755699872970581055e+00
1.980000114440917969e+01 -1.982922852039337158e-02 0.000000000000000000e+00 -3.472644266366842203e-06 -1.999375596642494202e-02 0.000000000000000000e+00 7.000000000000000000e+00 8.191000000000000000e+03 0.000000000000000000e+00 1.000000000000000000e+00 2.755699872970581055e+00
2.000000000000000000e+01 -9.820378385484218597e-03 0.000000000000000000e+00 -2.717300958465784788e-06 -9.996719658374786377e-03 0.000000000000000000e+00 7.000000000000000000e+00 8.191000000000000000e+03 0.000000000000000000e+00 1.000000000000000000e+00 2.755699872970581055e+00
2.020000076293945312e+01 9.225000394508242607e-05 0.000000000000000000e+00 -1.713126380309404340e-06 3.129243850708007812e-07 0.000000000000000000e+00 7.000000000000000000e+00 8.191000000000000000e+03 0.000000000000000000e+00 1.000000000000000000e+00 2.755699872970581055e+00
2.039999961853027344e+01 1.014222763478755951e-02 0.000000000000000000e+00 -3.479629810954065761e-07 9.997349232435226440e-03 0.000000000000000000e+00 7.000000000000000000e+00 8.191000000000000000e+03 0.000000000000000000e+00 1.000000000000000000e+00 2.755699872970581055e+00
2.060000038146972656e+01 2.012792229652404785e-02 0.000000000000000000e+00 1.093102355298469774e-06 1.999438367784023285e-02 0.000000000000000000e+00 6.000000000000000000e+00 7.164000000000000000e+03 0.000000000000000000e+00 1.000000000000000000e+00 2.755699872970581055e+00
2.080000114440917969e+01 2.965396270155906677e-02 0.000000000000000000e+00 3.904631284967763349e-06 3.000391460955142975e-02 0.000000000000000000e+00 7.000000000000000000e+00 6.143000000000000000e+03 0.000000000000000000e+00 1.000000000000000000e+00 2.755711078643798828e+00
2.100000000000000000e+01 4.011980444192886353e-02 0.000000000000000000e+00 7.020944849500665441e-06 4.000094905495643616e-02 0.000000000000000000e+00 7.000000000000000000e+00 8.191000000000000000e+03 0.000000000000000000e+00 1.000000000000000000e+00 2.755800008773803711e+00
2.120000076293945312e+01 5.017394945025444031e-02 0.000000000000000000e+00 1.075436375685967505e-05 4.999798536300659180e-02 0.000000000000000000e+00 7.000000000000000000e+00 7.164000000000000000e+03 0.000000000000000000e+00 1.000000000000000000e+00 2.755800008773803711e+00
2.139999961853027344e+01 6.014717370271682739e-02 0.000000000000000000e+00 1.549113039800431579e-05 5.999501794576644897e-02 0.000000000000000000e+00 8.000000000000000000e+00 8.191000000000000000e+03 0.000000000000000000e+00 1.000000000000000000e+00 2.755800008773803711e+00
2.160000038146972656e+01 7.014918327331542969e-02 0.000000000000000000e+00 2.063705505861435086e-05 7.000455260276794434e-02 0.000000000000000000e+00 8.000000000000000000e+00 8.191000000000000000e+03 0.000000000000000000e+00 1.000000000000000000e+00 2.755800008773803711e+00
2.180000114440917969e+01 8.012840896844863892e-02 0.000000000000000000e+00 2.622116335260216147e-05 8.000158518552780151e-02 0.000000000000000000e+00 8.000000000000000000e+00 8.191000000000000000e+03 0.000000000000000000e+00 1.000000000000000000e+00 2.755788803100585938e+00
2.200000000000000000e+01 9.019709378480911255e-02 0.000000000000000000e+00 3.180645217071287334e-05 8.999861776828765869e-02 0.000000000000000000e+00 8.000000000000000000e+00 8.191000000000000000e+03 0.000000000000000000e+00 1.000000000000000000e+00 2.755699872970581055e+00
2.220000076293945312e+01 1.001842692494392395e-01 0.000000000000000000e+00 3.720034146681427956e-05 9.999565780162811279e-02 0.000000000000000000e+00 8.000000000000000000e+00 8.191000000000000000e+03 0.000000000000000000e+00 1.000000000000000000e+00 2.755699872970581055e+00
2.239999961853027344e+01 1.101471856236457825e-01 0.000000000000000000e+00 4.216706292936578393e-05 1.100051850080490112e-01 0.000000000000000000e+00 8.000000000000000000e+00 8.191000000000000000e+03 0.000000000000000000e+00 1.000000000000000000e+00 2.755699872970581055e+00
2.260000038146972656e+01 1.201361119747161865e-01 0.000000000000000000e+00 4.604124478646554053e-05 1.200022250413894653e-01 0.000000000000000000e+00 8.000000000000000000e+00 8.191000000000000000e+03 0.000000000000000000e+00 1.000000000000000000e+00 2.755699872970581055e+00
2.280000114440917969e+01 1.301245689392089844e-01 0.000000000000000000e+00 4.859412729274481535e-05 1.299992501735687256e-01 0.000000000000000000e+00 8.000000000000000000e+00 8.191000000000000000e+03 0.000000000000000000e+00 1.000000000000000000e+00 2.755699872970581055e+00
2.300000000000000000e+01 1.401535570621490479e-01 0.000000000000000000e+00 4.960126898367889225e-05 1.399962902069091797e-01 0.000000000000000000e+00 8.000000000000000000e+00 8.191000000000000000e+03 0.000000000000000000e+00 1.000000000000000000e+00 2.755699872970581055e+00
2.320000076293945312e+01 1.501395851373672485e-01 0.000000000000000000e+00 4.936494588037021458e-05 1.500058174133300781e-01 0.000000000000000000e+00 8.000000000000000000e+00 8.191000000000000000e+03 0.000000000000000000e+00 1.000000000000000000e+00 2.755699872970581055e+00
2.339999961853027344e+01 1.602101922035217285e-01 0.000000000000000000e+00 4.822080882149748504e-05 1.600028574466705322e-01 0.000000000000000000e+00 8.000000000000000000e+00 8.191000000000000000e+03 0.000000000000000000e+00 1.000000000000000000e+00 2.755699872970581055e+00
2.360000038146972656e+01 1.701577156782150269e-01 0.000000000000000000e+00 4.651114068110473454e-05 1.699998974800109863e-01 0.000000000000000000e+00 8.000000000000000000e+00 8.191000000000000000e+03 0.000000000000000000e+00 1.000000000000000000e+00 2.755699872970581055e+00
2.380000114440917969e+01 1.801374405622482300e-01 0.000000000000000000e+00 4.450937194633297622e-05 1.799969226121902466e-01 0.000000000000000000e+00 8.000000000000000000e+00 8.191000000000000000e+03 0.000000000000000000e+00 1.000000000000000000e+00 2.755722284317016602e+00
2.400000000000000000e+01 1.901338547468185425e-01 0.000000000000000000e+00 4.257448381395079195e-05 1.899939626455307007e-01 0.000000000000000000e+00 8.000000000000000000e+00 8.191000000000000000e+03 0.000000000000000000e+00 1.000000000000000000e+00 2.755899906158447266e+00
2.420000076293945312e+01 2.001035809516906738e-01 0.000000000000000000e+00 4.067998452228493989e-05 2.000034898519515991e-01 0.000000000000000000e+00 8.000000000000000000e+00 8.191000000000000000e+03 0.000000000000000000e+00 1.000000000000000000e+00 2.755899906158447266e+00
2.439999961853027344e+01 2.101933360099792480e-01 0.000000000000000000e+00 3.900058800354599953e-05 2.100005298852920532e-01 0.000000000000000000e+00 8.000000000000000000e+00 8.191000000000000000e+03 0.000000000000000000e+00 1.000000000000000000e+00 2.755899906158447266e+00
2.460000038146972656e+01 2.201258391141891479e-01 0.000000000000000000e+00 3.742760964087210596e-05 2.199975699186325073e-01 0.000000000000000000e+00 8.000000000000000000e+00 8.191000000000000000e+03 0.000000000000000000e+00 1.000000000000000000e+00 2.755899906158447266e+00
2.480000114440917969e+01 2.301878929138183594e-01 0.000000000000000000e+00 3.602465221774764359e-05 2.299945950508117676e-01 0.000000000000000000e+00 8.000000000000000000e+00 8.191000000000000000e+03 0.000000000000000000e+00 1.000000000000000000e+00 2.755888700485229492e+00
2.500000000000000000e+01 2.401230186223983765e-01 0.000000000000000000e+00 3.475816265563480556e-05 2.400041371583938599e-01 0.000000000000000000e+00 8.000000000000000000e+00 8.191000000000000000e+03 0.000000000000000000e+00 1.000000000000000000e+00 2.755800008773803711e+00
2.520000076293945312e+01 2.501788735389709473e-01 0.000000000000000000e+00 3.368324178154580295e-05 2.500011622905731201e-01 0.000000000000000000e+00 8.000000000000000000e+00 8.191000000000000000e+03 0.000000000000000000e+00 1.000000000000000000e+00 2.755800008773803711e+00
2.539999961853027344e+01 2.601579427719116211e-01 0.000000000000000000e+00 3.261646997998468578e-05 2.599982023239135742e-01 0.000000000000000000e+00 8.000000000000000000e+00 8.191000000000000000e+03 0.000000000000000000e+00 1.000000000000000000e+00 2.755800008773803711e+00
2.560000038146972656e+01 2.701238095760345459e-01 0.000000000000000000e+00 3.171646676491945982e-05 2.699952423572540283e-01 0.000000000000000000e+00 8.000000000000000000e+00 8.191000000000000000e+03 0.000000000000000000e+00 1.000000000000000000e+00 2.755800008773803711e+00
2.580000114440917969e+01 2.801825106143951416e-01 0.000000000000000000e+00 3.088537414441816509e-05 2.800047695636749268e-01 0.000000000000000000e+00 8.000000000000000000e+00 8.191000000000000000e+03 0.000000000000000000e+00 1.000000000000000000e+00 2.755800008773803711e+00
2.600000000000000000e+01 2.902039289474487305e-01 0.000000000000000000e+00 3.015420406882185489e-05 2.900017797946929932e-01 0.000000000000000000e+00 8.000000000000000000e+00 8.191000000000000000e+03 0.000000000000000000e+00 1.000000000000000000e+00 2.755800008773803711e+00
2.620000076293945312e+01 3.001585006713867188e-01 0.000000000000000000e+00 2.944896732515189797e-05 2.999988198280334473e-01 0.000000000000000000e+00 8.000000000000000000e+00 8.191000000000000000e+03 0.000000000000000000e+00 1.000000000000000000e+00 2.755800008773803711e+00
2.639999961853027344e+01 2.901705205440521240e-01 0.000000000000000000e+00 2.759837298071943223e-05 2.900017797946929932e-01 0.000000000000000000e+00 8.000000000000000000e+00 8.191000000000000000e+03 0.000000000000000000e+00 1.000000000000000000e+00 2.755800008773803711e+00
2.660000038146972656e+01 2.801870703697204590e-01 0.000000000000000000e+00 2.626562672958243638e-05 2.800047695636749268e-01 0.000000000000000000e+00 8.000000000000000000e+00 8.191000000000000000e+03 0.000000000000000000e+00 1.000000000000000000e+00 2.755800008773803711e+00
2.680000114440917969e+01 2.701239585876464844e-01 0.000000000000000000e+00 2.513510844437405467e-05 2.699952423572540283e-01 0.000000000000000000e+00 8.000000000000000000e+00 8.191000000000000000e+03 0.000000000000000000e+00 1.000000000000000000e+00 2.755800008773803711e+00
2.700000000000000000e+01 2.601640224456787109e-01 0.000000000000000000e+00 2.417560972389765084e-05 2.599982023239135742e-01 0.000000000000000000e+00 8.000000000000000000e+00 8.191000000000000000e+03 0.000000000000000000e+00 1.000000000000000000e+00 2.755800008773803711e+00
2.720000076293945312e+01 2.501309216022491455e-01 0.000000000000000000e+00 2.329173366888426244e-05 2.500011622905731201e-01 0.000000000000000000e+00 8.000000000000000000e+00 8.191000000000000000e+03 0.000000000000000000e+00 1.000000000000000000e+00 2.755800008773803711e+00
2.739999961853027344e+01 2.401678860187530518e-01 0.000000000000000000e+00 2.239265086245723069e-05 2.400041371583938599e-01 0.000000000000000000e+00 8.000000000000000000e+00 8.191000000000000000e+03 0.000000000000000000e+00 1.000000000000000000e+00 2.755800008773803711e+00
2.760000038146972656e+01 2.301931232213973999e-01 0.000000000000000000e+00 2.157150083803571761e-05 2.299945950508117676e-01 0.000000000000000000e+00 8.000000000000000000e+00 8.191000000000000000e+03 0.000000000000000000e+00 1.000000000000000000e+00 2.755800008773803711e+00
2.780000114440917969e+01 2.201549708843231201e-01 0.000000000000000000e+00 2.069960100925527513e-05 2.199975699186325073e-01 0.000000000000000000e+00 8.000000000000000000e+00 8.191000000000000000e+03 0.000000000000000000e+00 1.000000000000000000e+00 2.755766391754150391e+00
2.800000000000000000e+01 2.101076841354370117e-01 0.000000000000000000e+00 1.974818587768822908e-05 2.100005298852920532e-01 0.000000000000000000e+00 8.000000000000000000e+00 8.191000000000000000e+03 0.000000000000000000e+00 1.000000000000000000e+00 2.755499839782714844e+00
2.820000076293945312e+01 2.001730948686599731e-01 0.000000000000000000e+00 1.874337067420128733e-05 2.000034898519515991e-01 0.000000000000000000e+00 8.000000000000000000e+00 8.191000000000000000e+03 0.000000000000000000e+00 1.000000000000000000e+00 2.755499839782714844e+00
2.839999961853027344e+01 1.901394277811050415e-01 0.000000000000000000e+00 1.749812508933246136e-05 1.899939626455307007e-01 0.000000000000000000e+00 8.000000000000000000e+00 8.191000000000000000e+03 0.000000000000000000e+00 1.000000000000000000e+00 2.755499839782714844e+00
2.860000038146972656e+01 1.800935119390487671e-01 0.000000000000000000e+00 1.600084578967653215e-05 1.799969226121902466e-01 0.000000000000000000e+00 8.000000000000000000e+00 8.191000000000000000e+03 0.000000000000000000e+00 1.000000000000000000e+00 2.755499839782714844e+00
2.880000114440917969e+01 1.701546460390090942e-01 0.000000000000000000e+00 1.418784268025774509e-05 1.699998974800109863e-01 0.000000000000000000e+00 8.000000000000000000e+00 8.191000000000000000e+03 0.000000000000000000e+00 1.000000000000000000e+00 2.755522251129150391e+00
2.900000000000000000e+01 1.601910591125488281e-01 0.000000000000000000e+00 1.185284054372459650e-05 1.600028574466705322e-01 0.000000000000000000e+00 8.000000000000000000e+00 8.191000000000000000e+03 0.000000000000000000e+00 1.000000000000000000e+00 2.755699872970581055e+00
2.920000076293945312e+01 1.501373201608657837e-01 0.000000000000000000e+00 8.934894140111282468e-06 1.500058174133300781e-01 0.000000000000000000e+00 8.000000000000000000e+00 8.191000000000000000e+03 0.000000000000000000e+00 1.000000000000000000e+00 2.755699872970581055e+00
2.939999961853027344e+01 1.401615887880325317e-01 0.000000000000000000e+00 5.338976279745111242e-06 1.399962902069091797e-01 0.000000000000000000e+00 8.000000000000000000e+00 8.191000000000000000e+03 0.000000000000000000e+00 1.000000000000000000e+00 2.755699872970581055e+00
2.960000038146972656e+01 1.301357746124267578e-01 0.000000000000000000e+00 9.839678796197404154e-07 1.299992501735687256e-01 0.000000000000000000e+00 7.000000000000000000e+00 8.191000000000000000e+03 0.000000000000000000e+00 1.000000000000000000e+00 2.755699872970581055e+00
2.980000114440917969e+01 1.201810389757156372e-01 0.000000000000000000e+00 -4.044624802190810442e-06 1.200022250413894653e-01 0.000000000000000000e+00 7.000000000000000000e+00 8.191000000000000000e+03 0.000000000000000000e+00 1.000000000000000000e+00 2.755699872970581055e+00
3.000000000000000000e+01 1.101020574569702148e-01 0.000000000000000000e+00 -9.491491255175787956e-06 1.100051850080490112e-01 0.000000000000000000e+00 7.000000000000000000e+00 8.190000000000000000e+03 0.000000000000000000e+00 1.000000000000000000e+00 2.755699872970581055e+00
3.020000076293945312e+01 1.001370400190353394e-01 0.000000000000000000e+00 -1.504621013737050816e-05 9.999565780162811279e-02 0.000000000000000000e+00 8.000000000000000000e+00 8.191000000000000000e+03 0.000000000000000000e+00 1.000000000000000000e+00 2.755699872970581055e+00
3.039999961853027344e+01 9.013567119836807251e-02 0.000000000000000000e+00 -2.071928247460164130e-05 8.999861776828765869e-02 0.000000000000000000e+00 8.000000000000000000e+00 8.191000000000000000e+03 0.000000000000000000e+00 1.000000000000000000e+00 2.755699872970581055e+00
3.060000038146972656e+01 8.015155792236328125e-02 0.000000000000000000e+00 -2.600905645522288978e-05 8.000158518552780151e-02 0.000000000000000000e+00 8.000000000000000000e+00 8.191000000000000000e+03 0.000000000000000000e+00 1.000000000000000000e+00 2.755699872970581055e+00
3.080000114440917969e+01 7.013638317584991455e-02 0.000000000000000000e+00 -3.071406172239221632e-05 7.000455260276794434e-02 0.000000000000000000e+00 8.000000000000000000e+00 8.191000000000000000e+03 0.000000000000000000e+00 1.000000000000000000e+00 2.755688905715942383e+00
3.100000000000000000e+01 6.015724688768386841e-02 0.000000000000000000e+00 -3.431316872593015432e-05 5.999501794576644897e-02 0.000000000000000000e+00 8.000000000000000000e+00 8.191000000000000000e+03 0.000000000000000000e+00 1.000000000000000000e+00 2.755599975585937500e+00
3.120000076293945312e+01 5.012143775820732117e-02 0.000000000000000000e+00 -3.642221054178662598e-05 4.999798536300659180e-02 0.000000000000000000e+00 8.000000000000000000e+00 8.191000000000000000e+03 0.000000000000000000e+00 1.000000000000000000e+00 2.755599975585937500e+00
3.139999961853027344e+01 4.014433175325393677e-02 0.000000000000000000e+00 -3.705090057337656617e-05 4.000094905495643616e-02 0.000000000000000000e+00 8.000000000000000000e+00 8.191000000000000000e+03 0.000000000000000000e+00 1.000000000000000000e+00 2.755599975585937500e+00
3.160000038146972656e+01 3.015689179301261902e-02 0.000000000000000000e+00 -3.642655428848229349e-05 3.000391460955142975e-02 0.000000000000000000e+00 8.000000000000000000e+00 8.191000000000000000e+03 0.000000000000000000e+00 1.000000000000000000e+00 2.755599975585937500e+00
3.180000114440917969e+01 2.017024345695972443e-02 0.000000000000000000e+00 -3.485841079964302480e-05 1.999438367784023285e-02 0.000000000000000000e+00 8.000000000000000000e+00 8.191000000000000000e+03 0.000000000000000000e+00 1.000000000000000000e+00 2.755599975585937500e+00
3.200000000000000000e+01 1.011318434029817581e-02 0.000000000000000000e+00 -3.271329478593543172e-05 9.997349232435226440e-03 0.000000000000000000e+00 8.000000000000000000e+00 8.191000000000000000e+03 0.000000000000000000e+00 1.000000000000000000e+00 2.755599975585937500e+00
3.220000076293945312e+01 7.947033736854791641e-05 0.000000000000000000e+00 -3.047303835046477616e-05 3.129243850708007812e-07 0.000000000000000000e+00 8.000000000000000000e+00 8.191000000000000000e+03 0.000000000000000000e+00 1.000000000000000000e+00 2.755599975585937500e+00
3.240000152587890625e+01 -9.859622456133365631e-03 0.000000000000000000e+00 -2.819389374053571373e-05 -9.996719658374786377e-03 0.000000000000000000e+00 8.000000000000000000e+00 8.191000000000000000e+03 0.000000000000000000e+00 1.000000000000000000e+00 2.755599975585937500e+00
3.260000228881835938e+01 -1.990323141217231750e-02 0.000000000000000000e+00 -2.613869583001360297e-05 -1.999375596642494202e-02 0.000000000000000000e+00 8.000000000000000000e+00 8.191000000000000000e+03 0.000000000000000000e+00 1.000000000000000000e+00 2.755599975585937500e+00
3.279999923706054688e+01 -2.963414974510669708e-02 0.000000000000000000e+00 -2.425395541649777442e-05 -3.000328317284584045e-02 0.000000000000000000e+00 8.000000000000000000e+00 6.143000000000000000e+03 0.000000000000000000e+00 1.000000000000000000e+00 2.755611181259155273e+00
3.300000000000000000e+01 -3.988863900303840637e-02 0.000000000000000000e+00 -2.255343497381545603e-05 -4.000032320618629456e-02 0.000000000000000000e+00 8.000000000000000000e+00 8.191000000000000000e+03 0.000000000000000000e+00 1.000000000000000000e+00 2.755699872970581055e+00
3.320000076293945312e+01 -4.985040426254272461e-02 0.000000000000000000e+00 -2.107191721734125167e-05 -4.999735578894615173e-02 0.000000000000000000e+00 8.000000000000000000e+00 8.191000000000000000e+03 0.000000000000000000e+00 1.000000000000000000e+00 2.755699872970581055e+00
3.340000152587890625e+01 -5.990411713719367981e-02 0.000000000000000000e+00 -1.983064430532976985e-05 -5.999438837170600891e-02 0.000000000000000000e+00 8.000000000000000000e+00 8.191000000000000000e+03 0.000000000000000000e+00 1.000000000000000000e+00 2.755699872970581055e+00
3.360000228881835938e+01 -6.983134150505065918e-02 0.000000000000000000e+00 -1.861932287283707410e-05 -7.000392675399780273e-02 0.000000000000000000e+00 8.000000000000000000e+00 8.191000000000000000e+03 0.000000000000000000e+00 1.000000000000000000e+00 2.755699872970581055e+00
3.379999923706054688e+01 -7.988709211349487305e-02 0.000000000000000000e+00 -1.758201506163459271e-05 -8.000095188617706299e-02 0.000000000000000000e+00 8.000000000000000000e+00 8.191000000000000000e+03 0.000000000000000000e+00 1.000000000000000000e+00 2.755688905715942383e+00
3.400000000000000000e+01 -8.992262929677963257e-02 0.000000000000000000e+00 -1.667756259848829359e-05 -8.999799191951751709e-02 0.000000000000000000e+00 8.000000000000000000e+00 8.191000000000000000e+03 0.000000000000000000e+00 1.000000000000000000e+00 2.755599975585937500e+00
3.420000076293945312e+01 -9.984974563121795654e-02 0.000000000000000000e+00 -1.583187258802354336e-05 -9.999501705169677734e-02 0.000000000000000000e+00 8.000000000000000000e+00 8.191000000000000000e+03 0.000000000000000000e+00 1.000000000000000000e+00 2.755599975585937500e+00
3.440000152587890625e+01 -1.098614111542701721e-01 0.000000000000000000e+00 -1.509250523668015376e-05 -1.100045591592788696e-01 0.000000000000000000e+00 8.000000000000000000e+00 8.191000000000000000e+03 0.000000000000000000e+00 1.000000000000000000e+00 2.755599975585937500e+00
3.460000228881835938e+01 -1.198867112398147583e-01 0.000000000000000000e+00 -1.445008638256695122e-05 -1.200015842914581299e-01 0.000000000000000000e+00 8.000000000000000000e+00 8.191000000000000000e+03 0.000000000000000000e+00 1.000000000000000000e+00 2.755599975585937500e+00
3.479999923706054688e+01 -1.298754215240478516e-01 0.000000000000000000e+00 -1.383981725666671991e-05 -1.299986243247985840e-01 0.000000000000000000e+00 8.000000000000000000e+00 8.191000000000000000e+03 0.000000000000000000e+00 1.000000000000000000e+00 2.755611181259155273e+00
3.500000000000000000e+01 -1.398768723011016846e-01 0.000000000000000000e+00 -1.330853774561546743e-05 -1.399956643581390381e-01 0.000000000000000000e+00 8.000000000000000000e+00 8.191000000000000000e+03 0.000000000000000000e+00 1.000000000000000000e+00 2.755699872970581055e+00
3.520000076293945312e+01 -1.498208194971084595e-01 0.000000000000000000e+00 -1.277267801924608648e-05 -1.500051915645599365e-01 0.000000000000000000e+00 8.000000000000000000e+00 8.191000000000000000e+03 0.000000000000000000e+00 1.000000000000000000e+00 2.755699872970581055e+00
3.540000152587890625e+01 -1.599028110504150391e-01 0.000000000000000000e+00 -1.232513386639766395e-05 -1.600022166967391968e-01 0.000000000000000000e+00 8.000000000000000000e+00 8.191000000000000000e+03 0.000000000000000000e+00 1.000000000000000000e+00 2.755699872970581055e+00
3.560000228881835938e+01 -1.699122339487075806e-01 0.000000000000000000e+00 -1.193860953208059072e-05 -1.699992567300796509e-01 0.000000000000000000e+00 8.000000000000000000e+00 8.191000000000000000e+03 0.000000000000000000e+00 1.000000000000000000e+00 2.755699872970581055e+00
3.579999923706054688e+01 -1.798579841852188110e-01 0.000000000000000000e+00 -1.152597360487561673e-05 -1.799962967634201050e-01 0.000000000000000000e+00 8.000000000000000000e+00 8.191000000000000000e+03 0.000000000000000000e+00 1.000000000000000000e+00 2.755688905715942383e+00
3.600000000000000000e+01 -1.899258494377136230e-01 0.000000000000000000e+00 -1.120193064707564190e-05 -1.900058239698410034e-01 0.000000000000000000e+00 8.000000000000000000e+00 8.191000000000000000e+03 0.000000000000000000e+00 1.000000000000000000e+00 2.755599975585937500e+00
3.620000076293945312e+01 -1.998970806598663330e-01 0.000000000000000000e+00 -1.092994807549985126e-05 -2.000028640031814575e-01 0.000000000000000000e+00 8.000000000000000000e+00 8.191000000000000000e+03 0.000000000000000000e+00 1.000000000000000000e+00 2.755599975585937500e+00
3.640000152587890625e+01 -1.898474991321563721e-01 0.000000000000000000e+00 -1.027354574034688994e-05 -1.900058239698410034e-01 0.000000000000000000e+00 8.000000000000000000e+00 8.191000000000000000e+03 0.000000000000000000e+00 2.000000000000000000e+00 2.755599975585937500e+00
3.660000228881835938e+01 -1.799074411392211914e-01 0.000000000000000000e+00 -9.761102774064056575e-06 -1.799962967634201050e-01 0.000000000000000000e+00 8.000000000000000000e+00 8.191000000000000000e+03 0.000000000000000000e+00 2.000000000000000000e+00 2.755599975585937500e+00
3.679999923706054688e+01 -1.698867529630661011e-01 0.000000000000000000e+00 -9.331355613539926708e-06 -1.699992567300796509e-01 0.000000000000000000e+00 8.000000000000000000e+00 8.191000000000000000e+03 0.000000000000000000e+00 2.000000000000000000e+00 2.755588769912719727e+00
3.700000000000000000e+01 -1.598303020000457764e-01 0.000000000000000000e+00 -8.965036613517440856e-06 -1.600022166967391968e-01 0.000000000000000000e+00 8.000000000000000000e+00 8.191000000000000000e+03 0.000000000000000000e+00 2.000000000000000000e+00 2.755499839782714844e+00
3.720000076293945312e+01 -1.498734951019287109e-01 0.000000000000000000e+00 -8.599047760071698576e-06 -1.500051915645599365e-01 0.000000000000000000e+00 8.000000000000000000e+00 8.191000000000000000e+03 0.000000000000000000e+00 2.000000000000000000e+00 2.755499839782714844e+00
3.740000152587890625e+01 -1.399111747741699219e-01 0.000000000000000000e+00 -8.304305993078742176e-06 -1.399956643581390381e-01 0.000000000000000000e+00 8.000000000000000000e+00 8.191000000000000000e+03 0.000000000000000000e+00 2.000000000000000000e+00 2.755499839782714844e+00
3.760000228881835938e+01 -1.298443824052810669e-01 0.000000000000000000e+00 -8.046667062444612384e-06 -1.299986243247985840e-01 0.000000000000000000e+00 8.000000000000000000e+00 8.191000000000000000e+03 0.000000000000000000e+00 2.000000000000000000e+00 2.755499839782714844e+00
3.779999923706054688e+01 -1.198974475264549255e-01 0.000000000000000000e+00 -7.783431101415771991e-06 -1.200015842914581299e-01 0.000000000000000000e+00 7.000000000000000000e+00 8.191000000000000000e+03 0.000000000000000000e+00 2.000000000000000000e+00 2.755522251129150391e+00
3.800000000000000000e+01 -1.098627448081970215e-01 0.000000000000000000e+00 -7.523746717197354883e-06 -1.100045591592788696e-01 0.000000000000000000e+00 7.000000000000000000e+00 8.191000000000000000e+03 0.000000000000000000e+00 2.000000000000000000e+00 2.755699872970581055e+00
3.820000076293945312e+01 -9.981236606836318970e-02 0.000000000000000000e+00 -7.270892183441901579e-06 -9.999501705169677734e-02 0.000000000000000000e+00 7.000000000000000000e+00 8.191000000000000000e+03 0.000000000000000000e+00 2.000000000000000000e+00 2.755699872970581055e+00
3.840000152587890625e+01 -8.983869105577468872e-02 0.000000000000000000e+00 -7.026330422377213836e-06 -8.999799191951751709e-02 0.000000000000000000e+00 7.000000000000000000e+00 8.191000000000000000e+03 0.000000000000000000e+00 2.000000000000000000e+00 2.755699872970581055e+00
3.860000228881835938e+01 -7.986394315958023071e-02 0.000000000000000000e+00 -6.777861017326358706e-06 -8.000095188617706299e-02 0.000000000000000000e+00 7.000000000000000000e+00 8.191000000000000000e+03 0.000000000000000000e+00 2.000000000000000000e+00 2.755699872970581055e+00
3.879999923706054688e+01 -6.993445008993148804e-02 0.000000000000000000e+00 -6.520417173305759206e-06 -7.000392675399780273e-02 0.000000000000000000e+00 7.000000000000000000e+00 8.191000000000000000e+03 0.000000000000000000e+00 2.000000000000000000e+00 2.755688905715942383e+00
3.900000000000000000e+01 -5.990507826209068298e-02 0.000000000000000000e+00 -6.243052212084876373e-06 -5.999438837170600891e-02 0.000000000000000000e+00 7.000000000000000000e+00 8.191000000000000000e+03 0.000000000000000000e+00 2.000000000000000000e+00 2.755599975585937500e+00
3.920000076293945312e+01 -4.987320676445960999e-02 0.000000000000000000e+00 -5.934640739724272862e-06 -4.999735578894615173e-02 0.000000000000000000e+00 7.000000000000000000e+00 8.191000000000000000e+03 0.000000000000000000e+00 2.000000000000000000e+00 2.755599975585937500e+00
3.940000152587890625e+01 -3.987057134509086609e-02 0.000000000000000000e+00 -5.578937361860880628e-06 -4.000032320618629456e-02 0.000000000000000000e+00 7.000000000000000000e+00 8.191000000000000000e+03 0.000000000000000000e+00 2.000000000000000000e+00 2.755599975585937500e+00
3.960000228881835938e+01 -2.985486015677452087e-02 0.000000000000000000e+00 -5.141429028299171478e-06 -3.000328317284584045e-02 0.000000000000000000e+00 7.000000000000000000e+00 8.191000000000000000e+03 0.000000000000000000e+00 2.000000000000000000e+00 2.755599975585937500e+00
3.979999923706054688e+01 -1.983454450964927673e-02 0.000000000000000000e+00 -4.586494014802156016e-06 -1.999375596642494202e-02 0.000000000000000000e+00 7.000000000000000000e+00 8.191000000000000000e+03 0.000000000000000000e+00 2.000000000000000000e+00 2.755588769912719727e+00
4.000000000000000000e+01 -9.818683378398418427e-03 0.000000000000000000e+00 -3.866305632982403040e-06 -9.996719658374786377e-03 0.000000000000000000e+00 7.000000000000000000e+00 8.191000000000000000e+03 0.000000000000000000e+00 2.000000000000000000e+00 2.755499839782714844e+00
4.020000076293945312e+01 1.370143145322799683e-04 0.000000000000000000e+00 -2.907459247580845840e-06 3.129243850708007812e-07 0.000000000000000000e+00 7.000000000000000000e+00 8.191000000000000000e+03 0.000000000000000000e+00 2.000000000000000000e+00 2.755499839782714844e+00
4.040000152587890625e+01 1.009664684534072876e-02 0.000000000000000000e+00 -1.612597429812012706e-06 9.997349232435226440e-03 0.000000000000000000e+00 7.000000000000000000e+00 8.191000000000000000e+03 0.000000000000000000e+00 2.000000000000000000e+00 2.755499839782714844e+00
4.060000228881835938e+01 2.012496069073677063e-02 0.000000000000000000e+00 1.272064054091970320e-07 1.999438367784023285e-02 0.000000000000000000e+00 7.000000000000000000e+00 8.191000000000000000e+03 0.000000000000000000e+00 2.000000000000000000e+00 2.755499839782714844e+00
4.079999923706054688e+01 2.969227172434329987e-02 0.000000000000000000e+00 1.093102355298469774e-06 3.000391460955142975e-02 0.000000000000000000e+00 6.000000000000000000e+00 5.116000000000000000e+03 0.000000000000000000e+00 2.000000000000000000e+00 2.755511045455932617e+00
4.100000000000000000e+01 4.012582823634147644e-02 0.000000000000000000e+00 5.401281669037416577e-06 4.000094905495643616e-02 0.000000000000000000e+00 7.000000000000000000e+00 8.191000000000000000e+03 0.000000000000000000e+00 2.000000000000000000e+00 2.755599975585937500e+00
4.120000076293945312e+01 5.013939365744590759e-02 0.000000000000000000e+00 9.122572919295635074e-06 4.999798536300659180e-02 0.000000000000000000e+00 7.000000000000000000e+00 8.191000000000000000e+03 0.000000000000000000e+00 2.000000000000000000e+00 2.755599975585937500e+00
4.140000152587890625e+01 6.014759093523025513e-02 0.000000000000000000e+00 1.355519998469389975e-05 5.999501794576644897e-02 0.000000000000000000e+00 8.000000000000000000e+00 8.191000000000000000e+03 0.000000000000000000e+00 2.000000000000000000e+00 2.755599975585937500e+00
4.160000228881835938e+01 7.015311717987060547e-02 0.000000000000000000e+00 1.866210368461906910e-05 7.000455260276794434e-02 0.000000000000000000e+00 8.000000000000000000e+00 8.191000000000000000e+03 0.000000000000000000e+00 2.000000000000000000e+00 2.755599975585937500e+00
4.179999923706054688e+01 8.013810217380523682e-02 0.000000000000000000e+00 2.417469841020647436e-05 8.000158518552780151e-02 0.000000000000000000e+00 8.000000000000000000e+00 8.191000000000000000e+03 0.000000000000000000e+00 2.000000000000000000e+00 2.755566358566284180e+00
4.200000000000000000e+01 9.014646708965301514e-02 0.000000000000000000e+00 2.978783959406428039e-05 8.999861776828765869e-02 0.000000000000000000e+00 8.000000000000000000e+00 8.191000000000000000e+03 0.000000000000000000e+00 2.000000000000000000e+00 2.755300045013427734e+00
4.220000076293945312e+01 1.001408770680427551e-01 0.000000000000000000e+00 3.522325641824863851e-05 9.999565780162811279e-02 0.000000000000000000e+00 8.000000000000000000e+00 8.191000000000000000e+03 0.000000000000000000e+00 2.000000000000000000e+00 2.755300045013427734e+00
4.240000152587890625e+01 1.101675480604171753e-01 0.000000000000000000e+00 4.018182153231464326e-05 1.100051850080490112e-01 0.000000000000000000e+00 8.000000000000000000e+00 8.191000000000000000e+03 0.000000000000000000e+00 2.000000000000000000e+00 2.755300045013427734e+00
4.260000228881835938e+01 1.201603934168815613e-01 0.000000000000000000e+00 4.434627408045344055e-05 1.200022250413894653e-01 0.000000000000000000e+00 8.000000000000000000e+00 8.191000000000000000e+03 0.000000000000000000e+00 2.000000000000000000e+00 2.755300045013427734e+00
4.279999923706054688e+01 1.301705092191696167e-01 0.000000000000000000e+00 4.730024738819338381e-05 1.299992501735687256e-01 0.000000000000000000e+00 8.000000000000000000e+00 8.191000000000000000e+03 0.000000000000000000e+00 2.000000000000000000e+00 2.755322217941284180e+00
4.300000000000000000e+01 1.401650905609130859e-01 0.000000000000000000e+00 4.869551776209846139e-05 1.399962902069091797e-01 0.000000000000000000e+00 8.000000000000000000e+00 8.191000000000000000e+03 0.000000000000000000e+00 2.000000000000000000e+00 2.755499839782714844e+00
4.320000076293945312e+01 1.501956284046173096e-01 0.000000000000000000e+00 4.881367567577399313e-05 1.500058174133300781e-01 0.000000000000000000e+00 8.000000000000000000e+00 8.191000000000000000e+03 0.000000000000000000e+00 2.000000000000000000e+00 2.755499839782714844e+00
4.340000152587890625e+01 1.601924151182174683e-01 0.000000000000000000e+00 4.782502583111636341e-05 1.600028574466705322e-01 0.000000000000000000e+00 8.000000000000000000e+00 8.191000000000000000e+03 0.000000000000000000e+00 2.000000000000000000e+00 2.755499839782714844e+00
4.360000228881835938e+01 1.701306551694869995e-01 0.000000000000000000e+00 4.619311221176758409e-05 1.699998974800109863e-01 0.000000000000000000e+00 8.000000000000000000e+00 8.191000000000000000e+03 0.000000000000000000e+00 2.000000000000000000e+00 2.755499839782714844e+00
4.379999923706054688e+01 1.801346987485885620e-01 0.000000000000000000e+00 4.426675877766683698e-05 1.799969226121902466e-01 0.000000000000000000e+00 8.000000000000000000e+00 8.191000000000000000e+03 0.000000000000000000e+00 2.000000000000000000e+00 2.755511045455932617e+00
4.400000000000000000e+01 1.901147514581680298e-01 0.000000000000000000e+00 4.226067903800867498e-05 1.899939626455307007e-01 0.000000000000000000e+00 8.000000000000000000e+00 8.191000000000000000e+03 0.000000000000000000e+00 2.000000000000000000e+00 2.755599975585937500e+00
4.420000076293945312e+01 2.001511603593826294e-01 0.000000000000000000e+00 4.037226244690828025e-05 2.000034898519515991e-01 0.000000000000000000e+00 8.000000000000000000e+00 8.191000000000000000e+03 0.000000000000000000e+00 2.000000000000000000e+00 2.755599975585937500e+00
4.440000152587890625e+01 2.101801037788391113e-01 0.000000000000000000e+00 3.863000893034040928e-05 2.100005298852920532e-01 0.000000000000000000e+00 8.000000000000000000e+00 8.191000000000000000e+03 0.000000000000000000e+00 2.000000000000000000e+00 2.755599975585937500e+00
4.460000228881835938e+01 2.201825976371765137e-01 0.000000000000000000e+00 3.700663000927306712e-05 2.199975699186325073e-01 0.000000000000000000e+00 8.000000000000000000e+00 8.191000000000000000e+03 0.000000000000000000e+00 2.000000000000000000e+00 2.755599975585937500e+00
4.479999923706054688e+01 2.301653474569320679e-01 0.000000000000000000e+00 3.557972740964032710e-05 2.299945950508117676e-01 0.000000000000000000e+00 8.000000000000000000e+00 8.191000000000000000e+03 0.000000000000000000e+00 2.000000000000000000e+00 2.755599975585937500e+00
4.500000000000000000e+01 2.401726543903350830e-01 0.000000000000000000e+00 3.424963506404310465e-05 2.400041371583938599e-01 0.000000000000000000e+00 8.000000000000000000e+00 8.191000000000000000e+03 0.000000000000000000e+00 2.000000000000000000e+00 2.755599975585937500e+00
4.520000076293945312e+01 2.502278387546539307e-01 0.000000000000000000e+00 3.314993591629900038e-05 2.500011622905731201e-01 0.000000000000000000e+00 8.000000000000000000e+00 8.191000000000000000e+03 0.000000000000000000e+00 2.000000000000000000e+00 2.755599975585937500e+00
4.540000152587890625e+01 2.601952552795410156e-01 0.000000000000000000e+00 3.212019873899407685e-05 2.599982023239135742e-01 0.000000000000000000e+00 8.000000000000000000e+00 8.191000000000000000e+03 0.000000000000000000e+00 2.000000000000000000e+00 2.755599975585937500e+00
4.560000228881835938e+01 2.701570093631744385e-01 0.000000000000000000e+00 3.118110180366784334e-05 2.699952423572540283e-01 0.000000000000000000e+00 8.000000000000000000e+00 8.191000000000000000e+03 0.000000000000000000e+00 2.000000000000000000e+00 2.755599975585937500e+00
4.579999923706054688e+01 2.801397144794464111e-01 0.000000000000000000e+00 3.030114385182969272e-05 2.800047695636749268e-01 0.000000000000000000e+00 8.000000000000000000e+00 8.191000000000000000e+03 0.000000000000000000e+00 2.000000000000000000e+00 2.755611181259155273e+00
4.600000000000000000e+01 2.901480495929718018e-01 0.000000000000000000e+00 2.950826637970749289e-05 2.900017797946929932e-01 0.000000000000000000e+00 8.000000000000000000e+00 8.191000000000000000e+03 0.000000000000000000e+00 2.000000000000000000e+00 2.755699872970581055e+00
4.620000076293945312e+01 3.001751303672790527e-01 0.000000000000000000e+00 2.881617911043576896e-05 2.999988198280334473e-01 0.000000000000000000e+00 8.000000000000000000e+00 8.191000000000000000e+03 0.000000000000000000e+00 2.000000000000000000e+00 2.755699872970581055e+00
4.640000152587890625e+01 2.901515662670135498e-01 0.000000000000000000e+00 2.697459422051906586e-05 2.900017797946929932e-01 0.000000000000000000e+00 8.000000000000000000e+00 8.191000000000000000e+03 0.000000000000000000e+00 2.000000000000000000e+00 2.755699872970581055e+00
4.660000228881835938e+01 2.802166342735290527e-01 0.000000000000000000e+00 2.561184737714938819e-05 2.800047695636749268e-01 0.000000000000000000e+00 8.000000000000000000e+00 8.191000000000000000e+03 0.000000000000000000e+00 2.000000000000000000e+00 2.755699872970581055e+00
4.679999923706054688e+01 2.701762616634368896e-01 0.000000000000000000e+00 2.447272345307283103e-05 2.699952423572540283e-01 0.000000000000000000e+00 8.000000000000000000e+00 8.191000000000000000e+03 0.000000000000000000e+00 2.000000000000000000e+00 2.755655288696289062e+00
4.700000000000000000e+01 2.601464688777923584e-01 0.000000000000000000e+00 2.351566035940777510e-05 2.599982023239135742e-01 0.000000000000000000e+00 8.000000000000000000e+00 8.191000000000000000e+03 0.000000000000000000e+00 2.000000000000000000e+00 2.755300045013427734e+00
4.720000076293945312e+01 2.501412332057952881e-01 0.000000000000000000e+00 2.264972681587096304e-05 2.500011622905731201e-01 0.000000000000000000e+00 8.000000000000000000e+00 8.191000000000000000e+03 0.000000000000000000e+00 2.000000000000000000e+00 2.755300045013427734e+00
4.740000152587890625e+01 2.401559650897979736e-01 0.000000000000000000e+00 2.176001362386159599e-05 2.400041371583938599e-01 0.000000000000000000e+00 8.000000000000000000e+00 8.191000000000000000e+03 0.000000000000000000e+00 2.000000000000000000e+00 2.755300045013427734e+00
4.760000228881835938e+01 2.301621735095977783e-01 0.000000000000000000e+00 2.092684189847204834e-05 2.299945950508117676e-01 0.000000000000000000e+00 8.000000000000000000e+00 8.191000000000000000e+03 0.000000000000000000e+00 2.000000000000000000e+00 2.755300045013427734e+00
4.779999923706054688e+01 2.201849669218063354e-01 0.000000000000000000e+00 2.003978988796006888e-05 2.199975699186325073e-01 0.000000000000000000e+00 8.000000000000000000e+00 8.191000000000000000e+03 0.000000000000000000e+00 2.000000000000000000e+00 2.755300045013427734e+00
4.800000000000000000e+01 2.101866155862808228e-01 0.000000000000000000e+00 1.909378624986857176e-05 2.100005298852920532e-01 0.000000000000000000e+00 8.000000000000000000e+00 8.191000000000000000e+03 0.000000000000000000e+00 2.000000000000000000e+00 2.755300045013427734e+00
4.820000076293945312e+01 2.001700997352600098e-01 0.000000000000000000e+00 1.801180769689381123e-05 2.000034898519515991e-01 0.000000000000000000e+00 8.000000000000000000e+00 8.191000000000000000e+03 0.000000000000000000e+00 2.000000000000000000e+00 2.755300045013427734e+00
4.840000152587890625e+01 1.900992840528488159e-01 0.000000000000000000e+00 1.672053258516825736e-05 1.899939626455307007e-01 0.000000000000000000e+00 8.000000000000000000e+00 8.191000000000000000e+03 0.000000000000000000e+00 2.000000000000000000e+00 2.755300045013427734e+00
4.860000228881835938e+01 1.801400035619735718e-01 0.000000000000000000e+00 1.520694968348834664e-05 1.799969226121902466e-01 0.000000000000000000e+00 8.000000000000000000e+00 8.191000000000000000e+03 0.000000000000000000e+00 2.000000000000000000e+00 2.755300045013427734e+00
4.879999923706054688e+01 1.702066063880920410e-01 0.000000000000000000e+00 1.324393360846443102e-05 1.699998974800109863e-01 0.000000000000000000e+00 8.000000000000000000e+00 8.191000000000000000e+03 0.000000000000000000e+00 2.000000000000000000e+00 2.755355834960937500e+00
4.900000000000000000e+01 1.601448357105255127e-01 0.000000000000000000e+00 1.081766822608187795e-05 1.600028574466705322e-01 0.000000000000000000e+00 8.000000000000000000e+00 8.191000000000000000e+03 0.000000000000000000e+00 2.000000000000000000e+00 2.755800008773803711e+00
4.920000076293945312e+01 1.501851677894592285e-01 0.000000000000000000e+00 7.805070708855055273e-06 1.500058174133300781e-01 0.000000000000000000e+00 8.000000000000000000e+00 8.191000000000000000e+03 0.000000000000000000e+00 2.000000000000000000e+00 2.755800008773803711e+00
4.940000152587890625e+01 1.401488631963729858e-01 0.000000000000000000e+00 3.985034709330648184e-06 1.399962902069091797e-01 0.000000000000000000e+00 7.000000000000000000e+00 8.191000000000000000e+03 0.000000000000000000e+00 2.000000000000000000e+00 2.755800008773803711e+00
4.960000228881835938e+01 1.301662325859069824e-01 0.000000000000000000e+00 -4.793532184521609452e-07 1.299992501735687256e-01 0.000000000000000000e+00 7.000000000000000000e+00 8.191000000000000000e+03 0.000000000000000000e+00 2.000000000000000000e+00 2.755800008773803711e+00
4.979999923706054688e+01 1.200978234410285950e-01 0.000000000000000000e+00 -1.093766627491277177e-06 1.200022250413894653e-01 0.000000000000000000e+00 6.000000000000000000e+00 7.164000000000000000e+03 0.000000000000000000e+00 2.000000000000000000e+00 2.755766391754150391e+00
5.000000000000000000e+01 1.101519688963890076e-01 0.000000000000000000e+00 -1.077772230928530917e-05 1.100051850080490112e-01 0.000000000000000000e+00 7.000000000000000000e+00 7.164000000000000000e+03 0.000000000000000000e+00 2.000000000000000000e+00 2.755499839782714844e+00
5.020000076293945312e+01 1.001532375812530518e-01 0.000000000000000000e+00 -1.665778108872473240e-05 9.999565780162811279e-02 0.000000000000000000e+00 8.000000000000000000e+00 8.191000000000000000e+03 0.000000000000000000e+00 2.000000000000000000e+00 2.755499839782714844e+00
5.040000152587890625e+01 9.010051935911178589e-02 0.000000000000000000e+00 -2.231386497442144901e-05 8.999861776828765869e-02 0.000000000000000000e+00 8.000000000000000000e+00 8.191000000000000000e+03 0.000000000000000000e+00 2.000000000000000000e+00 2.755499839782714844e+00
5.060000228881835938e+01 8.018646389245986938e-02 0.000000000000000000e+00 -2.760598727036267519e-05 8.000158518552780151e-02 0.000000000000000000e+00 8.000000000000000000e+00 8.191000000000000000e+03 0.000000000000000000e+00 2.000000000000000000e+00 2.755499839782714844e+00
5.079999923706054688e+01 7.018204033374786377e-02 0.000000000000000000e+00 -3.212925003026612103e-05 7.000455260276794434e-02 0.000000000000000000e+00 8.000000000000000000e+00 8.191000000000000000e+03 0.000000000000000000e+00 2.000000000000000000e+00 2.755466222763061523e+00
5.100000000000000000e+01 6.018142402172088623e-02 0.000000000000000000e+00 -3.542178819770924747e-05 5.999501794576644897e-02 0.000000000000000000e+00 8.000000000000000000e+00 8.191000000000000000e+03 0.000000000000000000e+00 2.000000000000000000e+00 2.755199909210205078e+00
5.120000076293945312e+01 5.017749965190887451e-02 0.000000000000000000e+00 -3.728066076291725039e-05 4.999798536300659180e-02 0.000000000000000000e+00 8.000000000000000000e+00 8.191000000000000000e+03 0.000000000000000000e+00 2.000000000000000000e+00 2.755199909210205078e+00
5.140000152587890625e+01 4.014231637120246887e-02 0.000000000000000000e+00 -3.764351640711538494e-05 4.000094905495643616e-02 0.000000000000000000e+00 8.000000000000000000e+00 8.191000000000000000e+03 0.000000000000000000e+00 2.000000000000000000e+00 2.755199909210205078e+00
5.160000228881835938e+01 3.010191395878791809e-02 0.000000000000000000e+00 -3.686678246594965458e-05 3.000391460955142975e-02 0.000000000000000000e+00 8.000000000000000000e+00 8.191000000000000000e+03 0.000000000000000000e+00 2.000000000000000000e+00 2.755199909210205078e+00
5.179999923706054688e+01 2.009793929755687714e-02 0.000000000000000000e+00 -3.511364775476977229e-05 1.999438367784023285e-02 0.000000000000000000e+00 8.000000000000000000e+00 8.191000000000000000e+03 0.000000000000000000e+00 2.000000000000000000e+00 2.755222082138061523e+00
5.200000000000000000e+01 1.013003475964069366e-02 0.000000000000000000e+00 -3.299820309621281922e-05 9.997349232435226440e-03 0.000000000000000000e+00 8.000000000000000000e+00 8.191000000000000000e+03 0.000000000000000000e+00 2.000000000000000000e+00 2.755399942398071289e+00
5.220000076293945312e+01 1.072396407835185528e-04 0.000000000000000000e+00 -3.071338142035529017e-05 3.129243850708007812e-07 0.000000000000000000e+00 8.000000000000000000e+00 8.191000000000000000e+03 0.000000000000000000e+00 2.000000000000000000e+00 2.755399942398071289e+00
5.240000152587890625e+01 -9.859806858003139496e-03 0.000000000000000000e+00 -2.851252793334424496e-05 -9.996719658374786377e-03 0.000000000000000000e+00 8.000000000000000000e+00 8.191000000000000000e+03 0.000000000000000000e+00 2.000000000000000000e+00 2.755399942398071289e+00
5.260000228881835938e+01 -1.993064768612384796e-02 0.000000000000000000e+00 -2.644555934239178896e-05 -1.999375596642494202e-02 0.000000000000000000e+00 8.000000000000000000e+00 8.191000000000000000e+03 0.000000000000000000e+00 2.000000000000000000e+00 2.755399942398071289e+00
5.279999923706054688e+01 -2.956083230674266815e-02 0.000000000000000000e+00 -2.456066795275546610e-05 -3.000328317284584045e-02 0.000000000000000000e+00 8.000000000000000000e+00 6.143000000000000000e+03 0.000000000000000000e+00 2.000000000000000000e+00 2.755411148071289062e+00
5.300000000000000000e+01 -3.995252400636672974e-02 0.000000000000000000e+00 -2.294199111929628998e-05 -4.000032320618629456e-02 0.000000000000000000e+00 8.000000000000000000e+00 8.191000000000000000e+03 0.000000000000000000e+00 2.000000000000000000e+00 2.755499839782714844e+00
5.320000076293945312e+01 -4.991226643323898315e-02 0.000000000000000000e+00 -2.145891448890324682e-05 -4.999735578894615173e-02 0.000000000000000000e+00 8.000000000000000000e+00 8.191000000000000000e+03 0.000000000000000000e+00 2.000000000000000000e+00 2.755499839782714844e+00
5.340000152587890625e+01 -5.991994589567184448e-02 0.000000000000000000e+00 -2.021420186792965978e-05 -5.999438837170600891e-02 0.000000000000000000e+00 8.000000000000000000e+00 8.191000000000000000e+03 0.000000000000000000e+00 2.000000000000000000e+00 2.755499839782714844e+00
5.360000228881835938e+01 -6.990390270948410034e-02 0.000000000000000000e+00 -1.905467433971352875e-05 -7.000392675399780273e-02 0.000000000000000000e+00 8.000000000000000000e+00 8.191000000000000000e+03 0.000000000000000000e+00 2.000000000000000000e+00 2.755499839782714844e+00
5.379999923706054688e+01 -7.987716048955917358e-02 0.000000000000000000e+00 -1.800563404685817659e-05 -8.000095188617706299e-02 0.000000000000000000e+00 8.000000000000000000e+00 8.191000000000000000e+03 0.000000000000000000e+00 2.000000000000000000e+00 2.755499839782714844e+00
5.400000000000000000e+01 -8.987225592136383057e-02 0.000000000000000000e+00 -1.712167795631103218e-05 -8.999799191951751709e-02 0.000000000000000000e+00 8.000000000000000000e+00 8.191000000000000000e+03 0.000000000000000000e+00 2.000000000000000000e+00 2.755499839782714844e+00
5.420000076293945312e+01 -9.987163543701171875e-02 0.000000000000000000e+00 -1.630964834475889802e-05 -9.999501705169677734e-02 0.000000000000000000e+00 8.000000000000000000e+00 8.191000000000000000e+03 0.000000000000000000e+00 2.000000000000000000e+00 2.755499839782714844e+00
5.440000152587890625e+01 -1.098845154047012329e-01 0.000000000000000000e+00 -1.558117946842685342e-05 -1.100045591592788696e-01 0.000000000000000000e+00 8.000000000000000000e+00 8.191000000000000000e+03 0.000000000000000000e+00 2.000000000000000000e+00 2.755499839782714844e+00
5.460000228881835938e+01 -1.198938786983489990e-01 0.000000000000000000e+00 -1.494373191235354170e-05 -1.200015842914581299e-01 0.000000000000000000e+00 8.000000000000000000e+00 8.191000000000000000e+03 0.000000000000000000e+00 2.000000000000000000e+00 2.755499839782714844e+00
5.479999923706054688e+01 -1.299049258232116699e-01 0.000000000000000000e+00 -1.432027784176170826e-05 -1.299986243247985840e-01 0.000000000000000000e+00 8.000000000000000000e+00 8.191000000000000000e+03 0.000000000000000000e+00 2.000000000000000000e+00 2.755488872528076172e+00
5.500000000000000000e+01 -1.399308890104293823e-01 0.000000000000000000e+00 -1.376365889882436022e-05 -1.399956643581390381e-01 0.000000000000000000e+00 8.000000000000000000e+00 8.191000000000000000e+03 0.000000000000000000e+00 2.000000000000000000e+00 2.755399942398071289e+00
5.520000076293945312e+01 -1.498179584741592407e-01 0.000000000000000000e+00 -1.325050743616884574e-05 -1.500051915645599365e-01 0.000000000000000000e+00 8.000000000000000000e+00 8.191000000000000000e+03 0.000000000000000000e+00 2.000000000000000000e+00 2.755399942398071289e+00
5.540000152587890625e+01 -1.598438620567321777e-01 0.000000000000000000e+00 -1.284731115447357297e-05 -1.600022166967391968e-01 0.000000000000000000e+00 8.000000000000000000e+00 8.191000000000000000e+03 0.000000000000000000e+00 2.000000000000000000e+00 2.755399942398071289e+00
5.560000228881835938e+01 -1.699037849903106689e-01 0.000000000000000000e+00 -1.243896531377686188e-05 -1.699992567300796509e-01 0.000000000000000000e+00 8.000000000000000000e+00 8.191000000000000000e+03 0.000000000000000000e+00 2.000000000000000000e+00 2.755399942398071289e+00
5.579999923706054688e+01 -1.798843741416931152e-01 0.000000000000000000e+00 -1.205753596877912059e-05 -1.799962967634201050e-01 0.000000000000000000e+00 8.000000000000000000e+00 8.191000000000000000e+03 0.000000000000000000e+00 2.000000000000000000e+00 2.755399942398071289e+00
5.600000000000000000e+01 -1.898787021636962891e-01 0.000000000000000000e+00 -1.173597047454677522e-05 -1.900058239698410034e-01 0.000000000000000000e+00 8.000000000000000000e+00 8.191000000000000000e+03 0.000000000000000000e+00 2.000000000000000000e+00 2.755399942398071289e+00
5.620000076293945312e+01 -1.998938024044036865e-01 0.000000000000000000e+00 -1.141664688475430012e-05 -2.000028640031814575e-01 0.000000000000000000e+00 8.000000000000000000e+00 8.191000000000000000e+03 0.000000000000000000e+00 2.000000000000000000e+00 2.755399942398071289e+00
5.640000152587890625e+01 -1.999029219150543213e-01 0.000000000000000000e+00 -1.094284107239218429e-05 -2.000028640031814575e-01 0.000000000000000000e+00 8.000000000000000000e+00 8.191000000000000000e+03 0.000000000000000000e+00 3.000000000000000000e+00 2.755399942398071289e+00
