5.000000000000000000e-01 2.462744887452572584e-04 2.462744887452572584e-04 0.000000000000000000e+00 0.000000000000000000e+00 8.191000000000000000e+03 0.000000000000000000e+00 2.755599975585937500e+00
1.000000000000000000e+00 2.438278170302510262e-04 1.182008054456673563e-04 0.000000000000000000e+00 0.000000000000000000e+00 8.191000000000000000e+03 0.000000000000000000e+00 2.755599975585937500e+00
1.500000000000000000e+00 2.310435520485043526e-04 1.140466192737221718e-04 0.000000000000000000e+00 0.000000000000000000e+00 8.191000000000000000e+03 0.000000000000000000e+00 2.755237817764282227e+00
2.000000000000000000e+00 2.023430715780705214e-04 1.111574820242822170e-04 0.000000000000000000e+00 0.000000000000000000e+00 8.191000000000000000e+03 0.000000000000000000e+00 2.755199909210205078e+00
2.500000000000000000e+00 1.655463129281997681e-04 1.107406278606504202e-04 0.000000000000000000e+00 0.000000000000000000e+00 8.191000000000000000e+03 0.000000000000000000e+00 2.755380868911743164e+00
3.000000000000000000e+00 1.350769889540970325e-04 1.104344555642455816e-04 0.000000000000000000e+00 0.000000000000000000e+00 8.191000000000000000e+03 0.000000000000000000e+00 2.755399942398071289e+00
3.500000000000000000e+00 1.176087243948131800e-04 1.103983959183096886e-04 0.000000000000000000e+00 0.000000000000000000e+00 8.191000000000000000e+03 0.000000000000000000e+00 2.755490541458129883e+00
4.000000000000000000e+00 1.106644485844299197e-04 1.101662055589258671e-04 0.000000000000000000e+00 0.000000000000000000e+00 8.191000000000000000e+03 0.000000000000000000e+00 2.755499839782714844e+00
4.500000000000000000e+00 1.091462181648239493e-04 1.099194341804832220e-04 0.000000000000000000e+00 0.000000000000000000e+00 8.191000000000000000e+03 0.000000000000000000e+00 2.755590438842773438e+00
5.000000000000000000e+00 1.093941100407391787e-04 1.099788350984454155e-04 0.000000000000000000e+00 0.000000000000000000e+00 8.191000000000000000e+03 0.000000000000000000e+00 2.755599975585937500e+00
5.500000000000000000e+00 1.098084976547397673e-04 1.107538409996777773e-04 0.000000000000000000e+00 0.000000000000000000e+00 8.191000000000000000e+03 0.000000000000000000e+00 2.755509376525878906e+00
6.000000000000000000e+00 1.100645022233948112e-04 1.105846895370632410e-04 0.000000000000000000e+00 0.000000000000000000e+00 8.191000000000000000e+03 0.000000000000000000e+00 2.755499839782714844e+00
6.500000000000000000e+00 1.102519745472818613e-04 1.105586416088044643e-04 0.000000000000000000e+00 0.000000000000000000e+00 8.191000000000000000e+03 0.000000000000000000e+00 2.755499839782714844e+00
7.000000000000000000e+00 1.104179391404613853e-04 1.106950512621551752e-04 0.000000000000000000e+00 0.000000000000000000e+00 8.191000000000000000e+03 0.000000000000000000e+00 2.755499839782714844e+00
7.500000000000000000e+00 1.105386181734502316e-04 1.106788695324212313e-04 0.000000000000000000e+00 0.000000000000000000e+00 8.191000000000000000e+03 0.000000000000000000e+00 2.755499839782714844e+00
8.000000000000000000e+00 1.106251002056524158e-04 1.114259648602455854e-04 0.000000000000000000e+00 0.000000000000000000e+00 8.191000000000000000e+03 0.000000000000000000e+00 2.755499839782714844e+00
8.500000000000000000e+00 1.107311181840486825e-04 1.109689765144139528e-04 0.000000000000000000e+00 0.000000000000000000e+00 8.191000000000000000e+03 0.000000000000000000e+00 2.755499839782714844e+00
9.000000000000000000e+00 1.108732394641265273e-04 1.110938901547342539e-04 0.000000000000000000e+00 0.000000000000000000e+00 8.191000000000000000e+03 0.000000000000000000e+00 2.755499839782714844e+00
9.500000000000000000e+00 1.110019511543214321e-04 1.111928722821176052e-04 0.000000000000000000e+00 0.000000000000000000e+00 8.191000000000000000e+03 0.000000000000000000e+00 2.755499839782714844e+00
1.000000000000000000e+01 1.110711309593170881e-04 1.106923737097531557e-04 0.000000000000000000e+00 0.000000000000000000e+00 8.191000000000000000e+03 0.000000000000000000e+00 2.755499839782714844e+00
1.050000000000000000e+01 1.110584416892379522e-04 1.102806709241122007e-04 0.000000000000000000e+00 0.000000000000000000e+00 8.191000000000000000e+03 0.000000000000000000e+00 2.755499839782714844e+00
1.100000000000000000e+01 1.109611839638091624e-04 1.114461338147521019e-04 0.000000000000000000e+00 0.000000000000000000e+00 8.191000000000000000e+03 0.000000000000000000e+00 2.755499839782714844e+00
1.150000000000000000e+01 1.108688811655156314e-04 1.114696788135915995e-04 0.000000000000000000e+00 0.000000000000000000e+00 8.191000000000000000e+03 0.000000000000000000e+00 2.755499839782714844e+00
1.200000000000000000e+01 1.109122458728961647e-04 1.114317856263369322e-04 0.000000000000000000e+00 0.000000000000000000e+00 8.191000000000000000e+03 0.000000000000000000e+00 2.755499839782714844e+00
1.250000000000000000e+01 1.110932498704642057e-04 1.116892090067267418e-04 0.000000000000000000e+00 0.000000000000000000e+00 8.191000000000000000e+03 0.000000000000000000e+00 2.755499839782714844e+00
1.300000000000000000e+01 1.113088583224453032e-04 1.118452928494662046e-04 0.000000000000000000e+00 0.000000000000000000e+00 8.191000000000000000e+03 0.000000000000000000e+00 2.755499839782714844e+00
1.350000000000000000e+01 1.114860642701387405e-04 1.113040489144623280e-04 0.000000000000000000e+00 0.000000000000000000e+00 8.191000000000000000e+03 0.000000000000000000e+00 2.755590438842773438e+00
1.400000000000000000e+01 1.115829581976868212e-04 1.112955796997994184e-04 0.000000000000000000e+00 0.000000000000000000e+00 8.191000000000000000e+03 0.000000000000000000e+00 2.755599975585937500e+00
1.450000000000000000e+01 1.115743652917444706e-04 1.114661863539367914e-04 0.000000000000000000e+00 0.000000000000000000e+00 8.191000000000000000e+03 0.000000000000000000e+00 2.755509376525878906e+00
1.500000000000000000e+01 1.115022023441269994e-04 1.115200866479426622e-04 0.000000000000000000e+00 0.000000000000000000e+00 8.191000000000000000e+03 0.000000000000000000e+00 2.755499839782714844e+00
