5.000000000000000000e-01 -2.358305454254150391e-02 -2.358305454254150391e-02 0.000000000000000000e+00 0.000000000000000000e+00 8.191000000000000000e+03 0.000000000000000000e+00 2.757200002670288086e+00
1.000000000000000000e+00 -2.355776540935039520e-02 -2.225927636027336121e-02 0.000000000000000000e+00 0.000000000000000000e+00 8.191000000000000000e+03 0.000000000000000000e+00 2.757200002670288086e+00
1.500000000000000000e+00 -2.340359613299369812e-02 -2.106305398046970367e-02 0.000000000000000000e+00 0.000000000000000000e+00 8.191000000000000000e+03 0.000000000000000000e+00 2.757200002670288086e+00
2.000000000000000000e+00 -2.297553606331348419e-02 -2.014312148094177246e-02 0.000000000000000000e+00 0.000000000000000000e+00 6.143000000000000000e+03 0.000000000000000000e+00 2.757099866867065430e+00
2.500000000000000000e+00 -2.223676256835460663e-02 -1.930597051978111267e-02 0.000000000000000000e+00 0.000000000000000000e+00 8.191000000000000000e+03 0.000000000000000000e+00 2.757099866867065430e+00
3.000000000000000000e+00 -2.130759693682193756e-02 -1.851999573409557343e-02 0.000000000000000000e+00 0.000000000000000000e+00 6.143000000000000000e+03 0.000000000000000000e+00 2.757400035858154297e+00
3.500000000000000000e+00 -2.034735865890979767e-02 -1.782329380512237549e-02 0.000000000000000000e+00 0.000000000000000000e+00 8.191000000000000000e+03 0.000000000000000000e+00 2.757400035858154297e+00
4.000000000000000000e+00 -1.945138163864612579e-02 -1.721528172492980957e-02 0.000000000000000000e+00 0.000000000000000000e+00 6.143000000000000000e+03 0.000000000000000000e+00 2.757400035858154297e+00
4.500000000000000000e+00 -1.864743791520595551e-02 -1.658273115754127502e-02 0.000000000000000000e+00 0.000000000000000000e+00 8.191000000000000000e+03 0.000000000000000000e+00 2.757400035858154297e+00
5.000000000000000000e+00 -1.792848482728004456e-02 -1.607863232493400574e-02 0.000000000000000000e+00 0.000000000000000000e+00 6.143000000000000000e+03 0.000000000000000000e+00 2.757400035858154297e+00
5.500000000000000000e+00 -1.727911271154880524e-02 -1.561620179563760757e-02 0.000000000000000000e+00 0.000000000000000000e+00 8.191000000000000000e+03 0.000000000000000000e+00 2.757400035858154297e+00
6.000000000000000000e+00 -1.668911427259445190e-02 -1.511689368635416031e-02 0.000000000000000000e+00 0.000000000000000000e+00 6.143000000000000000e+03 0.000000000000000000e+00 2.757400035858154297e+00
6.500000000000000000e+00 -1.615139096975326538e-02 -1.475319918245077133e-02 0.000000000000000000e+00 0.000000000000000000e+00 8.191000000000000000e+03 0.000000000000000000e+00 2.757400035858154297e+00
7.000000000000000000e+00 -1.565994322299957275e-02 -1.441548485308885574e-02 0.000000000000000000e+00 0.000000000000000000e+00 6.143000000000000000e+03 0.000000000000000000e+00 2.757400035858154297e+00
7.500000000000000000e+00 -1.521433703601360321e-02 -1.409429684281349182e-02 0.000000000000000000e+00 0.000000000000000000e+00 8.191000000000000000e+03 0.000000000000000000e+00 2.757400035858154297e+00
8.000000000000000000e+00 -1.481408532708883286e-02 -1.372415944933891296e-02 0.000000000000000000e+00 0.000000000000000000e+00 8.191000000000000000e+03 0.000000000000000000e+00 2.757400035858154297e+00
8.500000000000000000e+00 -1.444887742400169373e-02 -1.341324672102928162e-02 0.000000000000000000e+00 0.000000000000000000e+00 8.191000000000000000e+03 0.000000000000000000e+00 2.757400035858154297e+00
9.000000000000000000e+00 -1.410630065947771072e-02 -1.324350200593471527e-02 0.000000000000000000e+00 0.000000000000000000e+00 8.191000000000000000e+03 0.000000000000000000e+00 2.757299900054931641e+00
9.500000000000000000e+00 -1.378619857132434845e-02 -1.292738411575555801e-02 0.000000000000000000e+00 0.000000000000000000e+00 8.191000000000000000e+03 0.000000000000000000e+00 2.757299900054931641e+00
1.000000000000000000e+01 -1.349410507827997208e-02 -1.272586639970541000e-02 0.000000000000000000e+00 0.000000000000000000e+00 8.191000000000000000e+03 0.000000000000000000e+00 2.757299900054931641e+00
1.050000000000000000e+01 -1.322693936526775360e-02 -1.247594691812992096e-02 0.000000000000000000e+00 0.000000000000000000e+00 8.191000000000000000e+03 0.000000000000000000e+00 2.757299900054931641e+00
1.100000000000000000e+01 -1.297570019960403442e-02 -1.222985517233610153e-02 0.000000000000000000e+00 0.000000000000000000e+00 8.191000000000000000e+03 0.000000000000000000e+00 2.757299900054931641e+00
1.150000000000000000e+01 -1.272999867796897888e-02 -1.186095830053091049e-02 0.000000000000000000e+00 0.000000000000000000e+00 8.191000000000000000e+03 0.000000000000000000e+00 2.757299900054931641e+00
1.200000000000000000e+01 -1.247529871761798859e-02 -1.156832370907068253e-02 0.000000000000000000e+00 0.000000000000000000e+00 8.191000000000000000e+03 0.000000000000000000e+00 2.757299900054931641e+00
1.250000000000000000e+01 -1.220174785703420639e-02 -1.138594187796115875e-02 0.000000000000000000e+00 0.000000000000000000e+00 8.191000000000000000e+03 0.000000000000000000e+00 2.757299900054931641e+00
1.300000000000000000e+01 -1.191877573728561401e-02 -1.113491412252187729e-02 0.000000000000000000e+00 0.000000000000000000e+00 8.191000000000000000e+03 0.000000000000000000e+00 2.757299900054931641e+00
1.350000000000000000e+01 -1.164609380066394806e-02 -1.088657323271036148e-02 0.000000000000000000e+00 0.000000000000000000e+00 8.191000000000000000e+03 0.000000000000000000e+00 2.757299900054931641e+00
1.400000000000000000e+01 -1.139060594141483307e-02 -1.062200404703617096e-02 0.000000000000000000e+00 0.000000000000000000e+00 8.191000000000000000e+03 0.000000000000000000e+00 2.757299900054931641e+00
1.450000000000000000e+01 -1.114471256732940674e-02 -1.041760854423046112e-02 0.000000000000000000e+00 0.000000000000000000e+00 8.191000000000000000e+03 0.000000000000000000e+00 2.757299900054931641e+00
1.500000000000000000e+01 -1.090238988399505615e-02 -1.019740570336580276e-02 0.000000000000000000e+00 0.000000000000000000e+00 8.191000000000000000e+03 0.000000000000000000e+00 2.757299900054931641e+00
