5.000000000000000000e-01 3.705658891703933477e-04 3.705658891703933477e-04 0.000000000000000000e+00 0.000000000000000000e+00 8.191000000000000000e+03 0.000000000000000000e+00 2.753999948501586914e+00
1.000000000000000000e+00 3.666793345473706722e-04 1.671203353907912970e-04 0.000000000000000000e+00 0.000000000000000000e+00 8.191000000000000000e+03 0.000000000000000000e+00 2.753999948501586914e+00
1.500000000000000000e+00 3.458621213212609291e-04 1.338589063379913568e-04 0.000000000000000000e+00 0.000000000000000000e+00 8.191000000000000000e+03 0.000000000000000000e+00 2.753999948501586914e+00
2.000000000000000000e+00 2.975954557769000530e-04 1.276515249628573656e-04 0.000000000000000000e+00 0.000000000000000000e+00 8.191000000000000000e+03 0.000000000000000000e+00 2.754339694976806641e+00
2.500000000000000000e+00 2.331104042241349816e-04 1.272428489755839109e-04 0.000000000000000000e+00 0.000000000000000000e+00 8.191000000000000000e+03 0.000000000000000000e+00 2.754499912261962891e+00
3.000000000000000000e+00 1.769878726918250322e-04 1.277017581742256880e-04 0.000000000000000000e+00 0.000000000000000000e+00 8.191000000000000000e+03 0.000000000000000000e+00 2.754703760147094727e+00
3.500000000000000000e+00 1.429889089195057750e-04 1.281567092519253492e-04 0.000000000000000000e+00 0.000000000000000000e+00 8.191000000000000000e+03 0.000000000000000000e+00 2.754799842834472656e+00
4.000000000000000000e+00 1.286651240661740303e-04 1.272546942345798016e-04 0.000000000000000000e+00 0.000000000000000000e+00 8.191000000000000000e+03 0.000000000000000000e+00 2.754799842834472656e+00
4.500000000000000000e+00 1.252816146006807685e-04 1.274929090868681669e-04 0.000000000000000000e+00 0.000000000000000000e+00 8.191000000000000000e+03 0.000000000000000000e+00 2.754799842834472656e+00
5.000000000000000000e+00 1.257640687981620431e-04 1.270782086066901684e-04 0.000000000000000000e+00 0.000000000000000000e+00 8.191000000000000000e+03 0.000000000000000000e+00 2.754799842834472656e+00
5.500000000000000000e+00 1.266981707885861397e-04 1.272071094717830420e-04 0.000000000000000000e+00 0.000000000000000000e+00 8.191000000000000000e+03 0.000000000000000000e+00 2.754799842834472656e+00
6.000000000000000000e+00 1.271785004064440727e-04 1.272967783734202385e-04 0.000000000000000000e+00 0.000000000000000000e+00 8.191000000000000000e+03 0.000000000000000000e+00 2.754799842834472656e+00
6.500000000000000000e+00 1.272964000236243010e-04 1.273122907150536776e-04 0.000000000000000000e+00 0.000000000000000000e+00 8.191000000000000000e+03 0.000000000000000000e+00 2.754799842834472656e+00
7.000000000000000000e+00 1.272981462534517050e-04 1.276475086342543364e-04 0.000000000000000000e+00 0.000000000000000000e+00 8.191000000000000000e+03 0.000000000000000000e+00 2.754799842834472656e+00
7.500000000000000000e+00 1.273089437745511532e-04 1.268331543542444706e-04 0.000000000000000000e+00 0.000000000000000000e+00 8.191000000000000000e+03 0.000000000000000000e+00 2.754799842834472656e+00
8.000000000000000000e+00 1.273374946322292089e-04 1.282682351302355528e-04 0.000000000000000000e+00 0.000000000000000000e+00 8.191000000000000000e+03 0.000000000000000000e+00 2.754799842834472656e+00
8.500000000000000000e+00 1.273852831218391657e-04 1.272680528927594423e-04 0.000000000000000000e+00 0.000000000000000000e+00 8.191000000000000000e+03 0.000000000000000000e+00 2.754799842834472656e+00
9.000000000000000000e+00 1.274528913199901581e-04 1.270159264095127583e-04 0.000000000000000000e+00 0.000000000000000000e+00 8.191000000000000000e+03 0.000000000000000000e+00 2.754799842834472656e+00
9.500000000000000000e+00 1.274749665753915906e-04 1.274156093131750822e-04 0.000000000000000000e+00 0.000000000000000000e+00 8.191000000000000000e+03 0.000000000000000000e+00 2.754799842834472656e+00
1.000000000000000000e+01 1.274147070944309235e-04 1.272662193514406681e-04 0.000000000000000000e+00 0.000000000000000000e+00 8.191000000000000000e+03 0.000000000000000000e+00 2.754799842834472656e+00
1.050000000000000000e+01 1.273432862944900990e-04 1.276794064324349165e-04 0.000000000000000000e+00 0.000000000000000000e+00 8.191000000000000000e+03 0.000000000000000000e+00 2.754799842834472656e+00
1.100000000000000000e+01 1.273442903766408563e-04 1.278980926144868135e-04 0.000000000000000000e+00 0.000000000000000000e+00 8.191000000000000000e+03 0.000000000000000000e+00 2.754799842834472656e+00
1.150000000000000000e+01 1.274405803997069597e-04 1.278610434383153915e-04 0.000000000000000000e+00 0.000000000000000000e+00 8.191000000000000000e+03 0.000000000000000000e+00 2.754799842834472656e+00
1.200000000000000000e+01 1.275913673453032970e-04 1.277049304917454720e-04 0.000000000000000000e+00 0.000000000000000000e+00 8.191000000000000000e+03 0.000000000000000000e+00 2.754799842834472656e+00
1.250000000000000000e+01 1.277221017517149448e-04 1.278974232263863087e-04 0.000000000000000000e+00 0.000000000000000000e+00 8.191000000000000000e+03 0.000000000000000000e+00 2.754799842834472656e+00
1.300000000000000000e+01 1.277930568903684616e-04 1.278122945223003626e-04 0.000000000000000000e+00 0.000000000000000000e+00 8.191000000000000000e+03 0.000000000000000000e+00 2.754799842834472656e+00
1.350000000000000000e+01 1.278304844163358212e-04 1.283719029743224382e-04 0.000000000000000000e+00 0.000000000000000000e+00 8.191000000000000000e+03 0.000000000000000000e+00 2.754799842834472656e+00
1.400000000000000000e+01 1.278886047657579184e-04 1.281235017813742161e-04 0.000000000000000000e+00 0.000000000000000000e+00 8.191000000000000000e+03 0.000000000000000000e+00 2.754799842834472656e+00
1.450000000000000000e+01 1.279970892937853932e-04 1.287306949961930513e-04 0.000000000000000000e+00 0.000000000000000000e+00 8.191000000000000000e+03 0.000000000000000000e+00 2.754799842834472656e+00
1.500000000000000000e+01 1.281476870644837618e-04 1.284717291127890348e-04 0.000000000000000000e+00 0.000000000000000000e+00 8.191000000000000000e+03 0.000000000000000000e+00 2.754799842834472656e+00
