5.000000000000000000e-01 1.291192322969436646e-02 1.291192322969436646e-02 0.000000000000000000e+00 0.000000000000000000e+00 8.191000000000000000e+03 0.000000000000000000e+00 2.756199836730957031e+00
1.000000000000000000e+00 1.296229939907789230e-02 1.554890442639589310e-02 0.000000000000000000e+00 0.000000000000000000e+00 8.191000000000000000e+03 0.000000000000000000e+00 2.755816698074340820e+00
1.500000000000000000e+00 1.326048560440540314e-02 1.746459305286407471e-02 0.000000000000000000e+00 0.000000000000000000e+00 8.191000000000000000e+03 0.000000000000000000e+00 2.755800008773803711e+00
2.000000000000000000e+00 1.405494380742311478e-02 1.867444813251495361e-02 0.000000000000000000e+00 0.000000000000000000e+00 6.143000000000000000e+03 0.000000000000000000e+00 2.756183147430419922e+00
2.500000000000000000e+00 1.535378023982048035e-02 1.992057450115680695e-02 0.000000000000000000e+00 0.000000000000000000e+00 8.191000000000000000e+03 0.000000000000000000e+00 2.756199836730957031e+00
3.000000000000000000e+00 1.687812618911266327e-02 2.056096680462360382e-02 0.000000000000000000e+00 0.000000000000000000e+00 6.143000000000000000e+03 0.000000000000000000e+00 2.756583213806152344e+00
3.500000000000000000e+00 1.832048967480659485e-02 2.151511050760746002e-02 0.000000000000000000e+00 0.000000000000000000e+00 8.191000000000000000e+03 0.000000000000000000e+00 2.756599903106689453e+00
4.000000000000000000e+00 1.952450349926948547e-02 2.165222167968750000e-02 0.000000000000000000e+00 0.000000000000000000e+00 6.143000000000000000e+03 0.000000000000000000e+00 2.756599903106689453e+00
4.500000000000000000e+00 2.046915143728256226e-02 2.254560217261314392e-02 0.000000000000000000e+00 0.000000000000000000e+00 8.191000000000000000e+03 0.000000000000000000e+00 2.756599903106689453e+00
5.000000000000000000e+00 2.119851484894752502e-02 2.245692722499370575e-02 0.000000000000000000e+00 0.000000000000000000e+00 6.143000000000000000e+03 0.000000000000000000e+00 2.756599903106689453e+00
5.500000000000000000e+00 2.177613228559494019e-02 2.345521003007888794e-02 0.000000000000000000e+00 0.000000000000000000e+00 8.191000000000000000e+03 0.000000000000000000e+00 2.756599903106689453e+00
6.000000000000000000e+00 2.225782163441181183e-02 2.301053889095783234e-02 0.000000000000000000e+00 0.000000000000000000e+00 6.143000000000000000e+03 0.000000000000000000e+00 2.756599903106689453e+00
6.500000000000000000e+00 2.267476171255111694e-02 2.409494295716285706e-02 0.000000000000000000e+00 0.000000000000000000e+00 8.191000000000000000e+03 0.000000000000000000e+00 2.756599903106689453e+00
7.000000000000000000e+00 2.303706854581832886e-02 2.341651916503906250e-02 0.000000000000000000e+00 0.000000000000000000e+00 6.143000000000000000e+03 0.000000000000000000e+00 2.756504297256469727e+00
7.500000000000000000e+00 2.334838174283504486e-02 2.454087510704994202e-02 0.000000000000000000e+00 0.000000000000000000e+00 8.191000000000000000e+03 0.000000000000000000e+00 2.756500005722045898e+00
8.000000000000000000e+00 2.363251522183418274e-02 2.473996765911579132e-02 0.000000000000000000e+00 0.000000000000000000e+00 8.191000000000000000e+03 0.000000000000000000e+00 2.756595611572265625e+00
8.500000000000000000e+00 2.394382841885089874e-02 2.515261806547641754e-02 0.000000000000000000e+00 0.000000000000000000e+00 8.191000000000000000e+03 0.000000000000000000e+00 2.756599903106689453e+00
9.000000000000000000e+00 2.430666424334049225e-02 2.529539540410041809e-02 0.000000000000000000e+00 0.000000000000000000e+00 8.191000000000000000e+03 0.000000000000000000e+00 2.756408214569091797e+00
9.500000000000000000e+00 2.467872016131877899e-02 2.552460879087448120e-02 0.000000000000000000e+00 0.000000000000000000e+00 8.191000000000000000e+03 0.000000000000000000e+00 2.756399869918823242e+00
1.000000000000000000e+01 2.500598877668380737e-02 2.565767057240009308e-02 0.000000000000000000e+00 0.000000000000000000e+00 8.191000000000000000e+03 0.000000000000000000e+00 2.756304264068603516e+00
1.050000000000000000e+01 2.526864036917686462e-02 2.580375969409942627e-02 0.000000000000000000e+00 0.000000000000000000e+00 8.191000000000000000e+03 0.000000000000000000e+00 2.756299972534179688e+00
1.100000000000000000e+01 2.547387965023517609e-02 2.586861141026020050e-02 0.000000000000000000e+00 0.000000000000000000e+00 8.191000000000000000e+03 0.000000000000000000e+00 2.756395578384399414e+00
1.150000000000000000e+01 2.563346363604068756e-02 2.588827908039093018e-02 0.000000000000000000e+00 0.000000000000000000e+00 8.191000000000000000e+03 0.000000000000000000e+00 2.756399869918823242e+00
1.200000000000000000e+01 2.575129270553588867e-02 2.586926147341728210e-02 0.000000000000000000e+00 0.000000000000000000e+00 8.191000000000000000e+03 0.000000000000000000e+00 2.756304264068603516e+00
1.250000000000000000e+01 2.582494914531707764e-02 2.577883377671241760e-02 0.000000000000000000e+00 0.000000000000000000e+00 8.191000000000000000e+03 0.000000000000000000e+00 2.756299972534179688e+00
1.300000000000000000e+01 2.585375681519508362e-02 2.580736577510833740e-02 0.000000000000000000e+00 0.000000000000000000e+00 8.191000000000000000e+03 0.000000000000000000e+00 2.756299972534179688e+00
1.350000000000000000e+01 2.584676630795001984e-02 2.573786489665508270e-02 0.000000000000000000e+00 0.000000000000000000e+00 8.191000000000000000e+03 0.000000000000000000e+00 2.756299972534179688e+00
1.400000000000000000e+01 2.581939287483692169e-02 2.566632442176342010e-02 0.000000000000000000e+00 0.000000000000000000e+00 8.191000000000000000e+03 0.000000000000000000e+00 2.756299972534179688e+00
1.450000000000000000e+01 2.578188851475715637e-02 2.566987648606300354e-02 0.000000000000000000e+00 0.000000000000000000e+00 8.191000000000000000e+03 0.000000000000000000e+00 2.756299972534179688e+00
1.500000000000000000e+01 2.574053779244422913e-02 2.567269280552864075e-02 0.000000000000000000e+00 0.000000000000000000e+00 8.191000000000000000e+03 0.000000000000000000e+00 2.756299972534179688e+00
