2.000000000000000000e+00 1.025187666527926922e-04 0.000000000000000000e+00 5.134994012223614845e-07 -2.473592758178710938e-06 0.000000000000000000e+00 1.000000000000000000e+01 8.191000000000000000e+03 0.000000000000000000e+00 0.000000000000000000e+00 2.755699872970581055e+00
4.000000000000000000e+00 -9.992627054452896118e-02 0.000000000000000000e+00 -5.004743798053823411e-05 -9.999781847000122070e-02 0.000000000000000000e+00 9.000000000000000000e+00 8.191000000000000000e+03 0.000000000000000000e+00 0.000000000000000000e+00 2.755499839782714844e+00
6.000000000000000000e+00 -1.999144703149795532e-01 0.000000000000000000e+00 -1.000345291686244309e-04 -2.000056654214859009e-01 0.000000000000000000e+00 8.000000000000000000e+00 8.191000000000000000e+03 0.000000000000000000e+00 0.000000000000000000e+00 2.755800008773803711e+00
8.000000000000000000e+00 -2.999278306961059570e-01 0.000000000000000000e+00 -1.500642101746052504e-04 -3.000009953975677490e-01 0.000000000000000000e+00 9.000000000000000000e+00 8.191000000000000000e+03 0.000000000000000000e+00 0.000000000000000000e+00 2.755699872970581055e+00
1.000000000000000000e+01 -3.999496400356292725e-01 0.000000000000000000e+00 -2.000676759053021669e-04 -3.999963402748107910e-01 0.000000000000000000e+00 9.000000000000000000e+00 8.191000000000000000e+03 0.000000000000000000e+00 0.000000000000000000e+00 2.755499839782714844e+00
1.200000000000000000e+01 -4.999782443046569824e-01 0.000000000000000000e+00 -2.500683767721056938e-04 -5.000041723251342773e-01 0.000000000000000000e+00 9.000000000000000000e+00 8.191000000000000000e+03 0.000000000000000000e+00 0.000000000000000000e+00 2.755499839782714844e+00
1.400000000000000000e+01 -5.999429225921630859e-01 0.000000000000000000e+00 -3.000672440975904465e-04 -5.999995470046997070e-01 0.000000000000000000e+00 9.000000000000000000e+00 8.191000000000000000e+03 0.000000000000000000e+00 0.000000000000000000e+00 2.755499839782714844e+00
1.600000000000000000e+01 -6.999505162239074707e-01 0.000000000000000000e+00 -3.500585153233259916e-04 -6.999948620796203613e-01 0.000000000000000000e+00 9.000000000000000000e+00 8.191000000000000000e+03 0.000000000000000000e+00 0.000000000000000000e+00 2.755499839782714844e+00
1.800000000000000000e+01 -7.999747991561889648e-01 0.000000000000000000e+00 -4.000592452939599752e-04 -8.000026941299438477e-01 0.000000000000000000e+00 9.000000000000000000e+00 8.191000000000000000e+03 0.000000000000000000e+00 0.000000000000000000e+00 2.755599975585937500e+00
2.000000000000000000e+01 -6.999530792236328125e-01 0.000000000000000000e+00 -3.500521997921168804e-04 -6.999948620796203613e-01 0.000000000000000000e+00 9.000000000000000000e+00 8.191000000000000000e+03 0.000000000000000000e+00 0.000000000000000000e+00 2.755499839782714844e+00
2.200000000000000000e+01 -5.999581813812255859e-01 0.000000000000000000e+00 -3.000568249262869358e-04 -5.999995470046997070e-01 0.000000000000000000e+00 9.000000000000000000e+00 8.191000000000000000e+03 0.000000000000000000e+00 0.000000000000000000e+00 2.755499839782714844e+00
2.400000000000000000e+01 -4.999654591083526611e-01 0.000000000000000000e+00 -2.500599948689341545e-04 -5.000041723251342773e-01 0.000000000000000000e+00 9.000000000000000000e+00 8.191000000000000000e+03 0.000000000000000000e+00 0.000000000000000000e+00 2.755599975585937500e+00
2.600000000000000000e+01 -3.999457061290740967e-01 0.000000000000000000e+00 -2.000428939936682582e-04 -3.999963402748107910e-01 0.000000000000000000e+00 9.000000000000000000e+00 8.191000000000000000e+03 0.000000000000000000e+00 0.000000000000000000e+00 2.755499839782714844e+00
2.800000000000000000e+01 -2.999371290206909180e-01 0.000000000000000000e+00 -1.500431826571002603e-04 -3.000009953975677490e-01 0.000000000000000000e+00 9.000000000000000000e+00 8.191000000000000000e+03 0.000000000000000000e+00 0.000000000000000000e+00 2.755499839782714844e+00
3.000000000000000000e+01 -1.999435722827911377e-01 0.000000000000000000e+00 -1.000363918137736619e-04 -2.000056654214859009e-01 0.000000000000000000e+00 9.000000000000000000e+00 8.191000000000000000e+03 0.000000000000000000e+00 0.000000000000000000e+00 2.755499839782714844e+00
3.200000000000000000e+01 -9.990644454956054688e-02 0.000000000000000000e+00 -5.002211764804087579e-05 -9.999781847000122070e-02 0.000000000000000000e+00 9.000000000000000000e+00 8.191000000000000000e+03 0.000000000000000000e+00 0.000000000000000000e+00 2.755699872970581055e+00
3.400000000000000000e+01 -1.999162435531616211e-01 0.000000000000000000e+00 -1.000335469143465161e-04 -2.000056654214859009e-01 0.000000000000000000e+00 8.000000000000000000e+00 8.191000000000000000e+03 0.000000000000000000e+00 1.000000000000000000e+00 2.755699872970581055e+00
3.600000000000000000e+01 -2.999285459518432617e-01 0.000000000000000000e+00 -1.500383805250748992e-04 -3.000009953975677490e-01 0.000000000000000000e+00 9.000000000000000000e+00 8.191000000000000000e+03 0.000000000000000000e+00 1.000000000000000000e+00 2.755699872970581055e+00
3.800000000000000000e+01 -3.999547064304351807e-01 0.000000000000000000e+00 -2.000320673687383533e-04 -3.999963402748107910e-01 0.000000000000000000e+00 9.000000000000000000e+00 8.191000000000000000e+03 0.000000000000000000e+00 1.000000000000000000e+00 2.755499839782714844e+00
4.000000000000000000e+01 -4.999733269214630127e-01 0.000000000000000000e+00 -2.500425907783210278e-04 -5.000041723251342773e-01 0.000000000000000000e+00 9.000000000000000000e+00 8.191000000000000000e+03 0.000000000000000000e+00 1.000000000000000000e+00 2.755499839782714844e+00
4.200000000000000000e+01 -5.999526381492614746e-01 0.000000000000000000e+00 -3.000402066390961409e-04 -5.999995470046997070e-01 0.000000000000000000e+00 9.000000000000000000e+00 8.191000000000000000e+03 0.000000000000000000e+00 1.000000000000000000e+00 2.755599975585937500e+00
4.400000000000000000e+01 -6.999468207359313965e-01 0.000000000000000000e+00 -3.500283346511423588e-04 -6.999948620796203613e-01 0.000000000000000000e+00 9.000000000000000000e+00 8.191000000000000000e+03 0.000000000000000000e+00 1.000000000000000000e+00 2.755599975585937500e+00
4.600000000000000000e+01 -7.999644279479980469e-01 0.000000000000000000e+00 -4.000269982498139143e-04 -8.000026941299438477e-01 0.000000000000000000e+00 9.000000000000000000e+00 8.191000000000000000e+03 0.000000000000000000e+00 1.000000000000000000e+00 2.755599975585937500e+00
4.800000000000000000e+01 -6.999403834342956543e-01 0.000000000000000000e+00 -3.500250750221312046e-04 -6.999948620796203613e-01 0.000000000000000000e+00 9.000000000000000000e+00 8.191000000000000000e+03 0.000000000000000000e+00 1.000000000000000000e+00 2.755499839782714844e+00
5.000000000000000000e+01 -5.999554395675659180e-01 0.000000000000000000e+00 -3.000393335241824389e-04 -5.999995470046997070e-01 0.000000000000000000e+00 9.000000000000000000e+00 8.191000000000000000e+03 0.000000000000000000e+00 1.000000000000000000e+00 2.755599975585937500e+00
5.200000000000000000e+01 -4.999708831310272217e-01 0.000000000000000000e+00 -2.500386035535484552e-04 -5.000041723251342773e-01 0.000000000000000000e+00 9.000000000000000000e+00 8.191000000000000000e+03 0.000000000000000000e+00 1.000000000000000000e+00 2.755599975585937500e+00
5.400000000000000000e+01 -3.999479413032531738e-01 0.000000000000000000e+00 -2.000294480239972472e-04 -3.999963402748107910e-01 0.000000000000000000e+00 9.000000000000000000e+00 8.191000000000000000e+03 0.000000000000000000e+00 1.000000000000000000e+00 2.755599975585937500e+00
5.600000000000000000e+01 -2.999399304389953613e-01 0.000000000000000000e+00 -1.500268117524683475e-04 -3.000009953975677490e-01 0.000000000000000000e+00 9.000000000000000000e+00 8.191000000000000000e+03 0.000000000000000000e+00 1.000000000000000000e+00 2.755599975585937500e+00
5.800000000000000000e+01 -1.999351531267166138e-01 0.000000000000000000e+00 -1.000236516119912267e-04 -2.000056654214859009e-01 0.000000000000000000e+00 9.000000000000000000e+00 8.191000000000000000e+03 0.000000000000000000e+00 1.000000000000000000e+00 2.755599975585937500e+00
6.000000000000000000e+01 -9.990331530570983887e-02 0.000000000000000000e+00 -5.001531098969280720e-05 -9.999781847000122070e-02 0.000000000000000000e+00 9.000000000000000000e+00 8.191000000000000000e+03 0.000000000000000000e+00 1.000000000000000000e+00 2.755699872970581055e+00
6.200000000000000000e+01 -1.999139636754989624e-01 0.000000000000000000e+00 -1.000338015728630126e-04 -2.000056654214859009e-01 0.000000000000000000e+00 8.000000000000000000e+00 8.191000000000000000e+03 0.000000000000000000e+00 2.000000000000000000e+00 2.755800008773803711e+00
6.400000000000000000e+01 -2.999277114868164062e-01 0.000000000000000000e+00 -1.500254293205216527e-04 -3.000009953975677490e-01 0.000000000000000000e+00 9.000000000000000000e+00 8.191000000000000000e+03 0.000000000000000000e+00 2.000000000000000000e+00 2.755699872970581055e+00
6.600000000000000000e+01 -3.999516069889068604e-01 0.000000000000000000e+00 -2.000256208702921867e-04 -3.999963402748107910e-01 0.000000000000000000e+00 9.000000000000000000e+00 8.191000000000000000e+03 0.000000000000000000e+00 2.000000000000000000e+00 2.755599975585937500e+00
6.800000000000000000e+01 -4.999649226665496826e-01 0.000000000000000000e+00 -2.500277478247880936e-04 -5.000041723251342773e-01 0.000000000000000000e+00 9.000000000000000000e+00 8.191000000000000000e+03 0.000000000000000000e+00 2.000000000000000000e+00 2.755599975585937500e+00
7.000000000000000000e+01 -5.999489426612854004e-01 0.000000000000000000e+00 -3.000303695444017649e-04 -5.999995470046997070e-01 0.000000000000000000e+00 9.000000000000000000e+00 8.191000000000000000e+03 0.000000000000000000e+00 2.000000000000000000e+00 2.755599975585937500e+00
7.200000000000000000e+01 -6.999456286430358887e-01 0.000000000000000000e+00 -3.500256279949098825e-04 -6.999948620796203613e-01 0.000000000000000000e+00 9.000000000000000000e+00 8.191000000000000000e+03 0.000000000000000000e+00 2.000000000000000000e+00 2.755599975585937500e+00
7.400000000000000000e+01 -7.999699711799621582e-01 0.000000000000000000e+00 -4.000265616923570633e-04 -8.000026941299438477e-01 0.000000000000000000e+00 9.000000000000000000e+00 8.191000000000000000e+03 0.000000000000000000e+00 2.000000000000000000e+00 2.755599975585937500e+00
7.600000000000000000e+01 -6.999442577362060547e-01 0.000000000000000000e+00 -3.500227467156946659e-04 -6.999948620796203613e-01 0.000000000000000000e+00 9.000000000000000000e+00 8.191000000000000000e+03 0.000000000000000000e+00 2.000000000000000000e+00 2.755599975585937500e+00
7.800000000000000000e+01 -5.999498963356018066e-01 0.000000000000000000e+00 -3.000359283760190010e-04 -5.999995470046997070e-01 0.000000000000000000e+00 9.000000000000000000e+00 8.191000000000000000e+03 0.000000000000000000e+00 2.000000000000000000e+00 2.755599975585937500e+00
8.000000000000000000e+01 -4.999776482582092285e-01 0.000000000000000000e+00 -2.500370901543647051e-04 -5.000041723251342773e-01 0.000000000000000000e+00 9.000000000000000000e+00 8.191000000000000000e+03 0.000000000000000000e+00 2.000000000000000000e+00 2.755599975585937500e+00
8.200000000000000000e+01 -3.999495208263397217e-01 0.000000000000000000e+00 -2.000286331167444587e-04 -3.999963402748107910e-01 0.000000000000000000e+00 9.000000000000000000e+00 8.191000000000000000e+03 0.000000000000000000e+00 2.000000000000000000e+00 2.755599975585937500e+00
8.400000000000000000e+01 -2.999421358108520508e-01 0.000000000000000000e+00 -1.500249345554038882e-04 -3.000009953975677490e-01 0.000000000000000000e+00 9.000000000000000000e+00 8.191000000000000000e+03 0.000000000000000000e+00 2.000000000000000000e+00 2.755599975585937500e+00
8.600000000000000000e+01 -1.999398320913314819e-01 0.000000000000000000e+00 -1.000191987259313464e-04 -2.000056654214859009e-01 0.000000000000000000e+00 9.000000000000000000e+00 8.191000000000000000e+03 0.000000000000000000e+00 2.000000000000000000e+00 2.755599975585937500e+00
8.800000000000000000e+01 -9.990667551755905151e-02 0.000000000000000000e+00 -5.001120007364079356e-05 -9.999781847000122070e-02 0.000000000000000000e+00 9.000000000000000000e+00 8.191000000000000000e+03 0.000000000000000000e+00 2.000000000000000000e+00 2.755699872970581055e+00
9.000000000000000000e+01 -9.990184754133224487e-02 0.000000000000000000e+00 -5.001926911063492298e-05 -9.999781847000122070e-02 0.000000000000000000e+00 8.000000000000000000e+00 8.191000000000000000e+03 0.000000000000000000e+00 3.000000000000000000e+00 2.755699872970581055e+00
