1.000000014901161194e-01 -2.000259876251220703e+00 0.000000000000000000e+00 -1.093574828701093793e-04 -1.093574883270775899e-05 -1.999950885772705078e+00 0.000000000000000000e+00 8.000000000000000000e+00 7.164000000000000000e+03 0.000000000000000000e+00
2.000000029802322388e-01 -2.000034332275390625e+00 0.000000000000000000e+00 -1.000244752503931522e-03 -1.109602235374040902e-04 -1.999950885772705078e+00 0.000000000000000000e+00 9.000000000000000000e+00 8.191000000000000000e+03 0.000000000000000000e+00
3.000000119209289551e-01 -2.000033378601074219e+00 0.000000000000000000e+00 -9.998794412240386009e-04 -2.109481720253825188e-04 -1.999950885772705078e+00 0.000000000000000000e+00 1.000000000000000000e+01 8.191000000000000000e+03 0.000000000000000000e+00
4.000000059604644775e-01 -2.000013113021850586e+00 0.000000000000000000e+00 -9.997189044952392578e-04 -3.109200624749064445e-04 -1.999950885772705078e+00 0.000000000000000000e+00 1.000000000000000000e+01 8.191000000000000000e+03 0.000000000000000000e+00
5.000000000000000000e-01 -2.000012397766113281e+00 0.000000000000000000e+00 -9.997496381402015686e-04 -4.108950379304587841e-04 -1.999950885772705078e+00 0.000000000000000000e+00 1.000000000000000000e+01 8.191000000000000000e+03 0.000000000000000000e+00
6.000000238418579102e-01 -2.000005245208740234e+00 0.000000000000000000e+00 -9.996972512453794479e-04 -5.108647746965289116e-04 -1.999950885772705078e+00 0.000000000000000000e+00 1.000000000000000000e+01 8.191000000000000000e+03 0.000000000000000000e+00
6.999999880790710449e-01 -1.999991774559020996e+00 0.000000000000000000e+00 -9.996596490964293480e-04 -6.108307279646396637e-04 -1.999950885772705078e+00 0.000000000000000000e+00 1.000000000000000000e+01 8.191000000000000000e+03 0.000000000000000000e+00
8.000000119209289551e-01 -1.999995112419128418e+00 0.000000000000000000e+00 -9.996530134230852127e-04 -7.107960409484803677e-04 -1.999950885772705078e+00 0.000000000000000000e+00 1.000000000000000000e+01 8.191000000000000000e+03 0.000000000000000000e+00
9.000000357627868652e-01 -1.999975562095642090e+00 0.000000000000000000e+00 -9.996264707297086716e-04 -8.107586763799190521e-04 -1.999950885772705078e+00 0.000000000000000000e+00 1.000000000000000000e+01 8.191000000000000000e+03 0.000000000000000000e+00
1.000000000000000000e+00 -1.999988675117492676e+00 0.000000000000000000e+00 -9.996269363909959793e-04 -9.107213700190186501e-04 -1.999950885772705078e+00 0.000000000000000000e+00 1.000000000000000000e+01 8.191000000000000000e+03 0.000000000000000000e+00
1.100000023841857910e+00 -1.999995946884155273e+00 0.000000000000000000e+00 -9.996341541409492493e-04 -1.010684762150049210e-03 -1.999950885772705078e+00 0.000000000000000000e+00 1.000000000000000000e+01 8.191000000000000000e+03 0.000000000000000000e+00
1.200000047683715820e+00 -1.999994158744812012e+00 0.000000000000000000e+00 -9.996703593060374260e-04 -1.110651879571378231e-03 -1.999950885772705078e+00 0.000000000000000000e+00 1.000000000000000000e+01 8.191000000000000000e+03 0.000000000000000000e+00
1.300000071525573730e+00 -1.999999403953552246e+00 0.000000000000000000e+00 -9.996277512982487679e-04 -1.210614573210477829e-03 -1.999950885772705078e+00 0.000000000000000000e+00 1.000000000000000000e+01 8.191000000000000000e+03 0.000000000000000000e+00
1.399999976158142090e+00 -1.999986767768859863e+00 0.000000000000000000e+00 -9.996186709031462669e-04 -1.310576451942324638e-03 -1.999950885772705078e+00 0.000000000000000000e+00 1.000000000000000000e+01 8.191000000000000000e+03 0.000000000000000000e+00
1.500000000000000000e+00 -1.999991178512573242e+00 0.000000000000000000e+00 -9.995920117944478989e-04 -1.410535653121769428e-03 -1.999950885772705078e+00 0.000000000000000000e+00 1.000000000000000000e+01 8.191000000000000000e+03 0.000000000000000000e+00
1.600000023841857910e+00 -1.999994277954101562e+00 0.000000000000000000e+00 -9.996700100600719452e-04 -1.510502654127776623e-03 -1.999950885772705078e+00 0.000000000000000000e+00 1.000000000000000000e+01 8.191000000000000000e+03 0.000000000000000000e+00
1.700000047683715820e+00 -1.999992012977600098e+00 0.000000000000000000e+00 -9.996822336688637733e-04 -1.610470935702323914e-03 -1.999950885772705078e+00 0.000000000000000000e+00 1.000000000000000000e+01 8.191000000000000000e+03 0.000000000000000000e+00
1.800000071525573730e+00 -1.999981999397277832e+00 0.000000000000000000e+00 -9.996775770559906960e-04 -1.710438635200262070e-03 -1.999950885772705078e+00 0.000000000000000000e+00 1.000000000000000000e+01 8.191000000000000000e+03 0.000000000000000000e+00
1.899999976158142090e+00 -1.999987244606018066e+00 0.000000000000000000e+00 -9.997062152251601219e-04 -1.810409245081245899e-03 -1.999950885772705078e+00 0.000000000000000000e+00 1.000000000000000000e+01 8.191000000000000000e+03 0.000000000000000000e+00
2.000000000000000000e+00 -1.999988436698913574e+00 0.000000000000000000e+00 -9.997728047892451286e-04 -1.910386607050895691e-03 -1.999950885772705078e+00 0.000000000000000000e+00 1.000000000000000000e+01 8.191000000000000000e+03 0.000000000000000000e+00
2.100000143051147461e+00 -1.999991774559020996e+00 0.000000000000000000e+00 -9.996725711971521378e-04 -2.010353840887546539e-03 -1.999950885772705078e+00 0.000000000000000000e+00 1.000000000000000000e+01 8.191000000000000000e+03 0.000000000000000000e+00
2.200000047683715820e+00 -1.999994158744812012e+00 0.000000000000000000e+00 -9.996766457334160805e-04 -2.110321540385484695e-03 -1.999950885772705078e+00 0.000000000000000000e+00 1.000000000000000000e+01 8.191000000000000000e+03 0.000000000000000000e+00
2.299999952316284180e+00 -1.999990463256835938e+00 0.000000000000000000e+00 -9.997093584388494492e-04 -2.210292499512434006e-03 -1.999950885772705078e+00 0.000000000000000000e+00 1.000000000000000000e+01 8.191000000000000000e+03 0.000000000000000000e+00
2.400000095367431641e+00 -1.999976992607116699e+00 0.000000000000000000e+00 -9.996632579714059830e-04 -2.310258802026510239e-03 -1.999950885772705078e+00 0.000000000000000000e+00 1.000000000000000000e+01 8.191000000000000000e+03 0.000000000000000000e+00
2.500000000000000000e+00 -1.999993562698364258e+00 0.000000000000000000e+00 -9.997567394748330116e-04 -2.410234417766332626e-03 -1.999950885772705078e+00 0.000000000000000000e+00 1.000000000000000000e+01 8.191000000000000000e+03 0.000000000000000000e+00
2.600000143051147461e+00 -1.999989986419677734e+00 0.000000000000000000e+00 -9.997402084991335869e-04 -2.510208403691649437e-03 -1.999950885772705078e+00 0.000000000000000000e+00 1.000000000000000000e+01 8.191000000000000000e+03 0.000000000000000000e+00
2.700000047683715820e+00 -1.999992370605468750e+00 0.000000000000000000e+00 -9.997285669669508934e-04 -2.610181225463747978e-03 -1.999950885772705078e+00 0.000000000000000000e+00 1.000000000000000000e+01 8.191000000000000000e+03 0.000000000000000000e+00
2.799999952316284180e+00 -1.999995708465576172e+00 0.000000000000000000e+00 -9.996928274631500244e-04 -2.710150554776191711e-03 -1.999950885772705078e+00 0.000000000000000000e+00 1.000000000000000000e+01 8.191000000000000000e+03 0.000000000000000000e+00
2.900000095367431641e+00 -1.999988317489624023e+00 0.000000000000000000e+00 -9.997062152251601219e-04 -2.810121281072497368e-03 -1.999950885772705078e+00 0.000000000000000000e+00 1.000000000000000000e+01 8.191000000000000000e+03 0.000000000000000000e+00
3.000000000000000000e+00 -2.000003814697265625e+00 0.000000000000000000e+00 -9.998135501518845558e-04 -2.910102484747767448e-03 -1.999950885772705078e+00 0.000000000000000000e+00 1.000000000000000000e+01 8.191000000000000000e+03 0.000000000000000000e+00
3.100000143051147461e+00 -2.000002622604370117e+00 0.000000000000000000e+00 -9.997570887207984924e-04 -3.010078333318233490e-03 -1.999950885772705078e+00 0.000000000000000000e+00 1.000000000000000000e+01 8.191000000000000000e+03 0.000000000000000000e+00
3.200000047683715820e+00 -1.999994277954101562e+00 0.000000000000000000e+00 -9.997178567573428154e-04 -3.110049990937113762e-03 -1.999950885772705078e+00 0.000000000000000000e+00 1.000000000000000000e+01 8.191000000000000000e+03 0.000000000000000000e+00
3.299999952316284180e+00 -2.000000715255737305e+00 0.000000000000000000e+00 -9.997460292652249336e-04 -3.210024675354361534e-03 -1.999950885772705078e+00 0.000000000000000000e+00 1.000000000000000000e+01 8.191000000000000000e+03 0.000000000000000000e+00
3.400000095367431641e+00 -1.999997615814208984e+00 0.000000000000000000e+00 -9.997750166803598404e-04 -3.310002153739333153e-03 -1.999950885772705078e+00 0.000000000000000000e+00 1.000000000000000000e+01 8.191000000000000000e+03 0.000000000000000000e+00
3.500000000000000000e+00 -1.999990463256835938e+00 0.000000000000000000e+00 -9.997595334425568581e-04 -3.409978235140442848e-03 -1.999950885772705078e+00 0.000000000000000000e+00 1.000000000000000000e+01 8.191000000000000000e+03 0.000000000000000000e+00
3.600000143051147461e+00 -1.999991178512573242e+00 0.000000000000000000e+00 -9.997433517128229141e-04 -3.509952453896403313e-03 -1.999950885772705078e+00 0.000000000000000000e+00 1.000000000000000000e+01 8.191000000000000000e+03 0.000000000000000000e+00
3.700000047683715820e+00 -1.999992728233337402e+00 0.000000000000000000e+00 -9.997509187087416649e-04 -3.609927603974938393e-03 -1.999950885772705078e+00 0.000000000000000000e+00 1.000000000000000000e+01 8.191000000000000000e+03 0.000000000000000000e+00
3.799999952316284180e+00 -1.999994516372680664e+00 0.000000000000000000e+00 -9.997509187087416649e-04 -3.709902754053473473e-03 -1.999950885772705078e+00 0.000000000000000000e+00 1.000000000000000000e+01 8.191000000000000000e+03 0.000000000000000000e+00
3.900000095367431641e+00 -1.999988675117492676e+00 0.000000000000000000e+00 -9.997636079788208008e-04 -3.809879068285226822e-03 -1.999950885772705078e+00 0.000000000000000000e+00 1.000000000000000000e+01 8.191000000000000000e+03 0.000000000000000000e+00
4.000000000000000000e+00 -1.999997019767761230e+00 0.000000000000000000e+00 -9.997800225391983986e-04 -3.909857012331485748e-03 -1.999950885772705078e+00 0.000000000000000000e+00 1.000000000000000000e+01 8.191000000000000000e+03 0.000000000000000000e+00
4.099999904632568359e+00 -2.000010967254638672e+00 0.000000000000000000e+00 -9.997724555432796478e-04 -4.009834025055170059e-03 -1.999950885772705078e+00 0.000000000000000000e+00 1.000000000000000000e+01 8.191000000000000000e+03 0.000000000000000000e+00
4.200000286102294922e+00 -1.999982476234436035e+00 0.000000000000000000e+00 -9.997294982895255089e-04 -4.109807312488555908e-03 -1.999950885772705078e+00 0.000000000000000000e+00 1.000000000000000000e+01 8.191000000000000000e+03 0.000000000000000000e+00
4.300000190734863281e+00 -1.999995112419128418e+00 0.000000000000000000e+00 -9.997393935918807983e-04 -4.209781065583229065e-03 -1.999950885772705078e+00 0.000000000000000000e+00 1.000000000000000000e+01 8.191000000000000000e+03 0.000000000000000000e+00
4.400000095367431641e+00 -1.999997258186340332e+00 0.000000000000000000e+00 -9.997562738135457039e-04 -4.309756681323051453e-03 -1.999950885772705078e+00 0.000000000000000000e+00 1.000000000000000000e+01 8.191000000000000000e+03 0.000000000000000000e+00
4.500000000000000000e+00 -1.999987244606018066e+00 0.000000000000000000e+00 -9.997161105275154114e-04 -4.409728571772575378e-03 -1.999950885772705078e+00 0.000000000000000000e+00 1.000000000000000000e+01 8.191000000000000000e+03 0.000000000000000000e+00
4.599999904632568359e+00 -1.999986290931701660e+00 0.000000000000000000e+00 -9.997093584388494492e-04 -4.509699530899524689e-03 -1.999950885772705078e+00 0.000000000000000000e+00 1.000000000000000000e+01 8.191000000000000000e+03 0.000000000000000000e+00
4.700000286102294922e+00 -1.999993205070495605e+00 0.000000000000000000e+00 -9.997842134907841682e-04 -4.609677940607070923e-03 -1.999950885772705078e+00 0.000000000000000000e+00 1.000000000000000000e+01 8.191000000000000000e+03 0.000000000000000000e+00
4.800000190734863281e+00 -1.999991774559020996e+00 0.000000000000000000e+00 -9.997590677812695503e-04 -4.709653556346893311e-03 -1.999950885772705078e+00 0.000000000000000000e+00 1.000000000000000000e+01 8.191000000000000000e+03 0.000000000000000000e+00
4.900000095367431641e+00 -1.999999761581420898e+00 0.000000000000000000e+00 -9.997362503781914711e-04 -4.809627309441566467e-03 -1.999950885772705078e+00 0.000000000000000000e+00 1.000000000000000000e+01 8.191000000000000000e+03 0.000000000000000000e+00
5.000000000000000000e+00 -1.999996662139892578e+00 0.000000000000000000e+00 -9.997120359912514687e-04 -4.909598268568515778e-03 -1.999950885772705078e+00 0.000000000000000000e+00 1.000000000000000000e+01 8.191000000000000000e+03 0.000000000000000000e+00
5.099999904632568359e+00 -1.999993324279785156e+00 0.000000000000000000e+00 -9.997255401685833931e-04 -5.009571090340614319e-03 -1.999950885772705078e+00 0.000000000000000000e+00 1.000000000000000000e+01 8.191000000000000000e+03 0.000000000000000000e+00
5.200000286102294922e+00 -1.999993205070495605e+00 0.000000000000000000e+00 -9.997955057770013809e-04 -5.109550431370735168e-03 -1.999950885772705078e+00 0.000000000000000000e+00 1.000000000000000000e+01 8.191000000000000000e+03 0.000000000000000000e+00
5.300000190734863281e+00 -1.999986171722412109e+00 0.000000000000000000e+00 -9.997480083256959915e-04 -5.209525581449270248e-03 -1.999950885772705078e+00 0.000000000000000000e+00 1.000000000000000000e+01 8.191000000000000000e+03 0.000000000000000000e+00
5.400000095367431641e+00 -1.999985098838806152e+00 0.000000000000000000e+00 -9.997687302529811859e-04 -5.309502128511667252e-03 -1.999950885772705078e+00 0.000000000000000000e+00 1.000000000000000000e+01 8.191000000000000000e+03 0.000000000000000000e+00
5.500000000000000000e+00 -1.999984622001647949e+00 0.000000000000000000e+00 -9.997180895879864693e-04 -5.409474018961191177e-03 -1.999950885772705078e+00 0.000000000000000000e+00 1.000000000000000000e+01 8.191000000000000000e+03 0.000000000000000000e+00
5.599999904632568359e+00 -1.999986290931701660e+00 0.000000000000000000e+00 -9.997414890676736832e-04 -5.509448237717151642e-03 -1.999950885772705078e+00 0.000000000000000000e+00 1.000000000000000000e+01 8.191000000000000000e+03 0.000000000000000000e+00
5.700000286102294922e+00 -1.999972462654113770e+00 0.000000000000000000e+00 -9.996698936447501183e-04 -5.609415005892515182e-03 -1.999950885772705078e+00 0.000000000000000000e+00 1.000000000000000000e+01 8.191000000000000000e+03 0.000000000000000000e+00
5.800000190734863281e+00 -1.999996304512023926e+00 0.000000000000000000e+00 -9.997532470151782036e-04 -5.709390621632337570e-03 -1.999950885772705078e+00 0.000000000000000000e+00 1.000000000000000000e+01 8.191000000000000000e+03 0.000000000000000000e+00
5.900000095367431641e+00 -1.999992132186889648e+00 0.000000000000000000e+00 -9.997331071645021439e-04 -5.809363909065723419e-03 -1.999950885772705078e+00 0.000000000000000000e+00 1.000000000000000000e+01 8.191000000000000000e+03 0.000000000000000000e+00
6.000000000000000000e+00 -1.999998807907104492e+00 0.000000000000000000e+00 -9.997615125030279160e-04 -5.909339990466833115e-03 -1.999950885772705078e+00 0.000000000000000000e+00 1.000000000000000000e+01 8.191000000000000000e+03 0.000000000000000000e+00
6.099999904632568359e+00 -1.999996900558471680e+00 0.000000000000000000e+00 -9.997702436521649361e-04 -6.009317003190517426e-03 -1.999950885772705078e+00 0.000000000000000000e+00 1.000000000000000000e+01 8.191000000000000000e+03 0.000000000000000000e+00
6.200000286102294922e+00 -1.999989867210388184e+00 0.000000000000000000e+00 -9.997404413297772408e-04 -6.109291221946477890e-03 -1.999950885772705078e+00 0.000000000000000000e+00 1.000000000000000000e+01 8.191000000000000000e+03 0.000000000000000000e+00
6.300000190734863281e+00 -1.999987840652465820e+00 0.000000000000000000e+00 -9.997379966080188751e-04 -6.209264975041151047e-03 -1.999950885772705078e+00 0.000000000000000000e+00 1.000000000000000000e+01 8.191000000000000000e+03 0.000000000000000000e+00
6.400000095367431641e+00 -2.000001668930053711e+00 0.000000000000000000e+00 -9.998043533414602280e-04 -6.309245247393846512e-03 -1.999950885772705078e+00 0.000000000000000000e+00 1.000000000000000000e+01 8.191000000000000000e+03 0.000000000000000000e+00
6.500000000000000000e+00 -1.999995946884155273e+00 0.000000000000000000e+00 -9.997733868658542633e-04 -6.409222725778818130e-03 -1.999950885772705078e+00 0.000000000000000000e+00 1.000000000000000000e+01 8.191000000000000000e+03 0.000000000000000000e+00
6.599999904632568359e+00 -1.999999165534973145e+00 0.000000000000000000e+00 -9.997691959142684937e-04 -6.509199738502502441e-03 -1.999950885772705078e+00 0.000000000000000000e+00 1.000000000000000000e+01 8.191000000000000000e+03 0.000000000000000000e+00
6.700000286102294922e+00 -2.000001192092895508e+00 0.000000000000000000e+00 -9.997724555432796478e-04 -6.609176751226186752e-03 -1.999950885772705078e+00 0.000000000000000000e+00 1.000000000000000000e+01 8.191000000000000000e+03 0.000000000000000000e+00
6.800000190734863281e+00 -2.000000715255737305e+00 0.000000000000000000e+00 -9.997026063501834869e-04 -6.709147244691848755e-03 -1.999950885772705078e+00 0.000000000000000000e+00 1.000000000000000000e+01 8.191000000000000000e+03 0.000000000000000000e+00
6.900000095367431641e+00 -1.999998688697814941e+00 0.000000000000000000e+00 -9.997150627896189690e-04 -6.809118669480085373e-03 -1.999950885772705078e+00 0.000000000000000000e+00 1.000000000000000000e+01 8.191000000000000000e+03 0.000000000000000000e+00
7.000000000000000000e+00 -1.999984025955200195e+00 0.000000000000000000e+00 -9.997399756684899330e-04 -6.909092422574758530e-03 -1.999950885772705078e+00 0.000000000000000000e+00 1.000000000000000000e+01 8.191000000000000000e+03 0.000000000000000000e+00
7.099999904632568359e+00 -1.999992609024047852e+00 0.000000000000000000e+00 -9.997754823416471481e-04 -7.009070366621017456e-03 -1.999950885772705078e+00 0.000000000000000000e+00 1.000000000000000000e+01 8.191000000000000000e+03 0.000000000000000000e+00
7.200000286102294922e+00 -2.000005483627319336e+00 0.000000000000000000e+00 -9.997356683015823364e-04 -7.109043654054403305e-03 -1.999950885772705078e+00 0.000000000000000000e+00 1.000000000000000000e+01 8.191000000000000000e+03 0.000000000000000000e+00
7.300000190734863281e+00 -1.999998450279235840e+00 0.000000000000000000e+00 -9.997492888942360878e-04 -7.209018804132938385e-03 -1.999950885772705078e+00 0.000000000000000000e+00 1.000000000000000000e+01 8.191000000000000000e+03 0.000000000000000000e+00
7.400000095367431641e+00 -2.000006675720214844e+00 0.000000000000000000e+00 -9.997971355915069580e-04 -7.308998145163059235e-03 -1.999950885772705078e+00 0.000000000000000000e+00 1.000000000000000000e+01 8.191000000000000000e+03 0.000000000000000000e+00
7.500000000000000000e+00 -2.000002622604370117e+00 0.000000000000000000e+00 -9.997520828619599342e-04 -7.408973760902881622e-03 -1.999950885772705078e+00 0.000000000000000000e+00 1.000000000000000000e+01 8.191000000000000000e+03 0.000000000000000000e+00
7.599999904632568359e+00 -2.000007390975952148e+00 0.000000000000000000e+00 -9.997674496844410896e-04 -7.508950307965278625e-03 -1.999950885772705078e+00 0.000000000000000000e+00 1.000000000000000000e+01 8.191000000000000000e+03 0.000000000000000000e+00
7.700000286102294922e+00 -2.000001430511474609e+00 0.000000000000000000e+00 -9.997410234063863754e-04 -7.608924526721239090e-03 -1.999950885772705078e+00 0.000000000000000000e+00 1.000000000000000000e+01 8.191000000000000000e+03 0.000000000000000000e+00
7.800000190734863281e+00 -1.999993801116943359e+00 0.000000000000000000e+00 -9.997442830353975296e-04 -7.708898745477199554e-03 -1.999950885772705078e+00 0.000000000000000000e+00 1.000000000000000000e+01 8.191000000000000000e+03 0.000000000000000000e+00
7.900000095367431641e+00 -1.999988079071044922e+00 0.000000000000000000e+00 -9.997353190556168556e-04 -7.808872498571872711e-03 -1.999950885772705078e+00 0.000000000000000000e+00 1.000000000000000000e+01 8.191000000000000000e+03 0.000000000000000000e+00
8.000000000000000000e+00 -1.999991655349731445e+00 0.000000000000000000e+00 -9.997639572247862816e-04 -7.908849045634269714e-03 -1.999950885772705078e+00 0.000000000000000000e+00 1.000000000000000000e+01 8.191000000000000000e+03 0.000000000000000000e+00
8.100000381469726562e+00 -1.999996423721313477e+00 0.000000000000000000e+00 -9.997349698096513748e-04 -8.008821867406368256e-03 -1.999950885772705078e+00 0.000000000000000000e+00 1.000000000000000000e+01 8.191000000000000000e+03 0.000000000000000000e+00
8.199999809265136719e+00 -2.000003099441528320e+00 0.000000000000000000e+00 -9.997347369790077209e-04 -8.108795620501041412e-03 -1.999950885772705078e+00 0.000000000000000000e+00 1.000000000000000000e+01 8.191000000000000000e+03 0.000000000000000000e+00
8.300000190734863281e+00 -1.999998450279235840e+00 0.000000000000000000e+00 -9.997369488701224327e-04 -8.208769373595714569e-03 -1.999950885772705078e+00 0.000000000000000000e+00 1.000000000000000000e+01 8.191000000000000000e+03 0.000000000000000000e+00
8.400000572204589844e+00 -2.000001192092895508e+00 0.000000000000000000e+00 -9.997974848374724388e-04 -8.308749645948410034e-03 -1.999950885772705078e+00 0.000000000000000000e+00 1.000000000000000000e+01 8.191000000000000000e+03 0.000000000000000000e+00
8.500000000000000000e+00 -2.000002622604370117e+00 0.000000000000000000e+00 -9.997823508456349373e-04 -8.408727124333381653e-03 -1.999950885772705078e+00 0.000000000000000000e+00 1.000000000000000000e+01 8.191000000000000000e+03 0.000000000000000000e+00
8.600000381469726562e+00 -1.999999403953552246e+00 0.000000000000000000e+00 -9.997702436521649361e-04 -8.508704602718353271e-03 -1.999950885772705078e+00 0.000000000000000000e+00 1.000000000000000000e+01 8.191000000000000000e+03 0.000000000000000000e+00
8.699999809265136719e+00 -1.999992370605468750e+00 0.000000000000000000e+00 -9.997863089665770531e-04 -8.608683012425899506e-03 -1.999950885772705078e+00 0.000000000000000000e+00 1.000000000000000000e+01 8.191000000000000000e+03 0.000000000000000000e+00
8.800000190734863281e+00 -1.999992966651916504e+00 0.000000000000000000e+00 -9.997528977692127228e-04 -8.708658628165721893e-03 -1.999950885772705078e+00 0.000000000000000000e+00 1.000000000000000000e+01 8.191000000000000000e+03 0.000000000000000000e+00
8.900000572204589844e+00 -1.999984383583068848e+00 0.000000000000000000e+00 -9.997178567573428154e-04 -8.808630518615245819e-03 -1.999950885772705078e+00 0.000000000000000000e+00 1.000000000000000000e+01 8.191000000000000000e+03 0.000000000000000000e+00
9.000000000000000000e+00 -1.999974966049194336e+00 0.000000000000000000e+00 -9.996949229389429092e-04 -8.908599615097045898e-03 -1.999950885772705078e+00 0.000000000000000000e+00 1.000000000000000000e+01 8.191000000000000000e+03 0.000000000000000000e+00
9.100000381469726562e+00 -1.999991416931152344e+00 0.000000000000000000e+00 -9.997164597734808922e-04 -9.008571505546569824e-03 -1.999950885772705078e+00 0.000000000000000000e+00 1.000000000000000000e+01 8.191000000000000000e+03 0.000000000000000000e+00
9.199999809265136719e+00 -1.999997258186340332e+00 0.000000000000000000e+00 -9.997244924306869507e-04 -9.108543395996093750e-03 -1.999950885772705078e+00 0.000000000000000000e+00 1.000000000000000000e+01 8.191000000000000000e+03 0.000000000000000000e+00
9.300000190734863281e+00 -1.999997854232788086e+00 0.000000000000000000e+00 -9.997938759624958038e-04 -9.208522737026214600e-03 -1.999950885772705078e+00 0.000000000000000000e+00 1.000000000000000000e+01 8.191000000000000000e+03 0.000000000000000000e+00
9.400000572204589844e+00 -2.000005245208740234e+00 0.000000000000000000e+00 -9.996892185881733894e-04 -9.308491833508014679e-03 -1.999950885772705078e+00 0.000000000000000000e+00 1.000000000000000000e+01 8.191000000000000000e+03 0.000000000000000000e+00
9.500000000000000000e+00 -1.999989032745361328e+00 0.000000000000000000e+00 -9.997001616284251213e-04 -9.408461861312389374e-03 -1.999950885772705078e+00 0.000000000000000000e+00 1.000000000000000000e+01 8.191000000000000000e+03 0.000000000000000000e+00
9.600000381469726562e+00 -1.999998688697814941e+00 0.000000000000000000e+00 -9.997804882004857063e-04 -9.508440271019935608e-03 -1.999950885772705078e+00 0.000000000000000000e+00 1.000000000000000000e+01 8.191000000000000000e+03 0.000000000000000000e+00
9.699999809265136719e+00 -1.999996423721313477e+00 0.000000000000000000e+00 -9.997800225391983986e-04 -9.608417749404907227e-03 -1.999950885772705078e+00 0.000000000000000000e+00 1.000000000000000000e+01 8.191000000000000000e+03 0.000000000000000000e+00
9.800000190734863281e+00 -1.999992609024047852e+00 0.000000000000000000e+00 -9.997116867452859879e-04 -9.708389639854431152e-03 -1.999950885772705078e+00 0.000000000000000000e+00 1.000000000000000000e+01 8.191000000000000000e+03 0.000000000000000000e+00
9.900000572204589844e+00 -1.999981403350830078e+00 0.000000000000000000e+00 -9.997148299589753151e-04 -9.808360598981380463e-03 -1.999950885772705078e+00 0.000000000000000000e+00 1.000000000000000000e+01 8.191000000000000000e+03 0.000000000000000000e+00
1.000000000000000000e+01 -1.999996900558471680e+00 0.000000000000000000e+00 -9.997611632570624352e-04 -9.908337146043777466e-03 -1.999950885772705078e+00 0.000000000000000000e+00 1.000000000000000000e+01 8.191000000000000000e+03 0.000000000000000000e+00
1.010000038146972656e+01 -2.000001192092895508e+00 0.000000000000000000e+00 -9.997623274102807045e-04 -1.000831276178359985e-02 -1.999950885772705078e+00 0.000000000000000000e+00 1.000000000000000000e+01 8.191000000000000000e+03 0.000000000000000000e+00
1.019999980926513672e+01 -2.000000000000000000e+00 0.000000000000000000e+00 -9.997788583859801292e-04 -1.010829117149114609e-02 -1.999950885772705078e+00 0.000000000000000000e+00 1.000000000000000000e+01 8.191000000000000000e+03 0.000000000000000000e+00
1.030000019073486328e+01 -2.000003814697265625e+00 0.000000000000000000e+00 -9.998035384342074394e-04 -1.020827144384384155e-02 -1.999950885772705078e+00 0.000000000000000000e+00 1.000000000000000000e+01 8.191000000000000000e+03 0.000000000000000000e+00
1.040000057220458984e+01 -2.000011920928955078e+00 0.000000000000000000e+00 -9.998228633776307106e-04 -1.030825357884168625e-02 -1.999950885772705078e+00 0.000000000000000000e+00 1.000000000000000000e+01 8.191000000000000000e+03 0.000000000000000000e+00
1.050000000000000000e+01 -1.999980688095092773e+00 0.000000000000000000e+00 -9.997230954468250275e-04 -1.040822640061378479e-02 -1.999950885772705078e+00 0.000000000000000000e+00 1.000000000000000000e+01 8.191000000000000000e+03 0.000000000000000000e+00
1.060000038146972656e+01 -2.000000238418579102e+00 0.000000000000000000e+00 -9.997247252613306046e-04 -1.050819829106330872e-02 -1.999950885772705078e+00 0.000000000000000000e+00 1.000000000000000000e+01 8.191000000000000000e+03 0.000000000000000000e+00
1.069999980926513672e+01 -2.000001192092895508e+00 0.000000000000000000e+00 -9.997705928981304169e-04 -1.060817576944828033e-02 -1.999950885772705078e+00 0.000000000000000000e+00 1.000000000000000000e+01 8.191000000000000000e+03 0.000000000000000000e+00
1.080000019073486328e+01 -1.999997615814208984e+00 0.000000000000000000e+00 -9.998220484703779221e-04 -1.070815790444612503e-02 -1.999950885772705078e+00 0.000000000000000000e+00 1.000000000000000000e+01 8.191000000000000000e+03 0.000000000000000000e+00
1.090000057220458984e+01 -1.999992370605468750e+00 0.000000000000000000e+00 -9.997750166803598404e-04 -1.080813538283109665e-02 -1.999950885772705078e+00 0.000000000000000000e+00 1.000000000000000000e+01 8.191000000000000000e+03 0.000000000000000000e+00
1.100000000000000000e+01 -2.000001907348632812e+00 0.000000000000000000e+00 -9.997515007853507996e-04 -1.090811006724834442e-02 -1.999950885772705078e+00 0.000000000000000000e+00 1.000000000000000000e+01 8.191000000000000000e+03 0.000000000000000000e+00
1.110000038146972656e+01 -2.000003576278686523e+00 0.000000000000000000e+00 -9.997823508456349373e-04 -1.100808847695589066e-02 -1.999950885772705078e+00 0.000000000000000000e+00 1.000000000000000000e+01 8.191000000000000000e+03 0.000000000000000000e+00
1.119999980926513672e+01 -1.999994516372680664e+00 0.000000000000000000e+00 -9.997650049626827240e-04 -1.110806502401828766e-02 -1.999950885772705078e+00 0.000000000000000000e+00 1.000000000000000000e+01 8.191000000000000000e+03 0.000000000000000000e+00
1.130000019073486328e+01 -1.999988317489624023e+00 0.000000000000000000e+00 -9.997577872127294540e-04 -1.120804063975811005e-02 -1.999950885772705078e+00 0.000000000000000000e+00 1.000000000000000000e+01 8.191000000000000000e+03 0.000000000000000000e+00
1.140000057220458984e+01 -1.999994754791259766e+00 0.000000000000000000e+00 -9.996828157454729080e-04 -1.130800880491733551e-02 -1.999950885772705078e+00 0.000000000000000000e+00 1.000000000000000000e+01 8.191000000000000000e+03 0.000000000000000000e+00
1.150000000000000000e+01 -1.999989628791809082e+00 0.000000000000000000e+00 -9.997299639508128166e-04 -1.140798255801200867e-02 -1.999950885772705078e+00 0.000000000000000000e+00 1.000000000000000000e+01 8.191000000000000000e+03 0.000000000000000000e+00
1.160000038146972656e+01 -2.000001668930053711e+00 0.000000000000000000e+00 -9.997376473620533943e-04 -1.150795631110668182e-02 -1.999950885772705078e+00 0.000000000000000000e+00 1.000000000000000000e+01 8.191000000000000000e+03 0.000000000000000000e+00
1.169999980926513672e+01 -1.999990582466125488e+00 0.000000000000000000e+00 -9.997029555961489677e-04 -1.160792633891105652e-02 -1.999950885772705078e+00 0.000000000000000000e+00 1.000000000000000000e+01 8.191000000000000000e+03 0.000000000000000000e+00
1.180000019073486328e+01 -2.000007867813110352e+00 0.000000000000000000e+00 -9.997487068176269531e-04 -1.170790102332830429e-02 -1.999950885772705078e+00 0.000000000000000000e+00 1.000000000000000000e+01 8.191000000000000000e+03 0.000000000000000000e+00
1.190000057220458984e+01 -2.000007867813110352e+00 0.000000000000000000e+00 -9.997809538617730141e-04 -1.180787943303585052e-02 -1.999950885772705078e+00 0.000000000000000000e+00 1.000000000000000000e+01 8.191000000000000000e+03 0.000000000000000000e+00
1.200000000000000000e+01 -2.000011205673217773e+00 0.000000000000000000e+00 -9.997800225391983986e-04 -1.190785691142082214e-02 -1.999950885772705078e+00 0.000000000000000000e+00 1.000000000000000000e+01 8.191000000000000000e+03 0.000000000000000000e+00
1.210000038146972656e+01 -2.000005245208740234e+00 0.000000000000000000e+00 -9.996810695156455040e-04 -1.200782507658004761e-02 -1.999950885772705078e+00 0.000000000000000000e+00 1.000000000000000000e+01 8.191000000000000000e+03 0.000000000000000000e+00
1.219999980926513672e+01 -1.999993324279785156e+00 0.000000000000000000e+00 -9.996681474149227142e-04 -1.210779231041669846e-02 -1.999950885772705078e+00 0.000000000000000000e+00 1.000000000000000000e+01 8.191000000000000000e+03 0.000000000000000000e+00
1.230000019073486328e+01 -1.999979257583618164e+00 0.000000000000000000e+00 -9.996640728786587715e-04 -1.220775861293077469e-02 -1.999950885772705078e+00 0.000000000000000000e+00 1.000000000000000000e+01 8.191000000000000000e+03 0.000000000000000000e+00
1.240000057220458984e+01 -1.999987721443176270e+00 0.000000000000000000e+00 -9.996570879593491554e-04 -1.230772398412227631e-02 -1.999950885772705078e+00 0.000000000000000000e+00 1.000000000000000000e+01 8.191000000000000000e+03 0.000000000000000000e+00
1.250000000000000000e+01 -1.999986529350280762e+00 0.000000000000000000e+00 -9.996548760682344437e-04 -1.240768935531377792e-02 -1.999950885772705078e+00 0.000000000000000000e+00 1.000000000000000000e+01 8.191000000000000000e+03 0.000000000000000000e+00
1.260000038146972656e+01 -1.999996423721313477e+00 0.000000000000000000e+00 -9.996250737458467484e-04 -1.250765193253755569e-02 -1.999950885772705078e+00 0.000000000000000000e+00 1.000000000000000000e+01 8.191000000000000000e+03 0.000000000000000000e+00
1.269999980926513672e+01 -1.999994516372680664e+00 0.000000000000000000e+00 -9.996629087254405022e-04 -1.260761823505163193e-02 -1.999950885772705078e+00 0.000000000000000000e+00 1.000000000000000000e+01 8.191000000000000000e+03 0.000000000000000000e+00
1.280000019073486328e+01 -1.999987840652465820e+00 0.000000000000000000e+00 -9.997658198699355125e-04 -1.270759478211402893e-02 -1.999950885772705078e+00 0.000000000000000000e+00 1.000000000000000000e+01 8.191000000000000000e+03 0.000000000000000000e+00
1.290000057220458984e+01 -1.999997258186340332e+00 0.000000000000000000e+00 -9.997169254347681999e-04 -1.280756667256355286e-02 -1.999950885772705078e+00 0.000000000000000000e+00 1.000000000000000000e+01 8.191000000000000000e+03 0.000000000000000000e+00
1.300000000000000000e+01 -1.999988913536071777e+00 0.000000000000000000e+00 -9.997178567573428154e-04 -1.290753856301307678e-02 -1.999950885772705078e+00 0.000000000000000000e+00 1.000000000000000000e+01 8.191000000000000000e+03 0.000000000000000000e+00
1.310000038146972656e+01 -2.000009775161743164e+00 0.000000000000000000e+00 -9.997428860515356064e-04 -1.300751324743032455e-02 -1.999950885772705078e+00 0.000000000000000000e+00 1.000000000000000000e+01 8.191000000000000000e+03 0.000000000000000000e+00
1.319999980926513672e+01 -2.000008821487426758e+00 0.000000000000000000e+00 -9.996808366850018501e-04 -1.310748141258955002e-02 -1.999950885772705078e+00 0.000000000000000000e+00 1.000000000000000000e+01 8.191000000000000000e+03 0.000000000000000000e+00
1.330000019073486328e+01 -1.999988079071044922e+00 0.000000000000000000e+00 -9.997142478823661804e-04 -1.320745237171649933e-02 -1.999950885772705078e+00 0.000000000000000000e+00 1.000000000000000000e+01 8.191000000000000000e+03 0.000000000000000000e+00
1.340000057220458984e+01 -1.999998688697814941e+00 0.000000000000000000e+00 -9.997090091928839684e-04 -1.330742333084344864e-02 -1.999950885772705078e+00 0.000000000000000000e+00 1.000000000000000000e+01 8.191000000000000000e+03 0.000000000000000000e+00
1.350000000000000000e+01 -1.999995112419128418e+00 0.000000000000000000e+00 -9.996892185881733894e-04 -1.340739242732524872e-02 -1.999950885772705078e+00 0.000000000000000000e+00 1.000000000000000000e+01 8.191000000000000000e+03 0.000000000000000000e+00
1.360000038146972656e+01 -1.999996304512023926e+00 0.000000000000000000e+00 -9.996700100600719452e-04 -1.350735966116189957e-02 -1.999950885772705078e+00 0.000000000000000000e+00 1.000000000000000000e+01 8.191000000000000000e+03 0.000000000000000000e+00
1.369999980926513672e+01 -1.999995470046997070e+00 0.000000000000000000e+00 -9.997101733461022377e-04 -1.360733062028884888e-02 -1.999950885772705078e+00 0.000000000000000000e+00 1.000000000000000000e+01 8.191000000000000000e+03 0.000000000000000000e+00
1.380000019073486328e+01 -1.999990224838256836e+00 0.000000000000000000e+00 -9.996338048949837685e-04 -1.370729412883520126e-02 -1.999950885772705078e+00 0.000000000000000000e+00 1.000000000000000000e+01 8.191000000000000000e+03 0.000000000000000000e+00
1.390000057220458984e+01 -2.000000715255737305e+00 0.000000000000000000e+00 -9.996856097131967545e-04 -1.380726229399442673e-02 -1.999950885772705078e+00 0.000000000000000000e+00 1.000000000000000000e+01 8.191000000000000000e+03 0.000000000000000000e+00
1.400000000000000000e+01 -2.000001430511474609e+00 0.000000000000000000e+00 -9.995991131290793419e-04 -1.390722207725048065e-02 -1.999950885772705078e+00 0.000000000000000000e+00 1.000000000000000000e+01 8.191000000000000000e+03 0.000000000000000000e+00
1.410000038146972656e+01 -1.999984025955200195e+00 0.000000000000000000e+00 -9.995738510042428970e-04 -1.400717999786138535e-02 -1.999950885772705078e+00 0.000000000000000000e+00 1.000000000000000000e+01 8.191000000000000000e+03 0.000000000000000000e+00
1.419999980926513672e+01 -1.999992370605468750e+00 0.000000000000000000e+00 -9.996725711971521378e-04 -1.410714723169803619e-02 -1.999950885772705078e+00 0.000000000000000000e+00 1.000000000000000000e+01 8.191000000000000000e+03 0.000000000000000000e+00
1.430000019073486328e+01 -1.999985694885253906e+00 0.000000000000000000e+00 -9.996026055887341499e-04 -1.420710701495409012e-02 -1.999950885772705078e+00 0.000000000000000000e+00 1.000000000000000000e+01 8.191000000000000000e+03 0.000000000000000000e+00
1.440000057220458984e+01 -1.999998807907104492e+00 0.000000000000000000e+00 -9.996892185881733894e-04 -1.430707611143589020e-02 -1.999950885772705078e+00 0.000000000000000000e+00 1.000000000000000000e+01 8.191000000000000000e+03 0.000000000000000000e+00
1.450000000000000000e+01 -1.999994158744812012e+00 0.000000000000000000e+00 -9.996918961405754089e-04 -1.440704520791769028e-02 -1.999950885772705078e+00 0.000000000000000000e+00 1.000000000000000000e+01 8.191000000000000000e+03 0.000000000000000000e+00
1.460000038146972656e+01 -1.999998211860656738e+00 0.000000000000000000e+00 -9.997236775234341621e-04 -1.450701709836721420e-02 -1.999950885772705078e+00 0.000000000000000000e+00 1.000000000000000000e+01 8.191000000000000000e+03 0.000000000000000000e+00
1.469999980926513672e+01 -1.999985694885253906e+00 0.000000000000000000e+00 -9.997393935918807983e-04 -1.460699178278446198e-02 -1.999950885772705078e+00 0.000000000000000000e+00 1.000000000000000000e+01 8.191000000000000000e+03 0.000000000000000000e+00
1.480000019073486328e+01 -1.999997615814208984e+00 0.000000000000000000e+00 -9.997523156926035881e-04 -1.470696646720170975e-02 -1.999950885772705078e+00 0.000000000000000000e+00 1.000000000000000000e+01 8.191000000000000000e+03 0.000000000000000000e+00
1.490000057220458984e+01 -1.999988079071044922e+00 0.000000000000000000e+00 -9.996589506044983864e-04 -1.480693276971578598e-02 -1.999950885772705078e+00 0.000000000000000000e+00 1.000000000000000000e+01 8.191000000000000000e+03 0.000000000000000000e+00
1.500000000000000000e+01 -1.999992012977600098e+00 0.000000000000000000e+00 -9.996722219511866570e-04 -1.490690000355243683e-02 -1.999950885772705078e+00 0.000000000000000000e+00 1.000000000000000000e+01 8.191000000000000000e+03 0.000000000000000000e+00
1.510000038146972656e+01 -1.999994158744812012e+00 0.000000000000000000e+00 -9.996570879593491554e-04 -1.500686537474393845e-02 -1.999950885772705078e+00 0.000000000000000000e+00 1.000000000000000000e+01 8.191000000000000000e+03 0.000000000000000000e+00
1.519999980926513672e+01 -1.999989867210388184e+00 0.000000000000000000e+00 -9.996750159189105034e-04 -1.510683260858058929e-02 -1.999950885772705078e+00 0.000000000000000000e+00 1.000000000000000000e+01 8.191000000000000000e+03 0.000000000000000000e+00
1.530000019073486328e+01 -1.999993205070495605e+00 0.000000000000000000e+00 -9.996941080316901207e-04 -1.520680263638496399e-02 -1.999950885772705078e+00 0.000000000000000000e+00 1.000000000000000000e+01 8.191000000000000000e+03 0.000000000000000000e+00
1.540000057220458984e+01 -1.999991655349731445e+00 0.000000000000000000e+00 -9.996786247938871384e-04 -1.530677080154418945e-02 -1.999950885772705078e+00 0.000000000000000000e+00 1.000000000000000000e+01 8.191000000000000000e+03 0.000000000000000000e+00
1.550000000000000000e+01 -1.999993920326232910e+00 0.000000000000000000e+00 -9.996900334954261780e-04 -1.540673896670341492e-02 -1.999950885772705078e+00 0.000000000000000000e+00 1.000000000000000000e+01 8.191000000000000000e+03 0.000000000000000000e+00
1.560000038146972656e+01 -2.000002145767211914e+00 0.000000000000000000e+00 -9.996596490964293480e-04 -1.550670526921749115e-02 -1.999950885772705078e+00 0.000000000000000000e+00 1.000000000000000000e+01 8.191000000000000000e+03 0.000000000000000000e+00
1.569999980926513672e+01 -1.999998450279235840e+00 0.000000000000000000e+00 -9.996830485761165619e-04 -1.560667343437671661e-02 -1.999950885772705078e+00 0.000000000000000000e+00 1.000000000000000000e+01 8.191000000000000000e+03 0.000000000000000000e+00
1.580000019073486328e+01 -1.999997854232788086e+00 0.000000000000000000e+00 -9.996780427172780037e-04 -1.570664159953594208e-02 -1.999950885772705078e+00 0.000000000000000000e+00 1.000000000000000000e+01 8.191000000000000000e+03 0.000000000000000000e+00
1.590000057220458984e+01 -1.999990224838256836e+00 0.000000000000000000e+00 -9.996904991567134857e-04 -1.580660976469516754e-02 -1.999950885772705078e+00 0.000000000000000000e+00 1.000000000000000000e+01 8.191000000000000000e+03 0.000000000000000000e+00
1.600000000000000000e+01 -1.999988913536071777e+00 0.000000000000000000e+00 -9.997361339628696442e-04 -1.590658351778984070e-02 -1.999950885772705078e+00 0.000000000000000000e+00 1.000000000000000000e+01 8.191000000000000000e+03 0.000000000000000000e+00
1.610000038146972656e+01 -1.999988436698913574e+00 0.000000000000000000e+00 -9.996604640036821365e-04 -1.600654982030391693e-02 -1.999950885772705078e+00 0.000000000000000000e+00 1.000000000000000000e+01 8.191000000000000000e+03 0.000000000000000000e+00
1.620000076293945312e+01 -1.999991416931152344e+00 0.000000000000000000e+00 -9.997093584388494492e-04 -1.610652171075344086e-02 -1.999950885772705078e+00 0.000000000000000000e+00 1.000000000000000000e+01 8.191000000000000000e+03 0.000000000000000000e+00
1.630000114440917969e+01 -1.999987840652465820e+00 0.000000000000000000e+00 -9.996596490964293480e-04 -1.620648615062236786e-02 -1.999950885772705078e+00 0.000000000000000000e+00 1.000000000000000000e+01 8.191000000000000000e+03 0.000000000000000000e+00
1.639999961853027344e+01 -2.000001192092895508e+00 0.000000000000000000e+00 -9.996780427172780037e-04 -1.630645431578159332e-02 -1.999950885772705078e+00 0.000000000000000000e+00 1.000000000000000000e+01 8.191000000000000000e+03 0.000000000000000000e+00
1.650000000000000000e+01 -2.000001907348632812e+00 0.000000000000000000e+00 -9.996802546083927155e-04 -1.640642248094081879e-02 -1.999950885772705078e+00 0.000000000000000000e+00 1.000000000000000000e+01 8.191000000000000000e+03 0.000000000000000000e+00
1.660000038146972656e+01 -1.999997258186340332e+00 0.000000000000000000e+00 -9.996979497373104095e-04 -1.650639250874519348e-02 -1.999950885772705078e+00 0.000000000000000000e+00 1.000000000000000000e+01 8.191000000000000000e+03 0.000000000000000000e+00
1.670000076293945312e+01 -2.000000476837158203e+00 0.000000000000000000e+00 -9.996548760682344437e-04 -1.660635881125926971e-02 -1.999950885772705078e+00 0.000000000000000000e+00 1.000000000000000000e+01 8.191000000000000000e+03 0.000000000000000000e+00
1.680000114440917969e+01 -2.000016212463378906e+00 0.000000000000000000e+00 -9.997450979426503181e-04 -1.670633256435394287e-02 -1.999950885772705078e+00 0.000000000000000000e+00 1.000000000000000000e+01 8.191000000000000000e+03 0.000000000000000000e+00
1.689999961853027344e+01 -2.000003814697265625e+00 0.000000000000000000e+00 -9.997142478823661804e-04 -1.680630445480346680e-02 -1.999950885772705078e+00 0.000000000000000000e+00 1.000000000000000000e+01 8.191000000000000000e+03 0.000000000000000000e+00
1.700000000000000000e+01 -1.999998211860656738e+00 0.000000000000000000e+00 -9.996928274631500244e-04 -1.690627261996269226e-02 -1.999950885772705078e+00 0.000000000000000000e+00 1.000000000000000000e+01 8.191000000000000000e+03 0.000000000000000000e+00
1.710000038146972656e+01 -1.999990820884704590e+00 0.000000000000000000e+00 -9.996222797781229019e-04 -1.700623519718647003e-02 -1.999950885772705078e+00 0.000000000000000000e+00 1.000000000000000000e+01 8.191000000000000000e+03 0.000000000000000000e+00
1.720000076293945312e+01 -1.999999165534973145e+00 0.000000000000000000e+00 -9.996604640036821365e-04 -1.710620149970054626e-02 -1.999950885772705078e+00 0.000000000000000000e+00 1.000000000000000000e+01 8.191000000000000000e+03 0.000000000000000000e+00
1.730000114440917969e+01 -1.999999046325683594e+00 0.000000000000000000e+00 -9.996432345360517502e-04 -1.720616593956947327e-02 -1.999950885772705078e+00 0.000000000000000000e+00 1.000000000000000000e+01 8.191000000000000000e+03 0.000000000000000000e+00
1.739999961853027344e+01 -1.999992609024047852e+00 0.000000000000000000e+00 -9.996797889471054077e-04 -1.730613410472869873e-02 -1.999950885772705078e+00 0.000000000000000000e+00 1.000000000000000000e+01 8.191000000000000000e+03 0.000000000000000000e+00
1.750000000000000000e+01 -1.999987483024597168e+00 0.000000000000000000e+00 -9.996538283303380013e-04 -1.740609854459762573e-02 -1.999950885772705078e+00 0.000000000000000000e+00 1.000000000000000000e+01 8.191000000000000000e+03 0.000000000000000000e+00
1.760000038146972656e+01 -1.999984383583068848e+00 0.000000000000000000e+00 -9.996833978220820427e-04 -1.750606857240200043e-02 -1.999950885772705078e+00 0.000000000000000000e+00 1.000000000000000000e+01 8.191000000000000000e+03 0.000000000000000000e+00
1.770000076293945312e+01 -1.999989628791809082e+00 0.000000000000000000e+00 -9.996552253141999245e-04 -1.760603301227092743e-02 -1.999950885772705078e+00 0.000000000000000000e+00 1.000000000000000000e+01 8.191000000000000000e+03 0.000000000000000000e+00
1.780000114440917969e+01 -2.000004768371582031e+00 0.000000000000000000e+00 -9.996620938181877136e-04 -1.770599931478500366e-02 -1.999950885772705078e+00 0.000000000000000000e+00 1.000000000000000000e+01 8.191000000000000000e+03 0.000000000000000000e+00
1.789999961853027344e+01 -1.999997615814208984e+00 0.000000000000000000e+00 -9.995987638831138611e-04 -1.780596002936363220e-02 -1.999950885772705078e+00 0.000000000000000000e+00 1.000000000000000000e+01 8.191000000000000000e+03 0.000000000000000000e+00
1.800000000000000000e+01 -1.999983787536621094e+00 0.000000000000000000e+00 -9.996471926569938660e-04 -1.790592446923255920e-02 -1.999950885772705078e+00 0.000000000000000000e+00 1.000000000000000000e+01 8.191000000000000000e+03 0.000000000000000000e+00
1.810000038146972656e+01 -2.000002384185791016e+00 0.000000000000000000e+00 -9.997154120355844498e-04 -1.800589635968208313e-02 -1.999950885772705078e+00 0.000000000000000000e+00 1.000000000000000000e+01 8.191000000000000000e+03 0.000000000000000000e+00
1.820000076293945312e+01 -1.999992609024047852e+00 0.000000000000000000e+00 -9.996679145842790604e-04 -1.810586266219615936e-02 -1.999950885772705078e+00 0.000000000000000000e+00 1.000000000000000000e+01 8.191000000000000000e+03 0.000000000000000000e+00
1.830000114440917969e+01 -1.999992132186889648e+00 0.000000000000000000e+00 -9.996758308261632919e-04 -1.820583082735538483e-02 -1.999950885772705078e+00 0.000000000000000000e+00 1.000000000000000000e+01 8.191000000000000000e+03 0.000000000000000000e+00
1.839999961853027344e+01 -1.999994754791259766e+00 0.000000000000000000e+00 -9.996432345360517502e-04 -1.830579340457916260e-02 -1.999950885772705078e+00 0.000000000000000000e+00 1.000000000000000000e+01 8.191000000000000000e+03 0.000000000000000000e+00
1.850000000000000000e+01 -2.000006675720214844e+00 0.000000000000000000e+00 -9.996530134230852127e-04 -1.840575970709323883e-02 -1.999950885772705078e+00 0.000000000000000000e+00 1.000000000000000000e+01 8.191000000000000000e+03 0.000000000000000000e+00
1.860000038146972656e+01 -2.000009536743164062e+00 0.000000000000000000e+00 -9.996665176004171371e-04 -1.850572600960731506e-02 -1.999950885772705078e+00 0.000000000000000000e+00 1.000000000000000000e+01 8.191000000000000000e+03 0.000000000000000000e+00
1.870000076293945312e+01 -2.000002384185791016e+00 0.000000000000000000e+00 -9.996482403948903084e-04 -1.860569044947624207e-02 -1.999950885772705078e+00 0.000000000000000000e+00 1.000000000000000000e+01 8.191000000000000000e+03 0.000000000000000000e+00
1.880000114440917969e+01 -2.000010967254638672e+00 0.000000000000000000e+00 -9.996589506044983864e-04 -1.870565675199031830e-02 -1.999950885772705078e+00 0.000000000000000000e+00 1.000000000000000000e+01 8.191000000000000000e+03 0.000000000000000000e+00
1.889999961853027344e+01 -1.999991416931152344e+00 0.000000000000000000e+00 -9.996175067499279976e-04 -1.880561932921409607e-02 -1.999950885772705078e+00 0.000000000000000000e+00 1.000000000000000000e+01 8.191000000000000000e+03 0.000000000000000000e+00
1.900000000000000000e+01 -1.999998807907104492e+00 0.000000000000000000e+00 -9.996388107538223267e-04 -1.890558190643787384e-02 -1.999950885772705078e+00 0.000000000000000000e+00 1.000000000000000000e+01 8.191000000000000000e+03 0.000000000000000000e+00
1.910000038146972656e+01 -1.999997019767761230e+00 0.000000000000000000e+00 -9.996246080845594406e-04 -1.900554448366165161e-02 -1.999950885772705078e+00 0.000000000000000000e+00 1.000000000000000000e+01 8.191000000000000000e+03 0.000000000000000000e+00
1.920000076293945312e+01 -2.000006914138793945e+00 0.000000000000000000e+00 -9.996858425438404083e-04 -1.910551451146602631e-02 -1.999950885772705078e+00 0.000000000000000000e+00 1.000000000000000000e+01 8.191000000000000000e+03 0.000000000000000000e+00
1.930000114440917969e+01 -1.999997854232788086e+00 0.000000000000000000e+00 -9.996752487495541573e-04 -1.920548081398010254e-02 -1.999950885772705078e+00 0.000000000000000000e+00 1.000000000000000000e+01 8.191000000000000000e+03 0.000000000000000000e+00
1.939999961853027344e+01 -2.000002861022949219e+00 0.000000000000000000e+00 -9.996184380725026131e-04 -1.930544339120388031e-02 -1.999950885772705078e+00 0.000000000000000000e+00 1.000000000000000000e+01 8.191000000000000000e+03 0.000000000000000000e+00
1.950000000000000000e+01 -2.000003814697265625e+00 0.000000000000000000e+00 -9.996430017054080963e-04 -1.940540783107280731e-02 -1.999950885772705078e+00 0.000000000000000000e+00 1.000000000000000000e+01 8.191000000000000000e+03 0.000000000000000000e+00
1.960000038146972656e+01 -2.000001668930053711e+00 0.000000000000000000e+00 -9.996230946853756905e-04 -1.950537040829658508e-02 -1.999950885772705078e+00 0.000000000000000000e+00 1.000000000000000000e+01 8.191000000000000000e+03 0.000000000000000000e+00
1.970000076293945312e+01 -1.999997496604919434e+00 0.000000000000000000e+00 -9.996820008382201195e-04 -1.960533857345581055e-02 -1.999950885772705078e+00 0.000000000000000000e+00 1.000000000000000000e+01 8.191000000000000000e+03 0.000000000000000000e+00
1.980000114440917969e+01 -1.999986529350280762e+00 0.000000000000000000e+00 -9.996424196287989616e-04 -1.970530115067958832e-02 -1.999950885772705078e+00 0.000000000000000000e+00 1.000000000000000000e+01 8.191000000000000000e+03 0.000000000000000000e+00
1.989999961853027344e+01 -1.999986886978149414e+00 0.000000000000000000e+00 -9.996130829676985741e-04 -1.980526372790336609e-02 -1.999950885772705078e+00 0.000000000000000000e+00 1.000000000000000000e+01 8.191000000000000000e+03 0.000000000000000000e+00
2.000000000000000000e+01 -1.999998688697814941e+00 0.000000000000000000e+00 -9.996420703828334808e-04 -1.990522816777229309e-02 -1.999950885772705078e+00 0.000000000000000000e+00 1.000000000000000000e+01 8.191000000000000000e+03 0.000000000000000000e+00
2.010000038146972656e+01 -2.000000953674316406e+00 0.000000000000000000e+00 -9.996100561693310738e-04 -2.000518888235092163e-02 -1.999950885772705078e+00 0.000000000000000000e+00 1.000000000000000000e+01 8.191000000000000000e+03 0.000000000000000000e+00
2.020000076293945312e+01 -2.000003337860107422e+00 0.000000000000000000e+00 -9.997236775234341621e-04 -2.010516077280044556e-02 -1.999950885772705078e+00 0.000000000000000000e+00 1.000000000000000000e+01 8.191000000000000000e+03 0.000000000000000000e+00
2.030000114440917969e+01 -1.999988079071044922e+00 0.000000000000000000e+00 -9.996596490964293480e-04 -2.020512707531452179e-02 -1.999950885772705078e+00 0.000000000000000000e+00 1.000000000000000000e+01 8.191000000000000000e+03 0.000000000000000000e+00
2.039999961853027344e+01 -1.999967575073242188e+00 0.000000000000000000e+00 -9.995742002502083778e-04 -2.030508406460285187e-02 -1.999950885772705078e+00 0.000000000000000000e+00 1.000000000000000000e+01 8.191000000000000000e+03 0.000000000000000000e+00
2.050000000000000000e+01 -2.000002622604370117e+00 0.000000000000000000e+00 -9.996634908020496368e-04 -2.040505036711692810e-02 -1.999950885772705078e+00 0.000000000000000000e+00 1.000000000000000000e+01 8.191000000000000000e+03 0.000000000000000000e+00
2.060000038146972656e+01 -1.999991059303283691e+00 0.000000000000000000e+00 -9.995946893468499184e-04 -2.050500921905040741e-02 -1.999950885772705078e+00 0.000000000000000000e+00 1.000000000000000000e+01 8.191000000000000000e+03 0.000000000000000000e+00
2.070000076293945312e+01 -1.999985694885253906e+00 0.000000000000000000e+00 -9.996388107538223267e-04 -2.060497365891933441e-02 -1.999950885772705078e+00 0.000000000000000000e+00 1.000000000000000000e+01 8.191000000000000000e+03 0.000000000000000000e+00
2.080000114440917969e+01 -2.000018119812011719e+00 0.000000000000000000e+00 -9.995750151574611664e-04 -2.070493064820766449e-02 -1.999950885772705078e+00 0.000000000000000000e+00 1.000000000000000000e+01 8.191000000000000000e+03 0.000000000000000000e+00
2.089999961853027344e+01 -2.000003814697265625e+00 0.000000000000000000e+00 -9.996227454394102097e-04 -2.080489322543144226e-02 -1.999950885772705078e+00 0.000000000000000000e+00 1.000000000000000000e+01 8.191000000000000000e+03 0.000000000000000000e+00
2.100000000000000000e+01 -1.999986171722412109e+00 0.000000000000000000e+00 -9.996070293709635735e-04 -2.090485394001007080e-02 -1.999950885772705078e+00 0.000000000000000000e+00 1.000000000000000000e+01 8.191000000000000000e+03 0.000000000000000000e+00
2.110000038146972656e+01 -1.999998450279235840e+00 0.000000000000000000e+00 -9.996620938181877136e-04 -2.100482024252414703e-02 -1.999950885772705078e+00 0.000000000000000000e+00 1.000000000000000000e+01 8.191000000000000000e+03 0.000000000000000000e+00
2.120000076293945312e+01 -1.999997019767761230e+00 0.000000000000000000e+00 -9.996447479352355003e-04 -2.110478468239307404e-02 -1.999950885772705078e+00 0.000000000000000000e+00 1.000000000000000000e+01 8.191000000000000000e+03 0.000000000000000000e+00
2.130000114440917969e+01 -1.999990224838256836e+00 0.000000000000000000e+00 -9.996360167860984802e-04 -2.120474912226200104e-02 -1.999950885772705078e+00 0.000000000000000000e+00 1.000000000000000000e+01 8.191000000000000000e+03 0.000000000000000000e+00
2.139999961853027344e+01 -1.999984622001647949e+00 0.000000000000000000e+00 -9.996227454394102097e-04 -2.130471169948577881e-02 -1.999950885772705078e+00 0.000000000000000000e+00 1.000000000000000000e+01 8.191000000000000000e+03 0.000000000000000000e+00
2.150000000000000000e+01 -1.999988675117492676e+00 0.000000000000000000e+00 -9.995758300647139549e-04 -2.140466868877410889e-02 -1.999950885772705078e+00 0.000000000000000000e+00 1.000000000000000000e+01 8.191000000000000000e+03 0.000000000000000000e+00
2.160000038146972656e+01 -1.999982833862304688e+00 0.000000000000000000e+00 -9.996332228183746338e-04 -2.150463126599788666e-02 -1.999950885772705078e+00 0.000000000000000000e+00 1.000000000000000000e+01 8.191000000000000000e+03 0.000000000000000000e+00
2.170000076293945312e+01 -1.999988675117492676e+00 0.000000000000000000e+00 -9.996681474149227142e-04 -2.160459943115711212e-02 -1.999950885772705078e+00 0.000000000000000000e+00 1.000000000000000000e+01 8.191000000000000000e+03 0.000000000000000000e+00
2.180000114440917969e+01 -1.999989032745361328e+00 0.000000000000000000e+00 -9.996742010116577148e-04 -2.170456573367118835e-02 -1.999950885772705078e+00 0.000000000000000000e+00 1.000000000000000000e+01 8.191000000000000000e+03 0.000000000000000000e+00
2.189999961853027344e+01 -2.000006198883056641e+00 0.000000000000000000e+00 -9.996665176004171371e-04 -2.180453203618526459e-02 -1.999950885772705078e+00 0.000000000000000000e+00 1.000000000000000000e+01 8.191000000000000000e+03 0.000000000000000000e+00
2.200000000000000000e+01 -1.999991178512573242e+00 0.000000000000000000e+00 -9.996244916692376137e-04 -2.190449461340904236e-02 -1.999950885772705078e+00 0.000000000000000000e+00 1.000000000000000000e+01 8.191000000000000000e+03 0.000000000000000000e+00
2.210000038146972656e+01 -1.999999165534973145e+00 0.000000000000000000e+00 -9.996494045481085777e-04 -2.200446091592311859e-02 -1.999950885772705078e+00 0.000000000000000000e+00 1.000000000000000000e+01 8.191000000000000000e+03 0.000000000000000000e+00
2.220000076293945312e+01 -1.999982237815856934e+00 0.000000000000000000e+00 -9.996742010116577148e-04 -2.210442721843719482e-02 -1.999950885772705078e+00 0.000000000000000000e+00 1.000000000000000000e+01 8.191000000000000000e+03 0.000000000000000000e+00
2.230000114440917969e+01 -1.999980807304382324e+00 0.000000000000000000e+00 -9.996485896408557892e-04 -2.220439165830612183e-02 -1.999950885772705078e+00 0.000000000000000000e+00 1.000000000000000000e+01 8.191000000000000000e+03 0.000000000000000000e+00
2.239999961853027344e+01 -1.999989509582519531e+00 0.000000000000000000e+00 -9.996090084314346313e-04 -2.230435423552989960e-02 -1.999950885772705078e+00 0.000000000000000000e+00 1.000000000000000000e+01 8.191000000000000000e+03 0.000000000000000000e+00
2.250000000000000000e+01 -1.999998450279235840e+00 0.000000000000000000e+00 -9.996166918426752090e-04 -2.240431495010852814e-02 -1.999950885772705078e+00 0.000000000000000000e+00 1.000000000000000000e+01 8.191000000000000000e+03 0.000000000000000000e+00
2.260000038146972656e+01 -1.999994277954101562e+00 0.000000000000000000e+00 -9.996693115681409836e-04 -2.250428125262260437e-02 -1.999950885772705078e+00 0.000000000000000000e+00 1.000000000000000000e+01 8.191000000000000000e+03 0.000000000000000000e+00
2.270000076293945312e+01 -2.000001192092895508e+00 0.000000000000000000e+00 -9.996211156249046326e-04 -2.260424382984638214e-02 -1.999950885772705078e+00 0.000000000000000000e+00 1.000000000000000000e+01 8.191000000000000000e+03 0.000000000000000000e+00
2.280000114440917969e+01 -2.000000238418579102e+00 0.000000000000000000e+00 -9.996354347094893456e-04 -2.270420826971530914e-02 -1.999950885772705078e+00 0.000000000000000000e+00 1.000000000000000000e+01 8.191000000000000000e+03 0.000000000000000000e+00
2.289999961853027344e+01 -1.999992012977600098e+00 0.000000000000000000e+00 -9.996432345360517502e-04 -2.280417270958423615e-02 -1.999950885772705078e+00 0.000000000000000000e+00 1.000000000000000000e+01 8.191000000000000000e+03 0.000000000000000000e+00
2.300000000000000000e+01 -2.000007867813110352e+00 0.000000000000000000e+00 -9.996596490964293480e-04 -2.290413714945316315e-02 -1.999950885772705078e+00 0.000000000000000000e+00 1.000000000000000000e+01 8.191000000000000000e+03 0.000000000000000000e+00
2.310000038146972656e+01 -1.999996662139892578e+00 0.000000000000000000e+00 -9.996299631893634796e-04 -2.300410158932209015e-02 -1.999950885772705078e+00 0.000000000000000000e+00 1.000000000000000000e+01 8.191000000000000000e+03 0.000000000000000000e+00
2.320000076293945312e+01 -2.000008344650268555e+00 0.000000000000000000e+00 -9.996589506044983864e-04 -2.310406602919101715e-02 -1.999950885772705078e+00 0.000000000000000000e+00 1.000000000000000000e+01 8.191000000000000000e+03 0.000000000000000000e+00
2.330000114440917969e+01 -2.000005722045898438e+00 0.000000000000000000e+00 -9.996941080316901207e-04 -2.320403605699539185e-02 -1.999950885772705078e+00 0.000000000000000000e+00 1.000000000000000000e+01 8.191000000000000000e+03 0.000000000000000000e+00
2.339999961853027344e+01 -2.000002861022949219e+00 0.000000000000000000e+00 -9.996792068704962730e-04 -2.330400422215461731e-02 -1.999950885772705078e+00 0.000000000000000000e+00 1.000000000000000000e+01 8.191000000000000000e+03 0.000000000000000000e+00
2.350000000000000000e+01 -1.999998211860656738e+00 0.000000000000000000e+00 -9.996203007176518440e-04 -2.340396679937839508e-02 -1.999950885772705078e+00 0.000000000000000000e+00 1.000000000000000000e+01 8.191000000000000000e+03 0.000000000000000000e+00
2.360000038146972656e+01 -2.000007390975952148e+00 0.000000000000000000e+00 -9.995665168389678001e-04 -2.350392378866672516e-02 -1.999950885772705078e+00 0.000000000000000000e+00 1.000000000000000000e+01 8.191000000000000000e+03 0.000000000000000000e+00
2.370000076293945312e+01 -2.000000238418579102e+00 0.000000000000000000e+00 -9.996665176004171371e-04 -2.360389009118080139e-02 -1.999950885772705078e+00 0.000000000000000000e+00 1.000000000000000000e+01 8.191000000000000000e+03 0.000000000000000000e+00
2.380000114440917969e+01 -1.999994277954101562e+00 0.000000000000000000e+00 -9.996540611609816551e-04 -2.370385453104972839e-02 -1.999950885772705078e+00 0.000000000000000000e+00 1.000000000000000000e+01 8.191000000000000000e+03 0.000000000000000000e+00
2.389999961853027344e+01 -1.999994874000549316e+00 0.000000000000000000e+00 -9.996398584917187691e-04 -2.380381897091865540e-02 -1.999950885772705078e+00 0.000000000000000000e+00 1.000000000000000000e+01 8.191000000000000000e+03 0.000000000000000000e+00
2.400000000000000000e+01 -1.999996423721313477e+00 0.000000000000000000e+00 -9.996952721849083900e-04 -2.390378899872303009e-02 -1.999950885772705078e+00 0.000000000000000000e+00 1.000000000000000000e+01 8.191000000000000000e+03 0.000000000000000000e+00
2.410000038146972656e+01 -2.000003337860107422e+00 0.000000000000000000e+00 -9.996327571570873260e-04 -2.400375157594680786e-02 -1.999950885772705078e+00 0.000000000000000000e+00 1.000000000000000000e+01 8.191000000000000000e+03 0.000000000000000000e+00
2.420000076293945312e+01 -1.999996066093444824e+00 0.000000000000000000e+00 -9.996313601732254028e-04 -2.410371415317058563e-02 -1.999950885772705078e+00 0.000000000000000000e+00 1.000000000000000000e+01 8.191000000000000000e+03 0.000000000000000000e+00
2.430000114440917969e+01 -1.999995350837707520e+00 0.000000000000000000e+00 -9.995683794841170311e-04 -2.420367114245891571e-02 -1.999950885772705078e+00 0.000000000000000000e+00 1.000000000000000000e+01 8.191000000000000000e+03 0.000000000000000000e+00
2.439999961853027344e+01 -1.999993205070495605e+00 0.000000000000000000e+00 -9.996258886530995369e-04 -2.430363371968269348e-02 -1.999950885772705078e+00 0.000000000000000000e+00 1.000000000000000000e+01 8.191000000000000000e+03 0.000000000000000000e+00
2.450000000000000000e+01 -1.999983429908752441e+00 0.000000000000000000e+00 -9.995675645768642426e-04 -2.440359070897102356e-02 -1.999950885772705078e+00 0.000000000000000000e+00 1.000000000000000000e+01 8.191000000000000000e+03 0.000000000000000000e+00
2.460000038146972656e+01 -2.000000238418579102e+00 0.000000000000000000e+00 -9.996477747336030006e-04 -2.450355514883995056e-02 -1.999950885772705078e+00 0.000000000000000000e+00 1.000000000000000000e+01 8.191000000000000000e+03 0.000000000000000000e+00
2.470000076293945312e+01 -2.000011444091796875e+00 0.000000000000000000e+00 -9.996012086048722267e-04 -2.460351586341857910e-02 -1.999950885772705078e+00 0.000000000000000000e+00 1.000000000000000000e+01 8.191000000000000000e+03 0.000000000000000000e+00
2.480000114440917969e+01 -2.000005245208740234e+00 0.000000000000000000e+00 -9.996693115681409836e-04 -2.470348216593265533e-02 -1.999950885772705078e+00 0.000000000000000000e+00 1.000000000000000000e+01 8.191000000000000000e+03 0.000000000000000000e+00
2.489999961853027344e+01 -1.999997615814208984e+00 0.000000000000000000e+00 -9.996918961405754089e-04 -2.480345219373703003e-02 -1.999950885772705078e+00 0.000000000000000000e+00 1.000000000000000000e+01 8.191000000000000000e+03 0.000000000000000000e+00
2.500000000000000000e+01 -1.999994277954101562e+00 0.000000000000000000e+00 -9.996532462537288666e-04 -2.490341663360595703e-02 -1.999950885772705078e+00 0.000000000000000000e+00 1.000000000000000000e+01 8.191000000000000000e+03 0.000000000000000000e+00
2.510000038146972656e+01 -1.999999165534973145e+00 0.000000000000000000e+00 -9.996081935241818428e-04 -2.500337921082973480e-02 -1.999950885772705078e+00 0.000000000000000000e+00 1.000000000000000000e+01 8.191000000000000000e+03 0.000000000000000000e+00
2.520000076293945312e+01 -1.999997854232788086e+00 0.000000000000000000e+00 -9.995915461331605911e-04 -2.510333806276321411e-02 -1.999950885772705078e+00 0.000000000000000000e+00 1.000000000000000000e+01 8.191000000000000000e+03 0.000000000000000000e+00
2.530000114440917969e+01 -1.999989628791809082e+00 0.000000000000000000e+00 -9.996538283303380013e-04 -2.520330250263214111e-02 -1.999950885772705078e+00 0.000000000000000000e+00 1.000000000000000000e+01 8.191000000000000000e+03 0.000000000000000000e+00
2.539999961853027344e+01 -2.000005006790161133e+00 0.000000000000000000e+00 -9.996747830882668495e-04 -2.530327066779136658e-02 -1.999950885772705078e+00 0.000000000000000000e+00 1.000000000000000000e+01 8.191000000000000000e+03 0.000000000000000000e+00
2.550000000000000000e+01 -1.999994874000549316e+00 0.000000000000000000e+00 -9.996752487495541573e-04 -2.540323697030544281e-02 -1.999950885772705078e+00 0.000000000000000000e+00 1.000000000000000000e+01 8.191000000000000000e+03 0.000000000000000000e+00
2.560000038146972656e+01 -1.999993324279785156e+00 0.000000000000000000e+00 -9.996222797781229019e-04 -2.550319954752922058e-02 -1.999950885772705078e+00 0.000000000000000000e+00 1.000000000000000000e+01 8.191000000000000000e+03 0.000000000000000000e+00
2.570000076293945312e+01 -1.999995946884155273e+00 0.000000000000000000e+00 -9.996349690482020378e-04 -2.560316398739814758e-02 -1.999950885772705078e+00 0.000000000000000000e+00 1.000000000000000000e+01 8.191000000000000000e+03 0.000000000000000000e+00
2.580000114440917969e+01 -2.000001192092895508e+00 0.000000000000000000e+00 -9.995918953791260719e-04 -2.570312283933162689e-02 -1.999950885772705078e+00 0.000000000000000000e+00 1.000000000000000000e+01 8.191000000000000000e+03 0.000000000000000000e+00
2.589999961853027344e+01 -1.999992728233337402e+00 0.000000000000000000e+00 -9.995294967666268349e-04 -2.580307610332965851e-02 -1.999950885772705078e+00 0.000000000000000000e+00 1.000000000000000000e+01 8.191000000000000000e+03 0.000000000000000000e+00
2.600000000000000000e+01 -2.000009536743164062e+00 0.000000000000000000e+00 -9.995871223509311676e-04 -2.590303495526313782e-02 -1.999950885772705078e+00 0.000000000000000000e+00 1.000000000000000000e+01 8.191000000000000000e+03 0.000000000000000000e+00
2.610000038146972656e+01 -2.000001192092895508e+00 0.000000000000000000e+00 -9.995651198551058769e-04 -2.600299008190631866e-02 -1.999950885772705078e+00 0.000000000000000000e+00 1.000000000000000000e+01 8.191000000000000000e+03 0.000000000000000000e+00
2.620000076293945312e+01 -2.000004529953002930e+00 0.000000000000000000e+00 -9.995772270485758781e-04 -2.610294893383979797e-02 -1.999950885772705078e+00 0.000000000000000000e+00 1.000000000000000000e+01 8.191000000000000000e+03 0.000000000000000000e+00
2.630000114440917969e+01 -1.999992012977600098e+00 0.000000000000000000e+00 -9.995750151574611664e-04 -2.620290592312812805e-02 -1.999950885772705078e+00 0.000000000000000000e+00 1.000000000000000000e+01 8.191000000000000000e+03 0.000000000000000000e+00
2.639999961853027344e+01 -2.000001430511474609e+00 0.000000000000000000e+00 -9.995537111535668373e-04 -2.630286104977130890e-02 -1.999950885772705078e+00 0.000000000000000000e+00 1.000000000000000000e+01 8.191000000000000000e+03 0.000000000000000000e+00
2.650000000000000000e+01 -1.999997019767761230e+00 0.000000000000000000e+00 -9.995849104598164558e-04 -2.640281990170478821e-02 -1.999950885772705078e+00 0.000000000000000000e+00 1.000000000000000000e+01 8.191000000000000000e+03 0.000000000000000000e+00
2.660000038146972656e+01 -1.999995946884155273e+00 0.000000000000000000e+00 -9.995888685807585716e-04 -2.650277875363826752e-02 -1.999950885772705078e+00 0.000000000000000000e+00 1.000000000000000000e+01 8.191000000000000000e+03 0.000000000000000000e+00
2.670000076293945312e+01 -1.999994874000549316e+00 0.000000000000000000e+00 -9.996239095926284790e-04 -2.660274133086204529e-02 -1.999950885772705078e+00 0.000000000000000000e+00 1.000000000000000000e+01 8.191000000000000000e+03 0.000000000000000000e+00
2.680000114440917969e+01 -1.999990224838256836e+00 0.000000000000000000e+00 -9.996192529797554016e-04 -2.670270390808582306e-02 -1.999950885772705078e+00 0.000000000000000000e+00 1.000000000000000000e+01 8.191000000000000000e+03 0.000000000000000000e+00
2.689999961853027344e+01 -2.000015735626220703e+00 0.000000000000000000e+00 -9.996833978220820427e-04 -2.680267207324504852e-02 -1.999950885772705078e+00 0.000000000000000000e+00 1.000000000000000000e+01 8.191000000000000000e+03 0.000000000000000000e+00
2.700000000000000000e+01 -2.000014305114746094e+00 0.000000000000000000e+00 -9.996758308261632919e-04 -2.690263837575912476e-02 -1.999950885772705078e+00 0.000000000000000000e+00 1.000000000000000000e+01 8.191000000000000000e+03 0.000000000000000000e+00
2.710000038146972656e+01 -2.000010013580322266e+00 0.000000000000000000e+00 -9.996371809393167496e-04 -2.700260281562805176e-02 -1.999950885772705078e+00 0.000000000000000000e+00 1.000000000000000000e+01 8.191000000000000000e+03 0.000000000000000000e+00
2.720000076293945312e+01 -2.000000476837158203e+00 0.000000000000000000e+00 -9.996037697419524193e-04 -2.710256353020668030e-02 -1.999950885772705078e+00 0.000000000000000000e+00 1.000000000000000000e+01 8.191000000000000000e+03 0.000000000000000000e+00
2.730000114440917969e+01 -1.999990820884704590e+00 0.000000000000000000e+00 -9.995755972340703011e-04 -2.720252051949501038e-02 -1.999950885772705078e+00 0.000000000000000000e+00 1.000000000000000000e+01 8.191000000000000000e+03 0.000000000000000000e+00
2.739999961853027344e+01 -1.999993920326232910e+00 0.000000000000000000e+00 -9.995789732784032822e-04 -2.730247937142848969e-02 -1.999950885772705078e+00 0.000000000000000000e+00 1.000000000000000000e+01 8.191000000000000000e+03 0.000000000000000000e+00
2.750000000000000000e+01 -2.000002622604370117e+00 0.000000000000000000e+00 -9.995824657380580902e-04 -2.740243636071681976e-02 -1.999950885772705078e+00 0.000000000000000000e+00 1.000000000000000000e+01 8.191000000000000000e+03 0.000000000000000000e+00
2.760000038146972656e+01 -1.999998688697814941e+00 0.000000000000000000e+00 -9.996100561693310738e-04 -2.750239707529544830e-02 -1.999950885772705078e+00 0.000000000000000000e+00 1.000000000000000000e+01 8.191000000000000000e+03 0.000000000000000000e+00
2.770000076293945312e+01 -1.999998092651367188e+00 0.000000000000000000e+00 -9.995764121413230896e-04 -2.760235592722892761e-02 -1.999950885772705078e+00 0.000000000000000000e+00 1.000000000000000000e+01 8.191000000000000000e+03 0.000000000000000000e+00
2.780000114440917969e+01 -2.000004291534423828e+00 0.000000000000000000e+00 -9.995826985687017441e-04 -2.770231477916240692e-02 -1.999950885772705078e+00 0.000000000000000000e+00 1.000000000000000000e+01 8.191000000000000000e+03 0.000000000000000000e+00
2.789999961853027344e+01 -2.000000476837158203e+00 0.000000000000000000e+00 -9.996206499636173248e-04 -2.780227549374103546e-02 -1.999950885772705078e+00 0.000000000000000000e+00 1.000000000000000000e+01 8.191000000000000000e+03 0.000000000000000000e+00
2.800000000000000000e+01 -2.000002145767211914e+00 0.000000000000000000e+00 -9.995745494961738586e-04 -2.790223434567451477e-02 -1.999950885772705078e+00 0.000000000000000000e+00 1.000000000000000000e+01 8.191000000000000000e+03 0.000000000000000000e+00
2.810000038146972656e+01 -1.999994754791259766e+00 0.000000000000000000e+00 -9.995711734518408775e-04 -2.800219133496284485e-02 -1.999950885772705078e+00 0.000000000000000000e+00 1.000000000000000000e+01 8.191000000000000000e+03 0.000000000000000000e+00
2.820000076293945312e+01 -1.999999046325683594e+00 0.000000000000000000e+00 -9.995498694479465485e-04 -2.810214646160602570e-02 -1.999950885772705078e+00 0.000000000000000000e+00 1.000000000000000000e+01 8.191000000000000000e+03 0.000000000000000000e+00
2.830000114440917969e+01 -1.999986529350280762e+00 0.000000000000000000e+00 -9.995893342420458794e-04 -2.820210531353950500e-02 -1.999950885772705078e+00 0.000000000000000000e+00 1.000000000000000000e+01 8.191000000000000000e+03 0.000000000000000000e+00
2.839999961853027344e+01 -1.999992132186889648e+00 0.000000000000000000e+00 -9.996830485761165619e-04 -2.830207347869873047e-02 -1.999950885772705078e+00 0.000000000000000000e+00 1.000000000000000000e+01 8.191000000000000000e+03 0.000000000000000000e+00
2.850000000000000000e+01 -2.000005483627319336e+00 0.000000000000000000e+00 -9.997079614549875259e-04 -2.840204350650310516e-02 -1.999950885772705078e+00 0.000000000000000000e+00 1.000000000000000000e+01 8.191000000000000000e+03 0.000000000000000000e+00
2.860000038146972656e+01 -2.000008583068847656e+00 0.000000000000000000e+00 -9.996239095926284790e-04 -2.850200608372688293e-02 -1.999950885772705078e+00 0.000000000000000000e+00 1.000000000000000000e+01 8.191000000000000000e+03 0.000000000000000000e+00
2.870000076293945312e+01 -2.000000476837158203e+00 0.000000000000000000e+00 -9.996023727580904961e-04 -2.860196679830551147e-02 -1.999950885772705078e+00 0.000000000000000000e+00 1.000000000000000000e+01 8.191000000000000000e+03 0.000000000000000000e+00
2.880000114440917969e+01 -2.000001430511474609e+00 0.000000000000000000e+00 -9.995868895202875137e-04 -2.870192565023899078e-02 -1.999950885772705078e+00 0.000000000000000000e+00 1.000000000000000000e+01 8.191000000000000000e+03 0.000000000000000000e+00
2.889999961853027344e+01 -2.000000476837158203e+00 0.000000000000000000e+00 -9.995617438107728958e-04 -2.880188077688217163e-02 -1.999950885772705078e+00 0.000000000000000000e+00 1.000000000000000000e+01 8.191000000000000000e+03 0.000000000000000000e+00
2.900000000000000000e+01 -2.000000715255737305e+00 0.000000000000000000e+00 -9.995661675930023193e-04 -2.890183776617050171e-02 -1.999950885772705078e+00 0.000000000000000000e+00 1.000000000000000000e+01 8.191000000000000000e+03 0.000000000000000000e+00
2.910000038146972656e+01 -1.999995112419128418e+00 0.000000000000000000e+00 -9.996020235121250153e-04 -2.900179848074913025e-02 -1.999950885772705078e+00 0.000000000000000000e+00 1.000000000000000000e+01 8.191000000000000000e+03 0.000000000000000000e+00
2.920000076293945312e+01 -1.999995112419128418e+00 0.000000000000000000e+00 -9.995667496696114540e-04 -2.910175547003746033e-02 -1.999950885772705078e+00 0.000000000000000000e+00 1.000000000000000000e+01 8.191000000000000000e+03 0.000000000000000000e+00
2.930000114440917969e+01 -1.999986290931701660e+00 0.000000000000000000e+00 -9.995349682867527008e-04 -2.920170873403549194e-02 -1.999950885772705078e+00 0.000000000000000000e+00 1.000000000000000000e+01 8.191000000000000000e+03 0.000000000000000000e+00
2.939999961853027344e+01 -1.999987721443176270e+00 0.000000000000000000e+00 -9.995512664318084717e-04 -2.930166386067867279e-02 -1.999950885772705078e+00 0.000000000000000000e+00 1.000000000000000000e+01 8.191000000000000000e+03 0.000000000000000000e+00
2.950000000000000000e+01 -1.999992012977600098e+00 0.000000000000000000e+00 -9.995645377784967422e-04 -2.940161898732185364e-02 -1.999950885772705078e+00 0.000000000000000000e+00 1.000000000000000000e+01 8.191000000000000000e+03 0.000000000000000000e+00
2.960000038146972656e+01 -2.000000715255737305e+00 0.000000000000000000e+00 -9.996291482821106911e-04 -2.950158342719078064e-02 -1.999950885772705078e+00 0.000000000000000000e+00 1.000000000000000000e+01 8.191000000000000000e+03 0.000000000000000000e+00
2.970000076293945312e+01 -2.000000238418579102e+00 0.000000000000000000e+00 -9.995866566896438599e-04 -2.960154041647911072e-02 -1.999950885772705078e+00 0.000000000000000000e+00 1.000000000000000000e+01 8.191000000000000000e+03 0.000000000000000000e+00
2.980000114440917969e+01 -1.999987721443176270e+00 0.000000000000000000e+00 -9.995623258873820305e-04 -2.970149740576744080e-02 -1.999950885772705078e+00 0.000000000000000000e+00 1.000000000000000000e+01 8.191000000000000000e+03 0.000000000000000000e+00
2.989999961853027344e+01 -2.000000238418579102e+00 0.000000000000000000e+00 -9.996017906814813614e-04 -2.980145812034606934e-02 -1.999950885772705078e+00 0.000000000000000000e+00 1.000000000000000000e+01 8.191000000000000000e+03 0.000000000000000000e+00
3.000000000000000000e+01 -1.999997258186340332e+00 0.000000000000000000e+00 -9.995938744395971298e-04 -2.990141697227954865e-02 -1.999950885772705078e+00 0.000000000000000000e+00 1.000000000000000000e+01 8.191000000000000000e+03 0.000000000000000000e+00
