2.000000000000000000e+00 8.750770939514040947e-05 0.000000000000000000e+00 6.489614747806626838e-07 -2.473592758178710938e-06 0.000000000000000000e+00 1.000000000000000000e+01 8.191000000000000000e+03 0.000000000000000000e+00 0.000000000000000000e+00 2.755599975585937500e+00
4.000000000000000000e+00 -9.992288053035736084e-02 0.000000000000000000e+00 -5.003746991860680282e-05 -9.999781847000122070e-02 0.000000000000000000e+00 9.000000000000000000e+00 8.191000000000000000e+03 0.000000000000000000e+00 0.000000000000000000e+00 2.755499839782714844e+00
6.000000000000000000e+00 -1.999115645885467529e-01 0.000000000000000000e+00 -1.000316769932396710e-04 -2.000056654214859009e-01 0.000000000000000000e+00 8.000000000000000000e+00 8.191000000000000000e+03 0.000000000000000000e+00 0.000000000000000000e+00 2.755699872970581055e+00
8.000000000000000000e+00 -2.999256551265716553e-01 0.000000000000000000e+00 -1.500561484135687351e-04 -3.000009953975677490e-01 0.000000000000000000e+00 9.000000000000000000e+00 8.191000000000000000e+03 0.000000000000000000e+00 0.000000000000000000e+00 2.755699872970581055e+00
1.000000000000000000e+01 -3.999512791633605957e-01 0.000000000000000000e+00 -2.000556414714083076e-04 -3.999963402748107910e-01 0.000000000000000000e+00 9.000000000000000000e+00 8.191000000000000000e+03 0.000000000000000000e+00 0.000000000000000000e+00 2.755499839782714844e+00
1.200000000000000000e+01 -4.999703764915466309e-01 0.000000000000000000e+00 -2.500542614143341780e-04 -5.000041723251342773e-01 0.000000000000000000e+00 9.000000000000000000e+00 8.191000000000000000e+03 0.000000000000000000e+00 0.000000000000000000e+00 2.755499839782714844e+00
1.400000000000000000e+01 -5.999472737312316895e-01 0.000000000000000000e+00 -3.000504511874169111e-04 -5.999995470046997070e-01 0.000000000000000000e+00 9.000000000000000000e+00 8.191000000000000000e+03 0.000000000000000000e+00 0.000000000000000000e+00 2.755499839782714844e+00
1.600000000000000000e+01 -6.999410986900329590e-01 0.000000000000000000e+00 -3.500356397125869989e-04 -6.999948620796203613e-01 0.000000000000000000e+00 9.000000000000000000e+00 8.191000000000000000e+03 0.000000000000000000e+00 0.000000000000000000e+00 2.755499839782714844e+00
1.800000000000000000e+01 -7.999653220176696777e-01 0.000000000000000000e+00 -4.000446351710706949e-04 -8.000026941299438477e-01 0.000000000000000000e+00 9.000000000000000000e+00 8.191000000000000000e+03 0.000000000000000000e+00 0.000000000000000000e+00 2.755499839782714844e+00
2.000000000000000000e+01 -6.999456882476806641e-01 0.000000000000000000e+00 -3.500381135381758213e-04 -6.999948620796203613e-01 0.000000000000000000e+00 9.000000000000000000e+00 8.191000000000000000e+03 0.000000000000000000e+00 0.000000000000000000e+00 2.755499839782714844e+00
2.200000000000000000e+01 -5.999506711959838867e-01 0.000000000000000000e+00 -3.000464348588138819e-04 -5.999995470046997070e-01 0.000000000000000000e+00 9.000000000000000000e+00 8.191000000000000000e+03 0.000000000000000000e+00 0.000000000000000000e+00 2.755499839782714844e+00
2.400000000000000000e+01 -4.999723434448242188e-01 0.000000000000000000e+00 -2.500513510312885046e-04 -5.000041723251342773e-01 0.000000000000000000e+00 9.000000000000000000e+00 8.191000000000000000e+03 0.000000000000000000e+00 0.000000000000000000e+00 2.755499839782714844e+00
2.600000000000000000e+01 -3.999466896057128906e-01 0.000000000000000000e+00 -2.000372478505596519e-04 -3.999963402748107910e-01 0.000000000000000000e+00 9.000000000000000000e+00 8.191000000000000000e+03 0.000000000000000000e+00 0.000000000000000000e+00 2.755499839782714844e+00
2.800000000000000000e+01 -2.999375462532043457e-01 0.000000000000000000e+00 -1.500276121078059077e-04 -3.000009953975677490e-01 0.000000000000000000e+00 9.000000000000000000e+00 8.191000000000000000e+03 0.000000000000000000e+00 0.000000000000000000e+00 2.755499839782714844e+00
3.000000000000000000e+01 -1.999375522136688232e-01 0.000000000000000000e+00 -1.000181000563316047e-04 -2.000056654214859009e-01 0.000000000000000000e+00 9.000000000000000000e+00 8.191000000000000000e+03 0.000000000000000000e+00 0.000000000000000000e+00 2.755499839782714844e+00
3.200000000000000000e+01 -9.990260750055313110e-02 0.000000000000000000e+00 -5.000299643143080175e-05 -9.999781847000122070e-02 0.000000000000000000e+00 9.000000000000000000e+00 8.191000000000000000e+03 0.000000000000000000e+00 0.000000000000000000e+00 2.755699872970581055e+00
3.400000000000000000e+01 -1.999119967222213745e-01 0.000000000000000000e+00 -1.000306874630041420e-04 -2.000056654214859009e-01 0.000000000000000000e+00 8.000000000000000000e+00 8.191000000000000000e+03 0.000000000000000000e+00 1.000000000000000000e+00 2.755699872970581055e+00
3.600000000000000000e+01 -2.999251782894134521e-01 0.000000000000000000e+00 -1.500128128100186586e-04 -3.000009953975677490e-01 0.000000000000000000e+00 9.000000000000000000e+00 8.191000000000000000e+03 0.000000000000000000e+00 1.000000000000000000e+00 2.755699872970581055e+00
3.800000000000000000e+01 -3.999510109424591064e-01 0.000000000000000000e+00 -2.000283129746094346e-04 -3.999963402748107910e-01 0.000000000000000000e+00 9.000000000000000000e+00 8.191000000000000000e+03 0.000000000000000000e+00 1.000000000000000000e+00 2.755499839782714844e+00
4.000000000000000000e+01 -4.999691247940063477e-01 0.000000000000000000e+00 -2.500292612239718437e-04 -5.000041723251342773e-01 0.000000000000000000e+00 9.000000000000000000e+00 8.191000000000000000e+03 0.000000000000000000e+00 1.000000000000000000e+00 2.755499839782714844e+00
4.200000000000000000e+01 -5.999497175216674805e-01 0.000000000000000000e+00 -3.000237338710576296e-04 -5.999995470046997070e-01 0.000000000000000000e+00 9.000000000000000000e+00 8.191000000000000000e+03 0.000000000000000000e+00 1.000000000000000000e+00 2.755499839782714844e+00
4.400000000000000000e+01 -6.999435424804687500e-01 0.000000000000000000e+00 -3.500094462651759386e-04 -6.999948620796203613e-01 0.000000000000000000e+00 9.000000000000000000e+00 8.191000000000000000e+03 0.000000000000000000e+00 1.000000000000000000e+00 2.755499839782714844e+00
4.600000000000000000e+01 -7.999616861343383789e-01 0.000000000000000000e+00 -4.000154731329530478e-04 -8.000026941299438477e-01 0.000000000000000000e+00 9.000000000000000000e+00 8.191000000000000000e+03 0.000000000000000000e+00 1.000000000000000000e+00 2.755499839782714844e+00
4.800000000000000000e+01 -6.999408006668090820e-01 0.000000000000000000e+00 -3.500110178720206022e-04 -6.999948620796203613e-01 0.000000000000000000e+00 9.000000000000000000e+00 8.191000000000000000e+03 0.000000000000000000e+00 1.000000000000000000e+00 2.755499839782714844e+00
5.000000000000000000e+01 -5.999539494514465332e-01 0.000000000000000000e+00 -3.000208234880119562e-04 -5.999995470046997070e-01 0.000000000000000000e+00 9.000000000000000000e+00 8.191000000000000000e+03 0.000000000000000000e+00 1.000000000000000000e+00 2.755499839782714844e+00
5.200000000000000000e+01 -4.999716579914093018e-01 0.000000000000000000e+00 -2.500181435607373714e-04 -5.000041723251342773e-01 0.000000000000000000e+00 9.000000000000000000e+00 8.191000000000000000e+03 0.000000000000000000e+00 1.000000000000000000e+00 2.755499839782714844e+00
5.400000000000000000e+01 -3.999511301517486572e-01 0.000000000000000000e+00 -2.000111999223008752e-04 -3.999963402748107910e-01 0.000000000000000000e+00 9.000000000000000000e+00 8.191000000000000000e+03 0.000000000000000000e+00 1.000000000000000000e+00 2.755499839782714844e+00
5.600000000000000000e+01 -2.999359965324401855e-01 0.000000000000000000e+00 -1.500071957707405090e-04 -3.000009953975677490e-01 0.000000000000000000e+00 9.000000000000000000e+00 8.191000000000000000e+03 0.000000000000000000e+00 1.000000000000000000e+00 2.755499839782714844e+00
5.800000000000000000e+01 -1.999359130859375000e-01 0.000000000000000000e+00 -9.998669702326878905e-05 -2.000056654214859009e-01 0.000000000000000000e+00 9.000000000000000000e+00 8.191000000000000000e+03 0.000000000000000000e+00 1.000000000000000000e+00 2.755499839782714844e+00
6.000000000000000000e+01 -9.990315884351730347e-02 0.000000000000000000e+00 -4.997917130822315812e-05 -9.999781847000122070e-02 0.000000000000000000e+00 9.000000000000000000e+00 8.191000000000000000e+03 0.000000000000000000e+00 1.000000000000000000e+00 2.755599975585937500e+00
6.200000000000000000e+01 -1.999122053384780884e-01 0.000000000000000000e+00 -1.000294869299978018e-04 -2.000056654214859009e-01 0.000000000000000000e+00 8.000000000000000000e+00 8.191000000000000000e+03 0.000000000000000000e+00 2.000000000000000000e+00 2.755699872970581055e+00
6.400000000000000000e+01 -2.999256253242492676e-01 0.000000000000000000e+00 -1.499915961176156998e-04 -3.000009953975677490e-01 0.000000000000000000e+00 9.000000000000000000e+00 8.191000000000000000e+03 0.000000000000000000e+00 2.000000000000000000e+00 2.755699872970581055e+00
6.600000000000000000e+01 -3.999541103839874268e-01 0.000000000000000000e+00 -1.999958039959892631e-04 -3.999963402748107910e-01 0.000000000000000000e+00 9.000000000000000000e+00 8.191000000000000000e+03 0.000000000000000000e+00 2.000000000000000000e+00 2.755499839782714844e+00
6.800000000000000000e+01 -4.999744296073913574e-01 0.000000000000000000e+00 -2.500055707059800625e-04 -5.000041723251342773e-01 0.000000000000000000e+00 9.000000000000000000e+00 8.191000000000000000e+03 0.000000000000000000e+00 2.000000000000000000e+00 2.755499839782714844e+00
7.000000000000000000e+01 -5.999478697776794434e-01 0.000000000000000000e+00 -2.999932912643998861e-04 -5.999995470046997070e-01 0.000000000000000000e+00 9.000000000000000000e+00 8.191000000000000000e+03 0.000000000000000000e+00 2.000000000000000000e+00 2.755499839782714844e+00
7.200000000000000000e+01 -6.999405026435852051e-01 0.000000000000000000e+00 -3.499796730466187000e-04 -6.999948620796203613e-01 0.000000000000000000e+00 9.000000000000000000e+00 8.191000000000000000e+03 0.000000000000000000e+00 2.000000000000000000e+00 2.755499839782714844e+00
7.400000000000000000e+01 -7.999692559242248535e-01 0.000000000000000000e+00 -3.999801410827785730e-04 -8.000026941299438477e-01 0.000000000000000000e+00 9.000000000000000000e+00 8.191000000000000000e+03 0.000000000000000000e+00 2.000000000000000000e+00 2.755499839782714844e+00
7.600000000000000000e+01 -6.999449133872985840e-01 0.000000000000000000e+00 -3.499735612422227859e-04 -6.999948620796203613e-01 0.000000000000000000e+00 9.000000000000000000e+00 8.191000000000000000e+03 0.000000000000000000e+00 2.000000000000000000e+00 2.755499839782714844e+00
7.800000000000000000e+01 -5.999484062194824219e-01 0.000000000000000000e+00 -2.999913413077592850e-04 -5.999995470046997070e-01 0.000000000000000000e+00 9.000000000000000000e+00 8.191000000000000000e+03 0.000000000000000000e+00 2.000000000000000000e+00 2.755499839782714844e+00
8.000000000000000000e+01 -4.999653100967407227e-01 0.000000000000000000e+00 -2.499858092050999403e-04 -5.000041723251342773e-01 0.000000000000000000e+00 9.000000000000000000e+00 8.191000000000000000e+03 0.000000000000000000e+00 2.000000000000000000e+00 2.755499839782714844e+00
8.200000000000000000e+01 -3.999474942684173584e-01 0.000000000000000000e+00 -1.999875385081395507e-04 -3.999963402748107910e-01 0.000000000000000000e+00 9.000000000000000000e+00 8.191000000000000000e+03 0.000000000000000000e+00 2.000000000000000000e+00 2.755599975585937500e+00
8.400000000000000000e+01 -2.999377548694610596e-01 0.000000000000000000e+00 -1.499866339145228267e-04 -3.000009953975677490e-01 0.000000000000000000e+00 9.000000000000000000e+00 8.191000000000000000e+03 0.000000000000000000e+00 2.000000000000000000e+00 2.755499839782714844e+00
8.600000000000000000e+01 -1.999384760856628418e-01 0.000000000000000000e+00 -9.998260065913200378e-05 -2.000056654214859009e-01 0.000000000000000000e+00 9.000000000000000000e+00 8.191000000000000000e+03 0.000000000000000000e+00 2.000000000000000000e+00 2.755499839782714844e+00
8.800000000000000000e+01 -9.990268945693969727e-02 0.000000000000000000e+00 -4.997204086976125836e-05 -9.999781847000122070e-02 0.000000000000000000e+00 9.000000000000000000e+00 8.191000000000000000e+03 0.000000000000000000e+00 2.000000000000000000e+00 2.755699872970581055e+00
9.000000000000000000e+01 -9.989908337593078613e-02 0.000000000000000000e+00 -5.001669705961830914e-05 -9.999781847000122070e-02 0.000000000000000000e+00 8.000000000000000000e+00 8.191000000000000000e+03 0.000000000000000000e+00 3.000000000000000000e+00 2.755699872970581055e+00
