1.000000014901161194e-01 -2.000250101089477539e+00 0.000000000000000000e+00 -1.093574828701093793e-04 -1.093574883270775899e-05 -1.999950885772705078e+00 0.000000000000000000e+00 8.000000000000000000e+00 7.164000000000000000e+03 0.000000000000000000e+00
2.000000029802322388e-01 -2.000026464462280273e+00 0.000000000000000000e+00 -1.000216463580727577e-03 -1.109574004658497870e-04 -1.999950885772705078e+00 0.000000000000000000e+00 9.000000000000000000e+00 8.191000000000000000e+03 0.000000000000000000e+00
3.000000119209289551e-01 -2.000045537948608398e+00 0.000000000000000000e+00 -9.999659378081560135e-04 -2.109539927914738655e-04 -1.999950885772705078e+00 0.000000000000000000e+00 1.000000000000000000e+01 8.191000000000000000e+03 0.000000000000000000e+00
4.000000059604644775e-01 -2.000040769577026367e+00 0.000000000000000000e+00 -9.999228641390800476e-04 -3.109462850261479616e-04 -1.999950885772705078e+00 0.000000000000000000e+00 1.000000000000000000e+01 8.191000000000000000e+03 0.000000000000000000e+00
5.000000000000000000e-01 -2.000002622604370117e+00 0.000000000000000000e+00 -9.997780434787273407e-04 -4.109240835532546043e-04 -1.999950885772705078e+00 0.000000000000000000e+00 1.000000000000000000e+01 8.191000000000000000e+03 0.000000000000000000e+00
6.000000238418579102e-01 -1.999994277954101562e+00 0.000000000000000000e+00 -9.998007444664835930e-04 -5.109041812829673290e-04 -1.999950885772705078e+00 0.000000000000000000e+00 1.000000000000000000e+01 8.191000000000000000e+03 0.000000000000000000e+00
6.999999880790710449e-01 -2.000000238418579102e+00 0.000000000000000000e+00 -9.998228633776307106e-04 -6.108864326961338520e-04 -1.999950885772705078e+00 0.000000000000000000e+00 1.000000000000000000e+01 8.191000000000000000e+03 0.000000000000000000e+00
8.000000119209289551e-01 -2.000007390975952148e+00 0.000000000000000000e+00 -9.998083114624023438e-04 -7.108672871254384518e-04 -1.999950885772705078e+00 0.000000000000000000e+00 1.000000000000000000e+01 8.191000000000000000e+03 0.000000000000000000e+00
9.000000357627868652e-01 -1.999994277954101562e+00 0.000000000000000000e+00 -9.997515007853507996e-04 -8.108424372039735317e-04 -1.999950885772705078e+00 0.000000000000000000e+00 1.000000000000000000e+01 8.191000000000000000e+03 0.000000000000000000e+00
1.000000000000000000e+00 -1.999988317489624023e+00 0.000000000000000000e+00 -9.997832821682095528e-04 -9.108207304961979389e-04 -1.999950885772705078e+00 0.000000000000000000e+00 1.000000000000000000e+01 8.191000000000000000e+03 0.000000000000000000e+00
1.100000023841857910e+00 -1.999985337257385254e+00 0.000000000000000000e+00 -9.997203014791011810e-04 -1.010792795568704605e-03 -1.999950885772705078e+00 0.000000000000000000e+00 1.000000000000000000e+01 8.191000000000000000e+03 0.000000000000000000e+00
1.200000047683715820e+00 -1.999994874000549316e+00 0.000000000000000000e+00 -9.997750166803598404e-04 -1.110770273953676224e-03 -1.999950885772705078e+00 0.000000000000000000e+00 1.000000000000000000e+01 8.191000000000000000e+03 0.000000000000000000e+00
1.300000071525573730e+00 -1.999991774559020996e+00 0.000000000000000000e+00 -9.997404413297772408e-04 -1.210744376294314861e-03 -1.999950885772705078e+00 0.000000000000000000e+00 1.000000000000000000e+01 8.191000000000000000e+03 0.000000000000000000e+00
1.399999976158142090e+00 -2.000004053115844727e+00 0.000000000000000000e+00 -9.997192537412047386e-04 -1.310716266743838787e-03 -1.999950885772705078e+00 0.000000000000000000e+00 1.000000000000000000e+01 8.191000000000000000e+03 0.000000000000000000e+00
1.500000000000000000e+00 -1.999997496604919434e+00 0.000000000000000000e+00 -9.997636079788208008e-04 -1.410692580975592136e-03 -1.999950885772705078e+00 0.000000000000000000e+00 1.000000000000000000e+01 8.191000000000000000e+03 0.000000000000000000e+00
1.600000023841857910e+00 -1.999980211257934570e+00 0.000000000000000000e+00 -9.997844463214278221e-04 -1.510671107098460197e-03 -1.999950885772705078e+00 0.000000000000000000e+00 1.000000000000000000e+01 8.191000000000000000e+03 0.000000000000000000e+00
1.700000047683715820e+00 -1.999988436698913574e+00 0.000000000000000000e+00 -9.997870074585080147e-04 -1.610649749636650085e-03 -1.999950885772705078e+00 0.000000000000000000e+00 1.000000000000000000e+01 8.191000000000000000e+03 0.000000000000000000e+00
1.800000071525573730e+00 -1.999982237815856934e+00 0.000000000000000000e+00 -9.997932938858866692e-04 -1.710629090666770935e-03 -1.999950885772705078e+00 0.000000000000000000e+00 1.000000000000000000e+01 8.191000000000000000e+03 0.000000000000000000e+00
1.899999976158142090e+00 -1.999985694885253906e+00 0.000000000000000000e+00 -9.997389279305934906e-04 -1.810602960176765919e-03 -1.999950885772705078e+00 0.000000000000000000e+00 1.000000000000000000e+01 8.191000000000000000e+03 0.000000000000000000e+00
2.000000000000000000e+00 -1.999979734420776367e+00 0.000000000000000000e+00 -9.997341549023985863e-04 -1.910576364025473595e-03 -1.999950885772705078e+00 0.000000000000000000e+00 1.000000000000000000e+01 8.191000000000000000e+03 0.000000000000000000e+00
2.100000143051147461e+00 -1.999989986419677734e+00 0.000000000000000000e+00 -9.997520828619599342e-04 -2.010551514104008675e-03 -1.999950885772705078e+00 0.000000000000000000e+00 1.000000000000000000e+01 8.191000000000000000e+03 0.000000000000000000e+00
2.200000047683715820e+00 -1.999983429908752441e+00 0.000000000000000000e+00 -9.997450979426503181e-04 -2.110526198521256447e-03 -1.999950885772705078e+00 0.000000000000000000e+00 1.000000000000000000e+01 8.191000000000000000e+03 0.000000000000000000e+00
2.299999952316284180e+00 -1.999978542327880859e+00 0.000000000000000000e+00 -9.997484739869832993e-04 -2.210500882938504219e-03 -1.999950885772705078e+00 0.000000000000000000e+00 1.000000000000000000e+01 8.191000000000000000e+03 0.000000000000000000e+00
2.400000095367431641e+00 -1.999978065490722656e+00 0.000000000000000000e+00 -9.997407905757427216e-04 -2.310475101694464684e-03 -1.999950885772705078e+00 0.000000000000000000e+00 1.000000000000000000e+01 8.191000000000000000e+03 0.000000000000000000e+00
2.500000000000000000e+00 -1.999984145164489746e+00 0.000000000000000000e+00 -9.997428860515356064e-04 -2.410449320450425148e-03 -1.999950885772705078e+00 0.000000000000000000e+00 1.000000000000000000e+01 8.191000000000000000e+03 0.000000000000000000e+00
2.600000143051147461e+00 -1.999994277954101562e+00 0.000000000000000000e+00 -9.997175075113773346e-04 -2.510421210899949074e-03 -1.999950885772705078e+00 0.000000000000000000e+00 1.000000000000000000e+01 8.191000000000000000e+03 0.000000000000000000e+00
2.700000047683715820e+00 -1.999980807304382324e+00 0.000000000000000000e+00 -9.997375309467315674e-04 -2.610394963994622231e-03 -1.999950885772705078e+00 0.000000000000000000e+00 1.000000000000000000e+01 8.191000000000000000e+03 0.000000000000000000e+00
2.799999952316284180e+00 -1.999987721443176270e+00 0.000000000000000000e+00 -9.997102897614240646e-04 -2.710365923121571541e-03 -1.999950885772705078e+00 0.000000000000000000e+00 1.000000000000000000e+01 8.191000000000000000e+03 0.000000000000000000e+00
2.900000095367431641e+00 -1.999997019767761230e+00 0.000000000000000000e+00 -9.997454471886157990e-04 -2.810340374708175659e-03 -1.999950885772705078e+00 0.000000000000000000e+00 1.000000000000000000e+01 8.191000000000000000e+03 0.000000000000000000e+00
3.000000000000000000e+00 -1.999989032745361328e+00 0.000000000000000000e+00 -9.997501038014888763e-04 -2.910315524786710739e-03 -1.999950885772705078e+00 0.000000000000000000e+00 1.000000000000000000e+01 8.191000000000000000e+03 0.000000000000000000e+00
3.100000143051147461e+00 -1.999988436698913574e+00 0.000000000000000000e+00 -9.997297311201691628e-04 -3.010288346558809280e-03 -1.999950885772705078e+00 0.000000000000000000e+00 1.000000000000000000e+01 8.191000000000000000e+03 0.000000000000000000e+00
3.200000047683715820e+00 -1.999990582466125488e+00 0.000000000000000000e+00 -9.997639572247862816e-04 -3.110264893621206284e-03 -1.999950885772705078e+00 0.000000000000000000e+00 1.000000000000000000e+01 8.191000000000000000e+03 0.000000000000000000e+00
3.299999952316284180e+00 -1.999960780143737793e+00 0.000000000000000000e+00 -9.996806038543581963e-04 -3.210232825949788094e-03 -1.999950885772705078e+00 0.000000000000000000e+00 1.000000000000000000e+01 8.191000000000000000e+03 0.000000000000000000e+00
3.400000095367431641e+00 -1.999970912933349609e+00 0.000000000000000000e+00 -9.997084271162748337e-04 -3.310203785076737404e-03 -1.999950885772705078e+00 0.000000000000000000e+00 1.000000000000000000e+01 8.191000000000000000e+03 0.000000000000000000e+00
3.500000000000000000e+00 -1.999980807304382324e+00 0.000000000000000000e+00 -9.996957378461956978e-04 -3.410173347219824791e-03 -1.999950885772705078e+00 0.000000000000000000e+00 1.000000000000000000e+01 8.191000000000000000e+03 0.000000000000000000e+00
3.600000143051147461e+00 -1.999974966049194336e+00 0.000000000000000000e+00 -9.996511507779359818e-04 -3.510138485580682755e-03 -1.999950885772705078e+00 0.000000000000000000e+00 1.000000000000000000e+01 8.191000000000000000e+03 0.000000000000000000e+00
3.700000047683715820e+00 -1.999974370002746582e+00 0.000000000000000000e+00 -9.996542939916253090e-04 -3.610103856772184372e-03 -1.999950885772705078e+00 0.000000000000000000e+00 1.000000000000000000e+01 8.191000000000000000e+03 0.000000000000000000e+00
3.799999952316284180e+00 -1.999981999397277832e+00 0.000000000000000000e+00 -9.997090091928839684e-04 -3.710074815899133682e-03 -1.999950885772705078e+00 0.000000000000000000e+00 1.000000000000000000e+01 8.191000000000000000e+03 0.000000000000000000e+00
3.900000095367431641e+00 -1.999980688095092773e+00 0.000000000000000000e+00 -9.996609296649694443e-04 -3.810040885582566261e-03 -1.999950885772705078e+00 0.000000000000000000e+00 1.000000000000000000e+01 8.191000000000000000e+03 0.000000000000000000e+00
4.000000000000000000e+00 -1.999984979629516602e+00 0.000000000000000000e+00 -9.996963199228048325e-04 -3.910010680556297302e-03 -1.999950885772705078e+00 0.000000000000000000e+00 1.000000000000000000e+01 8.191000000000000000e+03 0.000000000000000000e+00
4.099999904632568359e+00 -1.999979853630065918e+00 0.000000000000000000e+00 -9.996207663789391518e-04 -4.009972326457500458e-03 -1.999950885772705078e+00 0.000000000000000000e+00 1.000000000000000000e+01 8.191000000000000000e+03 0.000000000000000000e+00
4.200000286102294922e+00 -1.999990820884704590e+00 0.000000000000000000e+00 -9.996963199228048325e-04 -4.109942354261875153e-03 -1.999950885772705078e+00 0.000000000000000000e+00 1.000000000000000000e+01 8.191000000000000000e+03 0.000000000000000000e+00
4.300000190734863281e+00 -1.999976396560668945e+00 0.000000000000000000e+00 -9.997496381402015686e-04 -4.209917038679122925e-03 -1.999950885772705078e+00 0.000000000000000000e+00 1.000000000000000000e+01 8.191000000000000000e+03 0.000000000000000000e+00
4.400000095367431641e+00 -1.999973654747009277e+00 0.000000000000000000e+00 -9.997197194024920464e-04 -4.309888929128646851e-03 -1.999950885772705078e+00 0.000000000000000000e+00 1.000000000000000000e+01 8.191000000000000000e+03 0.000000000000000000e+00
4.500000000000000000e+00 -1.999975562095642090e+00 0.000000000000000000e+00 -9.996646549552679062e-04 -4.409855697304010391e-03 -1.999950885772705078e+00 0.000000000000000000e+00 1.000000000000000000e+01 8.191000000000000000e+03 0.000000000000000000e+00
4.599999904632568359e+00 -1.999986290931701660e+00 0.000000000000000000e+00 -9.996904991567134857e-04 -4.509824793785810471e-03 -1.999950885772705078e+00 0.000000000000000000e+00 1.000000000000000000e+01 8.191000000000000000e+03 0.000000000000000000e+00
4.700000286102294922e+00 -1.999995946884155273e+00 0.000000000000000000e+00 -9.997414890676736832e-04 -4.609799012541770935e-03 -1.999950885772705078e+00 0.000000000000000000e+00 1.000000000000000000e+01 8.191000000000000000e+03 0.000000000000000000e+00
4.800000190734863281e+00 -1.999985098838806152e+00 0.000000000000000000e+00 -9.996379958465695381e-04 -4.709762521088123322e-03 -1.999950885772705078e+00 0.000000000000000000e+00 1.000000000000000000e+01 8.191000000000000000e+03 0.000000000000000000e+00
4.900000095367431641e+00 -1.999990820884704590e+00 0.000000000000000000e+00 -9.996901499107480049e-04 -4.809731617569923401e-03 -1.999950885772705078e+00 0.000000000000000000e+00 1.000000000000000000e+01 8.191000000000000000e+03 0.000000000000000000e+00
5.000000000000000000e+00 -1.999984979629516602e+00 0.000000000000000000e+00 -9.996959706768393517e-04 -4.909701179713010788e-03 -1.999950885772705078e+00 0.000000000000000000e+00 1.000000000000000000e+01 8.191000000000000000e+03 0.000000000000000000e+00
5.099999904632568359e+00 -1.999977111816406250e+00 0.000000000000000000e+00 -9.997197194024920464e-04 -5.009673070162534714e-03 -1.999950885772705078e+00 0.000000000000000000e+00 1.000000000000000000e+01 8.191000000000000000e+03 0.000000000000000000e+00
5.200000286102294922e+00 -1.999976158142089844e+00 0.000000000000000000e+00 -9.997389279305934906e-04 -5.109647288918495178e-03 -1.999950885772705078e+00 0.000000000000000000e+00 1.000000000000000000e+01 8.191000000000000000e+03 0.000000000000000000e+00
5.300000190734863281e+00 -1.999981641769409180e+00 0.000000000000000000e+00 -9.997399756684899330e-04 -5.209621042013168335e-03 -1.999950885772705078e+00 0.000000000000000000e+00 1.000000000000000000e+01 8.191000000000000000e+03 0.000000000000000000e+00
5.400000095367431641e+00 -1.999998450279235840e+00 0.000000000000000000e+00 -9.997159941121935844e-04 -5.309592466801404953e-03 -1.999950885772705078e+00 0.000000000000000000e+00 1.000000000000000000e+01 8.191000000000000000e+03 0.000000000000000000e+00
5.500000000000000000e+00 -1.999985694885253906e+00 0.000000000000000000e+00 -9.996648877859115601e-04 -5.409559234976768494e-03 -1.999950885772705078e+00 0.000000000000000000e+00 1.000000000000000000e+01 8.191000000000000000e+03 0.000000000000000000e+00
5.599999904632568359e+00 -1.999990463256835938e+00 0.000000000000000000e+00 -9.996576700359582901e-04 -5.509525071829557419e-03 -1.999950885772705078e+00 0.000000000000000000e+00 1.000000000000000000e+01 8.191000000000000000e+03 0.000000000000000000e+00
5.700000286102294922e+00 -2.000000476837158203e+00 0.000000000000000000e+00 -9.996271692216396332e-04 -5.609487649053335190e-03 -1.999950885772705078e+00 0.000000000000000000e+00 1.000000000000000000e+01 8.191000000000000000e+03 0.000000000000000000e+00
5.800000190734863281e+00 -2.000001192092895508e+00 0.000000000000000000e+00 -9.997203014791011810e-04 -5.709459539502859116e-03 -1.999950885772705078e+00 0.000000000000000000e+00 1.000000000000000000e+01 8.191000000000000000e+03 0.000000000000000000e+00
5.900000095367431641e+00 -1.999996423721313477e+00 0.000000000000000000e+00 -9.997335728257894516e-04 -5.809432826936244965e-03 -1.999950885772705078e+00 0.000000000000000000e+00 1.000000000000000000e+01 8.191000000000000000e+03 0.000000000000000000e+00
6.000000000000000000e+00 -1.999991178512573242e+00 0.000000000000000000e+00 -9.996967855840921402e-04 -5.909402854740619659e-03 -1.999950885772705078e+00 0.000000000000000000e+00 1.000000000000000000e+01 8.191000000000000000e+03 0.000000000000000000e+00
6.099999904632568359e+00 -1.999988675117492676e+00 0.000000000000000000e+00 -9.996952721849083900e-04 -6.009372416883707047e-03 -1.999950885772705078e+00 0.000000000000000000e+00 1.000000000000000000e+01 8.191000000000000000e+03 0.000000000000000000e+00
6.200000286102294922e+00 -1.999988675117492676e+00 0.000000000000000000e+00 -9.996460285037755966e-04 -6.109336856752634048e-03 -1.999950885772705078e+00 0.000000000000000000e+00 1.000000000000000000e+01 8.191000000000000000e+03 0.000000000000000000e+00
6.300000190734863281e+00 -1.999998211860656738e+00 0.000000000000000000e+00 -9.996396256610751152e-04 -6.209300830960273743e-03 -1.999950885772705078e+00 0.000000000000000000e+00 1.000000000000000000e+01 8.191000000000000000e+03 0.000000000000000000e+00
6.400000095367431641e+00 -1.999998688697814941e+00 0.000000000000000000e+00 -9.996745502576231956e-04 -6.309268064796924591e-03 -1.999950885772705078e+00 0.000000000000000000e+00 1.000000000000000000e+01 8.191000000000000000e+03 0.000000000000000000e+00
6.500000000000000000e+00 -1.999990820884704590e+00 0.000000000000000000e+00 -9.996856097131967545e-04 -6.409236695617437363e-03 -1.999950885772705078e+00 0.000000000000000000e+00 1.000000000000000000e+01 8.191000000000000000e+03 0.000000000000000000e+00
6.599999904632568359e+00 -2.000007867813110352e+00 0.000000000000000000e+00 -9.996708249673247337e-04 -6.509203929454088211e-03 -1.999950885772705078e+00 0.000000000000000000e+00 1.000000000000000000e+01 8.191000000000000000e+03 0.000000000000000000e+00
6.700000286102294922e+00 -1.999989986419677734e+00 0.000000000000000000e+00 -9.996376466006040573e-04 -6.609167903661727905e-03 -1.999950885772705078e+00 0.000000000000000000e+00 1.000000000000000000e+01 8.191000000000000000e+03 0.000000000000000000e+00
6.800000190734863281e+00 -1.999991416931152344e+00 0.000000000000000000e+00 -9.996783919632434845e-04 -6.709135603159666061e-03 -1.999950885772705078e+00 0.000000000000000000e+00 1.000000000000000000e+01 8.191000000000000000e+03 0.000000000000000000e+00
6.900000095367431641e+00 -1.999983429908752441e+00 0.000000000000000000e+00 -9.997222805395722389e-04 -6.809107959270477295e-03 -1.999950885772705078e+00 0.000000000000000000e+00 1.000000000000000000e+01 8.191000000000000000e+03 0.000000000000000000e+00
7.000000000000000000e+00 -1.999995946884155273e+00 0.000000000000000000e+00 -9.997630259022116661e-04 -6.909084040671586990e-03 -1.999950885772705078e+00 0.000000000000000000e+00 1.000000000000000000e+01 8.191000000000000000e+03 0.000000000000000000e+00
7.099999904632568359e+00 -1.999988913536071777e+00 0.000000000000000000e+00 -9.996802546083927155e-04 -7.009052205830812454e-03 -1.999950885772705078e+00 0.000000000000000000e+00 1.000000000000000000e+01 8.191000000000000000e+03 0.000000000000000000e+00
7.200000286102294922e+00 -1.999984025955200195e+00 0.000000000000000000e+00 -9.996098233386874199e-04 -7.109012920409440994e-03 -1.999950885772705078e+00 0.000000000000000000e+00 1.000000000000000000e+01 8.191000000000000000e+03 0.000000000000000000e+00
7.300000190734863281e+00 -1.999990463256835938e+00 0.000000000000000000e+00 -9.996341541409492493e-04 -7.208976428955793381e-03 -1.999950885772705078e+00 0.000000000000000000e+00 1.000000000000000000e+01 8.191000000000000000e+03 0.000000000000000000e+00
7.400000095367431641e+00 -2.000003337860107422e+00 0.000000000000000000e+00 -9.996494045481085777e-04 -7.308941334486007690e-03 -1.999950885772705078e+00 0.000000000000000000e+00 1.000000000000000000e+01 8.191000000000000000e+03 0.000000000000000000e+00
7.500000000000000000e+00 -1.999989628791809082e+00 0.000000000000000000e+00 -9.996048174798488617e-04 -7.408902049064636230e-03 -1.999950885772705078e+00 0.000000000000000000e+00 1.000000000000000000e+01 8.191000000000000000e+03 0.000000000000000000e+00
7.599999904632568359e+00 -1.999995350837707520e+00 0.000000000000000000e+00 -9.995766449719667435e-04 -7.508859504014253616e-03 -1.999950885772705078e+00 0.000000000000000000e+00 1.000000000000000000e+01 8.191000000000000000e+03 0.000000000000000000e+00
7.700000286102294922e+00 -1.999976158142089844e+00 0.000000000000000000e+00 -9.995769942179322243e-04 -7.608817424625158310e-03 -1.999950885772705078e+00 0.000000000000000000e+00 1.000000000000000000e+01 8.191000000000000000e+03 0.000000000000000000e+00
7.800000190734863281e+00 -1.999977588653564453e+00 0.000000000000000000e+00 -9.996424196287989616e-04 -7.708781398832798004e-03 -1.999950885772705078e+00 0.000000000000000000e+00 1.000000000000000000e+01 8.191000000000000000e+03 0.000000000000000000e+00
7.900000095367431641e+00 -1.999983549118041992e+00 0.000000000000000000e+00 -9.996434673666954041e-04 -7.808745838701725006e-03 -1.999950885772705078e+00 0.000000000000000000e+00 1.000000000000000000e+01 8.191000000000000000e+03 0.000000000000000000e+00
8.000000000000000000e+00 -1.999990582466125488e+00 0.000000000000000000e+00 -9.996542939916253090e-04 -7.908711209893226624e-03 -1.999950885772705078e+00 0.000000000000000000e+00 1.000000000000000000e+01 8.191000000000000000e+03 0.000000000000000000e+00
8.100000381469726562e+00 -1.999993801116943359e+00 0.000000000000000000e+00 -9.996250737458467484e-04 -8.008673787117004395e-03 -1.999950885772705078e+00 0.000000000000000000e+00 1.000000000000000000e+01 8.191000000000000000e+03 0.000000000000000000e+00
8.199999809265136719e+00 -1.999992012977600098e+00 0.000000000000000000e+00 -9.996166918426752090e-04 -8.108635433018207550e-03 -1.999950885772705078e+00 0.000000000000000000e+00 1.000000000000000000e+01 8.191000000000000000e+03 0.000000000000000000e+00
8.300000190734863281e+00 -1.999985694885253906e+00 0.000000000000000000e+00 -9.996440494433045387e-04 -8.208599872887134552e-03 -1.999950885772705078e+00 0.000000000000000000e+00 1.000000000000000000e+01 8.191000000000000000e+03 0.000000000000000000e+00
8.400000572204589844e+00 -1.999988436698913574e+00 0.000000000000000000e+00 -9.996307780966162682e-04 -8.308563381433486938e-03 -1.999950885772705078e+00 0.000000000000000000e+00 1.000000000000000000e+01 8.191000000000000000e+03 0.000000000000000000e+00
8.500000000000000000e+00 -1.999987483024597168e+00 0.000000000000000000e+00 -9.996684966608881950e-04 -8.408529683947563171e-03 -1.999950885772705078e+00 0.000000000000000000e+00 1.000000000000000000e+01 8.191000000000000000e+03 0.000000000000000000e+00
8.600000381469726562e+00 -1.999986886978149414e+00 0.000000000000000000e+00 -9.997321758419275284e-04 -8.508503437042236328e-03 -1.999950885772705078e+00 0.000000000000000000e+00 1.000000000000000000e+01 8.191000000000000000e+03 0.000000000000000000e+00
8.699999809265136719e+00 -1.999976754188537598e+00 0.000000000000000000e+00 -9.996542939916253090e-04 -8.608468808233737946e-03 -1.999950885772705078e+00 0.000000000000000000e+00 1.000000000000000000e+01 8.191000000000000000e+03 0.000000000000000000e+00
8.800000190734863281e+00 -1.999986767768859863e+00 0.000000000000000000e+00 -9.996598819270730019e-04 -8.708434179425239563e-03 -1.999950885772705078e+00 0.000000000000000000e+00 1.000000000000000000e+01 8.191000000000000000e+03 0.000000000000000000e+00
8.900000572204589844e+00 -2.000001907348632812e+00 0.000000000000000000e+00 -9.996687294915318489e-04 -8.808401413261890411e-03 -1.999950885772705078e+00 0.000000000000000000e+00 1.000000000000000000e+01 8.191000000000000000e+03 0.000000000000000000e+00
9.000000000000000000e+00 -1.999998688697814941e+00 0.000000000000000000e+00 -9.996877051889896393e-04 -8.908370509743690491e-03 -1.999950885772705078e+00 0.000000000000000000e+00 1.000000000000000000e+01 8.191000000000000000e+03 0.000000000000000000e+00
9.100000381469726562e+00 -1.999990224838256836e+00 0.000000000000000000e+00 -9.996241424232721329e-04 -9.008332155644893646e-03 -1.999950885772705078e+00 0.000000000000000000e+00 1.000000000000000000e+01 8.191000000000000000e+03 0.000000000000000000e+00
9.199999809265136719e+00 -2.000000953674316406e+00 0.000000000000000000e+00 -9.996108710765838623e-04 -9.108293801546096802e-03 -1.999950885772705078e+00 0.000000000000000000e+00 1.000000000000000000e+01 8.191000000000000000e+03 0.000000000000000000e+00
9.300000190734863281e+00 -1.999995946884155273e+00 0.000000000000000000e+00 -9.996264707297086716e-04 -9.208256378769874573e-03 -1.999950885772705078e+00 0.000000000000000000e+00 1.000000000000000000e+01 8.191000000000000000e+03 0.000000000000000000e+00
9.400000572204589844e+00 -1.999987244606018066e+00 0.000000000000000000e+00 -9.996090084314346313e-04 -9.308217093348503113e-03 -1.999950885772705078e+00 0.000000000000000000e+00 1.000000000000000000e+01 8.191000000000000000e+03 0.000000000000000000e+00
9.500000000000000000e+00 -1.999984025955200195e+00 0.000000000000000000e+00 -9.996172739192843437e-04 -9.408178739249706268e-03 -1.999950885772705078e+00 0.000000000000000000e+00 1.000000000000000000e+01 8.191000000000000000e+03 0.000000000000000000e+00
9.600000381469726562e+00 -1.999985694885253906e+00 0.000000000000000000e+00 -9.996092412620782852e-04 -9.508139453828334808e-03 -1.999950885772705078e+00 0.000000000000000000e+00 1.000000000000000000e+01 8.191000000000000000e+03 0.000000000000000000e+00
9.699999809265136719e+00 -1.999980449676513672e+00 0.000000000000000000e+00 -9.995789732784032822e-04 -9.608097374439239502e-03 -1.999950885772705078e+00 0.000000000000000000e+00 1.000000000000000000e+01 8.191000000000000000e+03 0.000000000000000000e+00
9.800000190734863281e+00 -1.999986290931701660e+00 0.000000000000000000e+00 -9.996457956731319427e-04 -9.708062745630741119e-03 -1.999950885772705078e+00 0.000000000000000000e+00 1.000000000000000000e+01 8.191000000000000000e+03 0.000000000000000000e+00
9.900000572204589844e+00 -1.999989271163940430e+00 0.000000000000000000e+00 -9.996824664995074272e-04 -9.808030910789966583e-03 -1.999950885772705078e+00 0.000000000000000000e+00 1.000000000000000000e+01 8.191000000000000000e+03 0.000000000000000000e+00
1.000000000000000000e+01 -1.999993562698364258e+00 0.000000000000000000e+00 -9.996335720643401146e-04 -9.907993488013744354e-03 -1.999950885772705078e+00 0.000000000000000000e+00 1.000000000000000000e+01 8.191000000000000000e+03 0.000000000000000000e+00
1.010000038146972656e+01 -1.999987483024597168e+00 0.000000000000000000e+00 -9.996233275160193443e-04 -1.000795606523752213e-02 -1.999950885772705078e+00 0.000000000000000000e+00 1.000000000000000000e+01 8.191000000000000000e+03 0.000000000000000000e+00
1.019999980926513672e+01 -1.999990224838256836e+00 0.000000000000000000e+00 -9.996404405683279037e-04 -1.010792050510644913e-02 -1.999950885772705078e+00 0.000000000000000000e+00 1.000000000000000000e+01 8.191000000000000000e+03 0.000000000000000000e+00
1.030000019073486328e+01 -1.999982953071594238e+00 0.000000000000000000e+00 -9.995731525123119354e-04 -1.020787749439477921e-02 -1.999950885772705078e+00 0.000000000000000000e+00 1.000000000000000000e+01 8.191000000000000000e+03 0.000000000000000000e+00
1.040000057220458984e+01 -1.999998092651367188e+00 0.000000000000000000e+00 -9.996966691687703133e-04 -1.030784752219915390e-02 -1.999950885772705078e+00 0.000000000000000000e+00 1.000000000000000000e+01 8.191000000000000000e+03 0.000000000000000000e+00
1.050000000000000000e+01 -2.000007152557373047e+00 0.000000000000000000e+00 -9.997410234063863754e-04 -1.040782127529382706e-02 -1.999950885772705078e+00 0.000000000000000000e+00 1.000000000000000000e+01 8.191000000000000000e+03 0.000000000000000000e+00
1.060000038146972656e+01 -1.999999642372131348e+00 0.000000000000000000e+00 -9.996752487495541573e-04 -1.050778850913047791e-02 -1.999950885772705078e+00 0.000000000000000000e+00 1.000000000000000000e+01 8.191000000000000000e+03 0.000000000000000000e+00
1.069999980926513672e+01 -1.999992012977600098e+00 0.000000000000000000e+00 -9.996772278100252151e-04 -1.060775667428970337e-02 -1.999950885772705078e+00 0.000000000000000000e+00 1.000000000000000000e+01 8.191000000000000000e+03 0.000000000000000000e+00
1.080000019073486328e+01 -1.999989628791809082e+00 0.000000000000000000e+00 -9.996317094191908836e-04 -1.070772018283605576e-02 -1.999950885772705078e+00 0.000000000000000000e+00 1.000000000000000000e+01 8.191000000000000000e+03 0.000000000000000000e+00
1.090000057220458984e+01 -1.999995350837707520e+00 0.000000000000000000e+00 -9.996317094191908836e-04 -1.080768276005983353e-02 -1.999950885772705078e+00 0.000000000000000000e+00 1.000000000000000000e+01 8.191000000000000000e+03 0.000000000000000000e+00
1.100000000000000000e+01 -2.000008106231689453e+00 0.000000000000000000e+00 -9.996556909754872322e-04 -1.090764813125133514e-02 -1.999950885772705078e+00 0.000000000000000000e+00 1.000000000000000000e+01 8.191000000000000000e+03 0.000000000000000000e+00
1.110000038146972656e+01 -1.999998211860656738e+00 0.000000000000000000e+00 -9.996471926569938660e-04 -1.100761350244283676e-02 -1.999950885772705078e+00 0.000000000000000000e+00 1.000000000000000000e+01 8.191000000000000000e+03 0.000000000000000000e+00
1.119999980926513672e+01 -2.000000000000000000e+00 0.000000000000000000e+00 -9.996128501370549202e-04 -1.110757421702146530e-02 -1.999950885772705078e+00 0.000000000000000000e+00 1.000000000000000000e+01 8.191000000000000000e+03 0.000000000000000000e+00
1.130000019073486328e+01 -1.999994516372680664e+00 0.000000000000000000e+00 -9.995915461331605911e-04 -1.120753400027751923e-02 -1.999950885772705078e+00 0.000000000000000000e+00 1.000000000000000000e+01 8.191000000000000000e+03 0.000000000000000000e+00
1.140000057220458984e+01 -1.999985694885253906e+00 0.000000000000000000e+00 -9.996327571570873260e-04 -1.130749657750129700e-02 -1.999950885772705078e+00 0.000000000000000000e+00 1.000000000000000000e+01 8.191000000000000000e+03 0.000000000000000000e+00
1.150000000000000000e+01 -1.999987244606018066e+00 0.000000000000000000e+00 -9.996244916692376137e-04 -1.140745915472507477e-02 -1.999950885772705078e+00 0.000000000000000000e+00 1.000000000000000000e+01 8.191000000000000000e+03 0.000000000000000000e+00
1.160000038146972656e+01 -1.999984383583068848e+00 0.000000000000000000e+00 -9.995728032663464546e-04 -1.150741707533597946e-02 -1.999950885772705078e+00 0.000000000000000000e+00 1.000000000000000000e+01 8.191000000000000000e+03 0.000000000000000000e+00
1.169999980926513672e+01 -1.999980211257934570e+00 0.000000000000000000e+00 -9.996084263548254967e-04 -1.160737778991460800e-02 -1.999950885772705078e+00 0.000000000000000000e+00 1.000000000000000000e+01 8.191000000000000000e+03 0.000000000000000000e+00
1.180000019073486328e+01 -1.999982953071594238e+00 0.000000000000000000e+00 -9.996466105803847313e-04 -1.170734222978353500e-02 -1.999950885772705078e+00 0.000000000000000000e+00 1.000000000000000000e+01 8.191000000000000000e+03 0.000000000000000000e+00
1.190000057220458984e+01 -1.999991059303283691e+00 0.000000000000000000e+00 -9.996418375521898270e-04 -1.180730666965246201e-02 -1.999950885772705078e+00 0.000000000000000000e+00 1.000000000000000000e+01 8.191000000000000000e+03 0.000000000000000000e+00
1.200000000000000000e+01 -1.999992728233337402e+00 0.000000000000000000e+00 -9.996494045481085777e-04 -1.190727110952138901e-02 -1.999950885772705078e+00 0.000000000000000000e+00 1.000000000000000000e+01 8.191000000000000000e+03 0.000000000000000000e+00
1.210000038146972656e+01 -1.999998211860656738e+00 0.000000000000000000e+00 -9.996698936447501183e-04 -1.200723834335803986e-02 -1.999950885772705078e+00 0.000000000000000000e+00 1.000000000000000000e+01 8.191000000000000000e+03 0.000000000000000000e+00
1.219999980926513672e+01 -1.999997854232788086e+00 0.000000000000000000e+00 -9.996792068704962730e-04 -1.210720650851726532e-02 -1.999950885772705078e+00 0.000000000000000000e+00 1.000000000000000000e+01 8.191000000000000000e+03 0.000000000000000000e+00
1.230000019073486328e+01 -1.999972462654113770e+00 0.000000000000000000e+00 -9.995661675930023193e-04 -1.220716256648302078e-02 -1.999950885772705078e+00 0.000000000000000000e+00 1.000000000000000000e+01 8.191000000000000000e+03 0.000000000000000000e+00
1.240000057220458984e+01 -1.999988913536071777e+00 0.000000000000000000e+00 -9.996184380725026131e-04 -1.230712514370679855e-02 -1.999950885772705078e+00 0.000000000000000000e+00 1.000000000000000000e+01 8.191000000000000000e+03 0.000000000000000000e+00
1.250000000000000000e+01 -1.999988317489624023e+00 0.000000000000000000e+00 -9.996354347094893456e-04 -1.240708865225315094e-02 -1.999950885772705078e+00 0.000000000000000000e+00 1.000000000000000000e+01 8.191000000000000000e+03 0.000000000000000000e+00
1.260000038146972656e+01 -1.999991059303283691e+00 0.000000000000000000e+00 -9.996752487495541573e-04 -1.250705588608980179e-02 -1.999950885772705078e+00 0.000000000000000000e+00 1.000000000000000000e+01 8.191000000000000000e+03 0.000000000000000000e+00
1.269999980926513672e+01 -1.999985933303833008e+00 0.000000000000000000e+00 -9.996655862778425217e-04 -1.260702218860387802e-02 -1.999950885772705078e+00 0.000000000000000000e+00 1.000000000000000000e+01 8.191000000000000000e+03 0.000000000000000000e+00
1.280000019073486328e+01 -1.999977111816406250e+00 0.000000000000000000e+00 -9.996646549552679062e-04 -1.270698849111795425e-02 -1.999950885772705078e+00 0.000000000000000000e+00 1.000000000000000000e+01 8.191000000000000000e+03 0.000000000000000000e+00
1.290000057220458984e+01 -1.999994277954101562e+00 0.000000000000000000e+00 -9.996847948059439659e-04 -1.280695758759975433e-02 -1.999950885772705078e+00 0.000000000000000000e+00 1.000000000000000000e+01 8.191000000000000000e+03 0.000000000000000000e+00
1.300000000000000000e+01 -1.999991178512573242e+00 0.000000000000000000e+00 -9.996005101129412651e-04 -1.290691737085580826e-02 -1.999950885772705078e+00 0.000000000000000000e+00 1.000000000000000000e+01 8.191000000000000000e+03 0.000000000000000000e+00
1.310000038146972656e+01 -1.999995470046997070e+00 0.000000000000000000e+00 -9.996562730520963669e-04 -1.300688274204730988e-02 -1.999950885772705078e+00 0.000000000000000000e+00 1.000000000000000000e+01 8.191000000000000000e+03 0.000000000000000000e+00
1.319999980926513672e+01 -1.999986767768859863e+00 0.000000000000000000e+00 -9.996453300118446350e-04 -1.310684718191623688e-02 -1.999950885772705078e+00 0.000000000000000000e+00 1.000000000000000000e+01 8.191000000000000000e+03 0.000000000000000000e+00
1.330000019073486328e+01 -1.999988436698913574e+00 0.000000000000000000e+00 -9.996752487495541573e-04 -1.320681534707546234e-02 -1.999950885772705078e+00 0.000000000000000000e+00 1.000000000000000000e+01 8.191000000000000000e+03 0.000000000000000000e+00
1.340000057220458984e+01 -1.999987244606018066e+00 0.000000000000000000e+00 -9.996090084314346313e-04 -1.330677606165409088e-02 -1.999950885772705078e+00 0.000000000000000000e+00 1.000000000000000000e+01 8.191000000000000000e+03 0.000000000000000000e+00
1.350000000000000000e+01 -1.999988913536071777e+00 0.000000000000000000e+00 -9.996914304792881012e-04 -1.340674515813589096e-02 -1.999950885772705078e+00 0.000000000000000000e+00 1.000000000000000000e+01 8.191000000000000000e+03 0.000000000000000000e+00
1.360000038146972656e+01 -1.999982237815856934e+00 0.000000000000000000e+00 -9.996800217777490616e-04 -1.350671332329511642e-02 -1.999950885772705078e+00 0.000000000000000000e+00 1.000000000000000000e+01 8.191000000000000000e+03 0.000000000000000000e+00
1.369999980926513672e+01 -1.999989271163940430e+00 0.000000000000000000e+00 -9.996172739192843437e-04 -1.360667496919631958e-02 -1.999950885772705078e+00 0.000000000000000000e+00 1.000000000000000000e+01 8.191000000000000000e+03 0.000000000000000000e+00
1.380000019073486328e+01 -2.000000476837158203e+00 0.000000000000000000e+00 -9.996655862778425217e-04 -1.370664127171039581e-02 -1.999950885772705078e+00 0.000000000000000000e+00 1.000000000000000000e+01 8.191000000000000000e+03 0.000000000000000000e+00
1.390000057220458984e+01 -1.999997019767761230e+00 0.000000000000000000e+00 -9.996800217777490616e-04 -1.380660943686962128e-02 -1.999950885772705078e+00 0.000000000000000000e+00 1.000000000000000000e+01 8.191000000000000000e+03 0.000000000000000000e+00
1.400000000000000000e+01 -1.999990224838256836e+00 0.000000000000000000e+00 -9.996009757742285728e-04 -1.390656922012567520e-02 -1.999950885772705078e+00 0.000000000000000000e+00 1.000000000000000000e+01 8.191000000000000000e+03 0.000000000000000000e+00
1.410000038146972656e+01 -1.999987244606018066e+00 0.000000000000000000e+00 -9.996488224714994431e-04 -1.400653459131717682e-02 -1.999950885772705078e+00 0.000000000000000000e+00 1.000000000000000000e+01 8.191000000000000000e+03 0.000000000000000000e+00
1.419999980926513672e+01 -1.999979496002197266e+00 0.000000000000000000e+00 -9.995852597057819366e-04 -1.410649251192808151e-02 -1.999950885772705078e+00 0.000000000000000000e+00 1.000000000000000000e+01 8.191000000000000000e+03 0.000000000000000000e+00
1.430000019073486328e+01 -1.999985933303833008e+00 0.000000000000000000e+00 -9.997126180678606033e-04 -1.420646440237760544e-02 -1.999950885772705078e+00 0.000000000000000000e+00 1.000000000000000000e+01 8.191000000000000000e+03 0.000000000000000000e+00
1.440000057220458984e+01 -1.999985694885253906e+00 0.000000000000000000e+00 -9.996524313464760780e-04 -1.430642977356910706e-02 -1.999950885772705078e+00 0.000000000000000000e+00 1.000000000000000000e+01 8.191000000000000000e+03 0.000000000000000000e+00
1.450000000000000000e+01 -1.999989867210388184e+00 0.000000000000000000e+00 -9.995844447985291481e-04 -1.440638769418001175e-02 -1.999950885772705078e+00 0.000000000000000000e+00 1.000000000000000000e+01 8.191000000000000000e+03 0.000000000000000000e+00
1.460000038146972656e+01 -2.000000476837158203e+00 0.000000000000000000e+00 -9.995818836614489555e-04 -1.450634561479091644e-02 -1.999950885772705078e+00 0.000000000000000000e+00 1.000000000000000000e+01 8.191000000000000000e+03 0.000000000000000000e+00
1.469999980926513672e+01 -1.999981880187988281e+00 0.000000000000000000e+00 -9.996006265282630920e-04 -1.460630632936954498e-02 -1.999950885772705078e+00 0.000000000000000000e+00 1.000000000000000000e+01 8.191000000000000000e+03 0.000000000000000000e+00
1.480000019073486328e+01 -1.999985575675964355e+00 0.000000000000000000e+00 -9.995871223509311676e-04 -1.470626518130302429e-02 -1.999950885772705078e+00 0.000000000000000000e+00 1.000000000000000000e+01 8.191000000000000000e+03 0.000000000000000000e+00
1.490000057220458984e+01 -1.999980092048645020e+00 0.000000000000000000e+00 -9.995832806453108788e-04 -1.480622310191392899e-02 -1.999950885772705078e+00 0.000000000000000000e+00 1.000000000000000000e+01 8.191000000000000000e+03 0.000000000000000000e+00
1.500000000000000000e+01 -1.999973297119140625e+00 0.000000000000000000e+00 -9.995629079639911652e-04 -1.490617915987968445e-02 -1.999950885772705078e+00 0.000000000000000000e+00 1.000000000000000000e+01 8.191000000000000000e+03 0.000000000000000000e+00
1.510000038146972656e+01 -1.999968528747558594e+00 0.000000000000000000e+00 -9.995860746130347252e-04 -1.500613801181316376e-02 -1.999950885772705078e+00 0.000000000000000000e+00 1.000000000000000000e+01 8.191000000000000000e+03 0.000000000000000000e+00
1.519999980926513672e+01 -1.999982237815856934e+00 0.000000000000000000e+00 -9.995929431170225143e-04 -1.510609779506921768e-02 -1.999950885772705078e+00 0.000000000000000000e+00 1.000000000000000000e+01 8.191000000000000000e+03 0.000000000000000000e+00
1.530000019073486328e+01 -1.999981641769409180e+00 0.000000000000000000e+00 -9.995977161452174187e-04 -1.520605664700269699e-02 -1.999950885772705078e+00 0.000000000000000000e+00 1.000000000000000000e+01 8.191000000000000000e+03 0.000000000000000000e+00
1.540000057220458984e+01 -1.999989867210388184e+00 0.000000000000000000e+00 -9.996390435844659805e-04 -1.530602108687162399e-02 -1.999950885772705078e+00 0.000000000000000000e+00 1.000000000000000000e+01 8.191000000000000000e+03 0.000000000000000000e+00
1.550000000000000000e+01 -1.999990582466125488e+00 0.000000000000000000e+00 -9.995924774557352066e-04 -1.540597993880510330e-02 -1.999950885772705078e+00 0.000000000000000000e+00 1.000000000000000000e+01 8.191000000000000000e+03 0.000000000000000000e+00
1.560000038146972656e+01 -1.999987125396728516e+00 0.000000000000000000e+00 -9.995836298912763596e-04 -1.550593879073858261e-02 -1.999950885772705078e+00 0.000000000000000000e+00 1.000000000000000000e+01 8.191000000000000000e+03 0.000000000000000000e+00
1.569999980926513672e+01 -1.999989509582519531e+00 0.000000000000000000e+00 -9.996225126087665558e-04 -1.560590043663978577e-02 -1.999950885772705078e+00 0.000000000000000000e+00 1.000000000000000000e+01 8.191000000000000000e+03 0.000000000000000000e+00
1.580000019073486328e+01 -1.999985575675964355e+00 0.000000000000000000e+00 -9.995786240324378014e-04 -1.570585928857326508e-02 -1.999950885772705078e+00 0.000000000000000000e+00 1.000000000000000000e+01 8.191000000000000000e+03 0.000000000000000000e+00
1.590000057220458984e+01 -1.999996066093444824e+00 0.000000000000000000e+00 -9.995697764679789543e-04 -1.580581627786159515e-02 -1.999950885772705078e+00 0.000000000000000000e+00 1.000000000000000000e+01 8.191000000000000000e+03 0.000000000000000000e+00
1.600000000000000000e+01 -1.999988913536071777e+00 0.000000000000000000e+00 -9.995355503633618355e-04 -1.590576954185962677e-02 -1.999950885772705078e+00 0.000000000000000000e+00 1.000000000000000000e+01 8.191000000000000000e+03 0.000000000000000000e+00
1.610000038146972656e+01 -1.999983549118041992e+00 0.000000000000000000e+00 -9.995589498430490494e-04 -1.600572466850280762e-02 -1.999950885772705078e+00 0.000000000000000000e+00 1.000000000000000000e+01 8.191000000000000000e+03 0.000000000000000000e+00
1.620000076293945312e+01 -1.999991774559020996e+00 0.000000000000000000e+00 -9.995760628953576088e-04 -1.610568352043628693e-02 -1.999950885772705078e+00 0.000000000000000000e+00 1.000000000000000000e+01 8.191000000000000000e+03 0.000000000000000000e+00
1.630000114440917969e+01 -1.999998807907104492e+00 0.000000000000000000e+00 -9.996206499636173248e-04 -1.620564423501491547e-02 -1.999950885772705078e+00 0.000000000000000000e+00 1.000000000000000000e+01 8.191000000000000000e+03 0.000000000000000000e+00
1.639999961853027344e+01 -1.999991655349731445e+00 0.000000000000000000e+00 -9.995576692745089531e-04 -1.630560122430324554e-02 -1.999950885772705078e+00 0.000000000000000000e+00 1.000000000000000000e+01 8.191000000000000000e+03 0.000000000000000000e+00
1.650000000000000000e+01 -1.999991774559020996e+00 0.000000000000000000e+00 -9.996098233386874199e-04 -1.640556193888187408e-02 -1.999950885772705078e+00 0.000000000000000000e+00 1.000000000000000000e+01 8.191000000000000000e+03 0.000000000000000000e+00
1.660000038146972656e+01 -1.999998092651367188e+00 0.000000000000000000e+00 -9.996064472943544388e-04 -1.650552265346050262e-02 -1.999950885772705078e+00 0.000000000000000000e+00 1.000000000000000000e+01 8.191000000000000000e+03 0.000000000000000000e+00
1.670000076293945312e+01 -2.000001192092895508e+00 0.000000000000000000e+00 -9.995852597057819366e-04 -1.660548150539398193e-02 -1.999950885772705078e+00 0.000000000000000000e+00 1.000000000000000000e+01 8.191000000000000000e+03 0.000000000000000000e+00
1.680000114440917969e+01 -1.999993801116943359e+00 0.000000000000000000e+00 -9.996023727580904961e-04 -1.670544035732746124e-02 -1.999950885772705078e+00 0.000000000000000000e+00 1.000000000000000000e+01 8.191000000000000000e+03 0.000000000000000000e+00
1.689999961853027344e+01 -1.999994516372680664e+00 0.000000000000000000e+00 -9.996172739192843437e-04 -1.680540293455123901e-02 -1.999950885772705078e+00 0.000000000000000000e+00 1.000000000000000000e+01 8.191000000000000000e+03 0.000000000000000000e+00
1.700000000000000000e+01 -1.999985933303833008e+00 0.000000000000000000e+00 -9.996739681810140610e-04 -1.690536923706531525e-02 -1.999950885772705078e+00 0.000000000000000000e+00 1.000000000000000000e+01 8.191000000000000000e+03 0.000000000000000000e+00
1.710000038146972656e+01 -1.999986529350280762e+00 0.000000000000000000e+00 -9.996758308261632919e-04 -1.700533740222454071e-02 -1.999950885772705078e+00 0.000000000000000000e+00 1.000000000000000000e+01 8.191000000000000000e+03 0.000000000000000000e+00
1.720000076293945312e+01 -1.999983429908752441e+00 0.000000000000000000e+00 -9.995877044275403023e-04 -1.710529625415802002e-02 -1.999950885772705078e+00 0.000000000000000000e+00 1.000000000000000000e+01 8.191000000000000000e+03 0.000000000000000000e+00
1.730000114440917969e+01 -1.999987483024597168e+00 0.000000000000000000e+00 -9.995871223509311676e-04 -1.720525510609149933e-02 -1.999950885772705078e+00 0.000000000000000000e+00 1.000000000000000000e+01 8.191000000000000000e+03 0.000000000000000000e+00
1.739999961853027344e+01 -1.999988675117492676e+00 0.000000000000000000e+00 -9.996199514716863632e-04 -1.730521768331527710e-02 -1.999950885772705078e+00 0.000000000000000000e+00 1.000000000000000000e+01 8.191000000000000000e+03 0.000000000000000000e+00
1.750000000000000000e+01 -1.999996423721313477e+00 0.000000000000000000e+00 -9.995424188673496246e-04 -1.740517094731330872e-02 -1.999950885772705078e+00 0.000000000000000000e+00 1.000000000000000000e+01 8.191000000000000000e+03 0.000000000000000000e+00
1.760000038146972656e+01 -2.000000238418579102e+00 0.000000000000000000e+00 -9.995982982218265533e-04 -1.750513166189193726e-02 -1.999950885772705078e+00 0.000000000000000000e+00 1.000000000000000000e+01 8.191000000000000000e+03 0.000000000000000000e+00
1.770000076293945312e+01 -2.000001907348632812e+00 0.000000000000000000e+00 -9.995965519919991493e-04 -1.760509051382541656e-02 -1.999950885772705078e+00 0.000000000000000000e+00 1.000000000000000000e+01 8.191000000000000000e+03 0.000000000000000000e+00
1.780000114440917969e+01 -1.999999165534973145e+00 0.000000000000000000e+00 -9.996393928304314613e-04 -1.770505495369434357e-02 -1.999950885772705078e+00 0.000000000000000000e+00 1.000000000000000000e+01 8.191000000000000000e+03 0.000000000000000000e+00
1.789999961853027344e+01 -1.999992609024047852e+00 0.000000000000000000e+00 -9.996092412620782852e-04 -1.780501566827297211e-02 -1.999950885772705078e+00 0.000000000000000000e+00 1.000000000000000000e+01 8.191000000000000000e+03 0.000000000000000000e+00
1.800000000000000000e+01 -1.999994874000549316e+00 0.000000000000000000e+00 -9.996382286772131920e-04 -1.790498010814189911e-02 -1.999950885772705078e+00 0.000000000000000000e+00 1.000000000000000000e+01 8.191000000000000000e+03 0.000000000000000000e+00
1.810000038146972656e+01 -1.999983549118041992e+00 0.000000000000000000e+00 -9.995700092986226082e-04 -1.800493709743022919e-02 -1.999950885772705078e+00 0.000000000000000000e+00 1.000000000000000000e+01 8.191000000000000000e+03 0.000000000000000000e+00
1.820000076293945312e+01 -1.999995350837707520e+00 0.000000000000000000e+00 -9.996040025725960732e-04 -1.810489781200885773e-02 -1.999950885772705078e+00 0.000000000000000000e+00 1.000000000000000000e+01 8.191000000000000000e+03 0.000000000000000000e+00
1.830000114440917969e+01 -1.999994277954101562e+00 0.000000000000000000e+00 -9.996023727580904961e-04 -1.820485666394233704e-02 -1.999950885772705078e+00 0.000000000000000000e+00 1.000000000000000000e+01 8.191000000000000000e+03 0.000000000000000000e+00
1.839999961853027344e+01 -2.000011920928955078e+00 0.000000000000000000e+00 -9.996321750804781914e-04 -1.830482110381126404e-02 -1.999950885772705078e+00 0.000000000000000000e+00 1.000000000000000000e+01 8.191000000000000000e+03 0.000000000000000000e+00
1.850000000000000000e+01 -2.000002622604370117e+00 0.000000000000000000e+00 -9.995615109801292419e-04 -1.840477623045444489e-02 -1.999950885772705078e+00 0.000000000000000000e+00 1.000000000000000000e+01 8.191000000000000000e+03 0.000000000000000000e+00
1.860000038146972656e+01 -1.999994754791259766e+00 0.000000000000000000e+00 -9.995913133025169373e-04 -1.850473508238792419e-02 -1.999950885772705078e+00 0.000000000000000000e+00 1.000000000000000000e+01 8.191000000000000000e+03 0.000000000000000000e+00
1.870000076293945312e+01 -1.999981045722961426e+00 0.000000000000000000e+00 -9.995796717703342438e-04 -1.860469393432140350e-02 -1.999950885772705078e+00 0.000000000000000000e+00 1.000000000000000000e+01 8.191000000000000000e+03 0.000000000000000000e+00
1.880000114440917969e+01 -1.999977350234985352e+00 0.000000000000000000e+00 -9.995524305850267410e-04 -1.870464906096458435e-02 -1.999950885772705078e+00 0.000000000000000000e+00 1.000000000000000000e+01 8.191000000000000000e+03 0.000000000000000000e+00
1.889999961853027344e+01 -1.999970078468322754e+00 0.000000000000000000e+00 -9.995190193876624107e-04 -1.880460046231746674e-02 -1.999950885772705078e+00 0.000000000000000000e+00 1.000000000000000000e+01 8.191000000000000000e+03 0.000000000000000000e+00
1.900000000000000000e+01 -1.999982953071594238e+00 0.000000000000000000e+00 -9.996057488024234772e-04 -1.890456117689609528e-02 -1.999950885772705078e+00 0.000000000000000000e+00 1.000000000000000000e+01 8.191000000000000000e+03 0.000000000000000000e+00
1.910000038146972656e+01 -1.999984383583068848e+00 0.000000000000000000e+00 -9.996412554755806923e-04 -1.900452561676502228e-02 -1.999950885772705078e+00 0.000000000000000000e+00 1.000000000000000000e+01 8.191000000000000000e+03 0.000000000000000000e+00
1.920000076293945312e+01 -1.999993324279785156e+00 0.000000000000000000e+00 -9.996694279834628105e-04 -1.910449191927909851e-02 -1.999950885772705078e+00 0.000000000000000000e+00 1.000000000000000000e+01 8.191000000000000000e+03 0.000000000000000000e+00
1.930000114440917969e+01 -1.999978899955749512e+00 0.000000000000000000e+00 -9.996029548346996307e-04 -1.920445263385772705e-02 -1.999950885772705078e+00 0.000000000000000000e+00 1.000000000000000000e+01 8.191000000000000000e+03 0.000000000000000000e+00
1.939999961853027344e+01 -1.999982953071594238e+00 0.000000000000000000e+00 -9.996327571570873260e-04 -1.930441521108150482e-02 -1.999950885772705078e+00 0.000000000000000000e+00 1.000000000000000000e+01 8.191000000000000000e+03 0.000000000000000000e+00
1.950000000000000000e+01 -1.999992728233337402e+00 0.000000000000000000e+00 -9.996338048949837685e-04 -1.940437965095043182e-02 -1.999950885772705078e+00 0.000000000000000000e+00 1.000000000000000000e+01 8.191000000000000000e+03 0.000000000000000000e+00
1.960000038146972656e+01 -1.999984979629516602e+00 0.000000000000000000e+00 -9.996078442782163620e-04 -1.950434036552906036e-02 -1.999950885772705078e+00 0.000000000000000000e+00 1.000000000000000000e+01 8.191000000000000000e+03 0.000000000000000000e+00
1.970000076293945312e+01 -2.000003337860107422e+00 0.000000000000000000e+00 -9.996063308790326118e-04 -1.960430108010768890e-02 -1.999950885772705078e+00 0.000000000000000000e+00 1.000000000000000000e+01 8.191000000000000000e+03 0.000000000000000000e+00
1.980000114440917969e+01 -2.000005006790161133e+00 0.000000000000000000e+00 -9.996106382459402084e-04 -1.970426179468631744e-02 -1.999950885772705078e+00 0.000000000000000000e+00 1.000000000000000000e+01 8.191000000000000000e+03 0.000000000000000000e+00
1.989999961853027344e+01 -1.999987721443176270e+00 0.000000000000000000e+00 -9.995998116210103035e-04 -1.980422250926494598e-02 -1.999950885772705078e+00 0.000000000000000000e+00 1.000000000000000000e+01 8.191000000000000000e+03 0.000000000000000000e+00
2.000000000000000000e+01 -1.999991774559020996e+00 0.000000000000000000e+00 -9.996031876653432846e-04 -1.990418322384357452e-02 -1.999950885772705078e+00 0.000000000000000000e+00 1.000000000000000000e+01 8.191000000000000000e+03 0.000000000000000000e+00
2.010000038146972656e+01 -1.999982476234436035e+00 0.000000000000000000e+00 -9.995920117944478989e-04 -2.000414207577705383e-02 -1.999950885772705078e+00 0.000000000000000000e+00 1.000000000000000000e+01 8.191000000000000000e+03 0.000000000000000000e+00
2.020000076293945312e+01 -1.999986290931701660e+00 0.000000000000000000e+00 -9.996368316933512688e-04 -2.010410465300083160e-02 -1.999950885772705078e+00 0.000000000000000000e+00 1.000000000000000000e+01 8.191000000000000000e+03 0.000000000000000000e+00
2.030000114440917969e+01 -1.999990224838256836e+00 0.000000000000000000e+00 -9.996765293180942535e-04 -2.020407281816005707e-02 -1.999950885772705078e+00 0.000000000000000000e+00 1.000000000000000000e+01 8.191000000000000000e+03 0.000000000000000000e+00
2.039999961853027344e+01 -2.000008821487426758e+00 0.000000000000000000e+00 -9.997142478823661804e-04 -2.030404470860958099e-02 -1.999950885772705078e+00 0.000000000000000000e+00 1.000000000000000000e+01 8.191000000000000000e+03 0.000000000000000000e+00
2.050000000000000000e+01 -2.000012159347534180e+00 0.000000000000000000e+00 -9.996620938181877136e-04 -2.040401101112365723e-02 -1.999950885772705078e+00 0.000000000000000000e+00 1.000000000000000000e+01 8.191000000000000000e+03 0.000000000000000000e+00
2.060000038146972656e+01 -1.999992012977600098e+00 0.000000000000000000e+00 -9.996532462537288666e-04 -2.050397545099258423e-02 -1.999950885772705078e+00 0.000000000000000000e+00 1.000000000000000000e+01 8.191000000000000000e+03 0.000000000000000000e+00
2.070000076293945312e+01 -1.999999642372131348e+00 0.000000000000000000e+00 -9.996717562898993492e-04 -2.060394361615180969e-02 -1.999950885772705078e+00 0.000000000000000000e+00 1.000000000000000000e+01 8.191000000000000000e+03 0.000000000000000000e+00
2.080000114440917969e+01 -1.999997615814208984e+00 0.000000000000000000e+00 -9.996274020522832870e-04 -2.070390619337558746e-02 -1.999950885772705078e+00 0.000000000000000000e+00 1.000000000000000000e+01 8.191000000000000000e+03 0.000000000000000000e+00
2.089999961853027344e+01 -1.999987840652465820e+00 0.000000000000000000e+00 -9.996480075642466545e-04 -2.080387063324451447e-02 -1.999950885772705078e+00 0.000000000000000000e+00 1.000000000000000000e+01 8.191000000000000000e+03 0.000000000000000000e+00
2.100000000000000000e+01 -1.999997615814208984e+00 0.000000000000000000e+00 -9.995549917221069336e-04 -2.090382575988769531e-02 -1.999950885772705078e+00 0.000000000000000000e+00 1.000000000000000000e+01 8.191000000000000000e+03 0.000000000000000000e+00
2.110000038146972656e+01 -2.000000476837158203e+00 0.000000000000000000e+00 -9.996092412620782852e-04 -2.100378647446632385e-02 -1.999950885772705078e+00 0.000000000000000000e+00 1.000000000000000000e+01 8.191000000000000000e+03 0.000000000000000000e+00
2.120000076293945312e+01 -1.999993205070495605e+00 0.000000000000000000e+00 -9.996126173064112663e-04 -2.110374905169010162e-02 -1.999950885772705078e+00 0.000000000000000000e+00 1.000000000000000000e+01 8.191000000000000000e+03 0.000000000000000000e+00
2.130000114440917969e+01 -1.999992966651916504e+00 0.000000000000000000e+00 -9.995679138228297234e-04 -2.120370417833328247e-02 -1.999950885772705078e+00 0.000000000000000000e+00 1.000000000000000000e+01 8.191000000000000000e+03 0.000000000000000000e+00
2.139999961853027344e+01 -1.999992012977600098e+00 0.000000000000000000e+00 -9.996150620281696320e-04 -2.130366675555706024e-02 -1.999950885772705078e+00 0.000000000000000000e+00 1.000000000000000000e+01 8.191000000000000000e+03 0.000000000000000000e+00
2.150000000000000000e+01 -1.999994277954101562e+00 0.000000000000000000e+00 -9.995973668992519379e-04 -2.140362560749053955e-02 -1.999950885772705078e+00 0.000000000000000000e+00 1.000000000000000000e+01 8.191000000000000000e+03 0.000000000000000000e+00
2.160000038146972656e+01 -1.999987721443176270e+00 0.000000000000000000e+00 -9.995836298912763596e-04 -2.150358445942401886e-02 -1.999950885772705078e+00 0.000000000000000000e+00 1.000000000000000000e+01 8.191000000000000000e+03 0.000000000000000000e+00
2.170000076293945312e+01 -1.999995708465576172e+00 0.000000000000000000e+00 -9.996086591854691505e-04 -2.160354517400264740e-02 -1.999950885772705078e+00 0.000000000000000000e+00 1.000000000000000000e+01 8.191000000000000000e+03 0.000000000000000000e+00
2.180000114440917969e+01 -2.000002384185791016e+00 0.000000000000000000e+00 -9.995675645768642426e-04 -2.170350216329097748e-02 -1.999950885772705078e+00 0.000000000000000000e+00 1.000000000000000000e+01 8.191000000000000000e+03 0.000000000000000000e+00
2.189999961853027344e+01 -1.999990582466125488e+00 0.000000000000000000e+00 -9.995971340686082840e-04 -2.180346287786960602e-02 -1.999950885772705078e+00 0.000000000000000000e+00 1.000000000000000000e+01 8.191000000000000000e+03 0.000000000000000000e+00
2.200000000000000000e+01 -2.000001430511474609e+00 0.000000000000000000e+00 -9.996494045481085777e-04 -2.190342731773853302e-02 -1.999950885772705078e+00 0.000000000000000000e+00 1.000000000000000000e+01 8.191000000000000000e+03 0.000000000000000000e+00
2.210000038146972656e+01 -1.999987721443176270e+00 0.000000000000000000e+00 -9.996750159189105034e-04 -2.200339362025260925e-02 -1.999950885772705078e+00 0.000000000000000000e+00 1.000000000000000000e+01 8.191000000000000000e+03 0.000000000000000000e+00
2.220000076293945312e+01 -1.999984622001647949e+00 0.000000000000000000e+00 -9.996283333748579025e-04 -2.210335806012153625e-02 -1.999950885772705078e+00 0.000000000000000000e+00 1.000000000000000000e+01 8.191000000000000000e+03 0.000000000000000000e+00
2.230000114440917969e+01 -1.999987840652465820e+00 0.000000000000000000e+00 -9.996285662055015564e-04 -2.220332063734531403e-02 -1.999950885772705078e+00 0.000000000000000000e+00 1.000000000000000000e+01 8.191000000000000000e+03 0.000000000000000000e+00
2.239999961853027344e+01 -1.999980449676513672e+00 0.000000000000000000e+00 -9.996148291975259781e-04 -2.230328135192394257e-02 -1.999950885772705078e+00 0.000000000000000000e+00 1.000000000000000000e+01 8.191000000000000000e+03 0.000000000000000000e+00
2.250000000000000000e+01 -1.999982953071594238e+00 0.000000000000000000e+00 -9.995907312259078026e-04 -2.240324020385742188e-02 -1.999950885772705078e+00 0.000000000000000000e+00 1.000000000000000000e+01 8.191000000000000000e+03 0.000000000000000000e+00
2.260000038146972656e+01 -1.999992966651916504e+00 0.000000000000000000e+00 -9.995979489758610725e-04 -2.250320091843605042e-02 -1.999950885772705078e+00 0.000000000000000000e+00 1.000000000000000000e+01 8.191000000000000000e+03 0.000000000000000000e+00
2.270000076293945312e+01 -1.999991059303283691e+00 0.000000000000000000e+00 -9.996534790843725204e-04 -2.260316535830497742e-02 -1.999950885772705078e+00 0.000000000000000000e+00 1.000000000000000000e+01 8.191000000000000000e+03 0.000000000000000000e+00
2.280000114440917969e+01 -1.999993920326232910e+00 0.000000000000000000e+00 -9.995880536735057831e-04 -2.270312421023845673e-02 -1.999950885772705078e+00 0.000000000000000000e+00 1.000000000000000000e+01 8.191000000000000000e+03 0.000000000000000000e+00
2.289999961853027344e+01 -1.999994874000549316e+00 0.000000000000000000e+00 -9.995790896937251091e-04 -2.280308306217193604e-02 -1.999950885772705078e+00 0.000000000000000000e+00 1.000000000000000000e+01 8.191000000000000000e+03 0.000000000000000000e+00
2.300000000000000000e+01 -1.999999642372131348e+00 0.000000000000000000e+00 -9.996114531531929970e-04 -2.290304377675056458e-02 -1.999950885772705078e+00 0.000000000000000000e+00 1.000000000000000000e+01 8.191000000000000000e+03 0.000000000000000000e+00
2.310000038146972656e+01 -1.999997019767761230e+00 0.000000000000000000e+00 -9.995893342420458794e-04 -2.300300262868404388e-02 -1.999950885772705078e+00 0.000000000000000000e+00 1.000000000000000000e+01 8.191000000000000000e+03 0.000000000000000000e+00
2.320000076293945312e+01 -2.000000000000000000e+00 0.000000000000000000e+00 -9.996324079111218452e-04 -2.310296520590782166e-02 -1.999950885772705078e+00 0.000000000000000000e+00 1.000000000000000000e+01 8.191000000000000000e+03 0.000000000000000000e+00
2.330000114440917969e+01 -1.999977588653564453e+00 0.000000000000000000e+00 -9.996532462537288666e-04 -2.320293150842189789e-02 -1.999950885772705078e+00 0.000000000000000000e+00 1.000000000000000000e+01 8.191000000000000000e+03 0.000000000000000000e+00
2.339999961853027344e+01 -1.999977707862854004e+00 0.000000000000000000e+00 -9.995996952056884766e-04 -2.330289036035537720e-02 -1.999950885772705078e+00 0.000000000000000000e+00 1.000000000000000000e+01 8.191000000000000000e+03 0.000000000000000000e+00
2.350000000000000000e+01 -1.999979257583618164e+00 0.000000000000000000e+00 -9.996203007176518440e-04 -2.340285293757915497e-02 -1.999950885772705078e+00 0.000000000000000000e+00 1.000000000000000000e+01 8.191000000000000000e+03 0.000000000000000000e+00
2.360000038146972656e+01 -1.999988913536071777e+00 0.000000000000000000e+00 -9.996346198022365570e-04 -2.350281737744808197e-02 -1.999950885772705078e+00 0.000000000000000000e+00 1.000000000000000000e+01 8.191000000000000000e+03 0.000000000000000000e+00
2.370000076293945312e+01 -1.999984979629516602e+00 0.000000000000000000e+00 -9.996206499636173248e-04 -2.360277809202671051e-02 -1.999950885772705078e+00 0.000000000000000000e+00 1.000000000000000000e+01 8.191000000000000000e+03 0.000000000000000000e+00
2.380000114440917969e+01 -1.999978899955749512e+00 0.000000000000000000e+00 -9.996352018788456917e-04 -2.370274253189563751e-02 -1.999950885772705078e+00 0.000000000000000000e+00 1.000000000000000000e+01 8.191000000000000000e+03 0.000000000000000000e+00
2.389999961853027344e+01 -1.999982833862304688e+00 0.000000000000000000e+00 -9.996747830882668495e-04 -2.380270883440971375e-02 -1.999950885772705078e+00 0.000000000000000000e+00 1.000000000000000000e+01 8.191000000000000000e+03 0.000000000000000000e+00
2.400000000000000000e+01 -1.999992609024047852e+00 0.000000000000000000e+00 -9.996719891205430031e-04 -2.390267699956893921e-02 -1.999950885772705078e+00 0.000000000000000000e+00 1.000000000000000000e+01 8.191000000000000000e+03 0.000000000000000000e+00
2.410000038146972656e+01 -2.000000476837158203e+00 0.000000000000000000e+00 -9.996506851166486740e-04 -2.400264143943786621e-02 -1.999950885772705078e+00 0.000000000000000000e+00 1.000000000000000000e+01 8.191000000000000000e+03 0.000000000000000000e+00
2.420000076293945312e+01 -2.000019073486328125e+00 0.000000000000000000e+00 -9.997194865718483925e-04 -2.410261332988739014e-02 -1.999950885772705078e+00 0.000000000000000000e+00 1.000000000000000000e+01 8.191000000000000000e+03 0.000000000000000000e+00
2.430000114440917969e+01 -2.000005483627319336e+00 0.000000000000000000e+00 -9.996745502576231956e-04 -2.420258149504661560e-02 -1.999950885772705078e+00 0.000000000000000000e+00 1.000000000000000000e+01 8.191000000000000000e+03 0.000000000000000000e+00
2.439999961853027344e+01 -2.000002145767211914e+00 0.000000000000000000e+00 -9.996717562898993492e-04 -2.430254779756069183e-02 -1.999950885772705078e+00 0.000000000000000000e+00 1.000000000000000000e+01 8.191000000000000000e+03 0.000000000000000000e+00
2.450000000000000000e+01 -1.999988913536071777e+00 0.000000000000000000e+00 -9.996651206165552139e-04 -2.440251596271991730e-02 -1.999950885772705078e+00 0.000000000000000000e+00 1.000000000000000000e+01 8.191000000000000000e+03 0.000000000000000000e+00
2.460000038146972656e+01 -1.999991178512573242e+00 0.000000000000000000e+00 -9.996654698625206947e-04 -2.450248226523399353e-02 -1.999950885772705078e+00 0.000000000000000000e+00 1.000000000000000000e+01 8.191000000000000000e+03 0.000000000000000000e+00
2.470000076293945312e+01 -1.999984622001647949e+00 0.000000000000000000e+00 -9.996582521125674248e-04 -2.460244670510292053e-02 -1.999950885772705078e+00 0.000000000000000000e+00 1.000000000000000000e+01 8.191000000000000000e+03 0.000000000000000000e+00
2.480000114440917969e+01 -1.999986171722412109e+00 0.000000000000000000e+00 -9.996806038543581963e-04 -2.470241487026214600e-02 -1.999950885772705078e+00 0.000000000000000000e+00 1.000000000000000000e+01 8.191000000000000000e+03 0.000000000000000000e+00
2.489999961853027344e+01 -1.999998688697814941e+00 0.000000000000000000e+00 -9.997289162129163742e-04 -2.480238862335681915e-02 -1.999950885772705078e+00 0.000000000000000000e+00 1.000000000000000000e+01 8.191000000000000000e+03 0.000000000000000000e+00
2.500000000000000000e+01 -1.999998092651367188e+00 0.000000000000000000e+00 -9.997562738135457039e-04 -2.490236423909664154e-02 -1.999950885772705078e+00 0.000000000000000000e+00 1.000000000000000000e+01 8.191000000000000000e+03 0.000000000000000000e+00
2.510000038146972656e+01 -1.999989271163940430e+00 0.000000000000000000e+00 -9.997226297855377197e-04 -2.500233612954616547e-02 -1.999950885772705078e+00 0.000000000000000000e+00 1.000000000000000000e+01 8.191000000000000000e+03 0.000000000000000000e+00
2.520000076293945312e+01 -1.999995350837707520e+00 0.000000000000000000e+00 -9.996703593060374260e-04 -2.510230243206024170e-02 -1.999950885772705078e+00 0.000000000000000000e+00 1.000000000000000000e+01 8.191000000000000000e+03 0.000000000000000000e+00
2.530000114440917969e+01 -1.999990820884704590e+00 0.000000000000000000e+00 -9.996761800721287727e-04 -2.520227059721946716e-02 -1.999950885772705078e+00 0.000000000000000000e+00 1.000000000000000000e+01 8.191000000000000000e+03 0.000000000000000000e+00
2.539999961853027344e+01 -1.999982595443725586e+00 0.000000000000000000e+00 -9.997192537412047386e-04 -2.530224248766899109e-02 -1.999950885772705078e+00 0.000000000000000000e+00 1.000000000000000000e+01 8.191000000000000000e+03 0.000000000000000000e+00
2.550000000000000000e+01 -1.999992370605468750e+00 0.000000000000000000e+00 -9.996987646445631981e-04 -2.540221251547336578e-02 -1.999950885772705078e+00 0.000000000000000000e+00 1.000000000000000000e+01 8.191000000000000000e+03 0.000000000000000000e+00
2.560000038146972656e+01 -1.999982595443725586e+00 0.000000000000000000e+00 -9.996700100600719452e-04 -2.550218068063259125e-02 -1.999950885772705078e+00 0.000000000000000000e+00 1.000000000000000000e+01 8.191000000000000000e+03 0.000000000000000000e+00
2.570000076293945312e+01 -1.999991416931152344e+00 0.000000000000000000e+00 -9.996526641771197319e-04 -2.560214512050151825e-02 -1.999950885772705078e+00 0.000000000000000000e+00 1.000000000000000000e+01 8.191000000000000000e+03 0.000000000000000000e+00
2.580000114440917969e+01 -1.999990582466125488e+00 0.000000000000000000e+00 -9.996448643505573273e-04 -2.570210956037044525e-02 -1.999950885772705078e+00 0.000000000000000000e+00 1.000000000000000000e+01 8.191000000000000000e+03 0.000000000000000000e+00
2.589999961853027344e+01 -1.999995470046997070e+00 0.000000000000000000e+00 -9.996736189350485802e-04 -2.580207772552967072e-02 -1.999950885772705078e+00 0.000000000000000000e+00 1.000000000000000000e+01 8.191000000000000000e+03 0.000000000000000000e+00
2.600000000000000000e+01 -1.999989509582519531e+00 0.000000000000000000e+00 -9.996540611609816551e-04 -2.590204216539859772e-02 -1.999950885772705078e+00 0.000000000000000000e+00 1.000000000000000000e+01 8.191000000000000000e+03 0.000000000000000000e+00
2.610000038146972656e+01 -1.999993801116943359e+00 0.000000000000000000e+00 -9.997037705034017563e-04 -2.600201219320297241e-02 -1.999950885772705078e+00 0.000000000000000000e+00 1.000000000000000000e+01 8.191000000000000000e+03 0.000000000000000000e+00
2.620000076293945312e+01 -1.999985933303833008e+00 0.000000000000000000e+00 -9.996808366850018501e-04 -2.610198035836219788e-02 -1.999950885772705078e+00 0.000000000000000000e+00 1.000000000000000000e+01 8.191000000000000000e+03 0.000000000000000000e+00
2.630000114440917969e+01 -1.999988675117492676e+00 0.000000000000000000e+00 -9.996802546083927155e-04 -2.620194852352142334e-02 -1.999950885772705078e+00 0.000000000000000000e+00 1.000000000000000000e+01 8.191000000000000000e+03 0.000000000000000000e+00
2.639999961853027344e+01 -1.999982237815856934e+00 0.000000000000000000e+00 -9.996722219511866570e-04 -2.630191668868064880e-02 -1.999950885772705078e+00 0.000000000000000000e+00 1.000000000000000000e+01 8.191000000000000000e+03 0.000000000000000000e+00
2.650000000000000000e+01 -1.999980449676513672e+00 0.000000000000000000e+00 -9.996646549552679062e-04 -2.640188299119472504e-02 -1.999950885772705078e+00 0.000000000000000000e+00 1.000000000000000000e+01 8.191000000000000000e+03 0.000000000000000000e+00
2.660000038146972656e+01 -1.999985694885253906e+00 0.000000000000000000e+00 -9.997335728257894516e-04 -2.650185674428939819e-02 -1.999950885772705078e+00 0.000000000000000000e+00 1.000000000000000000e+01 8.191000000000000000e+03 0.000000000000000000e+00
2.670000076293945312e+01 -1.999984145164489746e+00 0.000000000000000000e+00 -9.997311281040310860e-04 -2.660182863473892212e-02 -1.999950885772705078e+00 0.000000000000000000e+00 1.000000000000000000e+01 8.191000000000000000e+03 0.000000000000000000e+00
2.680000114440917969e+01 -2.000002145767211914e+00 0.000000000000000000e+00 -9.997814195230603218e-04 -2.670180797576904297e-02 -1.999950885772705078e+00 0.000000000000000000e+00 1.000000000000000000e+01 8.191000000000000000e+03 0.000000000000000000e+00
2.689999961853027344e+01 -1.999993920326232910e+00 0.000000000000000000e+00 -9.997484739869832993e-04 -2.680178172886371613e-02 -1.999950885772705078e+00 0.000000000000000000e+00 1.000000000000000000e+01 8.191000000000000000e+03 0.000000000000000000e+00
2.700000000000000000e+01 -1.999986886978149414e+00 0.000000000000000000e+00 -9.997227462008595467e-04 -2.690175361931324005e-02 -1.999950885772705078e+00 0.000000000000000000e+00 1.000000000000000000e+01 8.191000000000000000e+03 0.000000000000000000e+00
2.710000038146972656e+01 -1.999984622001647949e+00 0.000000000000000000e+00 -9.997506858780980110e-04 -2.700172923505306244e-02 -1.999950885772705078e+00 0.000000000000000000e+00 1.000000000000000000e+01 8.191000000000000000e+03 0.000000000000000000e+00
2.720000076293945312e+01 -1.999994277954101562e+00 0.000000000000000000e+00 -9.997601155191659927e-04 -2.710170485079288483e-02 -1.999950885772705078e+00 0.000000000000000000e+00 1.000000000000000000e+01 8.191000000000000000e+03 0.000000000000000000e+00
2.730000114440917969e+01 -1.999982595443725586e+00 0.000000000000000000e+00 -9.996850276365876198e-04 -2.720167301595211029e-02 -1.999950885772705078e+00 0.000000000000000000e+00 1.000000000000000000e+01 8.191000000000000000e+03 0.000000000000000000e+00
2.739999961853027344e+01 -1.999995946884155273e+00 0.000000000000000000e+00 -9.997164597734808922e-04 -2.730164490640163422e-02 -1.999950885772705078e+00 0.000000000000000000e+00 1.000000000000000000e+01 8.191000000000000000e+03 0.000000000000000000e+00
2.750000000000000000e+01 -1.999998211860656738e+00 0.000000000000000000e+00 -9.997518500313162804e-04 -2.740162052214145660e-02 -1.999950885772705078e+00 0.000000000000000000e+00 1.000000000000000000e+01 8.191000000000000000e+03 0.000000000000000000e+00
2.760000038146972656e+01 -2.000000000000000000e+00 0.000000000000000000e+00 -9.997285669669508934e-04 -2.750159427523612976e-02 -1.999950885772705078e+00 0.000000000000000000e+00 1.000000000000000000e+01 8.191000000000000000e+03 0.000000000000000000e+00
2.770000076293945312e+01 -1.999989867210388184e+00 0.000000000000000000e+00 -9.997062152251601219e-04 -2.760156430304050446e-02 -1.999950885772705078e+00 0.000000000000000000e+00 1.000000000000000000e+01 8.191000000000000000e+03 0.000000000000000000e+00
2.780000114440917969e+01 -1.999999761581420898e+00 0.000000000000000000e+00 -9.997031884267926216e-04 -2.770153433084487915e-02 -1.999950885772705078e+00 0.000000000000000000e+00 1.000000000000000000e+01 8.191000000000000000e+03 0.000000000000000000e+00
2.789999961853027344e+01 -1.999988675117492676e+00 0.000000000000000000e+00 -9.996780427172780037e-04 -2.780150249600410461e-02 -1.999950885772705078e+00 0.000000000000000000e+00 1.000000000000000000e+01 8.191000000000000000e+03 0.000000000000000000e+00
2.800000000000000000e+01 -1.999993920326232910e+00 0.000000000000000000e+00 -9.996977169066667557e-04 -2.790147252380847931e-02 -1.999950885772705078e+00 0.000000000000000000e+00 1.000000000000000000e+01 8.191000000000000000e+03 0.000000000000000000e+00
2.810000038146972656e+01 -1.999984145164489746e+00 0.000000000000000000e+00 -9.996494045481085777e-04 -2.800143696367740631e-02 -1.999950885772705078e+00 0.000000000000000000e+00 1.000000000000000000e+01 8.191000000000000000e+03 0.000000000000000000e+00
2.820000076293945312e+01 -1.999982953071594238e+00 0.000000000000000000e+00 -9.996629087254405022e-04 -2.810140326619148254e-02 -1.999950885772705078e+00 0.000000000000000000e+00 1.000000000000000000e+01 8.191000000000000000e+03 0.000000000000000000e+00
2.830000114440917969e+01 -1.999984622001647949e+00 0.000000000000000000e+00 -9.996921289712190628e-04 -2.820137329399585724e-02 -1.999950885772705078e+00 0.000000000000000000e+00 1.000000000000000000e+01 8.191000000000000000e+03 0.000000000000000000e+00
2.839999961853027344e+01 -1.999992132186889648e+00 0.000000000000000000e+00 -9.997065644711256027e-04 -2.830134332180023193e-02 -1.999950885772705078e+00 0.000000000000000000e+00 1.000000000000000000e+01 8.191000000000000000e+03 0.000000000000000000e+00
2.850000000000000000e+01 -1.999998211860656738e+00 0.000000000000000000e+00 -9.997150627896189690e-04 -2.840131521224975586e-02 -1.999950885772705078e+00 0.000000000000000000e+00 1.000000000000000000e+01 8.191000000000000000e+03 0.000000000000000000e+00
2.860000038146972656e+01 -1.999997258186340332e+00 0.000000000000000000e+00 -9.997249580919742584e-04 -2.850128710269927979e-02 -1.999950885772705078e+00 0.000000000000000000e+00 1.000000000000000000e+01 8.191000000000000000e+03 0.000000000000000000e+00
2.870000076293945312e+01 -1.999989032745361328e+00 0.000000000000000000e+00 -9.997512679547071457e-04 -2.860126271843910217e-02 -1.999950885772705078e+00 0.000000000000000000e+00 1.000000000000000000e+01 8.191000000000000000e+03 0.000000000000000000e+00
2.880000114440917969e+01 -2.000000238418579102e+00 0.000000000000000000e+00 -9.997389279305934906e-04 -2.870123647153377533e-02 -1.999950885772705078e+00 0.000000000000000000e+00 1.000000000000000000e+01 8.191000000000000000e+03 0.000000000000000000e+00
2.889999961853027344e+01 -1.999988079071044922e+00 0.000000000000000000e+00 -9.996904991567134857e-04 -2.880120463669300079e-02 -1.999950885772705078e+00 0.000000000000000000e+00 1.000000000000000000e+01 8.191000000000000000e+03 0.000000000000000000e+00
2.900000000000000000e+01 -2.000000238418579102e+00 0.000000000000000000e+00 -9.996457956731319427e-04 -2.890116907656192780e-02 -1.999950885772705078e+00 0.000000000000000000e+00 1.000000000000000000e+01 8.191000000000000000e+03 0.000000000000000000e+00
2.910000038146972656e+01 -2.000012874603271484e+00 0.000000000000000000e+00 -9.997015586122870445e-04 -2.900113910436630249e-02 -1.999950885772705078e+00 0.000000000000000000e+00 1.000000000000000000e+01 8.191000000000000000e+03 0.000000000000000000e+00
2.920000076293945312e+01 -2.000011205673217773e+00 0.000000000000000000e+00 -9.996750159189105034e-04 -2.910110726952552795e-02 -1.999950885772705078e+00 0.000000000000000000e+00 1.000000000000000000e+01 8.191000000000000000e+03 0.000000000000000000e+00
2.930000114440917969e+01 -2.000003576278686523e+00 0.000000000000000000e+00 -9.996914304792881012e-04 -2.920107729732990265e-02 -1.999950885772705078e+00 0.000000000000000000e+00 1.000000000000000000e+01 8.191000000000000000e+03 0.000000000000000000e+00
2.939999961853027344e+01 -2.000010728836059570e+00 0.000000000000000000e+00 -9.997343877330422401e-04 -2.930104918777942657e-02 -1.999950885772705078e+00 0.000000000000000000e+00 1.000000000000000000e+01 8.191000000000000000e+03 0.000000000000000000e+00
2.950000000000000000e+01 -1.999994754791259766e+00 0.000000000000000000e+00 -9.997460292652249336e-04 -2.940102480351924896e-02 -1.999950885772705078e+00 0.000000000000000000e+00 1.000000000000000000e+01 8.191000000000000000e+03 0.000000000000000000e+00
2.960000038146972656e+01 -2.000001192092895508e+00 0.000000000000000000e+00 -9.997648885473608971e-04 -2.950100041925907135e-02 -1.999950885772705078e+00 0.000000000000000000e+00 1.000000000000000000e+01 8.191000000000000000e+03 0.000000000000000000e+00
2.970000076293945312e+01 -2.000001668930053711e+00 0.000000000000000000e+00 -9.997902670875191689e-04 -2.960097976028919220e-02 -1.999950885772705078e+00 0.000000000000000000e+00 1.000000000000000000e+01 8.191000000000000000e+03 0.000000000000000000e+00
2.980000114440917969e+01 -1.999993205070495605e+00 0.000000000000000000e+00 -9.997154120355844498e-04 -2.970095165073871613e-02 -1.999950885772705078e+00 0.000000000000000000e+00 1.000000000000000000e+01 8.191000000000000000e+03 0.000000000000000000e+00
2.989999961853027344e+01 -1.999998092651367188e+00 0.000000000000000000e+00 -9.997007437050342560e-04 -2.980092167854309082e-02 -1.999950885772705078e+00 0.000000000000000000e+00 1.000000000000000000e+01 8.191000000000000000e+03 0.000000000000000000e+00
3.000000000000000000e+01 -1.999991416931152344e+00 0.000000000000000000e+00 -9.997062152251601219e-04 -2.990089170634746552e-02 -1.999950885772705078e+00 0.000000000000000000e+00 1.000000000000000000e+01 8.191000000000000000e+03 0.000000000000000000e+00
